2.195223808288574219e+00
-3.156051635742187500e-01
5.078152656555175781e+00
3.986682653427124023e+00
1.903795480728149414e+00
3.548037528991699219e+00
-6.768086552619934082e-02
1.741527915000915527e+00
2.446720600128173828e+00
2.468564063310623169e-01
-1.306158006191253662e-01
8.914740085601806641e-01
7.283068895339965820e-01
-4.641231000423431396e-01
3.979469537734985352e-01
-3.718166649341583252e-01
-1.302148029208183289e-02
-4.356959462165832520e-01
-1.566188335418701172e-01
-5.200365781784057617e-01
1.768511384725570679e-01
8.355587124824523926e-01
9.716455459594726562e+00
1.331332302093505859e+01
1.538097667694091797e+01
1.735706138610839844e+01
1.910150146484375000e+01
2.428380966186523438e+01
2.521984291076660156e+01
-1.063259363174438477e+00
3.754207491874694824e-01
-1.348691225051879883e+00
6.292950630187988281e+00
1.492286622524261475e-01
-2.251262664794921875e-01
-1.345600128173828125e+00
-7.868320345878601074e-01
3.433011844754219055e-02
4.614016115665435791e-01
-4.498952329158782959e-01
-2.084027767181396484e+00
-2.785452604293823242e-01
-7.300684452056884766e-01
-1.454829454421997070e+00
6.953790783882141113e-02
3.935217380523681641e+00
-6.770488023757934570e-01
7.788200378417968750e+00
-2.127931594848632812e+00
-2.121316719055175781e+01
1.613693594932556152e+00
7.267265915870666504e-01
4.462948322296142578e+00
1.831904292106628418e+00
3.644050598144531250e+01
-1.109148621559143066e+00
-3.527987480163574219e+00
-2.033896923065185547e+00
-1.148669347167015076e-01
3.285316005349159241e-02
1.937142759561538696e-01
-1.418584585189819336e+00
1.146999359130859375e+00
-6.667098999023437500e-01
4.692448079586029053e-01
1.186275556683540344e-01
1.458605099469423294e-02
4.947332143783569336e-01
2.361665070056915283e-01
-7.636933028697967529e-02
5.823228955268859863e-01
1.863028407096862793e-01
8.471845835447311401e-02
-6.271008253097534180e-01
-3.924162387847900391e-01
-7.514683008193969727e-01
7.813013792037963867e-01
1.570480585098266602e+00
-8.652397990226745605e-01
-1.340731829404830933e-01
-7.244766354560852051e-01
-6.901089549064636230e-01
-3.622253656387329102e+00
2.030943870544433594e+00
1.524685144424438477e+00
2.866144418716430664e+00
6.150491237640380859e-01
-3.540659248828887939e-01
-2.070805072784423828e+00
1.448518514633178711e+00
-2.135452508926391602e+00
1.260061979293823242e+00
2.829339504241943359e-01
-3.226602971553802490e-01
-1.412549763917922974e-01
3.594916462898254395e-01
-1.275862306356430054e-01
-2.802084945142269135e-02
2.554777264595031738e-01
3.434453010559082031e-01
-2.342839241027832031e-01
-3.639555871486663818e-01
-2.839983999729156494e-01
-1.747572779655456543e+00
1.636924892663955688e-01
5.100843906402587891e+00
-5.379436910152435303e-02
3.085012137889862061e-01
-1.154009580612182617e+00
-6.978100538253784180e-02
-6.632678031921386719e+00
-4.852789640426635742e-01
-1.483731716871261597e-02
-3.886775579303503036e-03
-2.575590042397379875e-03
6.805424112826585770e-03
1.982675166800618172e-03
-9.974092245101928711e-03
-6.919141393154859543e-03
-7.100504357367753983e-03
-1.117209903895854950e-04
-1.981794135645031929e-03
7.282885257154703140e-03
3.430192358791828156e-03
-1.432358287274837494e-03
-8.906379662221297622e-06
-4.315029829740524292e-03
6.138786207884550095e-03
-7.895960472524166107e-03
-3.947013057768344879e-03
7.592339534312486649e-04
1.501607825048267841e-03
3.711834782734513283e-03
-2.498141489923000336e-03
-4.730805754661560059e-03
3.895544912666082382e-03
-5.190797615796327591e-03
2.245306270197033882e-03
6.879336666315793991e-03
4.692078102380037308e-03
-8.804068900644779205e-03
1.394581079483032227e+00
1.020725607872009277e+00
-2.162216186523437500e+00
7.401832938194274902e-01
