1.574098014831542969e+01
1.345783424377441406e+01
1.552036476135253906e+01
9.385229110717773438e+00
1.566715812683105469e+01
1.213106822967529297e+01
1.544476127624511719e+01
1.583053112030029297e+01
1.176381874084472656e+01
1.091928100585937500e+01
1.164547538757324219e+01
9.838145256042480469e+00
1.553770446777343750e+01
1.590769577026367188e+01
4.634147167205810547e+00
-6.642637401819229126e-02
-1.246622085571289062e+00
4.282456874847412109e+00
-7.908660411834716797e+00
-9.605083614587783813e-02
-1.238603234291076660e+00
-6.586033821105957031e+00
3.797694921493530273e+00
-9.234104156494140625e+00
8.032494544982910156e+00
4.700232028961181641e+00
1.691962242126464844e+00
-5.609004974365234375e+00
-3.994134187698364258e+00
-3.116680145263671875e+00
1.425845718383789062e+01
6.833283424377441406e+00
4.077547550201416016e+00
-1.562521100044250488e+00
-2.610752344131469727e+00
-8.525571823120117188e+00
-3.680448770523071289e+00
2.251342296600341797e+00
4.190761566162109375e+00
-5.313137769699096680e-01
4.518301010131835938e+00
8.096122741699218750e+00
3.130104780197143555e+00
2.563187599182128906e+00
-2.966354846954345703e+00
1.111163258552551270e+00
-1.749229788780212402e+00
-3.993649721145629883e+00
3.555891036987304688e+00
7.996269226074218750e+00
-1.158243083953857422e+01
-1.582388758659362793e+00
-6.713788032531738281e+00
-2.809192180633544922e+00
2.709938049316406250e+00
1.046242427825927734e+01
2.555757522583007812e+00
-1.056626677513122559e+00
3.041584193706512451e-01
2.321785688400268555e+00
7.581840038299560547e+00
-1.385416865348815918e+00
2.202793359756469727e+00
-2.883643209934234619e-01
5.762202262878417969e+00
-5.784080505371093750e+00
2.469720542430877686e-01
-6.829214572906494141e+00
-1.175927147269248962e-01
5.030209541320800781e+00
-1.599192023277282715e+00
8.614012718200683594e+00
5.276224613189697266e-01
-1.329802155494689941e+00
8.463491439819335938e+00
7.707362651824951172e+00
5.527148246765136719e+00
-7.986732959747314453e+00
4.444695472717285156e+00
6.392714977264404297e+00
4.208198547363281250e+00
8.786674737930297852e-01
1.040574550628662109e+00
4.337039947509765625e+00
-4.929560184478759766e+00
4.695866107940673828e+00
5.258892774581909180e-01
-3.985582351684570312e+00
-2.439193725585937500e+00
-1.110273361206054688e+00
-1.219032287597656250e+00
1.566959977149963379e+00
9.712095856666564941e-01
1.173148536682128906e+01
3.567766666412353516e+00
2.083718061447143555e+00
-8.114073276519775391e-01
6.441706418991088867e-01
-2.525851316750049591e-02
6.307837009429931641e+00
-1.116476345062255859e+01
3.698091268539428711e+00
4.107768833637237549e-01
-9.409206390380859375e+00
-7.421285629272460938e+00
2.679222345352172852e+00
6.948186397552490234e+00
6.417376995086669922e-01
-6.894836902618408203e+00
-5.263876914978027344e+00
6.282153129577636719e+00
-2.063927948474884033e-01
-6.102401733398437500e+00
1.833251237869262695e+00
-1.385687947273254395e+00
-8.743056297302246094e+00
1.873262286186218262e+00
1.054327845573425293e+00
-3.266480207443237305e+00
-2.562963485717773438e+00
3.115545511245727539e+00
2.356325536966323853e-01
1.909027099609375000e+00
3.929016113281250000e+00
3.994515180587768555e+00
-4.711402356624603271e-01
1.786426603794097900e-01
3.760904312133789062e+00
-1.788275361061096191e+00
-3.033606290817260742e+00
1.849264502525329590e+00
-2.287332266569137573e-01
-2.210717439651489258e+00
1.697202026844024658e-01
4.148632526397705078e+00
2.210422307252883911e-01
3.503372430801391602e+00
-2.181540727615356445e+00
5.673060417175292969e-01
-3.215010643005371094e+00
2.338865995407104492e+00
1.776242017745971680e+00
2.210263490676879883e+00
-3.978399276733398438e+00
-9.502525925636291504e-01
-1.364650726318359375e+00
-1.749865889549255371e+00
-5.399610400199890137e-01
-1.897316932678222656e+00
-2.822220563888549805e+00
3.243230581283569336e+00
3.792261123657226562e+00
4.171567440032958984e+00
-1.308314085006713867e+00
3.019754886627197266e+00
8.992154598236083984e-01
5.194473862648010254e-01
-3.351986408233642578e+00
1.898829489946365356e-01
-2.941571712493896484e+00
3.165177345275878906e+00
2.859412431716918945e+00
1.117598116397857666e-01
3.903690099716186523e+00
-1.210036277770996094e+00
-1.133005023002624512e+00
-4.252405643463134766e+00
-3.888765573501586914e-01
4.608088970184326172e+00
1.424261808395385742e+00
2.437649726867675781e+00
2.176517724990844727e+00
1.097704648971557617e+00
-2.882560491561889648e+00
4.038472175598144531e+00
1.210538864135742188e+00
1.474199593067169189e-01
6.379162073135375977e-01
2.538961172103881836e-02
-2.094674825668334961e+00
-1.367864847183227539e+00
2.022086381912231445e+00
2.278885126113891602e+00
-1.682892918586730957e+00
2.937422037124633789e+00
2.998675584793090820e+00
9.366632699966430664e-01
3.318583250045776367e+00
3.705608844757080078e-01
3.989880323410034180e+00
-9.017050862312316895e-01
2.554832696914672852e+00
-1.921639561653137207e+00
-5.224168300628662109e-01
9.719099998474121094e-01
7.788731157779693604e-02
-2.356203079223632812e+00
-1.090198874473571777e+00
-1.525931715965270996e+00
3.569097757339477539e+00
4.195294380187988281e+00
-1.062941074371337891e+00
-1.259327411651611328e+00
-2.715329408645629883e+00
-7.538322210311889648e-01
-2.302963256835937500e+00
2.291118144989013672e+00
7.435814738273620605e-01
-7.777433395385742188e-01
-2.322452306747436523e+00
-2.897661685943603516e+00
8.235294818878173828e-01
8.516597747802734375e-01
4.547039031982421875e+00
3.970630168914794922e+00
-2.950128316879272461e+00
-1.147975325584411621e+00
2.401635885238647461e+00
-1.684275150299072266e+00
6.321002244949340820e-01
-5.240512490272521973e-01
-1.466637253761291504e+00
1.162723302841186523e+00
-1.757702469825744629e+00
-2.742235660552978516e+00
2.014940261840820312e+00
1.013481467962265015e-01
7.182769775390625000e-01
3.958466053009033203e+00
3.949157714843750000e+00
-7.099078893661499023e-01
-6.884039640426635742e-01
3.488152503967285156e+00
-1.874902486801147461e+00
-2.891786575317382812e+00
1.893847584724426270e+00
4.573932588100433350e-01
-2.169246673583984375e+00
-1.838164180517196655e-01
3.111419677734375000e+00
-4.750617146492004395e-01
2.956627607345581055e+00
-2.211726903915405273e+00
-1.370249509811401367e+00
-3.069160461425781250e+00
4.269439697265625000e+00
2.730681657791137695e+00
2.543825626373291016e+00
-3.581004619598388672e+00
1.237939834594726562e+00
-2.786318659782409668e-01
-1.375271320343017578e+00
-2.525018155574798584e-01
-1.578970551490783691e+00
-2.126478672027587891e+00
2.763047456741333008e+00
2.646087884902954102e+00
2.949518918991088867e+00
-5.765409469604492188e-01
2.090731620788574219e+00
1.250536143779754639e-01
-1.790931224822998047e-01
-2.835470438003540039e+00
-2.074357032775878906e+00
-2.795162916183471680e+00
4.645404338836669922e+00
-5.542817115783691406e-01
2.572673559188842773e-02
3.560312271118164062e+00
2.892320603132247925e-02
-8.302958607673645020e-01
-1.875342726707458496e+00
7.676310539245605469e-01
5.055059432983398438e+00
2.114573240280151367e+00
2.629165172576904297e+00
1.621206164360046387e+00
1.069171786308288574e+00
-2.729560136795043945e+00
3.548960208892822266e+00
9.563826322555541992e-01
8.090589642524719238e-01
1.481395512819290161e-01
-6.994835287332534790e-02
-2.589398622512817383e+00
-5.728526040911674500e-02
2.634634971618652344e+00
1.975201129913330078e+00
-2.634028196334838867e+00
2.445013046264648438e+00
2.234369039535522461e+00
-1.029812335968017578e+00
2.521002769470214844e+00
-3.963282406330108643e-01
1.348041057586669922e+00
-1.527407407760620117e+00
2.161785125732421875e+00
-2.515657663345336914e+00
1.975487589836120605e+00
4.192647337913513184e-01
1.029519557952880859e+00
-2.475081443786621094e+00
-4.940835535526275635e-01
-8.893392682075500488e-01
3.844981431961059570e+00
4.327358722686767578e+00
1.388837337493896484e+00
-4.942108988761901855e-01
-9.862839579582214355e-01
-6.199113726615905762e-01
-1.500763535499572754e+00
2.792465925216674805e+00
4.675628244876861572e-01
8.885168284177780151e-02
-2.244330883026123047e+00
-2.754127025604248047e+00
9.440827369689941406e-01
1.965940445661544800e-01
4.100595951080322266e+00
4.302013874053955078e+00
-2.587940692901611328e+00
6.391364336013793945e-01
2.045846223831176758e+00
-2.176606178283691406e+00
1.134267568588256836e+00
-1.817820906639099121e+00
-1.704545170068740845e-01
5.457087159156799316e-01
-1.041134715080261230e+00
-7.004363536834716797e-01
