8.272304534912109375e+00
1.954683113098144531e+01
6.848900318145751953e+00
1.580531787872314453e+01
1.049516773223876953e+01
1.104784679412841797e+01
1.263492393493652344e+01
1.704107666015625000e+01
1.794620323181152344e+01
6.767970085144042969e+00
1.544543552398681641e+01
1.842028617858886719e+01
1.546814823150634766e+01
6.299627780914306641e+00
7.590420246124267578e+00
7.840054988861083984e+00
-2.809129476547241211e+00
6.643279075622558594e+00
6.942084312438964844e+00
-9.618935585021972656e+00
-3.443375825881958008e+00
-7.172404527664184570e-01
-1.916628599166870117e+00
4.351068973541259766e+00
-6.185714721679687500e+00
1.101642227172851562e+01
1.091970205307006836e+00
-3.203261852264404297e+00
5.006241798400878906e+00
-3.271604299545288086e+00
6.335845947265625000e+00
-1.077085399627685547e+01
9.486129879951477051e-01
-1.465128362178802490e-01
1.048112869262695312e+00
5.552025318145751953e+00
-3.474779367446899414e+00
5.118792653083801270e-01
9.582867845892906189e-03
9.071578979492187500e-01
3.772983253002166748e-01
1.430251747369766235e-01
1.124016189575195312e+01
5.341548919677734375e+00
2.187454223632812500e+00
-7.493713378906250000e+00
-8.727263450622558594e+00
-5.140708446502685547e+00
-6.915230751037597656e+00
1.977676510810852051e+00
-3.174749135971069336e+00
5.675696134567260742e-01
7.822340488433837891e+00
2.318615913391113281e+00
5.797476291656494141e+00
-2.969976663589477539e+00
4.917462348937988281e+00
-4.730165898799896240e-01
-8.530612587928771973e-01
9.121195793151855469e+00
5.327508926391601562e+00
-1.038836669921875000e+01
-3.538166582584381104e-01
5.473570346832275391e+00
-1.309385585784912109e+01
-1.145096588134765625e+01
9.292680621147155762e-01
2.345808029174804688e+00
2.006332159042358398e+00
6.146505355834960938e+00
-5.558800220489501953e+00
2.855922222137451172e+00
-9.374840855598449707e-01
-2.930806763470172882e-02
-6.059876441955566406e+00
4.112350940704345703e+00
-6.640440940856933594e+00
-5.318727016448974609e+00
-1.762990713119506836e+00
4.456165790557861328e+00
-2.644482851028442383e-01
-1.021662950515747070e+00
5.093457698822021484e-01
-1.431034183502197266e+01
8.954914093017578125e+00
1.648447036743164062e+00
7.956663608551025391e+00
1.106945419311523438e+01
4.537331104278564453e+00
1.465287953615188599e-01
-2.395062446594238281e+00
9.195362091064453125e+00
2.086623668670654297e+00
3.556134939193725586e+00
2.105706691741943359e+00
2.371876955032348633e+00
-2.003302574157714844e-01
1.186528205871582031e+01
1.901929259300231934e+00
5.695975780487060547e+00
2.490544617176055908e-01
-7.303189277648925781e+00
1.328160285949707031e+00
-1.207890605926513672e+01
1.056553959846496582e+00
1.936654448509216309e+00
-2.312006235122680664e+00
-1.422899961471557617e+00
-6.952373027801513672e+00
5.594299793243408203e+00
5.217799663543701172e+00
9.098324179649353027e-01
-4.630620479583740234e+00
2.718702077865600586e+00
-2.382675558328628540e-01
-4.738098621368408203e+00
2.197978019714355469e+00
1.571937948465347290e-01
5.316820621490478516e+00
3.049513578414916992e+00
1.557377696037292480e+00
-2.034225463867187500e+00
-1.649670004844665527e-01
1.736999154090881348e+00
4.498556613922119141e+00
-2.522613763809204102e+00
2.681969404220581055e+00
4.525840282440185547e-01
1.111049771308898926e+00
-4.166898250579833984e+00
6.045085191726684570e-02
-1.074498176574707031e+00
-3.148310661315917969e+00
2.080517768859863281e+00
2.543265819549560547e+00
2.571677446365356445e+00
-6.967916965484619141e+00
2.424817800521850586e+00
6.965805292129516602e-01
2.087039470672607422e+00
-3.305876731872558594e+00
2.600900232791900635e-01
1.219807267189025879e-01
1.953370094299316406e+00
3.294529616832733154e-01
-1.552427172660827637e+00
-2.778453350067138672e+00
8.365414738655090332e-01
2.935666561126708984e+00
-2.804844141006469727e+00
1.390194773674011230e+00
5.264086246490478516e+00
8.468530774116516113e-01
-1.960101246833801270e+00
5.282769724726676941e-02
-2.470580101013183594e+00
1.348085641860961914e+00
7.948110103607177734e-01
1.012238979339599609e+00
1.255323529243469238e+00
3.687423229217529297e+00
3.742721557617187500e+00
-4.013871848583221436e-01
-4.146993756294250488e-01
-2.934955120086669922e+00
-3.548283576965332031e+00
2.162960529327392578e+00
-7.420752048492431641e-01
4.457201063632965088e-01
7.102722525596618652e-01
4.051126003265380859e+00
2.895888805389404297e+00
1.670439481735229492e+00
-3.587615013122558594e+00
-2.604859352111816406e+00
6.621282696723937988e-01
-2.403967380523681641e+00
-5.374265462160110474e-02
4.165124416351318359e+00
-3.674607515335083008e+00
9.585349559783935547e-01
-1.941733241081237793e+00
-3.153172492980957031e+00
3.796581268310546875e+00
-4.413753449916839600e-01
2.275748729705810547e+00
1.754452705383300781e+00
-5.698111057281494141e-01
-2.249255895614624023e+00
-1.644692778587341309e+00
2.139599800109863281e+00
5.860560894012451172e+00
-1.020982146263122559e+00
-3.755673408508300781e+00
-8.151848912239074707e-01
2.970795154571533203e+00
-1.132043242454528809e+00
5.353922843933105469e+00
-1.003920435905456543e+00
1.176078170537948608e-01
1.333210587501525879e+00
4.175141155719757080e-01
1.433911204338073730e+00
-2.547715902328491211e+00
4.306614875793457031e+00
-1.195117712020874023e+00
-1.777238994836807251e-01
1.485146164894104004e+00
1.630392432212829590e+00
-3.081727027893066406e-01
1.104215979576110840e+00
1.316244721412658691e+00
1.519664287567138672e+00
-1.919463276863098145e+00
-3.056935787200927734e+00
5.267745971679687500e+00
-1.883138656616210938e+00
4.212686061859130859e+00
-1.245293617248535156e+00
-1.524416685104370117e+00
2.726110458374023438e+00
-1.529035568237304688e+00
-1.074073314666748047e+00
-2.688672780990600586e+00
-1.275137782096862793e+00
-3.622686147689819336e+00
-2.768783569335937500e+00
3.378269910812377930e+00
3.437411308288574219e+00
-1.168984055519104004e+00
-7.097814083099365234e+00
7.237829208374023438e+00
4.799754917621612549e-01
-3.222442388534545898e+00
-3.430399298667907715e-01
3.416146755218505859e+00
5.488318800926208496e-01
-1.272865056991577148e+00
1.627311229705810547e+00
1.190058827400207520e+00
4.869887351989746094e+00
-5.641679763793945312e+00
-2.657765626907348633e+00
-2.419754505157470703e+00
3.576999664306640625e+00
2.483506314456462860e-02
-4.803559303283691406e+00
4.319008827209472656e+00
3.450043439865112305e+00
1.083445772528648376e-01
7.530211210250854492e-01
-9.701879024505615234e-01
1.157544970512390137e+00
4.771752834320068359e+00
-3.920289993286132812e+00
1.206235766410827637e+00
3.259765625000000000e+00
2.212721258401870728e-01
-2.017789363861083984e+00
2.003859043121337891e+00
-4.500545859336853027e-01
-4.959635436534881592e-01
-7.583625912666320801e-01
-9.176288247108459473e-01
9.300588369369506836e-01
6.477076053619384766e+00
5.334728717803955078e+00
-1.043748855590820312e+00
7.251539230346679688e-01
1.960337460041046143e-01
-4.096991062164306641e+00
2.315498352050781250e+00
7.566509842872619629e-01
-4.700217247009277344e-01
1.391148328781127930e+00
4.587909221649169922e+00
2.985953330993652344e+00
-4.789621829986572266e-01
-4.513816356658935547e+00
-1.166689872741699219e+00
2.374970674514770508e+00
8.832474350929260254e-01
3.826427161693572998e-01
2.372872591018676758e+00
-7.370132446289062500e+00
-1.254548668861389160e+00
-3.667353153228759766e+00
-4.513014316558837891e+00
8.224353790283203125e-01
1.997864723205566406e+00
8.121820688247680664e-01
-2.406993865966796875e+00
-2.341641485691070557e-01
-4.782403469085693359e+00
6.203232407569885254e-01
1.469001412391662598e+00
2.970052003860473633e+00
-1.755210757255554199e+00
-3.316253423690795898e+00
4.520782828330993652e-01
5.292109489440917969e+00
-2.401533842086791992e+00
5.519735813140869141e+00
-1.670722246170043945e+00
5.640456080436706543e-01
4.728544056415557861e-01
-1.165375262498855591e-01
2.443642377853393555e+00
-1.853748083114624023e+00
2.758312702178955078e+00
-1.116121768951416016e+00
7.949107885360717773e-01
-1.355167150497436523e+00
2.990166902542114258e+00
-1.561587333679199219e+00
6.065242290496826172e+00
2.950923442840576172e+00
-3.733769655227661133e-01
-1.413151264190673828e+00
-3.493063926696777344e+00
5.724686145782470703e+00
1.592553853988647461e+00
2.406156539916992188e+00
-6.747215986251831055e-01
5.434043407440185547e-01
-3.059985637664794922e-01
-5.422998070716857910e-01
-4.474450349807739258e-01
-1.695989131927490234e+00
-1.026979446411132812e+00
