1.869679689407348633e+00
8.350253701210021973e-01
3.656488656997680664e-02
4.590423107147216797e+00
1.962193369865417480e+00
3.744443416595458984e+00
1.594599843025207520e+00
1.992874860763549805e+00
2.413638830184936523e+00
2.594786167144775391e+00
-3.054095506668090820e-01
-2.721482217311859131e-01
-1.209377348423004150e-01
-1.508006811141967773e+00
-1.743916511535644531e+00
1.748283356428146362e-01
2.057081907987594604e-01
2.139378041028976440e-01
1.626624614000320435e-01
1.576602011919021606e-01
3.997165337204933167e-02
2.453890144824981689e-01
1.609258055686950684e-01
-1.277113437652587891e+00
1.098484277725219727e+00
4.179376959800720215e-01
1.121185943484306335e-01
-9.494996070861816406e-02
-6.753797829151153564e-02
-1.794420033693313599e-01
-1.338474750518798828e-01
1.506347954273223877e-02
-2.824532985687255859e-01
-1.213202551007270813e-01
7.712604403495788574e-01
4.861346781253814697e-01
-1.605145782232284546e-01
9.597054481506347656e+00
1.050842571258544922e+01
1.326461696624755859e+01
1.337376403808593750e+01
1.537856006622314453e+01
1.493570709228515625e+01
1.744666099548339844e+01
1.926674461364746094e+01
1.903602790832519531e+01
2.123219680786132812e+01
2.353323745727539062e+01
2.057726669311523438e+01
6.737068891525268555e-01
-2.935611009597778320e-01
-1.313165724277496338e-01
-6.114151477813720703e-01
-3.548316657543182373e-01
2.355520240962505341e-02
-9.842326492071151733e-02
3.635784089565277100e-01
1.145385354757308960e-01
-3.485569059848785400e-01
2.077151536941528320e-01
-6.558044254779815674e-02
3.574001193046569824e-01
6.164574623107910156e-02
5.034912824630737305e-01
6.035200357437133789e-01
3.880270123481750488e-01
2.616793513298034668e-01
-1.042917147278785706e-01
-2.902732610702514648e+00
-1.367455869913101196e-01
1.888759285211563110e-01
7.944748401641845703e-01
-8.409071713685989380e-02
-1.197190523147583008e+00
-5.437771230936050415e-02
5.524060726165771484e-01
-4.346253573894500732e-01
1.469199657440185547e-01
1.533361673355102539e-01
-1.174978971481323242e+00
1.021561026573181152e+00
-5.171564102172851562e+00
1.077250480651855469e+00
1.727346926927566528e-01
-7.518685460090637207e-01
8.134908676147460938e-01
-8.469694256782531738e-01
-1.155753612518310547e+00
7.381030917167663574e-01
-4.712936580181121826e-01
7.287084579467773438e+00
4.959953203797340393e-02
-1.003560543060302734e+00
-2.660810053348541260e-01
-2.326684817671775818e-02
-8.709811419248580933e-02
6.918060779571533203e-01
1.301176428794860840e+00
1.337197184562683105e+00
6.228546500205993652e-01
-1.328595757484436035e+00
1.484361588954925537e-01
4.682199954986572266e-01
-1.014648199081420898e+00
3.303197026252746582e-01
-4.210439682006835938e+00
1.656079411506652832e+00
-1.152692642062902451e-02
-1.002837419509887695e+00
3.839764297008514404e-01
-1.033630847930908203e+00
3.066244840621948242e+00
8.804664611816406250e-01
-1.913595646619796753e-01
4.591952860355377197e-01
-1.021473765373229980e+00
-1.916827857494354248e-01
1.641000658273696899e-01
-4.628675878047943115e-01
-1.538448810577392578e+00
-2.082000255584716797e+00
3.052652478218078613e-01
-4.362553358078002930e-01
3.231253623962402344e+00
9.770752787590026855e-01
1.202898919582366943e-01
4.229554176330566406e+00
-3.652682602405548096e-01
2.377451509237289429e-01
1.196209639310836792e-01
3.940775990486145020e-01
4.937033057212829590e-01
-9.554188847541809082e-01
2.908541075885295868e-02
6.016434431076049805e-01
-2.982173860073089600e-01
-1.230666413903236389e-01
-1.606928706169128418e-01
-3.687698245048522949e-01
-3.600455075502395630e-02
-4.504817351698875427e-02
-1.699665337800979614e-01
-6.470805406570434570e-01
-1.607995927333831787e-01
-5.361264944076538086e-02
1.956890970468521118e-01
2.817485034465789795e-01
-2.337876409292221069e-01
8.955636620521545410e-02
-5.395839214324951172e-01
2.454427629709243774e-02
6.561656594276428223e-01
-2.296581119298934937e-01
2.070003300905227661e-01
1.057457998394966125e-01
2.942259907722473145e-01
1.669058650732040405e-01
4.827283024787902832e-01
-5.251960158348083496e-01
2.492499113082885742e+00
-5.357701778411865234e-01
3.187749981880187988e-01
-2.813185155391693115e-01
-2.827920913696289062e-01
2.127810865640640259e-01
6.821276545524597168e-01
-1.046145558357238770e+00
6.931079626083374023e-01
-3.900063753128051758e+00
4.715640544891357422e-01
8.703403919935226440e-02
1.927021145820617676e-01
2.097554504871368408e-01
4.280356317758560181e-02
-1.043835997581481934e+00
-7.664976119995117188e-01
-1.458855569362640381e-01
5.089895725250244141e-01
-1.443805098533630371e-01
3.599831089377403259e-02
1.251818835735321045e-01
1.899346709251403809e-01
-3.445462584495544434e-01
9.853258728981018066e-01
-1.133176982402801514e-01
3.258521258831024170e-01
8.719784766435623169e-02
-1.742191612720489502e-01
4.678912460803985596e-01
-1.426348686218261719e+00
-2.373758852481842041e-01
7.721835374832153320e-02
-2.025937288999557495e-01
3.981380760669708252e-01
-1.260453820228576660e+00
-1.128195449709892273e-01
7.293939590454101562e-02
-7.062675803899765015e-02
1.529628872871398926e+00
3.642631769180297852e-01
7.849483937025070190e-02
-1.926224231719970703e+00
-2.186037302017211914e-01
4.681120812892913818e-01
1.189878225326538086e+00
-4.401997327804565430e-01
1.575306206941604614e-01
-3.606121987104415894e-02
7.858187018427997828e-05
7.278254628181457520e-02
-5.410890579223632812e-01
-1.273451298475265503e-01
3.654864430427551270e-01
-6.141882017254829407e-02
-1.561990678310394287e-01
-1.758043281733989716e-02
-1.397613883018493652e-01
-5.987451598048210144e-02
6.605953723192214966e-02
-1.677418053150177002e-01
-5.364328622817993164e-01
-1.207681670784950256e-01
2.971814870834350586e-01
4.109188318252563477e-01
1.027232408523559570e+00
-1.428635716438293457e-01
3.341513127088546753e-02
-4.409838318824768066e-01
1.376908719539642334e-01
3.422385454177856445e-01
-1.679462045431137085e-01
1.842558681964874268e-01
3.999181836843490601e-02
1.164696738123893738e-01
-1.251606792211532593e-01
5.561612844467163086e-01
-6.627257466316223145e-01
1.510367989540100098e+00
-4.855754375457763672e-01
9.513516724109649658e-02
-3.897570967674255371e-01
-2.534474432468414307e-01
-1.816220581531524658e-01
3.042086362838745117e-01
-6.961323022842407227e-01
5.241344571113586426e-01
-2.471354961395263672e+00
1.808290481567382812e-01
5.318802781403064728e-03
8.525829017162322998e-02
-1.101882830262184143e-01
-1.227129697799682617e-01
-2.739047408103942871e-01
-3.687237501144409180e-01
-2.239791899919509888e-01
5.580865144729614258e-01
7.447316497564315796e-02
-1.019244268536567688e-01
2.036111801862716675e-01
4.668181240558624268e-01
-3.193906545639038086e-01
6.825979351997375488e-01
-3.478348255157470703e-01
-2.795606851577758789e-02
1.301428973674774170e-01
-2.755068838596343994e-01
2.535949647426605225e-01
2.488826215267181396e-02
-3.616781234741210938e-01
4.906931817531585693e-01
-1.471391469240188599e-01
6.163440346717834473e-01
1.035202026367187500e+00
-4.109904915094375610e-02
6.941766142845153809e-01
1.654757261276245117e-01
1.284230407327413559e-02
-7.714998722076416016e-02
3.502087295055389404e-01
-1.890858262777328491e-01
-4.893193244934082031e-01
-5.977978706359863281e-01
2.154314890503883362e-02
-7.143987808376550674e-03
-1.235095434822142124e-03
-9.086155332624912262e-03
4.702433478087186813e-03
-1.292588654905557632e-03
6.496823858469724655e-03
-3.984811250120401382e-03
7.450378034263849258e-03
2.681225771084427834e-03
8.459126576781272888e-03
7.218638900667428970e-03
1.876849797554314137e-03
-9.367093443870544434e-03
-3.698579734191298485e-03
2.453040797263383865e-03
5.651527084410190582e-03
5.249013658612966537e-03
-4.098585341125726700e-03
-2.386242384091019630e-03
-9.954974055290222168e-03
6.399011239409446716e-03
-7.920690812170505524e-03
5.656582303345203400e-03
-4.019780550152063370e-03
2.015386475250124931e-03
-5.296921823173761368e-03
5.868745036423206329e-03
7.365590427070856094e-03
-9.417640045285224915e-03
5.845398176461458206e-03
-9.618426673114299774e-03
-3.206463064998388290e-03
-9.140301495790481567e-03
1.546755665913224220e-03
9.998425841331481934e-03
6.218103226274251938e-03
7.807948626577854156e-03
-5.806556437164545059e-03
3.172258147969841957e-04
5.561488214880228043e-03
-3.424928057938814163e-03
-5.007284693419933319e-03
5.251595750451087952e-03
1.438684877939522266e-03
3.752641379833221436e-03
-2.203080570325255394e-03
3.116041887551546097e-03
-2.992510329931974411e-03
-8.045705035328865051e-03
-5.865057930350303650e-03
-7.014233851805329323e-04
8.627584204077720642e-03
7.721047848463058472e-03
3.699852619320154190e-03
3.684329334646463394e-03
4.093641764484345913e-04
8.108569309115409851e-04
-6.952580995857715607e-03
2.283994574099779129e-03
8.498909301124513149e-04
6.902989000082015991e-03
6.604031194001436234e-03
8.677389472723007202e-03
9.950010105967521667e-03
5.380513612180948257e-03
-6.240108050405979156e-03
7.586736232042312622e-03
-6.049803458154201508e-03
-6.324793677777051926e-03
5.756119731813669205e-03
9.479953907430171967e-03
-3.011890919879078865e-03
-3.096683649346232414e-03
-1.922432798892259598e-03
-8.792926557362079620e-03
-4.280031193047761917e-03
-2.963125240057706833e-03
1.562717487104237080e-03
6.912940740585327148e-01
1.364548802375793457e+00
-1.661501646041870117e+00
6.942116618156433105e-01
