8.884768486022949219e+00
1.544404220581054688e+01
1.558468627929687500e+01
1.252155303955078125e+01
1.548511886596679688e+01
9.076396942138671875e+00
1.104055976867675781e+01
1.549616622924804688e+01
-2.892248392105102539e+00
-1.257132911682128906e+01
6.802476406097412109e+00
7.346897125244140625e+00
-1.677680969238281250e+00
-9.253206253051757812e-01
8.636409759521484375e+00
-8.844498634338378906e+00
4.966207981109619141e+00
5.368172168731689453e+00
-5.696155548095703125e+00
-1.391382336616516113e+00
-8.171479225158691406e+00
-5.261860370635986328e+00
-7.492418289184570312e-01
8.866377830505371094e+00
-4.330296039581298828e+00
2.695985734462738037e-01
6.441159248352050781e+00
7.502845287322998047e+00
-4.129238605499267578e+00
-1.452127361297607422e+01
5.501701831817626953e-01
4.489598751068115234e+00
-9.376049995422363281e+00
-5.923175811767578125e+00
1.988529801368713379e+00
1.417681574821472168e+00
-1.326144099235534668e+00
-3.682031631469726562e-01
2.472011327743530273e+00
8.799653053283691406e+00
6.808644771575927734e+00
-5.312747478485107422e+00
1.090136528015136719e+01
4.523171901702880859e+00
-4.395504951477050781e+00
-3.137475013732910156e+00
3.514264583587646484e+00
3.503530502319335938e+00
1.780638843774795532e-01
1.311941862106323242e+00
-2.970603227615356445e+00
3.584090247750282288e-02
3.872384727001190186e-01
-1.968409419059753418e+00
-2.324952840805053711e+00
5.825162529945373535e-01
4.481129169464111328e+00
4.570509433746337891e+00
-4.849817454814910889e-01
-3.275320053100585938e+00
2.165665149688720703e+00
4.161467850208282471e-01
-2.797675132751464844e+00
4.509975910186767578e+00
4.492683112621307373e-01
-3.743727922439575195e+00
-7.991411089897155762e-01
3.920758485794067383e+00
2.289985179901123047e+00
4.904980659484863281e+00
-1.678004980087280273e+00
1.434846222400665283e-01
-2.077135443687438965e-01
-9.096032381057739258e-01
3.605037182569503784e-02
-2.949285268783569336e+00
4.962058544158935547e+00
2.912019014358520508e+00
8.008824586868286133e-01
-2.849969863891601562e+00
-2.233784675598144531e+00
3.959585726261138916e-01
3.915520668029785156e+00
2.717032194137573242e+00
1.585914850234985352e+00
-7.924142479896545410e-01
-2.735138177871704102e+00
-5.957466959953308105e-01
2.212374925613403320e+00
-7.786674797534942627e-02
-2.578789949417114258e+00
-3.589198887348175049e-01
3.133037805557250977e+00
3.834567308425903320e+00
-1.137443661689758301e+00
-2.118567943572998047e+00
2.205631971359252930e+00
-2.023158550262451172e+00
-2.946775197982788086e+00
4.743150234222412109e+00
6.642879843711853027e-01
-3.093208312988281250e+00
3.769010677933692932e-02
4.727354526519775391e+00
3.348203003406524658e-01
4.538589477539062500e+00
-2.666912972927093506e-01
9.397403150796890259e-02
-1.241744831204414368e-01
-7.687290012836456299e-02
3.791683614253997803e-01
-3.503796100616455078e+00
4.898923873901367188e+00
3.888277530670166016e+00
7.150270938873291016e-01
-2.174277305603027344e+00
1.557746648788452148e+00
