1.681420564651489258e+00
1.611186861991882324e+00
4.275415897369384766e+00
1.765967607498168945e+00
2.293505430221557617e+00
3.350041151046752930e+00
2.225661516189575195e+00
2.454322338104248047e+00
1.091881871223449707e+00
2.102342367172241211e+00
-2.696947097778320312e+00
3.912289068102836609e-02
-6.758514642715454102e-01
1.949574470520019531e+00
1.073729872703552246e+00
-5.007473379373550415e-02
-6.017444133758544922e-01
2.949832975864410400e-01
-8.981171995401382446e-02
1.003699183464050293e+00
-1.988382220268249512e+00
-2.661065161228179932e-01
2.272328138351440430e-01
-4.891252517700195312e-01
-1.190736144781112671e-01
-1.725369095802307129e-01
-1.333775669336318970e-01
7.698311656713485718e-02
-2.698631286621093750e-01
-7.611252367496490479e-02
7.650867700576782227e-01
1.012976074218750000e+01
1.321868324279785156e+01
1.349176788330078125e+01
1.474151134490966797e+01
1.549090957641601562e+01
1.735669326782226562e+01
1.893187522888183594e+01
1.988911056518554688e+01
1.939646720886230469e+01
2.953513336181640625e+01
1.485081791877746582e+00
-9.687003493309020996e-02
-3.006369471549987793e-01
1.722230076789855957e+00
-3.951595723628997803e-01
-1.638101100921630859e+00
1.855712234973907471e-01
6.257508993148803711e-01
-1.225321888923645020e+00
9.343270063400268555e-01
2.594724297523498535e-01
-1.474680066108703613e+00
1.069601178169250488e-01
-1.244134828448295593e-02
-2.598522007465362549e-01
5.513404607772827148e-01
7.248259186744689941e-01
-2.082678079605102539e+00
1.433493256568908691e+00
1.022628784179687500e+00
2.536256313323974609e-01
-1.266254782676696777e-01
7.422491908073425293e-01
-1.620472908020019531e+00
-1.626080513000488281e+00
3.275172948837280273e+00
-1.744681239128112793e+00
8.677976727485656738e-01
-1.135660290718078613e+00
2.018375881016254425e-02
2.230904579162597656e+00
-1.007340908050537109e+00
-4.580344557762145996e-01
-4.187059879302978516e+00
4.881485104560852051e-01
-2.372447252273559570e-01
-6.749488115310668945e-01
-1.288765788078308105e+00
7.452620863914489746e-01
1.580862283706665039e+00
2.237593084573745728e-01
1.197265982627868652e+00
1.698208212852478027e+00
-2.899927139282226562e+00
4.022812843322753906e-01
-3.999554157257080078e+00
-2.110355615615844727e+00
5.338808059692382812e+00
-4.947364628314971924e-01
9.369065761566162109e-01
3.136937379837036133e+00
8.813006877899169922e-01
-7.071620464324951172e+00
-3.360805511474609375e+00
1.364080429077148438e+00
1.765788197517395020e-01
1.059034913778305054e-01
1.031052693724632263e-01
-1.030795741826295853e-02
-4.783733487129211426e-01
3.336509764194488525e-01
3.795522451400756836e-01
-1.205631792545318604e-01
1.528131961822509766e-01
1.860771141946315765e-02
2.106180191040039062e-01
9.154205322265625000e-01
-4.500337839126586914e-01
2.544123530387878418e-01
3.126014471054077148e-01
-1.847391277551651001e-01
1.017142772674560547e+00
-1.231830269098281860e-01
9.559442847967147827e-02
-1.507466912269592285e+00
7.874765992164611816e-01
-1.825200170278549194e-01
1.454212423413991928e-02
3.997823223471641541e-02
-1.228486776351928711e+00
-2.492980808019638062e-01
8.560231924057006836e-01
8.130545616149902344e-01
3.456676304340362549e-01
-2.071484178304672241e-01
3.048883974552154541e-01
9.154872298240661621e-01
-7.932404279708862305e-01
-1.822074651718139648e+00
4.762759506702423096e-01
7.007709890604019165e-02
3.283405601978302002e-01
-5.698115229606628418e-01
-1.611847877502441406e-01
-4.602096974849700928e-01
8.319417834281921387e-01
-4.789543449878692627e-01
8.784551620483398438e-01
8.923435211181640625e-01
-2.529616951942443848e-01
2.000440835952758789e+00
-6.741119623184204102e-01
-1.374530792236328125e+00
-4.898968338966369629e-01
1.005768775939941406e+00
-1.223682686686515808e-01
1.028931617736816406e+00
1.822638034820556641e+00
8.139980435371398926e-01
2.529021024703979492e+00
-5.501143336296081543e-01
-1.722501218318939209e-01
4.356961697340011597e-03
-4.711586982011795044e-02
1.998855173587799072e-01
2.705035209655761719e-01
4.023414570838212967e-03
-1.535950899124145508e-01
-1.695427000522613525e-01
-7.299181222915649414e-01
-1.105815637856721878e-02
3.164368122816085815e-02
1.560431718826293945e-01
-3.099148161709308624e-02
-1.699131727218627930e-01
8.957260847091674805e-02
-2.544548213481903076e-01
7.312481105327606201e-02
-3.560857176780700684e-01
3.725183606147766113e-01
-5.721082687377929688e-01
1.142882332205772400e-01
-7.718207687139511108e-02
2.358382791280746460e-01
5.828801393508911133e-01
-1.375107914209365845e-01
-4.295686483383178711e-01
-6.638023257255554199e-01
6.497637182474136353e-02
5.784811377525329590e-01
-5.762257575988769531e-01
-6.312614083290100098e-01
8.553428053855895996e-01
1.920604348182678223e+00
-2.642354965209960938e-01
3.439807891845703125e-01
3.688687284011393785e-04
2.464952468872070312e-01
-5.371575430035591125e-02
2.104055285453796387e-01
-7.609255313873291016e-01
1.270984951406717300e-02
-1.898974366486072540e-02
8.006025850772857666e-02
-9.613410234451293945e-01
-2.075020819902420044e-01
-2.464663982391357422e-01
1.396461576223373413e-01
-4.387666881084442139e-01
-1.477610111236572266e+00
8.013399243354797363e-01
-2.589116692543029785e-01
-2.034420520067214966e-01
6.954402923583984375e-01
-5.824907422065734863e-01
8.475964888930320740e-03
-1.034804270602762699e-03
1.782262988854199648e-04
9.305907413363456726e-03
-6.446289829909801483e-03
-1.818938180804252625e-03
9.092673659324645996e-03
-1.151478616520762444e-03
-7.589189917780458927e-04
-6.787209771573543549e-03
-2.284819725900888443e-03
-2.511447528377175331e-04
-4.768074490129947662e-03
3.662269795313477516e-03
7.118941750377416611e-03
-9.860502555966377258e-03
-7.316151168197393417e-03
-3.897489048540592194e-03
-9.562108898535370827e-04
-5.335275549441576004e-03
-3.381944261491298676e-03
-7.099287118762731552e-03
-2.857038634829223156e-04
-6.651264149695634842e-03
4.856590181589126587e-03
4.459454212337732315e-03
7.066035177558660507e-03
-4.438259173184633255e-03
8.800830692052841187e-03
1.488589798100292683e-03
-8.113699033856391907e-03
6.297487765550613403e-03
5.776597186923027039e-03
-9.488680399954319000e-03
9.987479075789451599e-03
-2.516962587833404541e-03
8.205649442970752716e-03
-2.189723076298832893e-03
-5.695754196494817734e-03
-7.278210017830133438e-03
-5.822953535243868828e-04
8.838935755193233490e-03
6.515906658023595810e-03
6.995500880293548107e-04
5.137722473591566086e-03
9.184296242892742157e-03
-4.582479596138000488e-03
1.754908007569611073e-03
-1.755018718540668488e-03
-6.249886937439441681e-03
3.959294408559799194e-03
3.028708975762128830e-03
5.684532690793275833e-03
8.880023844540119171e-03
-1.908274483866989613e-03
1.481474399566650391e+00
9.388640522956848145e-01
-1.634184956550598145e+00
5.969135761260986328e-01
