1.701533675193786621e+00
1.647259235382080078e+00
4.334130287170410156e+00
9.525036215782165527e-01
1.657541036605834961e+00
3.193363189697265625e+00
2.034849405288696289e+00
1.655926704406738281e+00
1.373087406158447266e+00
1.995890021324157715e+00
2.429356575012207031e+00
1.366585731506347656e+00
1.092189311981201172e+00
-8.314182758331298828e-01
-2.784734368324279785e-01
-2.215637266635894775e-02
1.440823316574096680e+00
-8.088929951190948486e-02
-1.017590537667274475e-01
2.434066236019134521e-01
5.047496557235717773e-01
9.556994438171386719e-01
2.068617939949035645e-01
1.450704336166381836e-01
-5.594824552536010742e-01
-8.296416699886322021e-02
-1.712303161621093750e+00
-1.350557953119277954e-01
-5.535727366805076599e-02
-2.132122218608856201e-01
4.440009221434593201e-02
-9.867077320814132690e-02
-9.908773750066757202e-02
-1.848752349615097046e-01
1.153214201331138611e-01
-1.697560958564281464e-02
-4.193573892116546631e-01
9.505414962768554688e-02
2.012799978256225586e-01
1.214329838752746582e+00
1.014144706726074219e+01
1.320309352874755859e+01
1.351534748077392578e+01
1.404013824462890625e+01
1.542810249328613281e+01
1.491962337493896484e+01
1.668531990051269531e+01
1.906041336059570312e+01
1.779248619079589844e+01
1.912109184265136719e+01
1.967258834838867188e+01
2.017042922973632812e+01
2.422966194152832031e+01
1.512842774391174316e+00
-2.817430794239044189e-01
2.014883607625961304e-01
-1.803361654281616211e+00
5.204617232084274292e-02
1.047390818595886230e+00
7.969794869422912598e-01
-9.840186834335327148e-01
-2.345939129590988159e-01
4.821501076221466064e-01
-4.460085928440093994e-02
-7.134554386138916016e-01
9.414206147193908691e-01
2.637035548686981201e-01
-1.665071368217468262e+00
-8.923145532608032227e-01
-3.949939832091331482e-02
3.451154232025146484e-01
-5.141528695821762085e-02
-7.803422212600708008e-01
-6.564339855685830116e-04
-8.366652578115463257e-02
-6.111944317817687988e-01
-3.738065063953399658e-01
1.910845041275024414e-01
2.288422107696533203e+00
3.057321608066558838e-01
-2.290583699941635132e-01
3.008732572197914124e-02
-3.193322196602821350e-02
7.784714102745056152e-01
-7.027338743209838867e-01
-1.983200758695602417e-01
8.901061415672302246e-01
-1.035799365490674973e-02
-1.524088501930236816e+00
2.688338756561279297e+00
-2.672273218631744385e-01
-2.931407988071441650e-01
-1.432721782475709915e-02
-7.737323045730590820e-01
3.033328950405120850e-01
1.062264740467071533e-01
7.903970032930374146e-02
2.292051762342453003e-01
-5.036128163337707520e-01
2.584571838378906250e-01
-4.166037142276763916e-01
1.048762947320938110e-01
3.036477863788604736e-01
-3.090799450874328613e-01
-1.466035544872283936e-01
2.638381421566009521e-01
-8.095609545707702637e-01
1.615057945251464844e+00
-4.873816370964050293e-01
-3.182707130908966064e-01
4.655617177486419678e-01
-2.377308458089828491e-01
-7.576636672019958496e-01
-5.237315297126770020e-01
3.215691074728965759e-02
-1.050595164299011230e+00
-1.332422792911529541e-01
9.682053923606872559e-01
2.987588346004486084e-01
2.673088908195495605e-01
-7.466637492179870605e-01
-4.334960281848907471e-01
-1.958187483251094818e-02
6.277505755424499512e-01
-1.484779000282287598e+00
5.013951659202575684e-01
-3.150836825370788574e-01
-6.637799739837646484e-01
-1.227117538452148438e+00
1.343030810356140137e+00
-7.418625056743621826e-02
7.017557621002197266e-01
6.055946946144104004e-01
-9.150639176368713379e-01
-1.629285097122192383e+00
2.317529916763305664e+00
1.287833094596862793e+00
-2.615961134433746338e-01
-5.035891532897949219e+00
-1.143893837928771973e+00
2.140920311212539673e-01
2.315213441848754883e+00
-2.034477144479751587e-02
-1.555491089820861816e+00
2.134263515472412109e-01
3.212356865406036377e-01
-2.983299493789672852e-01
3.086923360824584961e-01
-9.553322941064834595e-02
-1.850946694612503052e-01
1.789621412754058838e-01
-1.924083530902862549e-01
4.345418512821197510e-01
3.063813149929046631e-01
9.152182191610336304e-02
6.076825037598609924e-02
4.665183424949645996e-01
2.859634459018707275e-01
6.950491666793823242e-01
8.478476852178573608e-02
1.963370852172374725e-02
1.676820516586303711e-01
1.887065619230270386e-01
-5.638512372970581055e-01
5.252912640571594238e-02
1.148946955800056458e-01
-1.049778163433074951e-01
1.008208617568016052e-01
3.168640136718750000e-01
-1.383167862892150879e+00
3.760483562946319580e-01
-1.102245599031448364e-01
-2.243282198905944824e-01
3.868913277983665466e-02
-1.484791636466979980e-01
-9.691677987575531006e-03
-1.412682682275772095e-01
-1.265467107295989990e-01
-5.714387819170951843e-02
3.368450105190277100e-01
-6.261125206947326660e-01
2.113336324691772461e-01
1.896673738956451416e-01
1.831809133291244507e-01
-1.754660457372665405e-01
-1.061593145132064819e-01
1.967132091522216797e-01
-9.353915601968765259e-02
-1.518180072307586670e-01
-3.776073455810546875e-01
3.536857664585113525e-01
7.225982099771499634e-02
3.503086045384407043e-02
-4.283101111650466919e-02
2.425500452518463135e-01
2.241165786981582642e-01
3.777549415826797485e-02
1.303915232419967651e-01
1.777853518724441528e-01
4.549264013767242432e-01
4.830040503293275833e-03
1.277395486831665039e-01
2.174191474914550781e-01
-4.482117295265197754e-02
4.806360229849815369e-02
1.629340946674346924e-01
-4.865773320198059082e-01
4.316013753414154053e-01
-5.174461603164672852e-01
2.706855833530426025e-01
1.774343103170394897e-01
2.452981472015380859e-01
5.084718465805053711e-01
-3.123261332511901855e-01
5.432056188583374023e-01
6.107388138771057129e-01
-7.244328260421752930e-01
-1.513086408376693726e-01
-1.670236326754093170e-02
-1.611778289079666138e-01
-2.233501896262168884e-02
1.797332316637039185e-01
2.118555009365081787e-01
3.158875405788421631e-01
-1.260632276535034180e-01
9.784133434295654297e-01
-5.759660005569458008e-01
-1.009199261665344238e+00
-7.884999737143516541e-03
1.237554669380187988e+00
9.082182049751281738e-01
-2.574459314346313477e-01
1.111377477645874023e+00
-4.570640996098518372e-02
8.189335465431213379e-01
-6.581845283508300781e-01
-2.521332800388336182e-01
1.126318201422691345e-01
1.941677778959274292e-01
-8.152775466442108154e-03
-3.739050030708312988e-01
-8.652579039335250854e-03
2.193524092435836792e-01
4.846645146608352661e-02
-2.205026894807815552e-01
-1.527503430843353271e-01
2.801258862018585205e-02
-1.211556434631347656e+00
-4.059008881449699402e-02
2.364934235811233521e-01
1.414031386375427246e-01
4.164482653141021729e-02
-1.914656013250350952e-01
5.815983563661575317e-02
2.690463364124298096e-01
6.492257118225097656e-02
1.108529698103666306e-02
1.494562160223722458e-02
1.076154410839080811e-01
-1.511645019054412842e-01
-2.352685481309890747e-01
-1.438698321580886841e-01
7.732629310339689255e-04
9.345255792140960693e-03
2.029860019683837891e-01
3.950755894184112549e-01
-3.518699482083320618e-02
-2.427654340863227844e-02
2.155063673853874207e-02
1.576989591121673584e-01
-5.457617044448852539e-01
-7.165458798408508301e-01
3.036778047680854797e-02
-9.014753997325897217e-02
4.814708605408668518e-02
-9.193810820579528809e-02
1.260989457368850708e-01
1.148146465420722961e-01
-3.026687353849411011e-02
7.006137073040008545e-02
2.118756435811519623e-02
-1.594074666500091553e-01
1.173410266637802124e-01
-3.566590696573257446e-02
2.754551731050014496e-02
9.334574639797210693e-02
-2.869813740253448486e-01
-9.684719145298004150e-02
6.714984774589538574e-03
-9.060545563697814941e-01
1.218207832425832748e-02
1.273423284292221069e-01
-1.132350116968154907e-01
1.004440709948539734e-01
3.239152133464813232e-01
3.393948674201965332e-01
-1.871036589145660400e-01
6.343453526496887207e-01
-2.689257264137268066e-01
-1.995265781879425049e-01
-3.065232932567596436e-01
2.392621785402297974e-01
3.653729259967803955e-01
-1.271658092737197876e-01
1.119486540555953979e-01
2.851892076432704926e-02
3.814813196659088135e-01
2.603232860565185547e-01
-2.750406265258789062e-01
2.381005883216857910e-01
7.098333835601806641e-01
-4.086039066314697266e-01
-1.614665389060974121e-01
-3.015803098678588867e-01
-5.429591983556747437e-02
-5.357221513986587524e-02
9.246596097946166992e-01
-4.174872040748596191e-01
-9.982576370239257812e-01
2.099709659814834595e-01
1.082971096038818359e+00
1.265402674674987793e+00
1.088750958442687988e-01
-7.099210470914840698e-02
-1.092269122600555420e-01
2.862066030502319336e-01
-3.664768766611814499e-03
4.769080784171819687e-03
1.843914622440934181e-03
-9.612503461539745331e-03
-4.602878354489803314e-03
-8.164801634848117828e-03
-1.481080078519880772e-03
-3.277032810728996992e-04
3.856587922200560570e-03
7.416682783514261246e-03
8.214181289076805115e-03
7.642327545909211040e-05
-2.106533385813236237e-03
8.168039843440055847e-03
-7.102121599018573761e-03
9.329786524176597595e-03
-3.044750774279236794e-03
-9.450915269553661346e-03
-7.491477765142917633e-03
9.520591236650943756e-03
-3.212957177311182022e-03
-7.873902097344398499e-03
5.769462790340185165e-03
-4.267692565917968750e-03
7.760928943753242493e-03
-5.483341868966817856e-03
-4.706402309238910675e-03
6.087028421461582184e-03
6.350141484290361404e-03
-7.294092327356338501e-03
-3.391564241610467434e-04
3.285143757238984108e-04
-1.993227051571011543e-03
-1.129753436543978751e-04
-5.759911146014928818e-03
6.419218145310878754e-03
1.687718788161873817e-03
4.752515349537134171e-03
9.650507010519504547e-03
-7.288780529052019119e-03
-1.250692759640514851e-03
-1.145841786637902260e-03
-2.933104289695620537e-03
9.998564608395099640e-03
-6.166561506688594818e-03
3.130202880129218102e-03
-2.643396146595478058e-03
-8.525561541318893433e-03
-9.148613549768924713e-03
2.653274452313780785e-03
-2.132005756720900536e-03
-1.750388531945645809e-03
-1.696614781394600868e-03
-6.169570842757821083e-04
7.759856991469860077e-03
5.737211904488503933e-04
3.990370314568281174e-03
-1.957789994776248932e-03
-7.822238840162754059e-03
-1.815319177694618702e-03
6.361260078847408295e-03
8.783750236034393311e-03
2.538941567763686180e-03
-1.685394789092242718e-03
-8.537699468433856964e-03
-6.879062857478857040e-03
3.934747539460659027e-03
-8.486822247505187988e-03
-8.634976111352443695e-03
-5.840826313942670822e-03
2.805476076900959015e-03
-2.641402184963226318e-03
-6.836815737187862396e-03
6.381588173098862171e-04
-7.536777295172214508e-03
-5.270927213132381439e-03
-5.620674230158329010e-03
-8.076134137809276581e-03
2.080840291455388069e-03
9.985715150833129883e-03
-1.657506916671991348e-03
8.050256408751010895e-03
-8.018805645406246185e-03
-1.753632561303675175e-03
1.636224449612200260e-03
-8.347855880856513977e-03
-2.071775728836655617e-03
8.134503150358796120e-04
-4.590898286551237106e-03
-3.099269233644008636e-03
-6.345980335026979446e-03
9.082948565483093262e-01
8.012496829032897949e-01
-1.498133659362792969e+00
5.131599307060241699e-01
