1.693544268608093262e+00
-2.000882923603057861e-01
-7.572168111801147461e-01
5.567346140742301941e-02
1.685859560966491699e+00
4.439269065856933594e+00
1.141993999481201172e+00
2.154716014862060547e+00
3.420523881912231445e+00
2.133484125137329102e+00
2.000856161117553711e+00
5.735411643981933594e-01
2.833800077438354492e+00
-4.634311497211456299e-01
-3.575626909732818604e-01
-5.046581029891967773e-01
9.217090010643005371e-01
-4.559998810291290283e-01
7.827417254447937012e-01
-9.011576324701309204e-02
-1.467557996511459351e-01
-3.488541543483734131e-01
4.425777494907379150e-01
-1.816567778587341309e-01
2.417793571949005127e-01
5.490190386772155762e-01
-4.176177084445953369e-02
-7.182968407869338989e-02
-1.063294172286987305e+00
-4.842466413974761963e-01
-8.800436258316040039e-01
-4.888946413993835449e-01
-4.369359016418457031e-01
3.434778153896331787e-01
-2.448563724756240845e-01
-4.928563535213470459e-02
-6.805181503295898438e-02
-1.643568575382232666e-01
-9.457804262638092041e-02
1.339884474873542786e-02
-3.062956780195236206e-02
-9.548921138048171997e-02
1.599388569593429565e-02
1.237129211425781250e+00
5.103837847709655762e-01
4.785109460353851318e-01
7.150692462921142578e+00
4.947744369506835938e+00
7.320109367370605469e+00
1.030808353424072266e+01
1.323135948181152344e+01
1.376485061645507812e+01
1.466466331481933594e+01
1.545989799499511719e+01
1.723605155944824219e+01
1.860529136657714844e+01
2.318815422058105469e+01
1.940337371826171875e+01
2.817714691162109375e+01
2.821453094482421875e+01
2.844278907775878906e+01
-1.316480255126953125e+01
-1.882167100906372070e+00
-1.898562908172607422e+00
-5.103564858436584473e-01
7.657745480537414551e-01
2.799524068832397461e+00
-1.179115653038024902e+00
6.650206446647644043e-02
5.148875713348388672e+00
-1.663081359863281250e+01
-3.028243482112884521e-01
8.619560241699218750e+00
3.287638187408447266e+00
2.572289228439331055e+00
-1.021637558937072754e+00
-2.331956386566162109e+00
-3.631891608238220215e-01
-6.193882972002029419e-02
-1.463387608528137207e+00
1.264473676681518555e+00
-1.930670142173767090e+00
-1.293562412261962891e+00
1.880608052015304565e-01
9.605717062950134277e-01
9.311630129814147949e-01
-7.199263572692871094e-01
8.311488628387451172e-01
2.924312591552734375e+00
1.802255153656005859e+00
-8.149170875549316406e-01
-7.382744550704956055e-01
4.432176053524017334e-02
5.374215126037597656e+00
-1.626743912696838379e+00
1.365749955177307129e+00
-3.196602344512939453e+00
3.377377986907958984e+00
-5.098280429840087891e+00
2.742853879928588867e+00
-4.000685691833496094e+00
6.887075901031494141e+00
5.189924240112304688e+00
1.117699623107910156e+00
-3.376213908195495605e-01
3.451625823974609375e+00
-8.238358497619628906e-01
-7.544217705726623535e-01
-3.907797634601593018e-01
9.732410311698913574e-01
8.522965908050537109e-01
-5.497918725013732910e-01
-1.414417862892150879e+00
4.094973087310791016e+00
2.337534189224243164e+00
2.360934168100357056e-01
-3.298528194427490234e+00
-1.564372181892395020e-01
2.903499901294708252e-01
6.389924287796020508e-01
-2.238259315490722656e-01
-7.894768714904785156e-01
-1.090559005737304688e+00
2.873907089233398438e+00
-2.911469221115112305e+00
8.262717127799987793e-01
9.421368598937988281e+00
7.996586561203002930e-01
-4.937860667705535889e-01
-2.044732868671417236e-01
1.595428705215454102e+00
3.577698469161987305e+00
-1.448299407958984375e+00
2.092334255576133728e-02
5.817881107330322266e+00
2.609669864177703857e-01
8.247309327125549316e-01
-1.032149434089660645e+00
-2.128722190856933594e+00
1.082240104675292969e+00
-1.613881945610046387e+00
6.899239420890808105e-01
-2.236900806427001953e+00
8.385809063911437988e-01
4.078535556793212891e+00
3.778849840164184570e-01
5.465370416641235352e-01
-1.208424329757690430e+00
2.027334690093994141e+00
-2.848483324050903320e-01
1.472339868545532227e+00
5.427066087722778320e-01
-3.590068519115447998e-01
-1.875155568122863770e+00
4.589865684509277344e+00
-3.978385210037231445e+00
-2.046781778335571289e+00
-1.342674940824508667e-01
-3.951400995254516602e+00
-8.819830417633056641e-01
-8.689200401306152344e+00
1.568760514259338379e+00
4.659718990325927734e+00
-3.117865085601806641e+00
4.417216777801513672e+00
2.927515983581542969e+00
-4.776781558990478516e+00
1.951565861701965332e+00
-3.537844896316528320e+00
1.085476207733154297e+01
1.206192374229431152e+00
-2.471918582916259766e+00
5.004122853279113770e-01
-2.064572095870971680e+00
1.387837409973144531e+00
-1.397941559553146362e-01
1.086414158344268799e-01
5.778856873512268066e-01
7.352446556091308594e+00
-5.554370284080505371e-01
2.071303606033325195e+00
4.761752605438232422e+00
-7.584267854690551758e-01
-7.832968831062316895e-01
-4.218497574329376221e-01
2.035857141017913818e-01
-9.872923493385314941e-01
-6.938247680664062500e-01
6.067131161689758301e-01
-1.000443816184997559e+00
4.412952423095703125e+00
2.588546276092529297e-01
-1.704459786415100098e+00
-2.386788606643676758e+00
3.282412528991699219e+00
3.528404980897903442e-02
1.932172328233718872e-01
2.877662420272827148e+00
3.368238210678100586e-01
2.007573992013931274e-01
1.518927693367004395e+00
3.318632543087005615e-01
6.198567152023315430e-01
-1.743882745504379272e-01
-3.804681599140167236e-01
1.089368820190429688e+00
2.799147665500640869e-01
1.306628584861755371e+00
-2.035524845123291016e-01
6.601678729057312012e-01
5.103142261505126953e-01
4.437256753444671631e-01
-2.380359917879104614e-01
-3.644401729106903076e-01
1.536439895629882812e+00
-3.490892648696899414e-01
-3.665789263322949409e-03
-8.557683825492858887e-01
3.308224201202392578e+00
-4.014477133750915527e-01
-3.019526243209838867e+00
-1.785359263420104980e+00
-3.082579135894775391e+00
2.580911815166473389e-01
2.234244793653488159e-01
-1.383441805839538574e+00
2.543484568595886230e-01
7.443683594465255737e-02
2.193357944488525391e-01
-1.520963311195373535e-01
1.468637466430664062e+00
-6.195111572742462158e-02
7.220045197755098343e-03
-8.693687319755554199e-01
6.940841674804687500e-01
8.678644895553588867e-02
1.436875343322753906e+00
-2.526918351650238037e-01
1.766158640384674072e-01
-3.945047557353973389e-01
-1.336115896701812744e-01
1.048873364925384521e-01
1.337179243564605713e-01
-2.481091916561126709e-01
-1.265733957290649414e+00
-1.569385230541229248e-01
-5.834637641906738281e+00
7.410876154899597168e-01
9.104364365339279175e-02
-1.612092256546020508e-01
-4.368207752704620361e-01
-1.391273617744445801e+00
6.604950428009033203e-01
3.602855503559112549e-01
3.995699167251586914e+00
1.179421544075012207e+00
5.722278952598571777e-01
-2.196180820465087891e-02
4.331843852996826172e-01
-3.783475160598754883e-01
1.095019459724426270e+00
-2.456858754158020020e-01
-5.129323005676269531e-01
1.788417845964431763e-01
-7.198593765497207642e-02
2.765049338340759277e-01
-5.344082787632942200e-02
4.482099115848541260e-01
-2.379007078707218170e-02
2.681691944599151611e-01
-7.771422863006591797e-01
-7.750880122184753418e-01
-5.306804776191711426e-01
2.127161324024200439e-01
-7.394801974296569824e-01
9.896504282951354980e-01
6.717385649681091309e-01
6.834083795547485352e-02
7.502672672271728516e-01
3.901174366474151611e-01
2.139991283416748047e+00
-1.446700096130371094e+00
-1.189301967620849609e+00
1.112833976745605469e+00
1.737108081579208374e-01
-1.779613375663757324e+00
3.741760015487670898e+00
1.317266672849655151e-01
8.134821057319641113e-01
5.150115489959716797e-01
1.308685064315795898e+00
8.650424480438232422e-01
-5.140932202339172363e-01
-1.056023478507995605e+00
-1.590398699045181274e-01
-1.455026030540466309e+00
1.048889994621276855e+00
6.372397541999816895e-01
-6.424160480499267578e+00
-2.238201856613159180e+00
3.459545969963073730e-01
2.653150796890258789e+00
1.253780484199523926e+00
2.250995188951492310e-01
8.454890251159667969e-01
2.878184318542480469e-01
-1.394247531890869141e+00
-8.727279305458068848e-01
-5.410716310143470764e-02
-1.785744428634643555e+00
2.685124158859252930e+00
-2.807915925979614258e+00
-1.390341758728027344e+00
-5.103479623794555664e-01
-7.503156661987304688e-01
-7.617095112800598145e-01
6.539747864007949829e-02
-8.596205115318298340e-01
6.770797818899154663e-02
-3.406563103199005127e-01
-1.078172326087951660e+00
-7.694793492555618286e-02
4.928600490093231201e-01
-4.893904626369476318e-01
1.559643447399139404e-01
2.222727239131927490e-01
-2.532010972499847412e-01
-3.688665851950645447e-02
-1.358530998229980469e+00
-8.724036067724227905e-02
7.541953325271606445e-01
5.977200344204902649e-02
-2.112345397472381592e-01
-1.320585250854492188e+00
3.887048661708831787e-01
-7.428022623062133789e-01
5.482358336448669434e-01
2.221847325563430786e-01
2.247356414794921875e+00
-3.810201585292816162e-01
2.026376724243164062e+00
-1.546264171600341797e+00
1.012145638465881348e+00
-7.115284204483032227e-01
1.678531914949417114e-01
-1.357591509819030762e+00
3.795347809791564941e-01
3.789193183183670044e-02
-3.792909681797027588e-01
-6.157198455184698105e-03
-3.584038913249969482e-01
-1.661264151334762573e-01
-5.300434827804565430e-01
4.316419064998626709e-01
-1.071970582008361816e+00
1.733669266104698181e-02
1.114937186241149902e+00
-1.551483124494552612e-01
-7.900173962116241455e-02
8.136547356843948364e-02
1.268013715744018555e-01
2.176988571882247925e-01
2.180845290422439575e-01
-3.587490320205688477e-01
3.951940834522247314e-01
1.278221458196640015e-01
-3.829702615737915039e+00
1.652507185935974121e-01
-6.250598281621932983e-02
4.538390636444091797e-01
1.095434427261352539e-01
-1.660986900329589844e+00
-1.863602697849273682e-01
-1.554366707801818848e+00
9.454589486122131348e-01
1.204281952232122421e-02
-6.554401516914367676e-01
4.298083782196044922e-01
8.878087997436523438e-01
-2.752915620803833008e-01
4.410990476608276367e-01
4.315089061856269836e-02
7.646875977516174316e-01
3.787496685981750488e-01
-5.786779522895812988e-01
-7.678890228271484375e-02
-1.761778146028518677e-01
1.208331510424613953e-01
-8.978571295738220215e-01
4.112603515386581421e-02
-3.404041826725006104e-01
-1.905125826597213745e-01
3.051772713661193848e-01
7.279778718948364258e-01
-1.074942827224731445e+00
9.778163433074951172e-01
4.497192502021789551e-01
8.061208724975585938e-01
8.931205272674560547e-01
-9.116312861442565918e-01
1.506888508796691895e+00
-8.038707077503204346e-02
-4.865125417709350586e-01
-1.489848196506500244e-01
-2.120566844940185547e+00
2.449729591608047485e-01
1.827102661132812500e+00
-4.534163177013397217e-01
-1.056870967149734497e-01
-2.234296202659606934e-01
-6.445708870887756348e-01
4.069262742996215820e-01
-4.379551708698272705e-01
1.297798991203308105e+00
1.452113781124353409e-02
-8.886645548045635223e-03
4.550876617431640625e-01
-5.352334305644035339e-02
-3.176586151123046875e+00
-6.556352227926254272e-02
-1.911116957664489746e+00
-3.590159583836793900e-03
-3.934578271582722664e-04
-2.575382124632596970e-03
5.104706156998872757e-03
5.412417813204228878e-04
-2.121135592460632324e-03
-8.518941700458526611e-03
9.395028464496135712e-03
-3.742426633834838867e-03
7.321159821003675461e-03
-9.980137459933757782e-03
-6.250250153243541718e-03
-5.952105391770601273e-03
6.515779066830873489e-03
5.077586974948644638e-03
5.119192879647016525e-03
-1.192136318422853947e-03
-2.547190524637699127e-03
-8.034298196434974670e-03
3.857010509818792343e-03
-8.250115439295768738e-03
7.955574546940624714e-04
2.055092918453738093e-04
3.301712917163968086e-03
8.443511091172695160e-03
-5.930800456553697586e-03
3.229689085856080055e-03
2.216977532953023911e-03
9.231341071426868439e-03
-3.313307417556643486e-03
2.733052475377917290e-03
1.704214490018785000e-03
5.095080006867647171e-03
2.391459653154015541e-03
5.792543292045593262e-03
-1.054952153936028481e-04
9.074988774955272675e-03
-5.168121308088302612e-03
-7.012963760644197464e-03
-3.273249836638569832e-03
-6.643860135227441788e-03
-4.467698279768228531e-03
6.243599345907568932e-04
-2.068482805043458939e-03
-2.168025355786085129e-03
2.933338982984423637e-03
-6.475593894720077515e-03
7.157721556723117828e-03
6.480871234089136124e-03
-4.621046129614114761e-03
6.795645691454410553e-03
4.453427391126751900e-04
-5.024596117436885834e-03
-4.999244119971990585e-03
-4.352802410721778870e-03
-5.563604645431041718e-03
-7.796443998813629150e-03
9.159134700894355774e-03
9.722807444632053375e-03
3.858963958919048309e-03
1.297958428040146828e-03
8.086780086159706116e-03
8.531388826668262482e-03
8.909513708204030991e-04
-1.555206370539963245e-03
1.299450086662545800e-04
1.703280955553054810e-03
-6.083084736019372940e-03
-9.531405754387378693e-03
-8.537178859114646912e-03
8.316596038639545441e-03
9.355217218399047852e-03
-3.575577633455395699e-03
8.654372766613960266e-03
6.207274273037910461e-03
-9.802032262086868286e-03
7.693246006965637207e-03
3.877592738717794418e-03
5.459335632622241974e-03
6.657511927187442780e-03
-5.164379719644784927e-03
8.084824308753013611e-03
2.408539643511176109e-03
6.084888242185115814e-03
5.414605606347322464e-03
8.646983653306961060e-03
-4.347875248640775681e-03
3.935563843697309494e-03
-8.827186189591884613e-03
1.747658359818160534e-03
-8.669141680002212524e-03
8.151704445481300354e-03
-4.420728422701358795e-03
-6.812395877204835415e-04
-4.249458725098520517e-04
6.721604615449905396e-03
4.394066520035266876e-03
4.058303777128458023e-03
-5.489895120263099670e-03
1.064325682818889618e-03
-3.589631523936986923e-03
2.345707034692168236e-03
7.327236235141754150e-03
7.719716988503932953e-03
-1.388326985761523247e-03
-7.595587987452745438e-03
-9.245907887816429138e-03
1.571970991790294647e-03
4.881709348410367966e-03
1.150418538600206375e-04
7.406736724078655243e-03
5.127998068928718567e-03
-9.528212249279022217e-03
-9.651364758610725403e-03
-2.083348575979471207e-03
-1.424320624209940434e-03
-5.673059262335300446e-03
-6.103464402258396149e-03
3.792656352743506432e-03
9.556670673191547394e-03
1.000417113304138184e+00
8.365505337715148926e-01
-1.559476375579833984e+00
5.559645891189575195e-01
