-6.524384594761645229e-01
4.972538063983385492e-01
3.601071571064904941e-01
1.534502381660874104e-01
-1.409941444740652194e+00
-5.108616432251660011e-02
-5.647452378554378427e-01
-5.412591682618478339e-01
-5.053991901530899833e-01
-1.202026602335380945e+00
-7.458586480159371535e-01
-2.323669480081115291e-01
8.857454780876333755e-02
2.587506683502163174e-01
3.867692726020929839e-01
-1.457067878232652269e+00
-1.619202395269350170e+00
-1.379917748289186119e-01
-9.456376580321944614e-01
-1.048868467419070472e+00
3.065473149516481643e-01
4.509632193673134282e-01
-5.259382984959669605e-01
-1.055649656359449295e+00
1.688991726480127964e-01
-2.825578678009044720e-01
1.165443183439897612e-01
1.040990604899740601e+00
-9.398852208460940771e-02
2.412601928265840218e-02
6.062710747011509360e-01
4.070599206647046442e-01
-1.837921158385557585e-01
-5.532272800913229371e-01
2.111120276306825139e-01
2.120834422476414738e-01
-4.781324002753419289e-01
-1.954258452645403765e-01
-9.306076514945994527e-01
-2.420711369505464394e-01
-1.550938615270554544e-01
-2.653285349986465591e-01
-6.078622895660030778e-01
-2.306638355685122488e-01
-6.714324134142897194e-01
4.407383922211320360e-01
-8.745851226718209803e-01
-9.561513533375720630e-02
4.930270880835696534e-01
-1.288744408428991406e+00
6.667357571387814152e-01
-6.048730409032011812e-03
9.411350986588975509e-01
-3.750632952853726748e-02
8.946829889447988071e-01
-3.552063929654993880e-03
4.238033280606345876e-01
2.107392139226565986e-01
-4.083902423354536793e-01
2.520925320430668082e-01
-5.873671017346656642e-01
-1.012872029640179417e+00
5.890137308955165629e-01
1.166945759347771255e-01
2.532293196312477845e-01
-7.873058131712940000e-02
-2.231891161992422268e-01
-6.938573743483370526e-01
1.430353710388307109e-01
-7.891569532071250892e-01
4.163857277292182801e-01
4.923796904319183154e-01
1.210372378099034307e+00
-8.983628044529617940e-02
-8.441098731293786850e-01
2.351419775549972238e-02
2.541551236158369476e-02
7.347919727980251059e-01
-3.580683465679431743e-01
-1.617758438855343428e-01
-1.436815322679309004e+00
1.059954582909615889e-01
3.070331414362963834e-02
-1.174432463919110603e+00
-6.422553567198635571e-01
-5.374965990439759533e-01
2.306755924173849448e-01
-6.942701487555015261e-01
-7.812304079664872392e-01
-1.173284471264442352e+00
4.196159987369585398e-01
1.147544927245948809e+00
-9.965157723225518405e-01
-1.157430923198995654e+00
8.929362288485241939e-01
-2.978450855618074156e-02
9.568729559422997077e-01
6.440972568971299328e-01
9.341021185322959663e-01
-1.163749706840176007e-01
1.034727466055301415e+00
-5.719723239716162366e-01
-5.487677080193174850e-02
-6.874783162003096360e-01
-4.523848901867510430e-01
5.673527967320268761e-01
1.270431354835313276e-01
-3.591007622634355689e-01
-2.042657655961460650e-02
-2.040150986912835085e-01
7.127510907000635942e-01
-7.537883548124382216e-01
7.899645400703134146e-02
-2.250430773162245268e-01
6.027443653380525346e-01
-6.577948641227070459e-01
3.976052727200321546e-01
-4.015598648886345989e-01
-6.618722890509682877e-01
2.645349976664201908e-01
1.162826849157992504e+00
-9.870800929704550697e-01
-4.530632729919172874e-01
-3.969007957130916697e-01
4.481948396220256092e-01
6.515148496388687427e-01
7.261576868435842824e-01
5.080718886163151926e-02
1.853076409402142077e-01
-2.769714477232879668e-01
2.797322830406677729e-01
4.701976927199046363e-01
8.275625234048652468e-01
-3.871578076815658520e-02
6.756440812068181812e-01
7.308847869518421136e-01
-8.565207581112352919e-01
4.321359376710730005e-01
8.184843046285547041e-01
-1.180800871382498451e+00
-6.919788939682048889e-01
9.976631616511775213e-01
3.329598270442119534e-01
-1.282209206070554150e-02
5.001614968551431062e-01
1.027359625544393834e-01
-1.044951842146446541e+00
2.968207656023983954e-01
-2.662643780150733552e-01
6.992073160115122032e-01
-3.249691525348261112e-02
-2.674506218295819582e-01
-7.462330134622181532e-01
1.233648508211465135e-02
1.893267446577240887e-01
8.643368670036748469e-01
4.674117580075890510e-01
-2.046226228466835884e-01
-8.869852220541221688e-02
1.202725417972123033e-02
7.555649374058434620e-02
-6.833982174330911485e-01
6.497524184238965272e-01
1.090704026599379262e+00
6.281665736358886809e-01
4.611959255375861488e-01
2.310671013474967228e-01
5.156280267450381594e-01
4.903643773028171782e-01
5.992035280712996181e-01
-2.969666376382708028e-01
-8.023596064700253550e-01
1.151484432485933684e+00
-2.880845303598484897e-01
-5.392698539797560753e-02
2.297194231564353706e-01
8.922470106574192927e-02
1.130314816783277054e+00
-3.116039827292479414e-01
6.404836336435986155e-01
-5.763011948008058688e-02
-9.085951430672334697e-03
-4.653928623516978558e-01
7.419812878846078208e-01
1.215960941112690513e-01
1.882351771462898449e-01
-5.640181138746969136e-01
4.092241145285865911e-01
2.891587938300803698e-02
6.289221493809394881e-01
7.600344060638986043e-01
2.396704890012709976e-01
3.097993730117128836e-02
1.348015213615312735e+00
-6.442683901654111533e-01
3.408975421258929606e-01
2.979602632043750199e-01
6.091147581248066434e-01
2.132033573563273388e-01
1.320278117471065160e+00
-6.019840819885891037e-01
-4.979725477581664062e-01
-2.877868626682543174e-01
2.093376007357710955e-01
-1.245475690802406943e+00
-7.144084213515757842e-01
-5.199583707727724047e-01
6.540878228012901863e-01
3.089108447177644767e-01
2.325991428922919990e-01
-2.785388690521675703e-01
2.658838772657779459e-01
6.425882194415091231e-01
3.967470468730517896e-01
-7.080796245580511794e-01
5.747135022830832662e-01
6.051185383679912322e-01
-1.561745160358503082e-01
5.297849303580484115e-01
-1.826251203868017869e-01
2.410247580727983840e-02
5.479331576205358489e-01
8.218357038198829123e-01
7.062907763161671015e-01
8.182422758600752521e-01
3.318122388787424493e-01
-1.099928259665909902e+00
7.238826279145018638e-01
1.382636787510163265e-02
1.046075636832617499e-02
8.344741199809069254e-01
-2.271911146053257752e-02
5.777627617882884481e-01
7.072617318255367547e-01
1.439829339385849893e+00
-9.580990939145102026e-01
-7.475072975782290907e-01
-6.850642208508425091e-01
5.405875614696723647e-02
9.986428473007760154e-01
-1.559035315080649908e-01
-5.812199920837789469e-01
2.574910259575973193e-01
8.689226562204440674e-01
-1.177079606029563852e+00
8.512011181516077052e-02
-5.508484747223894029e-01
-5.231622939983812115e-01
-1.189778440837941043e+00
-4.615409191306323322e-01
6.399353693288288847e-01
-8.192993218796872368e-01
-8.241609456653213872e-01
-4.728730361460882770e-01
2.792307828979637696e-01
-2.105280692292549327e-01
7.960117914463052946e-01
-1.097083164731270211e+00
5.002103660260737161e-01
3.150884098262014543e-01
5.064484864151883592e-01
-1.418170906672432396e-01
-1.310635535460085599e+00
-9.783543418730842323e-01
9.266225816632640555e-01
1.213422357313965749e+00
9.560998836911447363e-01
-2.114870424620184375e-01
-9.562215837034285237e-02
3.506609350178665485e-01
1.250285144506540873e-02
1.011500501369729382e-01
-3.085096246986991364e-01
1.016717947792646681e+00
-3.027590111387500494e-03
-7.819246370046450956e-01
8.971325082076486712e-01
-3.326388829948029313e-01
8.604380449707927925e-01
-4.926772640469473941e-01
-5.602188086835241387e-01
2.554499816125245792e-01
-4.392422824795443326e-01
-5.597196134142152779e-01
-1.371283337312277917e-01
6.734288179700236021e-02
3.945129300864001071e-02
7.182813474837791423e-01
-1.914614605909579215e-01
-7.161666383586062778e-01
4.375264012225717480e-01
-2.813141287614349673e-01
-4.188834698838167503e-01
-1.306104636916891881e-01
2.853878069843169274e-01
-6.263002840604440236e-01
-8.345747679746534642e-01
1.056997130618556602e+00
8.608446444522959151e-01
7.068913443037312394e-01
8.055996898203258150e-01
1.004982840832733926e+00
7.308838335121071728e-01
-9.749548621375989654e-01
-9.555340819841404154e-02
-4.593785666874724560e-01
8.918730620976705881e-01
4.438739445890299562e-01
5.554656708334949622e-01
-1.307019489107679178e+00
6.466890388680403001e-01
-1.305088668913789940e+00
-9.275751254313089333e-01
-5.653891505329199374e-01
-9.277254233150658003e-01
-8.564470615613198334e-02
1.012369254940937768e+00
7.673820492590515130e-01
-1.237659911465839868e-01
1.137311872052833461e+00
-6.598151864781511833e-01
-4.608760453730048612e-02
-8.978740641757767538e-01
-1.086195055877825277e+00
1.262298747536402255e+00
-7.746259290953502186e-01
6.918551026917334479e-01
3.542050750204767118e-01
4.008644871108590912e-01
-6.545525929172013591e-01
-3.941968114039653415e-01
3.435592146030702065e-01
-3.417546960806802647e-02
-1.007098869694119520e-01
6.651297021183963931e-01
-1.213507681721665454e+00
-1.812579433315823496e-01
-5.971146281655586030e-01
-2.582144011361311997e-01
-6.798294820823047417e-03
-4.313694039611788988e-01
-5.577758466247064728e-01
-1.850370449075341983e-01
-9.165125022766819063e-01
-2.602588861546068291e-02
-2.904982072475285615e-01
9.394993361726262648e-01
2.961366434020605287e-01
-2.796946081603920997e-01
9.807168168787084861e-01
8.741699850344291089e-01
-2.994954328115584374e-01
4.650974990394036723e-01
-2.359433088347837604e-01
1.031992446349650622e-01
-1.213017688755662515e+00
-8.423750799641420706e-01
1.359101431495686407e+00
9.020290384801543659e-01
-8.937882815018666216e-01
-1.064358940851000357e+00
-4.947480378532432277e-01
-9.011132459890811575e-01
1.145303246526516272e+00
9.978903177200586505e-01
-1.503165250066983871e+00
6.453517790651936981e-01
1.046349041101145350e+00
1.002498806794787312e+00
7.890931733706403328e-01
-9.264629739386286422e-01
3.162691537136007036e-01
1.186918584600064275e+00
-1.419953096812159692e-03
-1.096347836860335434e+00
-8.650520164268510337e-01
-4.654240710685021432e-01
-1.348378184632770482e+00
6.352375950881670175e-01
-7.973027037167371711e-01
-2.674078096367636381e-01
-6.608036421373709723e-01
1.016866452036705004e+00
-2.583409664990035104e-01
3.998854498413947911e-02
7.450372490107119994e-01
-1.253350540989508488e-01
-5.982417870990502928e-01
1.440285243578251828e+00
-4.138836582464553576e-02
-1.138063982295988819e+00
2.576135220673179127e-01
-1.476821735815979642e-01
-9.208339480130395271e-01
-6.780239287451376995e-02
1.019370964659483514e+00
-8.069585100418842361e-01
-1.222774003532960840e+00
-9.680584028105798655e-01
6.558591795934809454e-01
2.864349041940235097e-01
5.687269390013032222e-01
5.062018962562707669e-01
9.245593323077043735e-01
6.724762564906410223e-01
-7.177711275579312655e-02
4.433223472747933047e-01
1.165635620843601394e+00
-2.548667683854472510e-01
5.080869387043985413e-02
4.414871104510253996e-01
-5.306834950174839083e-01
-6.611075986945880167e-01
8.988395082629862740e-03
9.733811885044533208e-01
-5.356686626326793293e-02
1.352069568540062994e-01
-4.685496149020061396e-01
4.313799836214611272e-01
-8.686136843539263852e-01
1.709063393813540777e-01
9.588753395982042571e-01
3.409629169613854205e-01
8.375393330927658475e-01
-2.931365819065315792e-01
-6.813360508676596927e-01
9.296011109720927479e-01
4.738082416417787046e-01
-5.123274898653008558e-01
5.540379719272348069e-01
-4.203863681619868786e-01
2.545977725780557144e-01
9.322137329295542008e-02
3.773458388344535508e-01
1.369397103166740681e+00
4.787136862989246344e-01
3.704575764984990305e-01
3.756381347287494066e-01
-5.992535186182301743e-01
6.670950652046584439e-01
-1.575897360867317909e+00
-1.592479058826413163e-01
-1.150758461254180576e+00
8.814329254328607810e-01
-2.541789648757746822e-01
-6.953089209372905755e-01
-3.394356719128238109e-01
-4.242749626784642625e-01
2.372262163754403352e-01
-1.180613881089940476e+00
6.312951334153077410e-01
-1.649700423971981467e+00
1.477090244044772793e-01
1.667186084956741254e+00
-6.623818701727909874e-02
1.614080136152807599e-01
-8.166653313083079013e-02
4.950896028128243809e-01
-8.604499997995775917e-01
4.170771219008043151e-01
1.358922990264349595e+00
-3.834392893794232038e-02
2.745913216606015728e-01
5.610881090131639853e-02
-4.870129190669940655e-01
-1.699767083485058117e-01
-5.969474793337257168e-01
8.733214796547587033e-01
8.875480271280296041e-01
6.160912733479562142e-01
2.555568723578176549e-01
7.746961400231984485e-02
-1.562605593335560095e-01
-2.140974440872457918e-01
-4.510029665151491507e-01
7.175649565878655656e-01
-9.986085648199528597e-01
5.856464407602184341e-01
4.907849741545937672e-01
-7.571497342112438744e-01
-1.671601133858071908e-01
-1.053046808979632321e+00
-5.560747817755349320e-01
-9.276774556857397824e-01
-8.525424709760440756e-01
1.680555377670967521e-01
-2.208161404321125343e-01
-6.992599123284708451e-01
6.751008859903362413e-01
6.373936636563377611e-01
-6.559027851108929774e-02
-1.938508017549028239e-01
-4.684150417223204022e-01
-1.393400637984095747e-01
-8.961737318714007028e-01
7.932643137225425800e-01
3.235618625655730662e-01
1.182334495262423735e+00
-5.904786929482140900e-01
-1.994699746695447196e-01
-1.536830036800010513e+00
8.340562818111026955e-01
2.621721713745259197e-01
3.138929271554993794e-01
6.846703921466830156e-01
8.100438860142248343e-01
-6.920260104874237372e-01
7.478772967434984403e-03
-8.207476941467707621e-02
-1.061525839687733341e-01
-1.912494390070571260e-01
-4.067920880370312076e-01
-1.543486189242934958e-01
-7.226739360190839179e-01
-4.725227048736712065e-01
-7.152312651677785738e-01
8.800675293119347709e-01
6.392031117994763090e-01
-2.401713563986427324e-01
-3.682524700363563053e-01
3.410679355884351227e-01
-6.204700642694925827e-01
4.844063592644869409e-01
-4.002616350128921918e-01
7.293796184926933934e-01
1.848800174377658034e-01
9.062775729956361326e-02
1.148179952760858047e+00
7.603552271744253022e-02
-6.656005264103568297e-01
-9.087642354053729887e-01
-4.226152489130153844e-01
-2.252549271831301783e-02
7.931826423589880548e-01
-1.108745893116014791e+00
-5.079414103207947201e-02
-2.878995900137938935e-01
-2.929147738832494907e-01
-5.469392993235945299e-01
2.037121017675874168e-01
4.841493676742034680e-01
-1.848854608263282573e-01
-1.391998935707425833e+00
5.045058144776306541e-01
1.080466366703581205e+00
7.133442660826715409e-01
1.157994555741202136e+00
2.707363963649442318e-01
-1.412747957215470196e+00
3.218145679513200186e-01
3.524741969406371411e-01
3.623478135876412876e-01
3.947192648307669693e-01
8.919193632662500981e-01
-1.954490747316877108e-01
-1.003461713971925962e+00
-4.766726235781135745e-01
-4.029485785704571277e-01
8.248505426127437090e-01
6.304195302841295590e-01
-1.603588926841296725e-01
2.774390544358446564e-01
-2.404425412066373835e-01
-5.537258391544329639e-01
-9.942601144082880982e-01
8.587058744992918102e-01
4.768181872521246034e-01
-7.943177382700570277e-01
-2.174624037834320678e-01
4.490332641941770508e-01
1.001078326045707012e+00
-5.264775386128245360e-01
-1.043194433815048061e+00
-1.444011975234266998e-01
3.599834340129919319e-01
-3.061469110777180758e-01
6.174124567929318436e-02
-1.292506638097085658e-01
1.166570868465761635e+00
4.966489282432500207e-01
9.411771171683065429e-01
3.128824249144212533e-01
-2.465249091691227856e-01
1.111395558362587438e-01
-3.768804162871051133e-01
-7.136681845218487696e-01
2.194471985032672157e-01
-7.268565266981591444e-01
1.044072096733096755e+00
2.583350755579656988e-01
-6.791312158627789142e-01
3.053964403734290012e-01
-9.021793295162753301e-01
4.323476156391933278e-01
4.868807125653654144e-01
6.671868961550044830e-01
-5.720608831877841416e-01
-1.128831577824426002e+00
-8.366662867791416214e-02
-3.864905864413436531e-01
-1.109616202559687625e+00
1.982849002257515147e-01
1.688569642223811951e-01
1.337561199127051292e+00
-1.192747952857956983e+00
-5.378231638289296956e-01
8.455778141566786532e-01
-4.810272712979108412e-01
2.284516190663376245e-01
5.859190697030635109e-01
-8.530624574612962752e-01
6.117800113661999717e-01
3.625998655879746901e-01
1.819767647090858309e-01
-1.327629840875726996e-01
-7.042322610490704404e-01
4.166801639868706331e-01
6.256537008815008516e-01
9.241691340222936146e-01
1.364394199014973941e+00
-4.214422947920022922e-01
3.502442482194389473e-01
1.452747341024114014e-01
-2.313938313864483121e-01
