1.689631581306457520e+00
1.680491209030151367e+00
4.094349384307861328e+00
1.011417150497436523e+00
2.073322057723999023e+00
3.005778551101684570e+00
2.329195499420166016e+00
1.741134047508239746e+00
1.902296423912048340e+00
2.037228107452392578e+00
2.434197664260864258e+00
8.624401092529296875e-01
6.902084946632385254e-01
1.577868103981018066e+00
2.592419385910034180e-01
-1.646645218133926392e-01
1.810760021209716797e+00
4.482652842998504639e-01
8.793438225984573364e-02
-1.367691904306411743e-01
4.634950160980224609e-01
4.912494122982025146e-01
4.517114162445068359e-01
-6.606941223144531250e-01
2.664403582457453012e-04
-4.473153948783874512e-01
2.248148441314697266e+00
-1.963003352284431458e-02
-1.272645294666290283e-01
-2.077763378620147705e-01
3.184603527188301086e-03
-1.459947675466537476e-01
1.340439263731241226e-02
-4.454816132783889771e-02
1.510626170784235001e-02
-1.217457577586174011e-01
-3.953371942043304443e-02
-3.968701064586639404e-01
8.290411531925201416e-02
-1.208815932273864746e+00
1.017472457885742188e+01
1.316631984710693359e+01
1.325053691864013672e+01
1.390093326568603516e+01
1.548825263977050781e+01
1.494649600982666016e+01
1.680084609985351562e+01
1.918780326843261719e+01
1.795393562316894531e+01
1.930948638916015625e+01
2.177278327941894531e+01
2.638871002197265625e+01
2.889611625671386719e+01
1.525369286537170410e+00
-2.564893960952758789e-01
4.088554978370666504e-01
-1.197445750236511230e+00
-6.253578467294573784e-04
1.285175085067749023e+00
-5.053001642227172852e-01
7.816995978355407715e-01
1.196526288986206055e+00
-8.492340445518493652e-01
1.386836528778076172e+00
1.176354050636291504e+00
-1.590519309043884277e+00
7.225891947746276855e-01
-7.534117102622985840e-01
-1.923662424087524414e+00
-6.426631808280944824e-01
8.196005821228027344e-01
4.700710177421569824e-01
-8.001745343208312988e-01
5.782853364944458008e-01
4.774198234081268311e-01
-1.347586631774902344e+00
1.830745786428451538e-01
-1.147878766059875488e+00
3.983165323734283447e-01
1.607509851455688477e-01
3.920337259769439697e-01
-9.204952716827392578e-01
-7.826811671257019043e-01
1.892553091049194336e+00
3.732621967792510986e-01
-1.289226651191711426e+00
1.834902167320251465e+00
1.948117375373840332e+00
2.315068244934082031e+00
2.726188182830810547e+00
-4.299449026584625244e-01
-6.075809150934219360e-02
9.086289405822753906e-01
-8.483642339706420898e-01
-2.614268064498901367e-01
1.438597310334444046e-02
7.524302601814270020e-02
-1.914176225662231445e+00
8.789804577827453613e-01
-6.961776316165924072e-02
1.706255227327346802e-01
-3.733321651816368103e-02
-1.843541741371154785e+00
3.009563982486724854e-01
3.551335930824279785e-01
4.077673256397247314e-01
-1.527876615524291992e+00
8.051342964172363281e-01
-1.135345101356506348e+00
-6.255999207496643066e-01
8.323507308959960938e-01
-4.308881461620330811e-01
-8.955395817756652832e-01
-6.801311969757080078e-01
1.396598368883132935e-01
-9.149339199066162109e-01
-8.209546804428100586e-01
1.171472311019897461e+00
3.065440952777862549e-01
2.253271639347076416e-01
-8.071743249893188477e-01
1.560176253318786621e+00
2.623586356639862061e-02
6.896674633026123047e-01
6.247804164886474609e-01
-6.754691004753112793e-01
-1.272504687309265137e+00
1.092629313468933105e+00
1.286172270774841309e+00
1.959297955036163330e-01
-2.657812237739562988e-01
-9.341547489166259766e-01
-2.486704140901565552e-01
1.668955445289611816e+00
9.406901001930236816e-01
1.356652140617370605e+00
2.109135627746582031e+00
8.699504286050796509e-02
-9.142572283744812012e-01
-3.178039550781250000e+00
-3.290387094020843506e-01
-1.061214327812194824e+00
1.351884938776493073e-02
-1.288699984550476074e+00
-1.333321332931518555e-01
2.125554829835891724e-01
-7.525822520256042480e-01
8.376788496971130371e-01
-1.020400673151016235e-01
-2.616174221038818359e-01
7.771320641040802002e-02
-1.669846661388874054e-02
1.048335731029510498e-01
6.120185852050781250e-01
1.274736881256103516e+00
-6.434857845306396484e-02
-6.691257357597351074e-01
3.786246106028556824e-02
1.091869592666625977e+00
3.212707340717315674e-01
1.020630374550819397e-01
1.256126761436462402e-01
1.774075776338577271e-01
-7.613391280174255371e-01
9.073425829410552979e-02
3.558063507080078125e-01
-2.634162902832031250e-01
9.683731943368911743e-02
-5.112735033035278320e-01
-2.007154464721679688e+00
4.555382132530212402e-01
6.436401605606079102e-02
-4.867401719093322754e-01
3.987737894058227539e-01
-3.248606249690055847e-02
-7.649987936019897461e-02
3.384639322757720947e-02
7.619865536689758301e-01
-3.698966801166534424e-01
-5.676258802413940430e-01
-1.140239238739013672e+00
1.460644323378801346e-02
3.611623346805572510e-01
-4.124749898910522461e-01
1.998412907123565674e-01
6.111748218536376953e-01
-3.574131131172180176e-01
-5.435591340065002441e-01
5.997776389122009277e-01
2.270119488239288330e-01
4.734213054180145264e-01
2.009752541780471802e-01
1.264609396457672119e-02
-5.626263469457626343e-02
2.711157687008380890e-02
5.569484233856201172e-01
5.719194188714027405e-02
-1.353026628494262695e-01
3.625061511993408203e-01
2.572782933712005615e-01
4.048605263233184814e-02
-2.101834304630756378e-02
1.311882585287094116e-01
2.786922454833984375e-01
-2.064444273710250854e-01
-5.800497531890869141e-01
5.157507061958312988e-01
5.249885320663452148e-01
-5.187250971794128418e-01
1.449457406997680664e-01
-1.011769995093345642e-01
-1.522556543350219727e-01
1.033988237380981445e+00
-2.009251266717910767e-01
2.209241628646850586e+00
-2.828103303909301758e-01
-6.143750548362731934e-01
-1.008127927780151367e+00
-7.842746973037719727e-01
5.041811466217041016e-01
1.336087435483932495e-01
7.580831050872802734e-01
6.511886715888977051e-01
-4.128407239913940430e-01
8.954159617424011230e-01
4.576907157897949219e-01
6.103051900863647461e-01
7.328242063522338867e-02
2.449141293764114380e-01
1.253336787223815918e+00
9.107542037963867188e-01
-6.280109286308288574e-01
3.558749675750732422e+00
-2.250909991562366486e-02
3.495919704437255859e-01
-3.882074058055877686e-01
5.204891413450241089e-02
-4.278068616986274719e-02
-3.440449237823486328e-01
1.054075360298156738e-01
-2.359679490327835083e-01
2.577989175915718079e-02
-2.663644850254058838e-01
-1.791407316923141479e-01
-1.613088548183441162e-01
-4.438391625881195068e-01
-2.321613579988479614e-01
1.197592377662658691e+00
-2.381169497966766357e-01
2.414280734956264496e-02
3.365952968597412109e-01
5.870611593127250671e-02
-2.434419840574264526e-01
1.738577783107757568e-01
2.819328606128692627e-01
-8.832082152366638184e-03
1.226477995514869690e-01
1.556998044252395630e-01
-5.226761102676391602e-01
3.201162517070770264e-01
2.278028726577758789e-01
-1.556079983711242676e-01
-9.043304622173309326e-02
2.848294079303741455e-01
-3.077225685119628906e-01
-1.814040541648864746e-02
-2.214121222496032715e-01
-1.628589779138565063e-01
3.451330661773681641e-01
7.701420038938522339e-02
4.855009019374847412e-01
-2.560515403747558594e-01
1.295852810144424438e-01
-1.853756904602050781e-01
-3.456059098243713379e-02
7.149035483598709106e-02
-2.194826304912567139e-01
7.406110316514968872e-02
3.017886281013488770e-01
-1.736769080162048340e-01
1.016583144664764404e-01
-1.991362720727920532e-01
-6.592079252004623413e-02
1.454488933086395264e-02
5.342116355895996094e-01
-3.370999097824096680e-01
-1.432965993881225586e-01
-2.919424474239349365e-01
5.433695912361145020e-01
5.923130512237548828e-01
2.156731784343719482e-01
1.327101439237594604e-01
-8.938862383365631104e-02
3.464952707290649414e-01
-1.498188674449920654e-01
6.127555966377258301e-01
2.791354060173034668e-01
1.636002585291862488e-02
9.529837965965270996e-02
-1.279774308204650879e-01
5.631075799465179443e-02
-6.956235039979219437e-03
7.549837231636047363e-01
-7.086644768714904785e-01
-8.270106911659240723e-01
-1.881448745727539062e+00
2.475937269628047943e-02
9.697360992431640625e-01
1.070354461669921875e+00
4.252024590969085693e-01
-2.129845619201660156e+00
-4.120654240250587463e-02
-3.026851825416088104e-02
-4.364291727542877197e-01
2.873770296573638916e-01
-4.136743545532226562e-01
-8.772356510162353516e-01
-2.924848198890686035e-01
4.859725534915924072e-01
6.781317591667175293e-01
-1.018218636512756348e+00
-3.010373115539550781e-01
4.073721766471862793e-01
-2.398657321929931641e+00
1.952077299356460571e-01
4.660674929618835449e-01
-3.104800824075937271e-03
3.651708597317337990e-03
8.759921416640281677e-03
5.691286642104387283e-03
3.826056839898228645e-03
2.318165963515639305e-03
-5.156876519322395325e-03
9.001710452139377594e-03
-4.163002129644155502e-03
7.750188000500202179e-03
-3.702253568917512894e-03
7.792653515934944153e-03
9.413191117346286774e-03
-6.778358481824398041e-03
2.474340610206127167e-03
6.537483073770999908e-03
2.776463748887181282e-03
-6.608310155570507050e-03
-4.895802121609449387e-03
-1.677235937677323818e-03
3.055017674341797829e-03
-3.308271756395697594e-03
-7.463333313353359699e-04
3.838419448584318161e-03
-3.458727849647402763e-03
-1.594317582203075290e-04
-9.701030328869819641e-03
5.928970873355865479e-03
-1.492711366154253483e-03
-8.776639588177204132e-04
9.254323318600654602e-03
-6.454588379710912704e-03
2.894255565479397774e-03
-8.236851426772773266e-04
-9.684412740170955658e-03
8.512091590091586113e-04
4.837414249777793884e-03
2.563277725130319595e-03
3.192225703969597816e-03
5.725529510527849197e-03
1.301129464991390705e-03
-5.168751231394708157e-04
4.978782380931079388e-04
-8.005678537301719189e-04
2.422141376882791519e-03
-4.725445993244647980e-03
2.477263333275914192e-03
-4.610658157616853714e-03
3.143265144899487495e-03
9.413456544280052185e-03
9.945702739059925079e-03
-3.850550157949328423e-03
-5.370905157178640366e-03
8.561007678508758545e-03
3.950744401663541794e-03
-1.447858754545450211e-03
8.067450486123561859e-03
-2.011717297136783600e-03
-3.756410907953977585e-03
8.717320859432220459e-03
-5.076246336102485657e-03
9.904500097036361694e-03
4.934102762490510941e-03
7.053684443235397339e-03
8.765104226768016815e-03
-3.738859202712774277e-03
4.626146052032709122e-03
9.435694664716720581e-03
6.542818155139684677e-03
8.987147361040115356e-03
8.635435253381729126e-03
-5.809643305838108063e-03
5.169967771507799625e-04
5.740690510720014572e-03
2.471728483214974403e-03
9.574815048836171627e-04
9.387413971126079559e-03
2.282213186845183372e-03
2.728195628151297569e-03
-1.194735639728605747e-03
4.677920136600732803e-03
8.353672921657562256e-03
8.801727555692195892e-03
5.431675352156162262e-03
7.527399808168411255e-03
6.571019068360328674e-03
3.921242430806159973e-03
-4.464259836822748184e-03
6.929563358426094055e-03
-5.782344378530979156e-03
-6.351452786475419998e-03
1.261511206626892090e+00
6.756918430328369141e-01
-1.378530979156494141e+00
4.166911244392395020e-01
