1.697900533676147461e+00
5.330769419670104980e-01
1.067112326622009277e+00
4.490184307098388672e+00
1.829704761505126953e+00
3.154513359069824219e+00
2.369887351989746094e+00
1.566545248031616211e+00
2.359904527664184570e+00
3.263030767440795898e+00
1.348951101303100586e+00
6.295110285282135010e-02
-3.591378629207611084e-01
1.194310411810874939e-01
2.206626892089843750e+00
1.882338337600231171e-02
-2.631359361112117767e-02
2.206380367279052734e-01
-2.133964002132415771e-02
2.047681063413619995e-01
-4.444869607686996460e-02
1.333603858947753906e-01
-3.516394644975662231e-02
1.483522951602935791e-01
2.091992139816284180e+00
8.093488216400146484e-01
-8.601959943771362305e-01
-5.215145945549011230e-01
-6.986544281244277954e-02
-1.033501774072647095e-01
-8.463527262210845947e-02
-1.053313538432121277e-01
-7.694838196039199829e-02
-1.290845125913619995e-01
-7.854704745113849640e-03
-9.377462416887283325e-02
-9.013713151216506958e-02
1.231668233871459961e+00
-1.354273676872253418e+00
9.226337075233459473e-01
1.009727954864501953e+01
1.016113185882568359e+01
1.321057987213134766e+01
1.344488811492919922e+01
1.556653785705566406e+01
1.492784023284912109e+01
1.513570594787597656e+01
1.758658409118652344e+01
1.923074913024902344e+01
1.944425201416015625e+01
1.994981002807617188e+01
1.893837547302246094e+01
2.441409301757812500e+01
4.928815960884094238e-01
5.619642138481140137e-01
-9.356047511100769043e-01
4.152244925498962402e-01
-7.473056316375732422e-01
1.513064861297607422e+00
-1.533001184463500977e+00
-6.351171135902404785e-01
1.830952763557434082e-01
8.931958079338073730e-01
-2.820782959461212158e-01
-7.567899823188781738e-01
-1.807171702384948730e-01
5.376942157745361328e-01
3.148000538349151611e-01
4.413335919380187988e-01
-1.761177033185958862e-01
-3.397041559219360352e-01
-1.106105089187622070e+00
7.769129425287246704e-02
1.537000685930252075e-01
-1.694751977920532227e-01
-1.177224755287170410e+00
-2.628527879714965820e+00
-1.912831701338291168e-02
-6.103755831718444824e-01
-1.768122315406799316e-01
-1.880472153425216675e-01
7.123734802007675171e-02
-4.024595618247985840e-01
-3.047894500195980072e-02
3.216949105262756348e-02
-1.865536719560623169e-02
1.490295529365539551e-01
1.049377727508544922e+01
2.502568662166595459e-01
-6.644135713577270508e-01
2.970113158226013184e-01
-7.625822722911834717e-02
1.468388795852661133e+00
-3.501944839954376221e-01
-2.969523370265960693e-01
1.777395606040954590e-01
-1.379821062088012695e+00
-1.512308597564697266e+01
-1.750675916671752930e+00
3.454665243625640869e-01
-6.492369771003723145e-01
-1.999777108430862427e-01
-5.313511490821838379e-01
1.451208144426345825e-01
-1.909231096506118774e-01
-1.427398681640625000e+00
-3.266220092773437500e-01
1.213949680328369141e+00
-2.006607130169868469e-02
-7.563344836235046387e-01
-5.416160225868225098e-01
-3.389931023120880127e-01
8.018879890441894531e-01
1.004977345466613770e+00
2.136501073837280273e+00
3.467789292335510254e-01
1.430865883827209473e+00
-9.077848196029663086e-01
5.685251951217651367e-01
6.170383691787719727e-01
3.680992841720581055e+00
7.628732681274414062e+00
8.422979712486267090e-01
1.311727166175842285e+00
-4.405632913112640381e-01
-1.787348270416259766e+00
3.708514869213104248e-01
1.493988752365112305e+00
-6.897596120834350586e-01
-1.721185445785522461e-02
5.231807827949523926e-01
3.373518288135528564e-01
7.847694754600524902e-01
1.861068725585937500e+00
8.658296465873718262e-01
2.892002761363983154e-01
1.006230354309082031e+00
3.415644168853759766e-01
2.751981496810913086e+00
-2.865628242492675781e+00
3.629674911499023438e-01
2.069054365158081055e+00
2.644833326339721680e+00
5.333797454833984375e+00
-2.554512321949005127e-01
-1.221426427364349365e-01
2.990738153457641602e-01
-2.194514870643615723e-01
4.071200788021087646e-01
-6.468659639358520508e-01
5.667611956596374512e-01
-5.023618936538696289e-01
5.207797884941101074e-01
1.098718404769897461e+00
-2.762795090675354004e-01
2.036803662776947021e-01
2.396867722272872925e-01
-2.019509114325046539e-02
1.118858233094215393e-01
-2.928337454795837402e-01
-1.211933493614196777e-01
1.781650781631469727e-01
2.577366828918457031e-01
1.696197539567947388e-01
2.241390198469161987e-01
-5.121775865554809570e-01
-1.515034556388854980e+00
7.345448136329650879e-01
-1.309427469968795776e-01
2.166641801595687866e-01
5.558344721794128418e-01
-7.736930996179580688e-02
1.613655537366867065e-01
3.311179950833320618e-02
1.589876860380172729e-01
2.137630730867385864e-01
1.111088246107101440e-01
4.282045841217041016e+00
-2.060068130493164062e+00
-1.192289948463439941e+00
-1.333659142255783081e-01
1.783057600259780884e-01
-2.459334731101989746e-01
-3.089844286441802979e-01
9.036563336849212646e-03
2.999745309352874756e-02
-1.474942564964294434e-01
-5.680162906646728516e+00
3.592423200607299805e+00
5.627353191375732422e-01
3.065266311168670654e-01
1.184286624193191528e-01
1.519182580523192883e-03
3.304566144943237305e-01
-9.353001415729522705e-02
2.940969169139862061e-01
-3.296871781349182129e-01
3.338468670845031738e-01
-5.354009866714477539e-01
5.661597251892089844e-01
2.931954264640808105e-01
-3.934387117624282837e-02
1.002027392387390137e-01
1.694470196962356567e-01
-2.714951038360595703e-01
-1.001668214797973633e+00
3.877147138118743896e-01
-4.230759665369987488e-02
1.857554763555526733e-01
8.377982676029205322e-02
-1.190299820154905319e-02
3.782487869262695312e+00
-2.492538452148437500e+00
-1.284664988517761230e+00
-1.413219571113586426e-01
3.874087929725646973e-01
5.082384347915649414e-01
9.232357144355773926e-01
-8.500140309333801270e-01
-3.709695935249328613e-01
2.397117614746093750e-01
-1.205079257488250732e-01
3.590476810932159424e-01
1.725162006914615631e-02
-5.533836483955383301e-01
-3.138167038559913635e-02
8.610402941703796387e-01
-8.807364702224731445e-01
-2.682720124721527100e-01
-4.043131470680236816e-01
-1.515832543373107910e-01
-8.416992425918579102e-02
8.009345531463623047e-01
-7.989221811294555664e-01
8.269537091255187988e-01
-1.007536575198173523e-01
-9.339374303817749023e-02
2.340724021196365356e-01
6.988197565078735352e-02
3.901187181472778320e-01
-3.944218158721923828e-01
2.939370572566986084e-01
6.457750201225280762e-01
-7.328398823738098145e-01
-3.671309649944305420e-01
2.878993004560470581e-02
4.526691883802413940e-02
2.696054875850677490e-01
-2.185886949300765991e-01
6.655699014663696289e-02
1.282389648258686066e-02
-6.238648667931556702e-02
8.773086220026016235e-02
2.134951204061508179e-01
-9.422081708908081055e-02
-5.972369909286499023e-01
2.770621329545974731e-03
-1.704147905111312866e-01
1.086739420890808105e+00
3.018955327570438385e-02
-7.952239364385604858e-02
2.255500853061676025e-01
-8.154428750276565552e-02
1.507023274898529053e-01
6.808324158191680908e-02
-7.946761697530746460e-02
9.809359908103942871e-02
1.138111948966979980e-02
2.843832969665527344e+00
-2.194350481033325195e+00
-1.801353842020034790e-01
-2.341693788766860962e-01
5.733947455883026123e-02
-3.584136366844177246e-01
-3.258492946624755859e-01
8.321731537580490112e-02
1.464102417230606079e-01
-2.128053605556488037e-01
-4.919084548950195312e+00
3.233535528182983398e+00
5.289350152015686035e-01
-1.481731981039047241e-01
3.120309710502624512e-01
-9.679307043552398682e-02
-1.355826389044523239e-02
-6.375328451395034790e-02
9.036618471145629883e-02
7.412666082382202148e-01
8.133882880210876465e-01
-1.064602658152580261e-01
-2.836374342441558838e-01
3.733050227165222168e-01
3.424092531204223633e-01
1.053701117634773254e-01
-2.653365731239318848e-01
4.705433547496795654e-02
-4.159171581268310547e-01
-3.438620865345001221e-01
-3.983106613159179688e-01
4.204712510108947754e-01
-4.161232337355613708e-02
-2.932213842868804932e-01
2.361044883728027344e+00
-2.528865098953247070e+00
-5.097640752792358398e-01
-2.385164052248001099e-01
1.375097483396530151e-01
1.833592057228088379e-01
5.111925005912780762e-01
-5.310012102127075195e-01
6.898414492607116699e-01
2.327205799520015717e-02
1.676852405071258545e-01
9.897732734680175781e-02
-1.029134262353181839e-02
-7.284770607948303223e-01
-2.282372266054153442e-01
6.357203722000122070e-01
-5.012549757957458496e-01
8.491668850183486938e-02
1.172049902379512787e-02
-8.879155516624450684e-01
8.391323685646057129e-02
6.376646161079406738e-01
5.379446744918823242e-01
-7.674096226692199707e-01
9.350688196718692780e-03
1.159167615696787834e-03
9.050594642758369446e-03
-3.534100018441677094e-03
7.587129715830087662e-03
9.121104143559932709e-03
-1.966398907825350761e-03
-2.022771164774894714e-03
-8.912819903343915939e-04
-6.329162977635860443e-03
-8.561812341213226318e-03
-4.769253428094089031e-04
3.493694355711340904e-03
1.432886929251253605e-03
-4.666426219046115875e-03
-8.491764776408672333e-03
-9.830137714743614197e-03
-6.975522264838218689e-04
-4.532843362540006638e-03
4.514390137046575546e-03
4.872940946370363235e-03
4.764568584505468607e-04
-9.705504402518272400e-03
-4.205210600048303604e-03
8.996061049401760101e-03
-7.677521090954542160e-03
9.103052318096160889e-03
9.143100120127201080e-03
4.191624175291508436e-04
-8.755644783377647400e-03
-5.506609100848436356e-03
2.631376963108778000e-03
4.792539868503808975e-03
-2.268774434924125671e-03
9.031985886394977570e-03
1.976125175133347511e-03
9.734002378536388278e-05
-9.156876243650913239e-03
8.488055318593978882e-04
-9.978459216654300690e-03
5.484979599714279175e-03
-5.571223795413970947e-03
-4.970967769622802734e-03
-4.339918028563261032e-03
6.893304642289876938e-03
7.093675900250673294e-03
-3.870139131322503090e-03
-6.000961177051067352e-03
-1.712804660201072693e-03
-1.242767553776502609e-03
8.731398731470108032e-03
-3.974210470914840698e-03
1.829602639190852642e-03
-8.205114863812923431e-03
3.593621542677283287e-03
6.180783733725547791e-03
5.325616337358951569e-03
-1.229934394359588623e-03
2.401578938588500023e-03
9.260412305593490601e-03
-7.191852666437625885e-03
1.032296102494001389e-03
-6.362190004438161850e-03
2.915781689807772636e-03
5.771362688392400742e-03
2.938071032986044884e-03
2.506247721612453461e-03
-8.985833264887332916e-03
8.160904981195926666e-03
-3.963247290812432766e-04
-9.922525845468044281e-03
1.620717666810378432e-04
7.637981791049242020e-03
1.025617355480790138e-03
7.114775478839874268e-03
-9.115776047110557556e-03
-4.076928519225475611e-07
-8.877737447619438171e-03
-8.008015342056751251e-03
-8.802981115877628326e-03
-6.685416214168071747e-03
-2.072256058454513550e-03
-9.190373122692108154e-03
1.527043757960200310e-03
6.543498951941728592e-03
-2.031018026173114777e-03
-2.047472167760133743e-03
-9.094326756894588470e-03
-2.597872226033359766e-04
-4.896857775747776031e-03
-4.507754929363727570e-03
1.239368319511413574e+00
1.170668840408325195e+00
-1.945239901542663574e+00
7.489435076713562012e-01
