1.534226655960083008e+00
1.203932523727416992e+00
1.488549828529357910e+00
3.926598310470581055e+00
9.784182310104370117e-01
2.312096118927001953e+00
2.675728321075439453e+00
2.569045782089233398e+00
1.783615827560424805e+00
2.342632293701171875e+00
2.018475294113159180e+00
2.008741378784179688e+00
8.640816807746887207e-01
7.151932716369628906e-01
-2.222563743591308594e+00
-1.260004341602325439e-01
1.616542637348175049e-01
8.374081924557685852e-03
1.779570102691650391e+00
-3.287279009819030762e-01
-7.247683592140674591e-03
7.499391585588455200e-02
-1.358643756248056889e-03
5.461376905441284180e-01
1.748350709676742554e-01
1.376981139183044434e-01
3.655702173709869385e-01
-6.433967947959899902e-01
-2.951805591583251953e+00
-9.081808477640151978e-02
3.787130489945411682e-02
-1.587497889995574951e-01
-3.417378664016723633e-01
-2.602498978376388550e-02
-1.702651381492614746e-01
-1.627662777900695801e-01
-5.788567289710044861e-02
2.097036540508270264e-01
-1.963061094284057617e-01
1.753862500190734863e-01
-2.702898979187011719e-01
-8.983172476291656494e-02
1.325416564941406250e+00
9.361352920532226562e+00
1.094980430603027344e+01
1.315924549102783203e+01
1.317395877838134766e+01
1.398207473754882812e+01
1.558399105072021484e+01
1.503407955169677734e+01
1.682232284545898438e+01
1.910412025451660156e+01
1.796269035339355469e+01
1.958216285705566406e+01
2.237884140014648438e+01
2.835983085632324219e+01
3.102350425720214844e+01
1.282319307327270508e+00
-5.178251266479492188e-01
4.316965937614440918e-01
-7.756794095039367676e-01
8.737988471984863281e-01
-6.900496482849121094e-01
-3.547889590263366699e-01
-4.035538062453269958e-02
-6.877381205558776855e-01
8.331755399703979492e-01
3.186773955821990967e-01
-2.101782113313674927e-01
3.121196925640106201e-01
7.758542196825146675e-04
5.947411060333251953e-01
-7.023490667343139648e-01
3.434782028198242188e-01
4.426020085811614990e-01
-5.468231439590454102e-01
-3.208071691915392876e-03
1.093788504600524902e+00
-7.884659767150878906e-01
2.006510347127914429e-01
3.910882472991943359e-01
3.380288183689117432e-02
-2.237685769796371460e-01
-1.577534914016723633e+00
6.136527657508850098e-01
-5.717931389808654785e-01
-1.864437222480773926e+00
-9.737255573272705078e-01
1.501711487770080566e+00
4.724268913269042969e-01
-2.744323611259460449e-01
-5.206580162048339844e-01
-3.457760810852050781e-02
-3.326710760593414307e-01
-7.379252314567565918e-01
2.256591804325580597e-02
7.053464055061340332e-01
-1.840503066778182983e-01
8.022665977478027344e-01
-9.616882205009460449e-01
-4.866588711738586426e-01
5.141711831092834473e-01
-7.597362995147705078e-01
-4.810341894626617432e-01
4.944958090782165527e-01
1.680789738893508911e-01
-3.331219911575317383e+00
2.893249750137329102e+00
2.653114497661590576e-01
-1.039073824882507324e+00
2.184223234653472900e-01
-4.265794456005096436e-01
-2.789078950881958008e-01
5.924779772758483887e-01
-1.133742451667785645e+00
-5.688329786062240601e-02
1.944156646728515625e+00
-9.230977855622768402e-03
6.321072578430175781e-02
-9.419249892234802246e-01
-9.780828356742858887e-01
1.036438941955566406e+00
-2.166564464569091797e-01
3.846746087074279785e-01
-1.522205591201782227e+00
3.320144489407539368e-02
-8.047812581062316895e-01
2.815179526805877686e-01
-5.875973105430603027e-01
1.400371044874191284e-01
-1.904856264591217041e-01
4.153504371643066406e-01
-1.465847492218017578e-01
-7.374899927526712418e-03
-5.505405664443969727e-01
1.216783761978149414e+00
-1.752490997314453125e-01
7.261922955513000488e-02
-2.477914810180664062e+00
1.038007855415344238e+00
6.622496992349624634e-02
-2.757175564765930176e-01
6.357111930847167969e-01
-3.143547475337982178e-01
-6.153458952903747559e-01
6.104283928871154785e-01
-1.360483288764953613e+00
-2.267744392156600952e-01
-7.562049031257629395e-01
-4.477566778659820557e-01
1.877023428678512573e-01
5.006502270698547363e-01
1.749552965164184570e+00
6.320542097091674805e-01
2.297587633132934570e+00
-5.114808082580566406e-01
1.487560749053955078e+00
-8.530327677726745605e-01
4.028017818927764893e-01
1.810271024703979492e+00
1.780988723039627075e-01
-1.469708323478698730e+00
-2.143320888280868530e-01
4.254195094108581543e-01
-4.159875512123107910e-01
5.052755475044250488e-01
-1.219115555286407471e-01
-2.558457106351852417e-02
8.414188027381896973e-01
8.869162946939468384e-02
-7.245697081089019775e-02
-1.756952404975891113e-01
4.816568791866302490e-01
1.124293729662895203e-01
2.058548331260681152e-01
7.755795866250991821e-02
2.621415853500366211e-01
2.386109828948974609e-01
-1.915515065193176270e-01
1.869701445102691650e-01
2.958973124623298645e-02
-1.622580587863922119e-01
-1.549948602914810181e-01
3.961051255464553833e-02
2.706467807292938232e-01
2.367453575134277344e-01
2.421149052679538727e-02
-6.734644174575805664e-01
-3.453913629055023193e-01
3.487811088562011719e-01
7.274130582809448242e-01
2.561728656291961670e-01
-1.449304819107055664e-01
-2.656525373458862305e-01
2.000071555376052856e-01
-3.040835559368133545e-01
5.006243288516998291e-02
5.265448093414306641e-01
4.000920802354812622e-02
-1.080103367567062378e-01
-1.565735489130020142e-01
-1.556671857833862305e+00
5.778281092643737793e-01
-1.560539454221725464e-01
-1.637644916772842407e-01
6.066289544105529785e-01
-3.764959275722503662e-01
3.680598363280296326e-02
-7.539698481559753418e-01
-8.285862952470779419e-02
-5.581446290016174316e-01
5.226301550865173340e-01
-7.870205640792846680e-01
-5.639562383294105530e-03
3.824458420276641846e-01
-9.170681238174438477e-02
-1.055610030889511108e-01
-1.087687984108924866e-01
2.674308717250823975e-01
-7.528074085712432861e-03
3.819116950035095215e-01
7.907485216856002808e-02
5.874894261360168457e-01
1.532042324542999268e-01
-1.583706587553024292e-01
-1.987148970365524292e-01
6.853462010622024536e-02
1.357700824737548828e-01
2.193240076303482056e-01
3.328203409910202026e-02
-1.154209896922111511e-01
4.670381844043731689e-01
-7.896494865417480469e-02
-1.610521972179412842e-01
3.919010981917381287e-02
5.825360417366027832e-01
4.010384380817413330e-01
9.865789413452148438e-01
-4.561733007431030273e-01
4.265289008617401123e-01
-6.315927207469940186e-02
9.804276749491691589e-03
7.908750325441360474e-03
-2.665528357028961182e-01
7.023556530475616455e-02
2.785289287567138672e-01
5.354279279708862305e-01
2.419428974390029907e-01
-3.030101060867309570e-01
-4.285131394863128662e-01
-2.703438997268676758e-01
4.100258052349090576e-01
-1.172672864049673080e-02
2.109191380441188812e-02
6.234846711158752441e-01
5.433471202850341797e-01
1.856981068849563599e-01
5.318686366081237793e-01
5.176437497138977051e-01
7.882674783468246460e-02
-4.141372740268707275e-01
-1.271364092826843262e+00
3.696604967117309570e-01
7.301095128059387207e-01
-7.012963891029357910e-01
-1.606811881065368652e-01
2.629262506961822510e-01
-2.258671522140502930e-01
-2.910013794898986816e-01
1.266736835241317749e-01
-5.870329588651657104e-02
-1.394739001989364624e-01
-1.556965261697769165e-01
-1.842818409204483032e-01
-2.525153011083602905e-02
4.127861000597476959e-03
1.120855063199996948e-01
-3.114612400531768799e-01
1.351262032985687256e-01
-1.516517996788024902e-01
-3.417374193668365479e-01
-3.132969141006469727e-01
2.382767945528030396e-02
-7.653199881315231323e-02
-9.900316596031188965e-02
-1.665307581424713135e-01
3.052184358239173889e-02
-6.072557345032691956e-02
2.483070939779281616e-01
3.458549380302429199e-01
-4.254510700702667236e-01
-2.807034365832805634e-02
7.949521392583847046e-02
-8.774978667497634888e-02
-3.024198710918426514e-01
-1.832513660192489624e-01
4.794701635837554932e-01
1.828515231609344482e-01
-1.362185180187225342e-01
-2.657465636730194092e-01
-2.422723621129989624e-01
4.928085207939147949e-01
1.829483360052108765e-01
8.648508787155151367e-02
1.221230551600456238e-01
1.932502090930938721e-01
7.600760459899902344e-01
-3.656066656112670898e-01
-3.920757174491882324e-01
7.271900773048400879e-01
-2.210492640733718872e-01
6.977737545967102051e-01
-1.437094956636428833e-01
1.382674127817153931e-01
4.369359314441680908e-01
3.606924116611480713e-01
-2.633686661720275879e-01
-4.847429692745208740e-01
1.136829704046249390e-01
4.239664226770401001e-02
2.489602118730545044e-01
-9.261178225278854370e-02
3.245295211672782898e-02
-2.780592143535614014e-01
2.232152819633483887e-01
-5.560783147811889648e-01
-1.401954889297485352e-01
1.090661436319351196e-01
-3.107573091983795166e-01
3.581145703792572021e-01
3.409767448902130127e-01
-2.758037149906158447e-01
-5.153032392263412476e-02
-1.421773061156272888e-02
4.974416792392730713e-01
-5.087845325469970703e-01
4.457939565181732178e-01
-2.598985731601715088e-01
6.110256314277648926e-01
-3.909017443656921387e-01
-2.556763589382171631e-01
-6.728206276893615723e-01
-5.284198746085166931e-02
-8.584477305412292480e-01
2.221523821353912354e-01
-6.661474704742431641e-01
2.949890308082103729e-02
2.817251086235046387e-01
8.532568812370300293e-01
-2.967837452888488770e-01
6.438106894493103027e-01
-7.282021641731262207e-02
-3.625169396400451660e-01
4.479240179061889648e-01
1.411577463150024414e-01
4.831909835338592529e-01
1.253770351409912109e+00
4.313634634017944336e-01
2.170163542032241821e-01
-4.163181185722351074e-01
1.126968786120414734e-01
-2.127828299999237061e-01
-9.979500770568847656e-01
1.908648610115051270e-01
-4.113149344921112061e-01
-4.164186120033264160e-01
5.602640509605407715e-01
1.544287800788879395e-01
-8.900621533393859863e-01
-1.952740550041198730e-01
4.140640422701835632e-02
-1.473765730857849121e+00
3.376697655767202377e-03
4.299359396100044250e-03
-2.374887932091951370e-03
1.459476607124088332e-05
4.407288972288370132e-03
1.703259302303195000e-03
-7.702287286520004272e-03
5.254609044641256332e-03
7.864466868340969086e-03
5.987693555653095245e-03
2.706723287701606750e-03
2.212389837950468063e-03
7.906315848231315613e-03
2.901586994994431734e-04
-5.965518066659569740e-04
-7.320695556700229645e-03
-4.429672844707965851e-03
-4.839512519538402557e-03
-8.368502371013164520e-03
3.288440173491835594e-03
9.489079006016254425e-03
2.473084488883614540e-03
-9.590982459485530853e-03
3.578658448532223701e-03
-9.563269093632698059e-03
-2.784116892144083977e-03
-6.978111807256937027e-03
-4.794785752892494202e-03
-9.757246822118759155e-03
4.985850770026445389e-03
2.882851753383874893e-03
-4.063047468662261963e-03
5.506256129592657089e-03
-7.996447384357452393e-03
5.936907604336738586e-03
-6.565768737345933914e-03
9.271414019167423248e-03
1.685959636233747005e-03
6.420721765607595444e-03
-3.318165254313498735e-04
1.409133197739720345e-03
-8.793830871582031250e-03
9.322321042418479919e-03
2.663345367182046175e-04
4.024768248200416565e-03
-3.119278466328978539e-03
4.632998723536729813e-03
7.239011581987142563e-03
-1.373284962028264999e-03
-1.811196096241474152e-03
-2.472531516104936600e-03
-1.376134576275944710e-03
4.198764450848102570e-03
7.965113967657089233e-03
-6.780788302421569824e-03
1.646131742745637894e-03
1.627979683689773083e-03
-7.861317135393619537e-03
8.220938034355640411e-03
-1.926620607264339924e-03
-9.006776846945285797e-03
-5.291189998388290405e-03
6.711507681757211685e-03
-2.221212489530444145e-03
2.708423882722854614e-03
-2.783998614177107811e-03
7.144108880311250687e-03
2.753384644165635109e-03
-8.978861384093761444e-03
2.783575560897588730e-03
3.809283021837472916e-03
-5.975723732262849808e-03
-3.855621442198753357e-03
3.274595597758889198e-03
2.748450962826609612e-03
-6.269854959100484848e-03
3.419626504182815552e-03
7.110959850251674652e-03
-8.694187738001346588e-03
5.220085848122835159e-03
4.940528888255357742e-03
-8.688410744071006775e-03
-3.995172213762998581e-03
-4.485943645704537630e-04
1.004891935735940933e-03
-1.201713806949555874e-03
5.050607956945896149e-03
-3.062509465962648392e-03
-5.204041488468647003e-03
-2.595991245470941067e-04
6.799068767577409744e-03
2.448282903060317039e-03
1.618929672986268997e-03
8.398519828915596008e-03
3.970616962760686874e-03
-1.691741344984620810e-04
-7.722254376858472824e-03
-8.963907137513160706e-03
-3.776386380195617676e-03
-8.095612283796072006e-04
6.536482251249253750e-04
5.389430094510316849e-03
-9.660814888775348663e-03
-3.855553455650806427e-03
1.769599388353526592e-03
1.411405563354492188e+00
7.232143282890319824e-01
-1.174864768981933594e+00
4.751088917255401611e-01
