1.552397918701171875e+01
1.547515964508056641e+01
1.582624053955078125e+01
1.107291889190673828e+01
1.069997406005859375e+01
1.304228401184082031e+01
1.572637939453125000e+01
1.545902633666992188e+01
1.544473171234130859e+01
8.095881462097167969e+00
1.183696556091308594e+01
9.693705558776855469e+00
1.903303623199462891e+00
1.739324569702148438e+00
-1.084858775138854980e+00
-1.248702645301818848e+00
3.964077830314636230e-01
1.094776630401611328e+00
2.030848711729049683e-02
1.024472564458847046e-01
-1.748585939407348633e+00
-1.122488737106323242e+00
-6.226806640625000000e-01
-1.309539914131164551e+00
3.190809488296508789e+00
-2.069201231002807617e+00
9.004613876342773438e+00
2.232150316238403320e+00
-4.285233497619628906e+00
3.527868747711181641e+00
-4.348437786102294922e-01
5.964558124542236328e+00
-8.582273483276367188e+00
4.058344841003417969e+00
3.776351690292358398e+00
2.345988750457763672e+00
-3.931935787200927734e+00
-6.382474422454833984e+00
-1.472431868314743042e-01
1.052912807464599609e+01
3.729302406311035156e+00
-4.024446010589599609e+00
5.113237380981445312e+00
8.599349975585937500e+00
-3.192596197128295898e+00
-3.669726133346557617e+00
-1.665902972221374512e+00
9.353856086730957031e+00
4.752565026283264160e-01
2.633375406265258789e+00
8.390106201171875000e+00
6.914038181304931641e+00
9.573101043701171875e+00
3.289005517959594727e+00
3.520916402339935303e-01
2.916007757186889648e+00
1.008003520965576172e+01
-1.171814823150634766e+01
-3.803045988082885742e+00
2.884566307067871094e+00
-7.396426200866699219e+00
6.942217826843261719e+00
8.417931556701660156e+00
-5.241708755493164062e+00
-6.817700862884521484e+00
-5.326511859893798828e-01
9.364276885986328125e+00
8.781456947326660156e+00
-1.118551445007324219e+01
6.816345214843750000e+00
-2.344836950302124023e+00
3.282419681549072266e+00
5.730217456817626953e+00
2.841778099536895752e-01
-7.322779893875122070e-01
-2.290219545364379883e+00
5.608486175537109375e+00
1.981205821037292480e+00
1.583528041839599609e+00
6.540368199348449707e-01
1.893432378768920898e+00
6.618333816528320312e+00
-8.866042137145996094e+00
-8.089981079101562500e+00
5.779589414596557617e-01
-7.347062587738037109e+00
-5.789413452148437500e+00
4.007575988769531250e+00
9.221687316894531250e+00
-6.717335700988769531e+00
-1.606333613395690918e+00
-5.927798151969909668e-01
5.304879695177078247e-02
-2.496659941971302032e-02
8.204065263271331787e-02
2.949501872062683105e-01
1.761162042617797852e+00
1.543077975511550903e-01
-1.983674168586730957e+00
2.009607315063476562e+00
1.531742960214614868e-01
-2.019484788179397583e-01
1.112772703170776367e+00
3.582126855850219727e+00
-1.444842219352722168e+00
-1.379525065422058105e+00
-1.698550581932067871e+00
-1.287796735763549805e+00
-4.371883869171142578e-01
-1.715857505798339844e+00
-1.022860646247863770e+00
-1.770749330520629883e+00
4.124142169952392578e+00
-2.763545274734497070e+00
-2.735804557800292969e+00
1.727909922599792480e+00
-1.496002435684204102e+00
2.916118502616882324e-01
4.170269489288330078e+00
-8.894770741462707520e-01
-1.891557812690734863e+00
2.317225217819213867e+00
3.429489135742187500e-01
-2.326545953750610352e+00
3.434598922729492188e+00
-2.461040258407592773e+00
-7.898312211036682129e-01
-5.997827649116516113e-01
3.772574186325073242e+00
2.268434762954711914e+00
-3.844472408294677734e+00
5.275121688842773438e+00
-2.625219106674194336e+00
1.714377701282501221e-01
4.473565578460693359e+00
3.725654840469360352e+00
-7.980217933654785156e-01
-1.982788443565368652e+00
-2.550631523132324219e+00
3.650979757308959961e+00
2.583448886871337891e+00
4.275729656219482422e+00
-2.472168207168579102e+00
-7.470380514860153198e-02
-1.364811539649963379e+00
3.748821973800659180e+00
4.760488033294677734e+00
-3.082788467407226562e+00
2.752970695495605469e+00
-3.025646686553955078e+00
1.122614860534667969e+00
-2.869063854217529297e+00
1.426153540611267090e+00
-4.935569465160369873e-01
-5.403795838356018066e-01
5.466611385345458984e+00
2.588816642761230469e+00
-1.757222533226013184e+00
-3.089070320129394531e+00
2.949446439743041992e+00
3.932027816772460938e+00
3.495850563049316406e+00
4.634403064846992493e-02
1.462536215782165527e+00
-2.191455841064453125e+00
9.679901003837585449e-01
4.051374793052673340e-01
-9.094605445861816406e-01
-3.909816741943359375e-01
-1.443270742893218994e-01
-1.473235964775085449e+00
-4.616833329200744629e-01
4.556793570518493652e-01
-2.755042314529418945e-01
1.053064107894897461e+00
6.195187941193580627e-02
1.319117307662963867e+00
-1.144230961799621582e-01
6.209313273429870605e-01
-5.156238675117492676e-01
1.600626111030578613e+00
3.923329591751098633e+00
-1.765440225601196289e+00
-1.184126734733581543e+00
-4.321341589093208313e-02
7.651109099388122559e-01
-2.593307495117187500e+00
-9.704379737377166748e-02
-2.664535045623779297e+00
-7.164450883865356445e-01
2.226723909378051758e+00
-3.050978183746337891e+00
-2.084782361984252930e+00
2.077120304107666016e+00
-1.442291855812072754e+00
1.142331123352050781e+00
3.561090707778930664e+00
-8.353431820869445801e-01
-7.548803091049194336e-01
1.778173923492431641e+00
1.578814506530761719e+00
-2.733154773712158203e+00
3.280875444412231445e+00
-2.535773515701293945e+00
-5.356883406639099121e-01
-3.155643641948699951e-01
3.796854972839355469e+00
1.803141713142395020e+00
-3.432513952255249023e+00
4.839261531829833984e+00
-2.482800960540771484e+00
-6.364178657531738281e-01
3.743869781494140625e+00
3.841992378234863281e+00
-1.046802163124084473e+00
-1.054934978485107422e+00
-1.764649391174316406e+00
3.753511428833007812e+00
1.376653432846069336e+00
3.481075763702392578e+00
-1.928017258644104004e+00
7.136374115943908691e-01
-5.977901220321655273e-01
2.563663721084594727e+00
3.535805463790893555e+00
-1.224488615989685059e+00
1.535555720329284668e+00
-2.129470586776733398e+00
1.172737360000610352e+00
-2.278175592422485352e+00
-6.727945804595947266e-01
-1.238336086273193359e+00
1.283592879772186279e-01
3.762636899948120117e+00
3.129728078842163086e+00
-5.297312140464782715e-01
-2.604843139648437500e+00
3.536994457244873047e+00
2.960527181625366211e+00
3.864495754241943359e+00
-2.021981954574584961e+00
2.070763826370239258e+00
-2.239319086074829102e+00
1.502666711807250977e+00
7.356670498847961426e-01
-7.485120296478271484e-01
-8.546327948570251465e-01
