1.546128368377685547e+01
1.544470500946044922e+01
1.639882278442382812e+01
1.195031929016113281e+01
8.619859695434570312e+00
1.150792503356933594e+01
2.086918258666992188e+01
1.547146129608154297e+01
2.060717391967773438e+01
3.725787162780761719e+00
8.573041915893554688e+00
7.552288055419921875e+00
2.103686809539794922e+00
6.715636253356933594e-01
-7.028230428695678711e-01
-9.711785614490509033e-02
-5.783577561378479004e-01
4.013805687427520752e-01
6.352036595344543457e-01
1.975054619833827019e-03
9.189524501562118530e-02
-1.365433216094970703e+00
-3.666718304157257080e-01
-2.133743762969970703e+00
5.193385124206542969e+00
-1.000409126281738281e+00
1.274567317962646484e+01
3.167027950286865234e+00
-4.687371730804443359e+00
6.666025638580322266e+00
-3.123018026351928711e+00
5.815617561340332031e+00
-7.547784805297851562e+00
4.590770721435546875e+00
3.836610078811645508e+00
-3.986792862415313721e-01
-4.188489437103271484e+00
-5.245219230651855469e+00
2.446121215820312500e+00
1.449923610687255859e+01
3.726069688796997070e+00
-4.461896896362304688e+00
7.391677856445312500e+00
8.193609237670898438e+00
-5.058417320251464844e+00
-3.365361452102661133e+00
-5.625935077667236328e+00
9.892956733703613281e+00
1.080755710601806641e+00
2.484363555908203125e+00
1.249741554260253906e+01
7.348751544952392578e+00
8.945530891418457031e+00
3.460888147354125977e+00
-3.139808177947998047e+00
3.935479640960693359e+00
1.094655323028564453e+01
-1.607709121704101562e+01
-3.023255825042724609e+00
3.710350751876831055e+00
-1.067436790466308594e+01
7.506361484527587891e+00
1.070684051513671875e+01
-2.984612941741943359e+00
-6.006495952606201172e+00
-2.560719549655914307e-01
8.357848167419433594e+00
9.693358421325683594e+00
-1.232289695739746094e+01
4.585869312286376953e+00
2.459528446197509766e+00
2.529502630233764648e+00
3.346625804901123047e+00
-4.785088539123535156e+00
-1.624752044677734375e+00
1.964704155921936035e+00
3.200872659683227539e+00
2.333377599716186523e+00
-1.187943339347839355e+00
1.117632389068603516e+00
-3.650200963020324707e-01
1.102048397064208984e+01
-8.166066169738769531e+00
-5.666446685791015625e+00
-1.336885452270507812e+00
-5.189888000488281250e+00
-6.640653610229492188e+00
2.808992147445678711e+00
9.719670295715332031e+00
-6.497835159301757812e+00
-2.189262151718139648e+00
-1.178899526596069336e+00
2.235573768615722656e+00
-8.327180147171020508e-01
-2.357070147991180420e-01
3.754358589649200439e-01
1.217993378639221191e+00
-1.160224199295043945e+00
-1.297446608543395996e+00
2.367209196090698242e+00
-1.148474067449569702e-01
2.157857567071914673e-01
2.672116518020629883e+00
3.119716405868530273e+00
-2.347549438476562500e+00
-1.379615664482116699e+00
-1.257120013236999512e+00
-9.641771316528320312e-01
-7.612962722778320312e-01
-2.840979814529418945e+00
-5.118825435638427734e-01
-2.436227321624755859e+00
4.513044357299804688e+00
1.274205923080444336e+00
-2.255245208740234375e+00
4.108578264713287354e-01
-9.364945292472839355e-01
2.014004707336425781e+00
1.063406586647033691e+00
-1.172621130943298340e+00
-2.163439750671386719e+00
2.208287715911865234e+00
-1.153172850608825684e+00
-3.439940690994262695e+00
1.263947129249572754e+00
-3.731320858001708984e+00
-2.371218442916870117e+00
-6.019411683082580566e-01
6.051432132720947266e+00
2.136743545532226562e+00
-4.344799995422363281e+00
5.386389732360839844e+00
-4.376059532165527344e+00
6.110909581184387207e-01
6.464646339416503906e+00
4.408480644226074219e+00
9.427255392074584961e-01
-2.277522385120391846e-01
-2.901127099990844727e+00
2.209624528884887695e+00
1.970919370651245117e+00
2.766429424285888672e+00
-3.138095140457153320e+00
-1.252749323844909668e+00
-2.845681428909301758e+00
5.060989856719970703e+00
5.097139358520507812e+00
-2.118419170379638672e+00
8.127179145812988281e-01
-3.350723505020141602e+00
-1.490673780441284180e+00
-1.395881772041320801e+00
2.137334585189819336e+00
-2.076707601547241211e+00
-2.227727919816970825e-01
6.102850914001464844e+00
1.208136081695556641e+00
-1.954900026321411133e+00
-4.642048358917236328e+00
2.535819411277770996e-01
4.045226573944091797e+00
4.131835460662841797e+00
2.383092343807220459e-01
1.371187448501586914e+00
5.485769510269165039e-01
-3.806125819683074951e-01
-7.650901675224304199e-01
-2.504814863204956055e-01
9.046162664890289307e-02
6.911432147026062012e-01
-2.211098432540893555e+00
8.830327987670898438e-01
8.315720409154891968e-02
-6.117798089981079102e-01
-5.728217959403991699e-01
1.124046564102172852e+00
1.105318546295166016e+00
-9.774285368621349335e-03
4.416715204715728760e-01
-2.947442233562469482e-01
3.608894586563110352e+00
4.725152015686035156e+00
-3.491168498992919922e+00
-1.411745190620422363e+00
1.708809018135070801e+00
1.643161892890930176e+00
-1.064327144622802734e+01
-1.760564923286437988e+00
-2.332464694976806641e+00
-3.328898191452026367e+00
1.359928011894226074e+00
-1.501286625862121582e+00
-1.391418933868408203e+00
1.681795477867126465e+00
1.265463471412658691e+00
3.677997589111328125e+00
5.721755504608154297e+00
-7.424845099449157715e-01
8.560332059860229492e-01
2.022097557783126831e-01
1.546582579612731934e+00
-4.959663867950439453e+00
5.173401832580566406e-01
-4.232460021972656250e+00
-2.630051411688327789e-02
-5.654133558273315430e-01
5.054383277893066406e+00
1.190736051648855209e-02
-3.709675550460815430e+00
3.213321447372436523e+00
-3.889945745468139648e+00
-1.593248486518859863e+00
4.965843200683593750e+00
4.107921123504638672e+00
5.227614045143127441e-01
1.377013772726058960e-01
-2.815701067447662354e-01
1.538886666297912598e+00
2.338425397872924805e+00
4.086001515388488770e-01
-3.060758829116821289e+00
6.421419382095336914e-01
2.382676154375076294e-01
2.901209115982055664e+00
3.530163049697875977e+00
-1.560551859438419342e-02
1.708069920539855957e+00
-2.465191364288330078e+00
2.159400701522827148e+00
-9.871468544006347656e-01
2.447587251663208008e+00
-2.993739128112792969e+00
-2.820890426635742188e+00
-1.471969008445739746e+00
3.564801454544067383e+00
-3.111507177352905273e+00
-4.951377868652343750e+00
1.798171401023864746e+00
-4.246718809008598328e-02
4.997090816497802734e+00
-2.499139070510864258e+00
1.134580612182617188e+00
-1.699100494384765625e+00
1.078994870185852051e+00
1.154934883117675781e+00
-2.896648883819580078e+00
-1.109741806983947754e+00
