1.549632453918457031e+01
1.542786407470703125e+01
1.542790031433105469e+01
1.111633777618408203e+01
1.072261238098144531e+01
1.303954505920410156e+01
1.542816925048828125e+01
1.542804336547851562e+01
1.542784309387207031e+01
9.460821151733398438e+00
1.197122097015380859e+01
9.842703819274902344e+00
2.011458635330200195e+00
1.018730163574218750e+00
-4.462284147739410400e-01
-1.044350743293762207e+00
3.901873901486396790e-02
4.852651655673980713e-01
1.869409382343292236e-01
-4.775227904319763184e-01
-8.670008778572082520e-01
-8.872330784797668457e-01
-3.807907998561859131e-01
-1.503796815872192383e+00
2.768550157546997070e+00
-2.520071744918823242e+00
7.847401618957519531e+00
1.994422554969787598e+00
-3.730849027633666992e+00
3.601242065429687500e+00
-9.958112239837646484e-01
5.838711738586425781e+00
-8.699376106262207031e+00
4.802183628082275391e+00
2.626057147979736328e+00
2.555720329284667969e+00
-3.493238925933837891e+00
-6.260198593139648438e+00
-2.712928950786590576e-01
1.020071697235107422e+01
4.264923095703125000e+00
-3.544489383697509766e+00
5.135794162750244141e+00
8.214489936828613281e+00
-2.740053176879882812e+00
-3.711519718170166016e+00
-1.593501925468444824e+00
9.468234062194824219e+00
4.516304135322570801e-01
2.692229032516479492e+00
7.834131717681884766e+00
6.501515865325927734e+00
9.640714645385742188e+00
3.343687295913696289e+00
5.177798867225646973e-01
2.854459524154663086e+00
9.352880477905273438e+00
-1.160489368438720703e+01
-3.458140850067138672e+00
2.279630661010742188e+00
-7.177854537963867188e+00
6.757949352264404297e+00
8.327288627624511719e+00
-5.140658378601074219e+00
-6.593210220336914062e+00
-4.768364429473876953e-01
9.595480918884277344e+00
8.529027938842773438e+00
-1.071112060546875000e+01
7.055648326873779297e+00
-2.416510343551635742e+00
2.966772079467773438e+00
5.992823600769042969e+00
3.827019929885864258e-01
-5.251136422157287598e-01
-2.042095422744750977e+00
5.205419063568115234e+00
2.094780683517456055e+00
1.417774200439453125e+00
8.672472834587097168e-01
1.670932769775390625e+00
5.640593528747558594e+00
-8.625102996826171875e+00
-8.406125068664550781e+00
1.787073254585266113e+00
-7.340258598327636719e+00
-5.198146820068359375e+00
4.024685859680175781e+00
8.898279190063476562e+00
-6.411362171173095703e+00
-1.307931780815124512e+00
-9.198161959648132324e-01
-5.057810544967651367e-01
1.043087393045425415e-01
-9.553187340497970581e-02
2.307677268981933594e-01
1.591960191726684570e+00
-5.248167514801025391e-01
-9.934770464897155762e-01
1.201080918312072754e+00
1.876214742660522461e-01
-6.278942227363586426e-01
9.925310611724853516e-01
3.316799402236938477e+00
-1.578053355216979980e+00
-1.414808869361877441e+00
-1.454515457153320312e+00
-1.572257757186889648e+00
-1.273013800382614136e-01
-3.853882253170013428e-01
-1.423868894577026367e+00
-1.457868337631225586e+00
2.898371219635009766e+00
-2.636429548263549805e+00
-2.808075189590454102e+00
2.116969823837280273e+00
-1.706229090690612793e+00
-3.421339690685272217e-01
4.134276866912841797e+00
-1.046194791793823242e+00
-2.188105583190917969e+00
2.696048021316528320e+00
7.074655294418334961e-01
-2.062574148178100586e+00
3.577363967895507812e+00
-2.562421560287475586e+00
-9.691783785820007324e-01
-4.109932780265808105e-01
3.851333379745483398e+00
2.273088216781616211e+00
-3.876785278320312500e+00
5.397299289703369141e+00
-2.365603446960449219e+00
-8.255274593830108643e-02
4.092197895050048828e+00
3.824059724807739258e+00
-9.506874680519104004e-01
-1.708850860595703125e+00
-2.719838619232177734e+00
4.152465820312500000e+00
2.684077978134155273e+00
4.641129493713378906e+00
-2.558955907821655273e+00
-1.202525421977043152e-01
-1.232913374900817871e+00
3.848898410797119141e+00
4.618653297424316406e+00
-2.299677371978759766e+00
2.823450326919555664e+00
-3.157675027847290039e+00
1.006368279457092285e+00
-2.911433696746826172e+00
8.022439479827880859e-01
-5.342562198638916016e-01
-3.850767612457275391e-01
5.253400325775146484e+00
2.680798053741455078e+00
-1.790933489799499512e+00
-2.909950971603393555e+00
3.639167785644531250e+00
3.740851640701293945e+00
3.634365081787109375e+00
-8.592492938041687012e-01
1.869534611701965332e+00
-2.818265199661254883e+00
6.438804864883422852e-01
8.221948146820068359e-01
-9.791852235794067383e-01
-5.126597285270690918e-01
-4.772226810455322266e-01
-6.639152765274047852e-01
-2.763314247131347656e-01
1.211828924715518951e-02
1.722404658794403076e-01
1.145084500312805176e+00
9.429080411791801453e-03
9.696873277425765991e-02
7.187783718109130859e-01
-1.773870550096035004e-03
-1.385491713881492615e-02
1.285672783851623535e+00
3.348907470703125000e+00
-1.211702227592468262e+00
-1.145888924598693848e+00
-3.585480451583862305e-01
1.107599139213562012e-01
-1.088106989860534668e+00
1.663546860218048096e-01
-1.762983918190002441e+00
-3.396692276000976562e-01
2.652080535888671875e+00
-2.622703552246093750e+00
-2.323279857635498047e+00
2.685529470443725586e+00
-1.596419095993041992e+00
3.473174870014190674e-01
3.406329870223999023e+00
-9.919879436492919922e-01
-1.827838897705078125e+00
2.501760482788085938e+00
1.504184484481811523e+00
-2.361331939697265625e+00
3.171711683273315430e+00
-2.591930627822875977e+00
-5.258042812347412109e-01
-9.513849020004272461e-02
3.872893095016479492e+00
2.694421529769897461e+00
-3.680873632431030273e+00
5.072576522827148438e+00
-2.319123983383178711e+00
-4.114340841770172119e-01
3.455427408218383789e+00
3.721615552902221680e+00
-1.077895045280456543e+00
-1.372697591781616211e+00
-1.860688567161560059e+00
3.777264118194580078e+00
1.235711574554443359e+00
3.549806594848632812e+00
-1.984293818473815918e+00
6.313056945800781250e-01
-1.127575874328613281e+00
2.845006227493286133e+00
3.446205377578735352e+00
-6.557925343513488770e-01
2.017722129821777344e+00
-2.522582769393920898e+00
1.407423734664916992e+00
-2.282488584518432617e+00
-7.409317493438720703e-01
-1.227215528488159180e+00
3.365203738212585449e-01
4.385995864868164062e+00
2.703773021697998047e+00
-4.262293577194213867e-01
-2.491647243499755859e+00
3.925142526626586914e+00
3.088149785995483398e+00
3.994821548461914062e+00
-1.600758314132690430e+00
2.069091558456420898e+00
-2.183932304382324219e+00
1.249115228652954102e+00
5.752911567687988281e-01
-5.452249646186828613e-01
-5.575103759765625000e-01
