-7.161202337161525211e-01
8.729846579906438975e-02
3.682548460820104230e-01
9.237162917664752948e-01
-1.437321092578593973e+00
2.457603930020323624e+00
7.520890157764861250e-01
-1.128791018079046582e+00
1.321068992145825807e-02
-1.079053219067183378e-01
1.981698453236794721e+00
5.921452431123945814e-01
-1.612893630562030056e-01
-7.484210797868116050e-01
-2.446980342497751870e+00
-1.332540216274639699e-01
3.985702291833779776e-01
7.809255703163474338e-02
-3.155030517881477620e-02
-2.793433317488081685e-02
2.723214633353893133e-02
2.300982546225009348e-02
2.843948047689321551e-02
2.385208237775040749e-02
-2.303757872445815619e-02
2.870428040955163781e-02
4.754653552777873132e-02
-1.969572264832880060e-01
6.207462951007822888e-02
-3.118310874579621750e-02
-3.332945532826760426e-01
-3.174021296974002121e-02
1.457817367670764287e-02
-1.130139392941726696e-02
-3.429569142137880305e-02
3.573503564512019171e-02
2.119374284691649679e-02
-2.377645271785759629e-02
-9.169790738882097059e-02
3.402581021013273421e-02
-2.979539664611033714e-02
-4.136899139507738826e-02
-4.572582422801649976e-02
2.656676548690119558e-02
1.467285820399060747e-01
-3.081537127887911190e-02
3.144514666162424171e-02
7.222879057065838271e-02
-2.035771987857338053e-02
-1.656926008051008356e-02
2.234989427516433091e-02
-2.588805953838456408e-02
2.854317912531674148e-02
-5.926973481990289311e-02
6.242686548336773972e-02
-2.674721573762924715e-02
-1.415541833219919055e-01
1.903794824096101956e-01
1.850177998370432578e-02
2.489508246502942709e-02
2.521715294995838241e-02
2.841411270834191469e-02
-1.755793504681626149e-01
-2.095929849201231057e-02
6.188538531819826743e-02
2.924645889570392718e-02
-2.224888973608395507e-02
3.745304982535745814e-02
2.056583437974780770e-02
-2.708658881422468592e-02
-2.965491070884317126e-02
4.299136319430549302e-02
2.727505240607963621e-02
7.273729712128101932e-02
-4.056421832975864311e-02
2.894265269103080823e-02
-7.424731624518444983e-02
-5.959558433720358456e-02
8.396416273121128093e-02
3.245822098147627122e-02
-1.042236659635683155e-01
2.004463489066277831e-02
1.242407328284530349e-02
6.007376900132847114e-02
3.595397636129427782e-02
-2.350392821400491827e-02
6.367213756752526654e-02
1.423286103667057399e-02
-3.150273057357332041e-02
2.599711177609366833e-02
-8.351200651160817223e-02
-2.082291787336342306e-02
6.281354535988528665e-02
1.607255641509680935e-02
2.890733563206509538e-01
1.340159003840372606e-02
-2.175093466811912554e-02
1.768859420267152385e-02
4.402351003722840272e-02
-3.599662646418521489e-02
-2.162975796322553698e-02
1.774116296047151048e-03
-5.097131901766423917e-02
-2.400415169589903072e-02
2.543400712921547666e-02
-3.506096796954776690e-02
2.510127667957844783e-02
6.561920613413116388e-02
4.990720099144114325e-02
2.197837092479604584e-02
-1.783784533253484142e-02
3.252021228633453914e-02
-2.872965920100610526e-02
-3.322103774255304870e-02
-2.868162143646509898e-01
-3.205876531373705318e-02
1.775340589298831165e-02
5.565886022289590757e-02
3.379514647813390560e-02
-2.230143424804363964e-02
9.310432386205597100e-02
2.383237182715658431e-02
3.235114795230894374e-02
-2.152933251171652504e-02
4.029974900702728430e-02
1.596380881143635300e-01
-1.342882261503818356e-02
-3.316765299607406930e-02
-6.556825761167052458e-02
-6.737887693998217964e-02
-6.704026346672203873e-02
7.144570660642615700e-02
-8.661139488254199215e-02
-2.685392966680354154e-02
1.745232550757131740e-01
6.857160552785671048e-02
-1.708346838021729819e-01
1.632481088652704138e-02
-2.629005989473399713e-03
1.787562790462441731e-03
-1.709701008327800141e-03
-1.066141475387288260e-04
-1.858543141876536605e-03
-5.042845475096876780e-04
5.734169215581422837e-04
-1.826915000803996329e-03
-6.576050899639016879e-03
-2.388509385660279177e-02
-1.399509915368423807e-03
2.247177076851996063e-03
-5.142303704863058350e-02
9.427849958029576758e-04
6.833671996373141041e-04
-1.176825152228395260e-02
-2.526790119316385010e-03
-7.066465562819596556e-03
2.091939192762766431e-04
1.062918995088242644e-03
-2.006306025890048500e-02
-1.650187801425970950e-03
-9.066668231553576610e-03
-5.687714087355218509e-03
-7.405965413913239651e-04
-1.455540427925741242e-03
2.656392976504266465e-02
4.970414174471284464e-04
-2.391264621924358083e-03
-2.164215385559498160e-04
3.440328205545929979e-04
1.033716284120550846e-02
-7.880689942099975906e-04
1.263989633264743897e-03
1.936867597759877073e-03
-5.911576108433910922e-04
-3.055811064867910813e-03
-5.027605342572083425e-04
-2.127562274325753983e-02
-2.172906251936746608e-02
-5.437092890057840071e-05
-6.223798051467434918e-04
-1.294789848762422290e-03
-9.242543407277269076e-05
9.136085584553535477e-02
-2.009547696710887316e-03
-2.813929019305660105e-03
9.146614192423987294e-03
-3.100928494153504873e-04
2.309382562872799166e-03
9.820569289174040204e-05
5.592146424343641398e-02
2.229303828332131806e-03
-3.456238268552261957e-03
-1.578668126080128844e-03
-4.343260800256424324e-05
6.612401527308663270e-03
-1.856392335267805166e-03
-1.723839941897393688e-02
1.811281125077766809e-03
6.317575494715763768e-03
4.128140921962958863e-03
-2.333311836803747263e-01
-2.238137855459815142e-04
8.834819924318351508e-04
-3.666648325486645231e-03
-1.287258220797029640e-03
-1.092987574343650022e-03
-1.810541444411165838e-04
7.962358934187138563e-04
2.559027493820449986e-03
5.161385401475424408e-04
-5.179592462286126964e-02
2.718990625178967636e-04
-2.752169008741065653e-03
5.739345180562226059e-04
-2.418823122466507991e-01
7.481665735808353673e-04
4.546714322607487042e-04
9.171824978223633578e-05
7.282941999194205915e-03
8.995201194753175977e-02
-1.008042083592505946e-04
1.184178590455048016e-02
-5.563579934778703148e-03
1.105090578244550528e-03
-9.583802562868893845e-04
1.189478233267974054e-03
-1.280321593810415616e-03
-9.070438773894991605e-03
1.080559732384967457e-04
-6.752651674142387019e-04
-5.501695716282684664e-04
1.077669720563174081e-03
-2.795214593521325262e-03
9.929509080215228115e-03
-5.344268996496897694e-04
9.183797596082125120e-03
1.820176152063945375e-04
-3.793353998088104528e-03
-3.665088698325161091e-04
-1.015559837302572408e-03
-1.407644844915656723e-01
-1.059641757527133308e-03
-1.066967548354464095e-03
1.855718249423741930e-04
-4.413833831552534115e-03
-1.098515917060835338e-02
-1.040169659882809712e-03
2.526456877900223278e-03
-2.962262105961792347e-02
-3.156117860575651055e-03
-2.612572340575636601e-02
-5.283883085561194267e-04
7.566135158367492952e-02
1.650275528498148549e-03
2.405129003385391984e-01
