1.748114228248596191e+00
4.672602653503417969e+00
-1.593936920166015625e+00
3.340590476989746094e+00
2.323607444763183594e+00
2.199659585952758789e+00
4.962326288223266602e-01
3.333744049072265625e+00
9.008546471595764160e-01
1.086123824119567871e+00
-2.937151789665222168e-01
-1.032584682106971741e-01
3.875114917755126953e-01
1.638373881578445435e-01
-1.458826959133148193e-01
-1.257689148187637329e-01
-1.739908158779144287e-01
2.118854224681854248e-01
-7.510961890220642090e-01
-1.522095501422882080e-01
-3.756666779518127441e-01
-1.991164311766624451e-02
1.327768135070800781e+01
1.025083351135253906e+01
1.508693599700927734e+01
1.576139163970947266e+01
1.749357604980468750e+01
2.887853240966796875e+01
1.921161651611328125e+01
-7.887676954269409180e-01
9.904847741127014160e-01
2.041344791650772095e-01
2.671937346458435059e-01
-6.374788284301757812e-01
-1.668861150741577148e+00
-2.193450778722763062e-01
9.183785915374755859e-01
-5.002109408378601074e-01
-1.539457738399505615e-01
3.879211246967315674e-01
-3.101228952407836914e+00
-1.124628819525241852e-02
-3.603635728359222412e-01
-8.393661379814147949e-01
1.533801704645156860e-01
4.094896793365478516e+00
1.143567860126495361e-01
1.359895467758178711e+00
-1.807318806648254395e+00
-6.200803279876708984e+00
1.033111691474914551e+00
1.593594074249267578e+00
4.047866344451904297e+00
-1.325738906860351562e+00
7.524939060211181641e+00
-4.219639778137207031e+00
3.323456645011901855e-01
5.086458921432495117e-01
2.912577092647552490e-01
-4.852757975459098816e-02
2.563576102256774902e-01
1.383285522460937500e-01
-3.643413484096527100e-01
-6.743627786636352539e-01
6.274503469467163086e-01
-1.337194919586181641e+00
2.332997918128967285e-01
1.495853364467620850e-01
2.768824398517608643e-01
-8.746348619461059570e-01
8.454662561416625977e-01
4.184243977069854736e-01
5.914568156003952026e-02
4.739121496677398682e-01
3.634220361709594727e-01
-6.293761730194091797e-01
1.285960435867309570e+00
2.896248817443847656e+00
-3.686688840389251709e-01
-2.975110113620758057e-01
-3.701177597045898438e+00
8.738713264465332031e-01
-2.140650033950805664e+00
2.319610595703125000e+00
-1.912770867347717285e-01
1.951114833354949951e-01
-4.076104462146759033e-01
3.389930818229913712e-03
-1.989250630140304565e-01
2.788156270980834961e-01
3.389248847961425781e-01
5.040603280067443848e-01
-8.284358382225036621e-01
9.790764451026916504e-01
-6.414785981178283691e-01
2.529499232769012451e-01
-6.087070107460021973e-01
1.066371083259582520e+00
-2.037409394979476929e-01
-6.350329518318176270e-02
1.208490133285522461e-02
-4.821767508983612061e-01
3.504254668951034546e-02
6.473309397697448730e-01
-5.017762184143066406e-01
-7.508013844490051270e-01
1.178336217999458313e-01
-1.750689446926116943e-01
2.136038064956665039e+00
-1.137188076972961426e-01
6.726849079132080078e-02
-4.207669496536254883e-01
4.449864327907562256e-01
8.667804002761840820e-01
5.378108024597167969e-01
3.045112490653991699e-01
8.691846132278442383e-01
6.747124195098876953e-01
1.971068084239959717e-01
7.900115251541137695e-01
1.952015310525894165e-01
5.510805845260620117e-01
5.486125946044921875e-01
7.128721475601196289e-01
8.453816771507263184e-01
8.530898690223693848e-01
1.740720421075820923e-01
2.905840873718261719e-01
7.855632901191711426e-01
8.555168509483337402e-01
2.780855298042297363e-01
3.095882236957550049e-01
3.212721049785614014e-01
6.037287414073944092e-02
9.729769229888916016e-01
7.701792716979980469e-01
3.373039662837982178e-01
2.349125035107135773e-02
6.212314963340759277e-01
6.484963297843933105e-01
3.754892945289611816e-01
1.100742936134338379e+00
1.025303363800048828e+00
-1.889042735099792480e+00
7.004517912864685059e-01
