1.391709351915124016e+00
2.511536460226669654e+00
2.352091203303812161e+00
-2.932015295722719198e-02
-5.185626703419528027e-01
1.822732640144084870e+00
-5.482756165260886938e-01
-1.952715214471809069e-01
-2.532555934160632960e-01
1.261550005296348642e+00
-3.171030676733715969e-01
2.193673096828737901e+00
1.026490484867409014e+00
2.310269978695657367e-01
-3.203937057376776698e-01
1.499724805864880883e+00
1.860311443561498912e+00
1.947221470893334416e+00
1.911240378801150053e+00
1.871278628758566098e+00
1.837507362859241322e+00
2.956792561801784736e+00
2.169101041433679988e+00
-1.543176179765047396e+00
-9.102971451821470494e-02
-6.256110009890218926e-01
1.557195253901866971e+00
1.632202608890608087e+00
1.089634313378213593e+00
2.228219875023773167e+00
1.768095032380438747e+00
1.924281794380992228e+00
-6.126137749990598347e-02
3.658853520015015626e+00
-6.004826484135608045e-01
-1.209596694798940192e-01
-4.438190632570530592e-01
1.095708032370081297e-01
2.664363932213742014e+00
2.523925221283047193e+00
-3.667746458357961092e+00
2.139159892223979398e+00
-2.810276190335725954e-01
-2.584524050296618247e-01
-3.920327289195538190e-01
1.144815648835248167e-01
7.896021477418301293e-01
-7.435878423458406328e-01
-2.332792928177292446e-01
-3.954855688841609207e-01
5.743073555785440654e-01
2.216861537079303002e+00
5.098545440009878416e-01
1.907997032881128430e+00
2.198367873238198822e+00
2.232219545600405031e+00
1.861601549615933715e+00
1.817722982269090182e-01
2.497191612251861148e+00
2.178963038810988628e+00
-2.848370247280027426e-02
2.553948378720939161e+00
9.664622703686452709e+00
5.338603287937988107e+00
1.482794644277574392e+01
5.935493737830054961e+00
1.880534770839769720e+01
5.417480529266935463e+00
1.057749037495539612e+00
7.464639483631078321e+00
9.489272717907830668e+00
4.323281043823984149e+00
3.271965634669262712e+00
1.906683087796412934e+00
1.410635283868109380e-01
6.404639535847802989e+00
3.256568668695262847e+00
3.001183875132260148e+00
1.133732744663351832e+00
-8.821054754499459138e-02
6.131013517089094478e+00
1.279712462038098586e+01
1.580678112062820695e+01
9.999508709618698532e+00
-2.570916323274557769e+00
1.461963524248660207e+01
6.421395831859061154e+00
6.382157661369919133e+00
3.440940311123146245e+00
4.487422142913040091e+00
5.506816264998716015e+00
1.167320406534475907e+01
9.972653053165256409e+00
2.066770739147893110e+01
4.764977716644406947e+00
1.044828849861760389e+01
4.322829223549134459e-01
-1.248403187660627411e+00
1.137888447889091914e+01
1.028442545191189339e+01
1.503566567406055654e+01
5.970160826678385213e+00
1.821204303634112875e+01
-9.163950438785973818e-01
7.129517982623458927e-01
3.561839327820533807e+00
1.267797972404803275e+01
7.401657606573087911e+00
9.337146339816133178e+00
-2.120602573571657601e+00
6.700868919578932825e-01
5.915096223643472761e+00
7.662321266153808708e+00
1.202794337921709378e+01
9.280722090367735433e+00
2.509778377320894371e+00
1.228999765904019092e+01
1.647072347065158926e+00
1.987889483224786247e+01
6.934116568186583507e+00
-1.216265976518897896e+00
-3.079583022294592881e-02
7.936032868303614929e-02
1.587514837194824724e-01
-9.891711593236699462e-01
-5.505145849417713011e-01
1.336258291443166879e+00
-3.307362073037928285e-01
1.354778185367328414e+00
3.031271376725053202e-01
1.279552935105670697e+00
-7.032337203420363503e-02
-2.639518544127043564e-01
1.596484283276517591e+00
1.170252155321651166e+00
-1.302593716381333255e+00
-8.028104511389226872e-01
2.805250639915338740e-01
6.621950013377725375e-01
-1.066518006281656356e-01
2.418358218061861520e-01
6.681496692250965541e-01
-3.786265345364382418e-01
3.177476760367932140e-01
1.000941619981700503e+00
1.187363958928047136e+00
9.038078663843187588e-01
7.366615230796195180e-01
1.507618584586763177e-01
1.011198658941710737e-01
3.220026404469226722e-01
-2.821996974480011078e-01
-4.854630206315556640e-01
1.854492936391291813e-01
-4.177389877185599953e-01
7.948163190426252855e-01
1.098868354081105059e+00
1.711742409453691716e+00
2.201534980317445406e-02
-1.218171647146504416e-01
6.666567938824008444e-01
2.431024180209166441e-01
1.706763979164226841e+00
3.032294898493250734e-01
-1.006575350707192458e-02
5.755311330997778807e-01
-7.257028508052799642e-01
6.419480794992542538e-01
1.564055523056073316e+00
9.210321754507856395e-01
9.967402179188830091e-01
1.214219148535307990e+00
1.037567450124798674e+00
-1.606636074937682623e-01
1.435061817323318278e+00
5.287696856615340529e-02
-7.526788070835750410e-01
-7.397418072265270206e-02
-9.187221900001890651e-01
1.237062019630728260e+00
6.650394192168489482e-01
6.572849889732133022e-01
2.420705811490785342e-01
1.209222866618341774e+00
1.274639385417116966e+00
1.332732629135868763e+00
7.710922887435381901e-01
6.257063922818160151e-01
9.280215190925263924e-01
-6.668873921132703053e-01
-3.839988864712143291e-01
-1.031370085621621691e+00
-1.410401596133781937e-02
5.972124539566263657e-01
5.088666982176286435e-01
-6.480187744342774669e-01
1.236456365765320919e+00
6.236938678410831605e-01
-5.014429292592533782e-01
5.784206616568731141e-01
2.459049573565560975e-01
-2.815946244558492628e-01
5.099788168545189571e-01
-8.707051755009875826e-01
1.406379628385942882e+00
-4.469414139596790125e-01
8.254914039221273869e-01
2.346734303594423476e+00
-5.549163755164306933e-01
1.472123060145404283e+00
7.516270713780435209e-01
-3.823688552866608137e-02
2.800683061570036214e-01
-1.279116182077302821e-01
3.861521322546182522e-01
8.838569430511700187e-01
7.881789580045629462e-01
1.692058281311184520e-01
-7.981596919619675656e-01
1.352471123924987029e-01
-2.473346191239500780e-01
1.951013544006982015e+00
1.915899702897500001e-02
9.638173283330523367e-01
1.083800171758312891e-01
-5.334803877626563828e-01
1.078517501715047677e+00
1.056833842097716802e+00
-3.275063672561343009e-01
1.136588216926306627e+00
9.952123431776990214e-01
1.863278330458993312e-02
2.044218744469328275e-01
1.014121987082911680e+00
6.271479642002970867e-02
8.359475969191734190e-01
2.880097248373142960e-01
-1.032508727296476803e+00
-1.804096753112936491e-01
-3.834674191942669674e-01
-7.463512331344447359e-01
-2.607425095835638751e-01
-2.417569848010669986e-01
-2.834135020237663061e-01
4.737850894538189750e-01
-9.200302281296614260e-02
-1.342131106959268960e+00
1.023339104411516098e+00
2.233854324783911771e+00
1.357399187677025762e-02
4.403191057643718875e-01
-1.006182915810934331e+00
1.420150892850384317e+00
9.610767987552109037e-01
-5.046422140598392225e-01
3.798603513961410633e-02
1.304189780606572313e+00
1.159039703888914197e+00
-9.117982479224651104e-02
1.041633457103609883e+00
7.901406562122140764e-01
5.948354501269985661e-01
8.005727111173445432e-02
6.227477966891634686e-01
2.541099609943090698e+00
9.273205474864436582e-01
1.677180920694695487e+00
2.249775487021748344e+00
1.518694237441197803e+00
4.753937158798310914e-01
-4.052097765247642536e-01
-1.093813941038278115e+00
1.560729356336969520e-01
-2.676441382947522207e+00
1.052916324109540946e+00
5.119510457054708974e-01
7.337404548646123681e-01
1.380140323908204181e+00
2.712248026143926349e+00
-4.370932959906842497e-01
-9.352837380619029306e-02
1.659654768756652909e-01
8.391326284067951446e-01
8.038329051397848923e-01
1.419783651065504859e-01
-9.361654616346595237e-01
6.581992765253872335e-01
-1.308917503470377275e+00
1.540923038212652640e-01
-1.794746411598834968e+00
1.290009293076549990e-01
2.755710279722743405e-01
2.224283434315798669e+00
2.762260743024344545e-01
-2.085216726301057644e-01
1.190051309637349258e-01
-4.534451697807208304e-02
6.925883839407016573e-01
-6.653831620769059541e-01
-1.073481850510970975e-01
4.506964115309685104e-01
4.577264520929353320e-01
5.660956577951055113e-01
7.380591643702858473e-01
-2.812259567918837244e-01
2.117313920562619023e-01
-2.444482624744284127e-01
8.480010851944831674e-02
9.985669762342807010e-01
5.568808866130601221e-01
2.012254237659691025e+00
1.265089036967324665e+00
1.286829273641662441e+00
8.130649726185842363e-01
1.361106577589058730e+00
1.322012982949958948e+00
1.228050263508528639e+00
7.391842742988673498e-01
3.874427691571497023e-01
9.895252650645433024e-01
1.223455138558802613e+00
1.291353147736979956e+00
-5.416153993701615654e-01
7.042039748269104393e-01
1.881872532963456468e+00
1.222868807689836190e+00
-3.899990566925836122e-01
-1.082586322173295992e-02
1.152598724861285229e+00
-6.147957894948934410e-01
9.459005990779060236e-01
3.456608180004318021e-01
1.058851168956267408e+00
5.749363146648026057e-02
1.081717233579544191e+00
4.937808386692323359e-01
3.632453230554503198e-01
8.844854621747265389e-02
8.806444282200318607e-01
1.333902835291804312e+00
4.795189215993380105e-01
5.998143432712879086e-01
1.355321733103289850e+00
7.463233312424217836e-01
1.086392747794046931e+00
-1.259010663630254212e-01
-8.129113296662325849e-01
1.261177936000259070e+00
1.556908149676390352e+00
1.232831338181799019e+00
-1.114833364243599523e-01
8.090530260667200269e-01
7.861606255902011675e-01
1.309359652507647853e+00
6.874120668036216575e-01
5.791554538693163279e-01
-7.795657076522220785e-02
7.392066033423413396e-01
6.124703381673853864e-01
1.734674130025240235e-01
9.635836205590797565e-01
-8.835683306824685390e-01
3.893569836316275734e-01
2.176620146689167257e+00
-2.313118565959143835e-01
1.885316675037317147e+00
3.976877246784638609e-01
-4.411859012353783194e-01
1.439707617896463621e+00
-3.979975257354760321e-01
-5.685403674629124771e-01
2.715111419771287782e-01
5.508222225513632608e-01
6.166215779648811512e-01
1.160260904570949575e-01
1.159895873748301831e+00
-1.118424271876782700e-01
9.038593014176196649e-02
1.848845195105325578e-01
6.489061447437970420e-01
8.082976638870340569e-01
1.475114179743644387e-02
1.286280583525932331e+00
1.374175827905639302e-01
-3.863693884259017386e-01
1.111762765604414005e+00
1.532217100111776253e-01
4.021782317983071398e-01
7.855665430414515704e-01
6.237345602169405701e-02
1.224662183243901831e-01
-1.744496598889161199e+00
-5.336797976982726732e-01
-1.254110525052227754e-01
1.735432738305832778e+00
2.253264392887863732e+00
2.493368867507540276e+00
4.502646314097054070e-01
-5.536073962783505387e-01
7.367736670212409189e-01
-5.960966761684997062e-01
7.162656280787774721e-01
1.034080302870234780e+00
1.750762979827848564e+00
2.035289469787360250e+00
3.552062997939414712e-02
8.586111692866691403e-01
1.894690347640353600e+00
1.828734339726930003e+00
-9.086679949901297348e-01
-5.234541388031602738e-01
-1.254363951031526758e+00
7.591273480486587788e-01
-1.636552053982747584e-02
1.771713099563352989e+00
4.378068063076808181e-01
5.867637685150361992e-01
7.589062290269076305e-01
-1.042307916895795911e-01
2.501623982568348947e-01
-6.674573429266451863e-02
8.676031501780008259e-01
6.738971446323359649e-01
1.131690387593172087e+00
1.267500604099882633e+00
1.081839118567560654e+00
1.439264270140284685e-01
1.389563928059825093e+00
1.173990923539699249e+00
6.434290579183943315e-01
1.461151070776127991e-01
1.026604937640810622e+00
1.972078659703202508e+00
4.963750684772620936e-01
1.717846309136575655e+00
3.629666592262935643e-01
7.431786751362537968e-01
7.094277228529921597e-01
-1.910248350160853592e-01
-3.176019515614860178e-01
3.137443109308724054e-01
-9.660677503887554751e-02
1.142219440463548175e+00
4.395715206829305943e-01
2.157648015946408648e+00
1.460376293728536501e+00
1.223976052320472574e+00
7.612874546178434454e-02
2.577801087737413913e-02
-1.713465464511179925e-01
-5.200090313781655094e-02
8.528597326245221932e-01
-5.467683765084940806e-01
-6.804823067777480139e-01
2.954551182963787714e-01
1.168768781332908624e+00
-4.811936461498461659e-01
1.672895677606360154e+00
1.201280913177945386e+00
2.673244365285030733e-01
1.340016379744572994e+00
3.882670583110704454e-01
7.876707658467066997e-01
8.434880912614440840e-01
6.063394589968792436e-01
1.169110881386789952e-01
5.518553036122875177e-01
3.277206129256717282e-01
1.414660530409225458e+00
-1.192839387271599438e+00
1.274583106692066814e-01
1.492982570260086517e+00
-6.370757949077416882e-01
6.905452491297268125e-01
8.245999156213129622e-01
2.406493358439275365e+00
1.175272254564281749e+00
1.451173221137001201e+00
8.523491296119413141e-01
3.284576027576829871e-01
4.414834694171118068e-01
8.015559530521971787e-01
-6.370618651484900863e-02
1.025394645334455124e+00
-1.195777029772476574e+00
3.857083804898667201e-01
7.462210457911452322e-01
5.663944380248447930e-01
5.701805901480305055e-02
1.362395056730948406e+00
7.225090550644179821e-01
-8.448979797925934010e-01
-4.865645621286031619e-01
1.927388283456025475e-01
2.527795420995905817e-01
1.423255646840940303e+00
4.643337501745714579e-01
2.553212643415455133e-02
1.411223650129609375e+00
7.292844933386470885e-01
-4.853423973158797478e-01
3.107156955693760048e-01
2.115007916323703885e+00
1.006530875889892318e+00
-4.511441497085191266e-01
2.394694993015735296e+00
3.111705061337908251e-01
-7.263706934460331111e-01
2.574375737872682812e-01
1.568605637690504151e-01
3.885620313090933919e-01
6.395741233375725754e-01
2.458714688567299189e-01
8.008467374157974827e-01
7.055014452266192837e-01
7.133303658132176261e-01
2.636150243783934588e-01
3.327979996592725365e-01
9.225155328062193405e-01
7.256409379123894832e-01
4.078866701923480886e-01
-2.726831171973776446e-01
1.560785138497016722e-01
-1.982694099436786150e-01
8.971819779129809325e-01
7.880894889187178842e-01
5.384559743990907643e-01
7.843631026606068257e-01
3.284580140233697154e-01
1.584997996035686585e+00
4.116724481054262474e-01
1.805641539880366853e-01
3.153793364580153580e-01
4.573136121377188168e-01
6.903513915375819598e-01
4.712726894309069992e-01
3.171344627172478781e-01
-3.309478852400945387e-02
1.055805930726330805e-01
1.223506193905157469e+00
1.051975481532908097e+00
1.361300146756253104e+00
4.371428638048523163e-02
3.337941464426509297e-01
2.235662092320496452e-01
1.209540935445832868e-02
4.352213840027877034e-01
-9.739123727267204877e-01
1.295824601252226094e+00
1.313641480076907175e+00
9.710551653624510671e-01
1.821876158377351729e+00
1.026566275791153338e+00
4.872822127611203813e-01
6.796562822841960561e-01
6.589679610532971354e-01
1.404194423409865222e-01
1.513990638802976685e+00
6.921241302275481233e-02
2.666429230894404312e-01
-9.301910500898081802e-01
4.732795854199730590e-01
9.142935337492390513e-01
-1.307999297219763213e-01
1.309833435954756431e-01
5.986506920745936489e-01
1.318690780271130958e+00
6.796770786352785976e-01
2.658108234162492312e-01
1.115262683696554291e-01
1.123828639205153523e+00
4.611434443778184011e-01
7.745411614503212583e-01
-1.572825966502704453e+00
-1.036934325687397518e-01
-7.593041151069391814e-01
2.928989825513508838e-01
-1.355540432824938302e+00
1.609745522570941167e-01
1.188228979687588671e+00
6.453274578158468833e-01
4.085082959741072606e-01
6.579031202859086935e-01
1.272871315564926498e+00
4.681085447239600739e-01
1.465353309307114438e-01
1.129898443002311570e+00
4.871062431734362597e-01
1.065158676308010977e+00
1.860635447516812535e+00
-7.458664331024909000e-01
3.795964125214366103e-01
-2.516491282368540916e-01
1.392544847861339363e+00
4.559770524630993305e-01
6.231847938017581745e-01
1.978890388432791081e+00
2.423047675763455311e-01
1.001678945552980871e+00
-1.820037756746908653e-01
1.242375795287371520e+00
1.712712084266375390e-01
1.144324907141322845e+00
1.149994895310676224e+00
6.292966452401480559e-01
5.734933232354872956e-01
-5.582303877347523091e-01
9.173174989688243075e-01
6.038734014567022079e-01
-1.080661348867239663e-01
8.738883407575742668e-01
-1.819325337817291111e+00
1.800149596442782496e+00
6.998332653252679059e-01
1.341407220867764982e+00
-3.337133201957198647e-01
1.958027827207885707e+00
1.188288233188434129e+00
-5.261487488630043341e-01
6.846762922838790510e-01
3.242495120129897379e-01
1.465341255675753018e+00
5.470340561577928806e-01
6.682894204707808816e-01
2.286168225636013407e+00
-4.418313104590831930e-02
9.076523599281304255e-01
-1.454817889013462762e-01
8.316777417269961559e-01
1.577765833628842262e+00
1.084081599548386343e+00
2.214184276391785999e-01
6.128793205682099288e-01
7.096501366763254826e-01
1.986252502121429231e+00
1.826451083554737620e+00
-7.745430597698281516e-02
-7.921875157779878496e-01
1.154260433162378252e+00
4.546646128561287470e-01
-2.395989790549588050e-01
1.455352498213982937e+00
1.003300555008572958e+00
3.338235383656562028e-01
-6.067481319917175098e-01
-6.596072160565692455e-01
3.941542199820333714e-01
6.415780130421967486e-01
9.478385302926085609e-01
4.767614041930096080e-01
-1.250706800960730725e+00
1.362555773920330893e-01
-1.150786405461967865e+00
1.021297698215144489e+00
3.282574169886653959e-01
7.675134974921773434e-01
1.802882792267726852e+00
8.147140046230975097e-01
2.238843502919611872e-01
6.092714075542893237e-01
2.634935324469683260e-01
-1.306178618498182453e-01
1.989156913679077654e+00
1.635695625153176014e+00
1.165784661071168626e+00
1.038133240558563708e+00
1.300181558668926929e+00
-1.496709673843565236e+00
-2.063860919447570441e-01
3.384109675667256734e-01
1.767494625486474846e-01
2.437894238492333832e-01
-1.417927908342416776e-01
-1.538703074373399815e+00
2.455538785842861227e+00
1.706181894184021663e+00
1.636782848148923053e+00
8.050922152924728792e-01
7.939691125580383702e-01
4.989550516844250549e-01
6.262729536929682872e-02
8.283055140676754968e-01
-1.249597416513213322e+00
3.007044274416286744e-01
8.250915794314599427e-01
6.220933224232047531e-02
7.250292463125929121e-01
5.363463734674285277e-01
8.419570735994964528e-01
3.185807917384764765e-01
2.549040940838432912e-01
-1.568361177375445115e+00
6.642668479473266829e-02
1.219108456097764082e+00
1.183430693447178550e+00
2.000892429796205185e+00
-1.735070921590865789e-01
7.571193750199423089e-01
1.201893250658198353e-01
-2.175207586931116044e-01
1.513450228611979531e+00
6.740707146633762026e-01
2.026029662371269247e+00
1.764056083693700816e-01
-3.717354516547967669e-01
6.543121937454864437e-03
9.394114134285498352e-01
1.084231897555392177e+00
1.752767706753919075e-01
8.158819005900822541e-01
1.209743183987715076e+00
-8.824961173344885168e-01
1.089996406794963013e-01
4.909329845723426344e-01
7.689042190367354479e-01
-2.812122048085911596e-01
-5.603303714478720110e-01
2.078937327222165177e+00
1.091898770959372822e+00
-6.023186064101155868e-01
1.510034462158898583e+00
2.434963012359446233e-01
1.612068991917390559e-01
8.633259075760342238e-01
-3.577170828879455700e-01
1.091243909208540641e+00
-1.396911193597403789e-01
1.720816315928055396e+00
8.656523022465141270e-01
8.205107066711705976e-02
3.026360212568357078e+00
-5.825401602663186074e-01
1.603330452120236727e+00
1.334660406393306964e+00
2.117248021632532270e-02
-1.500219165688685199e-02
1.733987327592841243e+00
-3.542283026123171363e-01
1.148903013634680503e+00
-1.210296966570251764e-01
-1.544338609346376456e+00
1.127499281945765208e-01
-5.298349994482079994e-01
1.189110920610176203e+00
6.271066883238005651e-01
1.555649869887350267e-01
-5.960877112638542918e-01
-9.491675669878942845e-01
3.642301182309896634e-01
9.390612119968388960e-01
8.398467618980521854e-01
9.864054551305001528e-01
-8.123541518174289822e-01
4.435288615696339476e-01
1.238336706281006450e+00
-5.702271639724064700e-01
5.915377516839666061e-01
1.784488367153139521e+00
1.550584639327969028e-01
1.787286379046567897e-01
1.968238882776905674e-01
1.014324770391620695e-01
3.707091099936026812e-01
1.215562861321418886e+00
-6.887775708603984803e-01
7.817141932738780330e-01
1.726706431108392170e+00
-1.559386724609241048e-01
1.704999287686103315e+00
7.892656842235469261e-01
9.333600622124629820e-02
1.181229156173624117e+00
1.045466039916252532e+00
1.998798477787914196e+00
1.221195711541654072e+00
-5.920187824219684813e-01
-1.657842379716194525e-01
-6.063603300755036202e-02
1.530335988902510325e+00
-1.404620279114198733e-01
9.147850757273993105e-01
8.020392972535930198e-01
-7.657137813476033728e-02
-4.092421711867483269e-02
-2.482722229075481069e-01
2.145797790428241869e-01
-4.149243160486536519e-01
5.141786342217535832e-01
3.786832077474338587e-01
1.788586043006926252e+00
2.870680974996474011e-01
1.436809633038776735e+00
-4.601412305335984831e-03
-7.530385700932872295e-01
-1.304610096450024681e+00
1.795294411339146967e-01
9.212833364405992320e-01
9.412234502896466015e-01
-1.345659628057059853e+00
7.420749808640073608e-01
8.960488922091942587e-01
1.426647109021950799e+00
1.688907488055828576e+00
5.594377615088234057e-01
9.462523389688207720e-01
-4.653606804771276972e-01
9.632299073341966666e-01
2.453892439607790799e+00
-8.516513159321809079e-01
-2.318731430749985944e-02
-5.128292952168573837e-01
-2.413922390509122551e-02
3.604154677808076856e-01
3.263814818579590105e-01
-1.032541928317006974e+00
1.827676433579582316e+00
2.038751194418765955e+00
1.881563598314846431e+00
7.054772490118868533e-02
-2.112047071173129176e+00
4.424704094803527110e-01
-6.127924951380890883e-01
-2.290436517886563217e-01
-4.639434566857561504e-01
1.269437731178235218e+00
8.748267424478028964e-01
4.464872095825538900e-01
1.223792156630192807e+00
1.360547685323387102e+00
1.578014676117313941e+00
5.842742427666399591e-02
-9.194943175221539922e-02
5.406119970555842702e-01
-4.872598369768944143e-02
-1.951013852288688288e-01
5.649805994262811770e-02
4.532288289305156925e-01
4.060525248066960691e-01
4.069948461556334718e-01
-6.051272107917751164e-01
2.476840597052559212e-01
1.845256336957289689e-01
2.834923169161917000e-01
-7.587364917718543433e-02
-5.436616079905104426e-01
8.255868108106462211e-01
-2.349880576459857096e-01
9.540109686766697072e-03
5.846088105825111292e-01
1.729672161347043602e+00
1.239565410904933884e+00
1.022831339521646177e+00
-1.343655293256489601e-02
-8.335301261887810564e-02
-6.519853828853400257e-02
5.527223556012160754e-01
7.672095901490978420e-01
1.553816250029605772e+00
2.099820035758999393e-01
1.164168182794214967e+00
9.705434263608018197e-01
-3.187282996482933006e-01
6.093079682163267119e-01
1.186302621445575634e+00
7.838998758928542587e-01
9.032064161563406746e-01
2.225365994519631629e-01
-2.988271037544336095e-01
1.176293220222069058e+00
9.620155055078656314e-01
7.122395938987494679e-01
-1.041105482972865870e+00
-2.020269749692649996e-01
-2.681268695792058954e-01
9.277728419340409705e-01
-6.219111939112918069e-02
2.803709515243381079e-01
-9.113697928363488632e-02
-1.784320467662058318e-01
1.335916718288108651e+00
2.712519901175141079e-01
-1.865108239881613783e-01
1.002555838419318252e-01
1.463088088067861836e+00
1.488323712315657632e+00
-5.423758290612412658e-01
5.394437491207080271e-01
1.866116195141923617e+00
7.303512598621353380e-01
-7.806698198961625756e-01
1.498709143121639942e+00
1.071616994736257045e+00
1.310814094266488317e+00
1.088579000745397707e-01
-7.881144781056722559e-01
6.135868908626318508e-01
1.328565638393820914e+00
5.735198415180096099e-01
3.596523087610866143e-01
2.090412177885355494e+00
5.080860545652827742e-01
3.495299891656885816e+00
1.583977198995709657e+00
6.751911352881319051e-01
1.668661996981767315e+00
4.319180904245649155e-01
5.024024000043013638e-01
-1.174663140958646323e+00
2.641836865004081880e-01
-1.873021536648488139e+00
5.853276076607450973e-01
-8.939821795413452898e-01
3.373689420333044975e+00
2.281184749687507729e+00
1.071376809709613909e+00
1.502687419911130418e+00
-1.524945021286594038e+00
9.929756707925331272e-01
2.853248020824570297e-01
9.271408486053634990e-01
-2.995802648769168575e-01
8.336438267373848590e-03
7.042743237485337149e-01
1.575485696078193221e-01
1.745015232180029408e+00
1.194276504818239104e+00
-1.314976589123641793e+00
-1.244205516920101617e+00
1.430852709182363736e+00
3.607097014600020857e-01
5.939462281169204383e-01
1.625491075285788289e+00
3.985095663157595114e-01
-3.939066193643207536e-01
1.423247305328217305e+00
8.115642804967345691e-01
1.059493833935771567e+00
-4.035325497224975799e-01
-3.734090632583679237e-01
2.479626206469835031e-02
-4.608844517889615355e-02
-1.701305423053993904e+00
3.047505551899696852e-01
2.604084737429170904e+00
6.779981659591839405e-01
1.322060177882713461e+00
5.377131319125697528e-01
1.823570874915113382e+00
6.367446200818239754e-01
1.413170956225215713e+00
-1.006510931158090205e+00
1.246647496194320137e+00
2.612931865953531663e+00
-5.041011908029363608e-01
2.013091491975198100e+00
-4.035067558121083753e-01
8.420283447308112290e-01
1.000311134993198126e+00
8.008817084965506039e-01
1.057081041006773942e-01
-3.119308028656432932e-02
-1.555241085921547306e+00
2.308266895313672240e+00
-1.416446243738604061e+00
1.856798446535625091e+00
2.358493349825321050e-01
-8.318991870978926784e-01
-3.291465363158096319e-02
1.568326524974399394e-01
1.013582297053346348e+00
1.969435986195853805e-01
9.602649136664209717e-01
-1.189680866508667334e+00
-4.463590070511509467e-01
1.453995242252474340e-01
3.975653836533249996e-01
-1.511736700135559275e+00
-2.955718200692704634e-01
1.465337687886370865e+00
1.774036766642097751e+00
9.527637773532837695e-01
3.076004073893509050e-01
-2.406908927144182642e-01
3.540565348049262151e-01
8.587569565433370578e-01
3.768290328590735982e-01
8.730959295791689279e-01
-4.180560313232204450e-01
1.566851941983398611e+00
6.238298462015178236e-01
1.294125741534341234e+00
1.767524826210437328e-01
1.278279623085052108e-01
6.553817020823202721e-01
9.589821004259285742e-01
7.050549657283127214e-01
2.931088162997105284e-01
8.307250100676791815e-01
1.611011810993755233e+00
8.642745178374422466e-01
7.900077050297552583e-01
-3.694824296613912762e-01
2.655785040392385499e-01
1.018465941896526061e+00
-3.878264522170594142e-01
-7.780853089093300312e-01
2.122838814255485207e-01
9.118559335947777900e-01
3.176112979517922152e-01
1.068728779352619979e-01
2.486467740801295290e-01
2.426191802925563579e-01
1.468461634060179266e+00
-1.533430155294156494e+00
-8.954665160806160040e-01
1.040545469549207569e+00
1.482919509924257584e+00
-1.140966325850860885e+00
-4.289955182573736842e-02
-2.423452557356863823e-01
-3.429440107487556622e-02
6.180053636066227263e-01
7.528160789551723298e-01
8.688468581938205704e-01
8.091727598515226216e-02
-2.571404420816661429e-01
-1.464194176862102792e-01
-6.030114510133247063e-02
1.112692785927967970e-01
6.017967851549168579e-01
1.321332652732721824e+00
9.555175507495557996e-01
8.582923981211778575e-01
1.378185423529447950e+00
7.132284917242357469e-01
3.053187075653164273e-01
-2.726389918619350761e-01
9.957923585080264983e-01
6.648091138325543659e-01
9.956030737849556056e-01
-6.562387796988244926e-01
1.731121564183727424e+00
-3.990408338671247446e-01
-5.459102989653720206e-01
-1.007126290771706428e-01
1.371685218522627370e+00
2.140811101467755773e+00
2.969415650751004443e-01
-3.923296574092312999e-02
-9.644139416038791657e-01
2.158754004288317430e-01
7.150376391591105607e-01
3.736266216469504853e-01
1.038665804240499480e+00
1.160708787848609314e+00
2.516984864199711680e-01
-3.108750634084528341e-01
5.316631210458300227e-01
5.530708250782898627e-01
1.051687102835048515e+00
1.432112114326179242e+00
3.895080551699884319e-01
4.040078455636453292e-01
7.528109052545243207e-01
4.143356254978486919e-01
3.200030054610243369e-01
1.546220844127729199e+00
2.422897589370243410e-01
-4.408306034730447021e-01
-2.541689192755054449e-01
1.143289347179113236e+00
1.103605903644531816e+00
1.633861116186142270e+00
-5.118518685939432711e-01
-1.184032393242574061e-01
7.862968303157230610e-01
1.627868851904436198e+00
1.898947518052405137e+00
1.143888946708541798e+00
9.080212120621930505e-02
-6.685481392874710327e-01
-2.911942661723971870e-01
1.256088291866342299e+00
5.958016833097919129e-02
9.529394557328658699e-01
1.135340784321648311e+00
4.456935238868662830e-01
-5.368658771908809690e-01
4.872774444471142385e-02
1.449611059481611675e-01
7.467104272216480709e-02
2.589516097351459156e-01
-1.837876213617684495e+00
6.009220442416706165e-01
2.364826555382194551e-01
1.853080246616829463e+00
1.374867808219778054e+00
4.422568113604514184e-01
1.052294568938335617e+00
-9.480000809287019159e-01
1.588623274892884574e+00
6.377366769403519653e-01
1.302922175566509466e+00
1.112639741095108770e+00
1.810260612818529014e+00
1.663212957038125772e+00
9.061537583734657897e-01
1.991115837782781728e-01
2.752376995037248975e-01
9.181481851762134383e-01
2.616759998186607428e-01
1.478351022665764347e+00
1.335449576424636131e+00
3.625245359115865651e-01
1.107578880794365395e+00
5.623781872929486392e-01
-8.977825917070290096e-01
1.559621313364227158e+00
7.422878979434907043e-01
-1.493021165139613859e-01
1.902194246995847493e+00
3.939627849316474917e-01
-5.587861389339217055e-01
-1.016368139178035201e-01
-6.982258222385222535e-01
-3.946741287673202203e-01
1.518293417442294402e+00
-2.229997545605981457e-01
1.667516117755599436e-01
-1.128202115278946760e+00
1.242558298514123249e+00
-1.468426627164700626e-01
6.939828032590322771e-01
4.099358617227156221e-01
2.389651904304559427e-01
4.773669816279209610e-01
5.020305140259445631e-01
3.818428226374525614e-01
9.649911853393060568e-01
9.348726051841760309e-01
1.971074294364928148e-01
1.278042941543932887e-01
4.642474879966541901e-02
8.874198344563876129e-01
4.937350503303208904e-01
-3.993789807057576136e-01
2.365891859621163384e-01
-2.850759992533820619e-01
7.768074535925160173e-01
8.819628587141766785e-01
9.706567353777513230e-01
-2.711557503076050257e-01
1.675420984359498044e-01
1.922297331264110065e-01
5.619372570422940250e-01
3.952512413257731061e-01
1.819480336425872258e+00
7.967436971304735494e-01
5.719447474799264075e-01
4.166936410851079242e-01
2.688633004584297659e-01
2.481443495885544137e-01
7.787095991186734345e-01
3.354678543663202062e-01
8.065118010036124996e-02
6.824791918422261627e-01
5.184687746645926243e-01
6.704820194210016071e-01
-2.727080157077942379e-01
7.569011763846695828e-01
-1.814796656842799227e-01
8.287705362279347288e-01
2.161121832815577071e-01
9.839557060248386167e-01
9.122422045144431557e-01
-1.549923656048490361e+00
-6.122271076157171921e-01
6.899256015112151808e-01
-1.203617260844912051e+00
1.980922781639124386e+00
4.711641896630590631e-01
1.020203880695513599e+00
-4.251429335724183356e-01
9.004399517951894305e-01
1.028835751706846380e-01
-2.846197116181859998e-01
7.476551434417783026e-02
5.254482129095301435e-01
8.216857826257099873e-02
3.222782649208931760e-01
3.057783207110780464e-03
1.849980714773520107e+00
1.467275935577404544e+00
3.543863577625922523e-01
1.707796435894876619e-01
6.695440473232210365e-01
3.502180120957154585e-01
6.211433834359741946e-01
1.074334391573811054e+00
-1.159791238859665841e+00
1.159602153726253970e+00
1.701939723808245430e+00
-2.350082966706104060e-01
6.692549025529365148e-01
-1.284276173211217786e+00
-1.806574345090820599e-01
-4.331947695990153585e-02
4.568743470010309116e-01
5.559952292027264820e-01
4.349573675871295508e-01
9.452576638223023631e-01
7.716443757801236814e-01
1.133222784730491872e+00
2.201176426697187827e-01
1.700657156106133439e-02
1.933621575382357960e-01
8.576744209241377037e-01
3.719120777977690806e-01
2.894146948485518678e-01
1.523440972447422048e+00
6.134827879634680015e-01
9.448094713757715368e-01
3.026517520495872748e-01
6.464364943325277002e-01
9.459013781018918987e-01
9.332724149266051761e-01
6.222477882862482712e-01
8.140585686844277191e-01
1.061648662042825375e+00
1.206421441425175711e+00
4.240585991264578247e-01
4.733164724582917260e-01
2.620175131738723961e-01
1.043926346367274549e+00
6.663540400367443661e-01
1.203922078157858122e+00
7.022429496499773549e-01
8.159262536557064793e-01
-2.872117019311266617e-01
1.059043450257419083e+00
1.045921243020779379e+00
1.067265830638969959e+00
5.688286057305804722e-01
1.299647932958113428e+00
4.724405760970171175e-01
-1.952654982323078214e-01
3.429326372413050716e-01
1.167502301057312009e+00
-3.078467978070274502e-01
-1.276976979833347181e-01
1.334482230587252127e+00
1.813471812330607502e+00
-2.976736278356756915e-01
1.371936431661246125e+00
1.851213340351792302e+00
1.037330762175743493e+00
4.916907305192341759e-01
-6.197600887740855047e-01
-1.286956015351749860e+00
6.638867619892869776e-01
4.205823180023056107e-01
5.496043516166015941e-01
-2.137928091893309401e-01
1.880882627135718410e+00
1.543352449619924238e+00
7.554791996154666123e-01
4.850666948855900107e-01
-2.123856875328978822e-01
6.921082510708088664e-01
9.637202563670699274e-02
2.191309711053222919e+00
-9.803012890941051882e-01
3.627105459869502946e-01
3.075256077026811141e-01
2.954219239221131943e-01
3.018895801327989847e-01
1.558237377252704503e+00
1.934795927181293673e-01
4.360447665312127130e-01
2.103533401542034387e+00
-1.124520140419693198e-01
1.089146997690303653e+00
1.619933461552307996e+00
7.080497027294908596e-01
4.311518380017793084e-01
3.517182341273070167e-01
1.902354087372590374e+00
2.106933267369083929e+00
8.639340070933319016e-01
2.154626196885204292e-01
1.302457058791264277e+00
7.918330739543046892e-01
-2.879773799892680966e-02
4.392503255703074094e-01
-1.441310344462138238e+00
4.241166605464936068e-01
-8.984627202909646337e-01
-1.114004789693811004e+00
5.619218586271715887e-01
1.192762256932495379e+00
1.186094477757912991e+00
3.779182639181857817e-01
-2.799926235153614162e-01
5.969110908148956840e-01
5.081732281521660344e-01
3.967245710932952862e-01
-5.958969485623195617e-01
-3.255659523479935702e-01
9.562853009998492082e-01
-5.621849077313952892e-01
-4.199506282395588097e-01
-8.273707902730670360e-01
7.233005150129340199e-02
8.428666369014372606e-01
6.075106989091362264e-01
3.760836410577699240e-01
7.781844497619598844e-01
1.107932890373191759e+00
5.707619577314717585e-01
1.349607114662714435e+00
-1.455606077059697079e-01
7.909394075480302710e-01
1.390465153431473810e+00
6.834689797441558801e-01
-5.352161190746225206e-01
-3.688098127064403653e-01
2.408251330925482436e-01
7.619487746180433341e-01
4.006493433448198305e-01
1.557780810589844966e+00
5.152791852732069300e-01
1.238609965450117034e+00
5.114579244958953330e-01
1.084677671434004065e+00
1.169121392604074883e+00
7.652408734609982000e-02
-4.956848686113657365e-01
1.722983374892280262e+00
9.305910144196579692e-01
1.123362792677693900e+00
1.594885704966094719e+00
1.058148638371100736e+00
1.343492753846691867e+00
1.279884853385174770e-01
1.102064558070791511e+00
8.548581993339756657e-01
3.492137942418607199e-01
-3.071610644895259035e-01
1.863259383532679114e-01
-7.015034042237945355e-01
6.494996214059965967e-01
2.163260872204281760e-01
-6.113672881638253509e-01
-1.605020155455446851e+00
2.215142371526776510e-01
1.574323797162175964e+00
9.210913970632225167e-01
-5.758944870548361461e-01
-2.489251613339637237e-01
-6.040881835104560532e-02
1.817266280617093055e-01
6.414328590628119720e-02
1.088868405464592071e+00
5.470977696156776870e-01
-2.088113496023380755e-01
5.845077556925335482e-01
2.447746555223876130e-01
1.690472083911375989e-01
4.123668684753628022e-01
1.665321593463753580e-01
-6.144101895046971684e-01
1.234415494649722556e+00
1.796310620714372641e+00
1.237098963491261250e+00
1.637906405865265702e+00
1.022678612938719700e-01
1.286843634310214979e+00
3.090190729458159313e-01
-1.159868712211980096e-01
2.764746473337719168e-01
1.016403575534838843e+00
4.303293476655369876e-01
9.264778502503971946e-01
-1.897046448173129951e+00
-8.641460932574287490e-01
-4.408603417012811887e-01
1.405917182853288594e+00
-2.215519326278235557e+00
1.128883008102313568e+00
2.710768009708332205e+00
-7.045664744330750739e-01
-4.953528848359857184e-01
4.093470730685838110e-01
-5.929309287084882918e-01
-1.457867180484570258e-01
-2.962550857454961384e-01
8.907442591117038511e-01
-9.246040889515271255e-01
1.629791388405679831e+00
7.169771388120682598e-01
2.538139489833615703e-01
1.465497865583388348e-01
8.012629335015402088e-01
9.368213026822865830e-01
5.822290525438629238e-01
1.040545552216920328e-01
6.691669313117833973e-01
2.046627711760251322e-01
1.194582250629567799e+00
1.995568796354625363e+00
2.251824483551149836e+00
1.247113126768650826e+00
3.528693172825970170e-01
-6.206072143057639323e-01
4.476650219488265692e-01
1.972090082508878017e-01
4.494024916338295039e-01
-3.045054678382907443e-01
4.284650231337046034e-01
1.753778030410852562e+00
-2.434365831706240269e-01
2.923765832590534061e-02
2.980501224923639003e-01
1.161413066799927840e+00
-1.984419791748327944e+00
-1.507454129855006597e+00
1.791839164289754427e+00
-2.613905533268057538e-02
1.298177673824989276e+00
-7.274453325253993352e-01
1.309168016780632771e+00
1.454556239253754768e-01
1.025925384284158248e+00
2.348348058330033961e-01
4.006005837561603111e-01
-7.141238807911306496e-01
1.134938239777693453e-01
8.821701709911753397e-01
4.323663401669893824e-01
2.351445007598884640e-02
8.239027164845927897e-01
2.679753052243302736e-01
-6.994461861000822456e-02
1.375311361237920416e+00
3.644353495346589478e-01
2.439392089096908300e+00
1.341623105783186887e+00
1.025463752821035524e+00
-2.905156203327549091e-01
1.054958100816869804e+00
-2.323067454827500433e-01
2.961877277595538871e+00
-1.540231590109351734e+00
-4.577714569635069619e-01
1.153336045681957911e+00
1.592305684903692620e-01
1.839923948311988910e-01
1.195636026917786365e+00
-3.104486506247304822e-01
4.606402351886112467e-01
-1.046730071643740212e+00
1.683166711094723267e+00
9.497511554539392886e-01
1.649324924080952659e+00
-4.449415007242614739e-01
4.046025400562876517e-01
-7.074259817020943641e-01
7.843649607952769554e-01
1.377297483327029726e+00
2.130555915999444050e+00
8.383204565241643147e-01
4.431758414785066380e-01
3.882132067698237377e-01
2.026562463615634968e+00
1.112567781739406847e+00
1.269741955277966738e+00
5.447855252549778093e-01
5.725972617394008424e-01
-1.454153876825484137e-01
-5.769066311196424657e-01
7.754543489968620529e-01
1.318697341637619092e+00
-2.219473527820662317e-01
-4.874755333280514358e-01
1.260855091097020875e+00
2.928085417403640256e-01
9.321218371227152355e-01
1.430486444948434244e+00
2.955387927725399155e-01
2.303792831061428903e-01
7.415725733747169368e-01
2.369125831687363959e-01
-6.751854514987688516e-01
9.395513604274964292e-01
-4.066434708976763290e-01
6.812269599854685609e-01
1.144301629255400465e+00
1.066406954553366981e+00
1.318062791921408516e+00
-8.589706644705824568e-02
9.236215384157943353e-02
9.489127877170819292e-02
1.334203104680914187e+00
7.015981172298917379e-01
5.620034589927356272e-01
-3.822539478116628309e-01
1.069320038665657835e+00
1.427088123035638256e+00
9.110080675829498320e-01
1.304574264213038681e+00
5.811920749792098134e-02
6.913469636730782408e-01
1.180654692073372258e+00
3.547957570356142787e-01
5.495168805718467775e-01
1.861981059363712263e-02
2.727727763993641474e+00
1.447869903211494558e+00
9.112201977012595044e-01
3.196083417337530763e-01
-2.760669775779870383e-01
-9.746821500490022716e-01
8.960786488417687989e-01
1.449926896947431265e+00
8.691051469493975556e-01
1.538001625263764049e+00
1.797796208494069348e-01
-8.623309538900916782e-02
-1.026690315527075681e+00
-1.594011157174299642e+00
4.526373124097228806e-01
-4.749988105174609565e-01
1.665716819141810912e-01
9.186474020217760827e-01
-1.865597835812334571e-01
1.520811419257000141e+00
1.341852872478761727e+00
2.577782166035920142e-01
1.135695897738843996e-01
9.249762937858275746e-01
7.901359048471451318e-01
2.412807895334197372e+00
-1.223357414762742679e-01
-1.103755282621637468e+00
6.285704075173761396e-01
-5.409549076271430446e-01
3.305327092803452826e-01
3.756929581075245661e-01
-3.805044643510936964e-01
4.523375899192640104e-02
7.289886228142027358e-01
4.755139005621176335e-02
5.282949143448171236e-01
1.436669699657064925e+00
2.829604888041893918e-01
-4.639373580110669470e-01
1.562639719744698119e-01
3.748935902798255504e-01
1.230942490311006804e-01
4.703168201469397625e-01
5.064346065636350369e-01
-9.130805221851685805e-02
7.714363773802264124e-01
3.370501592894692422e-02
-4.250504413418386696e-01
1.315324070111282273e+00
-1.567872692025210346e-01
9.356474265670058355e-01
2.036315897567565203e-01
3.777261499540160994e-01
-8.395779965592451433e-01
5.260405733461607364e-02
1.327405928322538398e-01
-4.102096018099254948e-01
6.800355301385822004e-01
-2.238052446219624403e-01
-5.631149378926354476e-01
7.344762931752661927e-01
8.169778624416491608e-01
5.099065481009065204e-01
-5.231612429015461974e-01
4.542362388851542421e-01
3.079404996070209677e-01
1.309124834410840155e+00
2.062852188660858399e+00
1.145265417711898825e+00
6.201343157764924729e-01
1.226410755366367011e+00
-9.460855786819389879e-01
1.035520821252661650e+00
-1.404317978418567758e-01
5.138586531756501596e-01
1.002434047610141876e+00
1.123689029289696828e+00
-1.252919817180435658e-01
5.663150346679307612e-01
1.110303928048180122e+00
1.037194818775313276e+00
-4.620154308028468493e-01
-4.746347444177558272e-01
5.519118151961036611e-01
5.648061650919169452e-01
1.251639097867479178e+00
1.126578835096671671e+00
4.070231940362438183e-01
1.328217513433314290e+00
1.417983820528826211e+00
-2.221326519151975987e-01
-2.169026289152906350e-01
1.531169792299921451e+00
1.183933896822892740e+00
2.445652418180573218e+00
-9.908862025779918703e-01
3.384028871415129536e-01
1.083219580671214377e+00
4.752784691143504547e-01
5.993036834948775038e-01
5.715976865483242131e-01
1.465626468065547749e+00
1.538497359073114135e+00
5.732785755671603312e-01
7.037005453014804068e-01
1.252462925919983538e+00
-4.899955101869487573e-01
9.082188099269496995e-01
1.792905118524962482e+00
-3.479861013773338230e-01
7.055108435771341446e-02
-2.381645790165437537e-01
1.896538072706074995e+00
1.811812733818634946e+00
1.037169856647840893e+00
-5.086406852757518332e-02
-1.030064804603814554e+00
1.330130677341481604e+00
-4.800601498078480717e-02
1.277333256426743890e+00
-1.182860604042611063e+00
4.571592787742543851e-01
-2.000744022645335463e-01
8.613314628823789398e-01
-6.770180894060563205e-03
1.335248461010765109e+00
-4.178862696695517243e-01
8.470331312023142711e-01
1.631272760453144510e+00
8.365397889447416802e-01
-1.734486456792418141e-01
1.614123215249819498e+00
1.881937576826132608e-01
1.371611720433512371e-01
-1.588528729492445501e+00
1.697827722622589908e-01
6.389958928644037250e-01
8.233383311497557422e-01
8.103619718757495427e-01
1.880353143646105396e+00
2.488960369592470301e-01
5.332869243507436519e-01
-1.348674523223923893e-01
1.019062793411468437e+00
3.591127612540179759e-01
4.051363880065530498e-01
-4.322318392715966962e-01
9.434242071798286666e-01
7.590570545501552635e-01
-7.559625635520650366e-01
9.135535436260842079e-01
-2.841820839338850546e-01
5.058559842370051740e-01
-1.403707769191700816e+00
-1.643017288449303004e-01
-1.464364827919791834e-01
8.835327926631825202e-01
8.815534862687394169e-01
-3.906255205465031799e-01
9.035689564357911319e-02
4.400161138378133052e-01
7.268071960948963017e-01
1.692671799027381407e+00
3.293788170332994092e-01
4.887822733214616799e-01
1.304258175856968238e+00
3.346716140675125573e-01
1.586944362682154719e-01
6.327078214637630316e-01
6.333448839247830531e-01
7.823638387835306351e-02
-6.256760283606224160e-01
5.860223874688257062e-02
5.396628696980382278e-01
9.500412991929871320e-02
3.563530213051055995e-01
1.786840596290460159e-01
1.473904601837823514e-01
2.356632158718973691e-01
-2.478050484382174068e-01
-3.758203409527655636e-01
6.214131687668591475e-01
-2.040058402901130385e-01
-1.361527234652094798e+00
6.102648345370722538e-01
2.219129803611744833e+00
5.354950253892012402e-01
-3.944884547591828716e-01
7.072938760890918886e-01
1.296572032406994479e+00
4.619172785549178206e-01
9.195219137524553998e-01
9.228576548169354909e-01
1.361499123996573912e+00
3.158163358636025819e-01
-8.300844837455714220e-01
-1.510211180541153553e+00
-3.332205861558097393e-01
-4.456868907978538963e-01
1.247258050403823537e+00
-5.242030737855177813e-01
-1.091791251372620675e+00
2.319815647999125652e+00
-5.087340401692812542e-01
-2.726239428603388082e-01
7.882512893661105524e-01
1.944827175313338374e+00
6.054751986691430110e-01
6.650267058449905733e-01
-2.728647366034724353e-01
1.525446064965359616e+00
7.116391821845150512e-01
9.517251803995075976e-01
8.863969677185328244e-01
1.240831455182070941e+00
1.026995525459749148e+00
-3.400185839864994786e-01
9.198101600174107828e-02
-3.138612149622831970e-01
1.238489712391197123e-01
1.134201991949544741e+00
8.280557237488245237e-01
4.425040631517135337e-01
1.080756569702962855e+00
-6.640385672428738006e-01
1.282805578154923465e+00
1.269471823834217750e+00
-8.638123085930121681e-01
-1.353348435528237914e+00
1.693694267912365103e-01
2.237929420953905790e+00
1.639137540291709660e+00
3.483741572883831128e-01
2.224656957997815709e+00
1.991153313461339891e-01
-6.466923041478408463e-01
4.186500527099835112e-01
-5.510686323396820629e-01
5.856061678842860996e-01
-6.558802501150490238e-01
6.447117398935151567e-01
-8.869153163774198267e-01
7.987793954260717921e-01
2.060486966787467900e+00
8.545068507590648510e-01
-4.205156633521418552e-01
3.339014195796364826e-01
6.582486078919076444e-01
1.940542467540523397e+00
1.659162481580366499e+00
1.203003360921854892e+00
7.275163196929558262e-01
1.052792281019751863e+00
-1.053719098483218986e-01
-3.969058414657133937e-01
2.577413741628129085e+00
-2.078707293438123230e-02
8.313428228525689967e-01
6.912971795935040076e-01
-7.548756890709853451e-01
-9.210108001021541924e-01
1.839071608880749498e+00
3.079931765246476938e-01
-1.402746459401680079e+00
-5.505775242621868681e-01
-3.080639616543652259e-01
2.216935459790294161e+00
8.499354393458785628e-02
2.714878369590304624e-02
2.410130944978471912e-01
-2.328744148279457415e-02
1.797333164487096846e-01
2.859843492246800789e-01
-1.217157637761451666e-01
1.084836898303489283e+00
1.099572638151885329e+00
1.495097078784012323e+00
8.848893051524055198e-02
1.151065223179595476e+00
8.923942159994492362e-01
-2.624056987880679648e-02
-3.667524215912706942e-01
8.361505628720040662e-01
1.852323135994911274e+00
7.952351585076238294e-01
6.470268990391162545e-01
1.611589232350432721e-01
-4.952554962296206731e-01
-5.667286003328080302e-01
1.962023394201709015e-01
4.202337186706446293e-01
7.774915086422802268e-01
-1.237894337315335186e-02
9.806442670932609129e-01
8.252300665399394664e-01
1.393553182080084385e+00
1.186986872691864869e+00
-7.615043422213431112e-01
-1.668362624451323883e+00
8.339715602945486639e-01
1.028890464560985984e+00
7.326119498406683528e-01
-2.995660021735526146e-01
-1.356785305063682001e+00
-7.896248289188406710e-02
7.532922290313950331e-01
2.246121297721717092e+00
2.009015389757452308e+00
-7.976176684445378529e-01
7.237544125114497851e-01
5.797925087655768639e-01
2.693629351676318229e-01
5.963717192135772338e-01
-5.438565077768054978e-01
-1.546064328317657610e+00
1.629127087488738246e+00
-2.653298752126704296e-01
8.358567679457579169e-01
1.305004719224106546e+00
-7.460125712083925942e-01
4.380314878757982089e-01
-1.360926089819365359e+00
1.148163930002344957e+00
-2.485401395966891497e-02
1.260169980593701666e+00
1.517100598912809462e+00
2.806387907905324219e+00
4.140276198305985478e-01
-7.811898436417745728e-01
-2.785932866215100612e-01
4.281528620149228082e-01
3.945493049628147064e-01
9.186377561724293761e-01
2.235395187331001149e-02
-2.574011266265158415e+00
9.798611529375307327e-01
7.018179279057192854e-01
4.971543605038468705e-01
6.213183117516748455e-01
6.176441848346194696e-01
4.926560483835163984e-01
1.033706344465077365e+00
-6.293768251176089512e-01
4.541919380158572217e-01
-6.318788947385196586e-01
4.976340529776234201e-01
-3.200180661880144273e-01
-1.734621597782096902e+00
5.750206185503757839e-01
7.625938874506639209e-01
1.813566995094066270e+00
1.936738417865591311e+00
-2.847632256845677445e-01
1.664687615721615721e+00
1.056413505109002893e+00
-1.061515636326758827e+00
2.696409015091973949e-01
-6.522943322948242251e-02
-2.032489580236664650e-01
1.702560497178377208e+00
6.565437672400723512e-01
7.193448042881450677e-01
1.125279528868098788e+00
2.494036594208334789e-01
6.490367744399183625e-01
1.389056597429184858e+00
6.073449332454627925e-01
3.022438221381140155e-01
-3.351636859156889581e-01
4.613760698809436511e-01
-4.952594510245056925e-01
5.447531246105152825e-01
3.602097041541105910e-02
6.556544485146524881e-01
5.470710928706152831e-01
-2.401064469009310809e-01
-9.997390949266119486e-01
1.763991241643375341e-01
8.697125861587626794e-01
1.248214560957435992e+00
3.971288527762451698e-03
2.940758249971757166e-01
-6.414156519106870569e-01
4.730484902957877297e-02
6.826656364087425599e-01
7.387067426325761854e-01
1.593642479360944719e+00
3.402175718677776795e-01
7.556460197843368753e-01
9.215342221832205638e-01
8.272643357742689996e-02
3.143096592492291119e+00
-4.904050274220471684e-01
5.810103938745320162e-01
1.660878821992881171e+00
9.820739209907799472e-01
2.454471265835581895e-01
-4.498034446770997064e-01
7.470465470794627194e-01
-2.457393194312068041e-01
1.943357953043492348e+00
-5.465339863550421062e-02
1.590080874318506587e-01
-5.586773650960206172e-01
1.853454371554570657e-01
4.207563051126637643e-01
1.479705091270514306e+00
-7.870083616958064576e-01
4.303789194486846159e-01
-1.178509195522206426e-01
2.902964361404194005e+00
-6.504179433258677756e-01
-1.398128330949384379e+00
1.945211598813350318e-01
1.214336493599328826e+00
4.462773915081049703e-01
-9.410749672986495895e-01
-4.545435642947680543e-01
4.625418488511183757e-01
1.395281115317800191e-01
-2.937309232897350464e-01
4.192938542370846511e-01
7.525489917903335768e-02
6.270552609999217042e-01
-6.381647341236956761e-01
2.091230136503968939e+00
-3.068025574222913443e-01
4.523745914962684633e-01
3.455444184985619338e-01
4.088401881924680903e-01
7.204534165130304091e-01
1.041363845257499365e+00
5.780612789159069731e-01
1.395137722044103246e+00
6.818182428712449283e-01
2.155945314812975633e-01
5.111444865312236158e-02
6.891984280082400494e-01
-1.384941337136703421e+00
1.244849934384400836e+00
-4.154720694644182255e-01
1.413142661669345657e+00
-2.004820562031185416e-01
1.100954712513702249e+00
1.655899460254730837e-01
2.198477087073126279e-01
5.588812127170308397e-01
4.661584437456017804e-01
4.142182849168936642e-01
-1.130899479897050197e+00
6.574594154983900429e-01
-4.419979266862838346e-02
-3.026121323134924324e-01
-5.989933193373626619e-01
4.555923087862145254e-02
5.080395249714781958e-01
4.669855377068004021e-01
2.005717521573190609e+00
3.714922856236280713e-01
7.303950832672260196e-01
3.201522222062959111e-01
7.155071152496467191e-01
2.634984960762687956e-01
4.720603793585819719e-01
6.189646966001906975e-02
-2.537679125163902483e-01
-1.377240557678268695e-01
1.088278808548663212e+00
1.171147670049681899e+00
1.759773282212961032e+00
7.264468341095807746e-01
1.931608191967928156e-01
9.683818139236296529e-01
2.941760658883683099e-01
2.609225433611491174e-01
3.749461299465020603e-01
1.180194358109472041e+00
-3.705749657172381362e-01
-6.364201647998474209e-02
-7.115876071586204610e-01
7.765353954231660749e-01
9.729711676036293388e-01
4.277763545635535070e-01
-2.249763618797719425e-02
1.300325483400558868e+00
1.412964034197526697e+00
-3.628258358859731691e-01
1.134583503236321400e+00
-4.278457331304670319e-01
-1.192442375854143449e-01
-8.094814784775159477e-01
-8.810733645690004001e-02
1.466704480236832309e+00
7.563360343968199562e-01
-2.717148068335717981e-01
3.167451971577396885e-01
1.392260228829288460e+00
1.084893904524609098e+00
1.375988093948618651e+00
1.004530163651595309e+00
1.649339426919288032e+00
7.933397546080095397e-01
8.368519364571880281e-01
-1.776651588141579807e-01
-6.931306777875393399e-01
1.160420763871946592e+00
7.935178521052607126e-01
-1.507293324822977024e-02
-4.745875514543824170e-01
3.695575861867753109e-01
1.083996257686862918e+00
2.710739396015663383e-01
8.221739545031342411e-02
-6.718166814439484325e-02
-4.118006521769144168e-01
-1.920193900584088731e-01
4.389974364722666889e-01
3.019239147463085304e-01
6.476195355066207693e-01
8.503955265089884197e-01
1.553049588107887846e+00
-1.612879389638013916e-01
5.922906916127769206e-01
-8.402314136733864958e-01
5.168526669667171669e-01
-1.468311493607116561e-02
7.191583333889599583e-01
1.346431002742085159e+00
1.170640440065976895e+00
9.642952160926081540e-01
-4.085297864355000308e-01
1.346426817095297546e-01
7.165313323659106004e-01
1.222685918832019068e-02
6.792459943527208166e-01
4.656628804554939771e-01
1.126452840607974348e+00
1.018490849147530408e+00
-6.968320424621506914e-01
8.860516549590700119e-01
3.080267496883128953e-01
5.855962421126211792e-01
1.302004558729918271e+00
1.233299807266662551e+00
-7.195668758089670547e-01
-1.133656571056231299e-01
8.982790570032652688e-01
1.696413430143665080e-01
1.098659231099827105e+00
3.885690033411052235e-01
-1.233088950833299002e-01
1.023432429718649228e-01
3.419466551449800717e-01
-1.905322379720906789e-01
1.550964010026085749e-01
9.139087849751479364e-01
1.039853830976994464e+00
7.687093908261899422e-01
1.967787611777569445e-01
-3.932304279616887777e-01
5.456971997005057862e-01
2.420471206478513881e+00
5.559146923731480561e-01
2.513055644451365755e-01
-2.484809956942894138e-01
9.321377961482453234e-01
6.842866776101409476e-01
5.855276701052283261e-01
-7.954270644710376148e-02
9.874480127003611996e-01
8.656386980903716388e-01
5.755539779319648330e-01
5.617507197630533522e-01
2.534608842426890885e-01
1.748374104468243040e+00
4.094323558520147066e-01
-5.447042508040698117e-01
-8.796378088788860961e-01
9.732641709636479233e-01
1.091303988672024161e+00
7.487759490305996302e-01
1.878164801062105260e+00
5.760742418079991545e-01
1.340141207110671751e+00
-2.358759166257816953e-01
-9.518457920579770359e-02
5.093064033310244765e-02
-8.505078580109859399e-02
5.754615904952355976e-01
7.269558033145513409e-01
4.437991787785152686e-01
1.156192161109222516e+00
4.266632343118754167e-01
1.197614463432475684e+00
-3.689490232992240215e-01
3.854780451039541839e-02
4.566907837622954935e-01
7.414687038244971440e-01
-4.554169216351058869e-01
8.042883330503002304e-01
-4.070164040260411120e-01
3.598717186868266027e-01
7.308147644608636861e-01
-2.645858099607592551e-01
6.884151109141133373e-01
2.424870704457599557e-01
2.183192176435290455e-01
9.726995860744116484e-01
4.695526856122825277e-01
-7.467459212129512469e-01
1.153058713000710389e+00
4.200964866958690203e-01
4.328740083366626745e-01
2.061728486155981616e-02
5.930618068824538014e-01
-3.773547744445239216e-01
4.014904591118096527e-02
1.909793597524418740e-01
2.797418856532480902e-01
5.207477263645411691e-02
4.870719358719836078e-01
-3.194456696998612677e-01
5.198171627405349104e-01
5.912286431595230596e-01
1.412545663843840504e+00
-4.720947542306384859e-02
4.793635953670535854e-01
1.687793840912755305e+00
9.984577712860666018e-04
1.114437389485257723e+00
5.223504918418194753e-01
4.086356563601473146e-01
-3.503269192255745179e-02
5.880665217321455751e-01
5.120457448714136328e-01
1.110400495363666362e+00
7.749308890571561248e-01
9.261151162403632453e-01
7.234784337660975506e-01
5.263382258535164171e-01
6.612873963752494699e-01
-9.267031613793057232e-02
-6.263972859944407813e-03
7.087811478805106091e-02
-1.811586595411023293e-01
8.601264098485521536e-01
5.208264512551282754e-01
7.306239935470945079e-01
-2.237010218990689026e-01
1.247164402507165357e-02
6.474324243823328384e-01
4.139435158518778857e-01
1.547582108476952545e-01
1.467881023712815702e+00
1.177215698021504053e+00
1.188117765905791989e+00
-2.924128104473617262e-01
-4.249409538458085410e-03
8.690679105713773611e-02
8.587525557897196515e-01
9.167082707698058774e-01
7.998964546299096590e-01
8.961366610194559934e-02
1.114636599983140686e+00
3.041420032564855491e-01
6.961082351975010907e-01
7.581782456279434479e-01
-8.388344222997362598e-02
-6.711233529011728649e-01
6.908715436957921785e-01
1.131745639288876282e+00
1.646489724314797454e-01
5.257015049313631394e-01
1.427443356394217044e+00
-4.519000065371174268e-01
-1.001564350919251917e-02
1.630862291511079309e+00
7.830109444945290154e-01
8.192572334215929564e-01
1.044389826265621046e+00
3.697553710290965023e-01
4.808402374297859327e-01
-3.172131472999601409e-01
-4.656820937042904229e-01
6.993207421973348659e-01
-4.470281360384491531e-01
9.063863283807493954e-01
1.850767328380524823e-01
9.336280540907141434e-01
4.155930829665160364e-01
6.886712146982789662e-01
8.836253505079918469e-01
9.378621124621829841e-01
-5.659011973993336442e-01
1.944526373327252165e-03
1.269819862514395048e+00
7.022165368133170826e-01
6.975634489877764466e-01
1.159779407196662726e+00
4.910612394489684562e-01
8.474856533104623280e-01
1.915602483620419336e-02
-4.848860515560846074e-01
1.306024916899361510e-01
-2.210700013687933563e+00
1.531080412915560629e+00
1.307320565032583204e+00
2.132230317440189094e+00
2.262835173854542692e+00
2.608097831970509484e-01
6.913928145145732396e-01
6.257777565275282061e-01
7.411856963546907817e-01
-1.097406900419022058e-01
8.866704812175525696e-02
6.175761814456198762e-01
4.258206982236473204e-01
-2.322469419251452505e-01
-6.281439007543119235e-01
-4.682395475275587526e-01
1.063321646472384918e+00
3.282650513130689340e-01
-7.674331396950594304e-03
3.814403155413862434e-01
-1.442025902742515853e-01
6.270886792974421642e-01
3.833987747529140622e-01
8.792770585363544056e-01
3.898543355549073941e-01
1.259468121685304753e+00
1.258808942355592153e+00
1.365175705737022627e+00
7.443614533811612199e-01
8.711898605364691850e-01
1.038518065271353930e+00
1.191020181962643587e+00
8.717209006537848248e-01
8.059493002658122407e-01
1.264930514493547209e+00
5.924860333241147581e-01
8.016343268073228279e-01
6.268189372231056655e-01
9.837425808829957097e-01
2.853473599799003502e-01
9.604456292644252269e-01
7.012238433041442232e-01
2.039166019463181101e-01
6.084263775291693932e-01
5.601470404589771190e-01
1.088899941609964284e+00
5.514784618951662498e-01
1.350811053011504725e-01
5.346692522053045904e-01
4.600438842312892240e-01
6.221500223444391686e-01
4.977445450547309247e-01
1.458865872364066840e+00
8.851403136707748365e-01
9.316565854554654802e-01
1.089047760092049844e+00
7.780433768704606567e-01
4.160938554158427616e-01
6.104273083112554676e-01
5.756612741810825939e-01
4.285613117465313371e-01
3.308259271365618925e-01
3.445993334291176935e-01
3.185945579576188180e-01
6.915861300391079602e-01
4.586942098445426219e-01
7.410625493136817621e-01
1.380379667024309809e+00
4.248477740045459305e-01
1.133322706933383328e+00
1.048188524398728338e+00
1.112788799321470679e+00
1.188688961755196782e+00
1.224767059106475209e+00
5.545287211681610984e-01
-8.214749241251810830e-01
-2.265950479945914031e-01
5.577915374594009101e-01
-5.936868174682983224e-01
4.669872093641188049e-01
7.945849084766046233e-02
3.642277630474853312e-01
-8.309462715243502995e-01
-7.327789663856276725e-03
9.052137464017830926e-01
1.654189231170797303e-01
4.965586890652052277e-01
9.313777234632013569e-01
2.990438816725002336e-01
9.436708764671139504e-02
7.617292143636116286e-01
5.385289017751190288e-01
-5.755467007764097226e-02
-1.538552130616404334e-01
1.074304320598658408e-01
8.116695569656393605e-01
5.831926940686570360e-01
6.550488549834315721e-01
1.999612301610223630e+00
1.124987225713869110e+00
-8.954476150205058493e-01
5.783569399717388704e-01
5.894764021241533092e-02
-3.029195546981273135e-01
7.809647156215252517e-01
-6.949026080751430356e-02
5.489273279299987651e-01
8.222670951061314959e-01
9.366988865503159678e-01
-4.037222235566139544e-02
-1.755219085454776673e-01
4.051150503482472409e-01
-3.585430911398467813e-01
-1.527511575989223269e-01
1.375217256549666311e+00
2.078177712953521161e-01
-9.026443651191297102e-01
1.197422480758144392e+00
3.826353243808254256e-01
6.844721959393194055e-01
4.910211212204097508e-01
1.061613902612224436e+00
8.048877737034821900e-01
1.648241692030448569e+00
1.512224523340337301e+00
7.598282282958136458e-01
-3.919520318248192331e-02
3.997783535979658742e-01
9.044893758660824679e-01
4.596143982787418425e-01
-4.946879573116063633e-01
-1.136208030820704540e+00
4.313719356558047835e-01
7.435092567188551493e-01
-2.020726157317362659e-01
8.571069062109091252e-01
1.358467628389570026e+00
1.037097377113580965e+00
1.016873152602574271e+00
6.020013581681533665e-01
7.965092038412326936e-01
2.114384971894515408e-01
6.810136264928484673e-02
7.773758794891646451e-01
1.751141107132311164e-02
3.206542257826241471e-01
7.144507838152648338e-01
6.225396965250978853e-01
6.821866653142016901e-01
8.005820527388801677e-01
1.249536445576608479e+00
2.234211145901508211e-01
7.480695337290377278e-01
-2.252768874582416758e-01
4.011356312834604143e-01
-9.503021082128147723e-02
-2.416785852186864592e-01
5.446647149970669233e-01
1.558109636314033208e+00
8.915439737460569836e-01
1.174835995124445143e+00
8.243724948131185837e-01
1.344946826322226174e+00
5.329973897085124937e-03
1.980779666830150276e-01
3.139755680031800500e-01
7.445539012203044038e-01
5.723196833566224218e-02
2.409668341749902631e-01
8.165803678810328037e-02
2.304857821064807966e-01
1.385566254292172061e+00
6.275211790590090599e-01
1.301473862638342742e-02
7.325236383586752886e-01
9.272211740663873769e-01
9.655535963965088397e-01
9.315559463116610539e-01
-6.212222670280797415e-02
7.292578426076220532e-01
1.097012054906883582e+00
4.820965858069875543e-01
-7.222787870914726405e-01
3.317023649490266068e-01
-4.300685054181020983e-01
1.468368210065235324e+00
-4.692967624411385485e-01
1.477062855204247960e+00
1.004827951773358485e+00
9.036676227293464203e-01
9.303283802710958783e-01
9.286774988789251450e-01
5.354869977433911465e-01
-4.844490004426441621e-01
4.069242215259135653e-01
2.355573491732505242e-01
3.661413207568807171e-01
2.218454917158811934e-01
6.480737902135528250e-01
-4.051120416935695412e-02
-7.091009339783790333e-01
-1.965619182463044234e-01
3.174516111245263561e-01
-1.911696810403710478e-01
3.989401721342581975e-01
1.408968744056196210e+00
1.345768706771112433e-01
1.749124460889873500e+00
5.466967422355680783e-01
8.917528596867785318e-01
-1.022579498853160018e-02
-3.870211326293640508e-02
7.189518394386852362e-01
5.729687061769446199e-01
2.058202672659500410e-01
4.754009583661871763e-01
3.790291171336258175e-02
4.058262220894759409e-01
1.578963211490937713e-01
1.320384954400002142e+00
7.386013383306990754e-01
2.984452258641704381e-01
5.385279490538802394e-01
1.284619757634550608e+00
2.726238118915618736e-01
9.828902204151708233e-01
2.080082363304069037e+00
4.128282746613780585e-01
2.260426403405811080e-01
-3.990206318412335973e-01
1.479298335940325781e+00
-2.675258408743734148e-02
3.119435729304514404e-01
2.201191723326905603e+00
1.042920529895630666e-01
1.270133162778818159e+00
2.999490684948121627e-02
1.509297386061486668e-01
-2.537941286166257582e-01
7.937941028566041224e-01
6.138868631612680593e-01
-1.112309770038312079e-01
6.166901897707346425e-01
1.696593013022091201e+00
1.970376523268201785e+00
8.688018895778865103e-02
1.014283423518269611e+00
1.445269830433285052e-01
2.344553068303287593e-02
-2.625186329865568102e-01
8.383568455588832347e-01
2.195881768941902734e-01
1.560001491955299580e+00
1.585193844500643046e-01
-1.381627653284332562e-02
7.338063948346849052e-01
4.735655219023571227e-01
2.913967414157396241e-01
4.787798110667913498e-01
-7.084123799539749911e-01
-1.733678602358006138e-01
4.005339385807799024e-02
1.531840021724906853e+00
-2.402892845851263837e-01
1.194706689101076247e+00
7.529007050354293851e-01
-5.412340867263618627e-01
4.274367153192267788e-01
-2.045461734382807983e-01
3.070478687376906879e-01
6.753647958794313233e-01
1.193889053187939364e+00
1.035712654910529329e+00
1.017294787040414983e+00
-1.250172568874689978e-02
7.294351351028398600e-01
-6.262826323600689804e-01
7.101743378193324796e-01
1.840134622987888768e+00
8.088216018355598447e-01
1.017086316032684623e+00
-8.638998241031824454e-01
4.589495470632717344e-01
1.580154897061732289e+00
7.738896609898556767e-01
6.968468790822276437e-01
1.297131275985347276e+00
1.096446025067659535e+00
7.242682352668188273e-01
1.024960894407347389e+00
7.628028303365739227e-01
-3.347972638483552865e-01
-2.581624172374900605e-01
-4.158384833019055926e-01
2.430593312660822847e-01
7.941295935262195904e-01
3.739002497566858985e-01
7.466149034391937889e-01
1.076470141456351781e+00
6.533970647668845277e-01
-2.243879299808148875e-01
2.027298103899033421e-01
1.010368532205438763e+00
1.125007486623825326e+00
1.352766874240745487e+00
-8.138705631296896947e-02
1.276944814267396033e+00
7.799755911940572384e-01
-1.627697432447006709e-01
1.850992749921609892e+00
1.598908999096153583e-01
1.663698754614895803e+00
-6.531416627632932737e-02
5.146437125551348579e-01
2.821408118760042605e-01
1.592143992861088098e+00
9.185521923840911374e-01
1.142209242896544241e+00
2.678533818037260317e-01
4.717110890085775554e-01
9.865037196238360395e-02
6.683770951807416205e-01
-3.995647608354931934e-01
2.041745267889194082e+00
6.549717373489375438e-01
2.989993807870344189e-01
8.762052841623452215e-01
-5.561228104672617523e-01
-2.021182625541019517e-01
3.709255264726949997e-01
-4.334690079205289620e-02
2.305091755671969111e-01
4.647957582109800145e-01
-8.900267104041009736e-01
1.222636649385303143e+00
-1.326399627282043081e+00
1.051826629157426973e+00
1.515273813339311770e+00
-9.202200834178212441e-01
1.553766178619443661e+00
2.389466453003559476e-01
8.616977463990559416e-01
4.147725251135495061e-02
1.241790775549478504e-01
1.876430235416728098e-01
5.274253454559685306e-01
2.753661470379417664e-01
1.013777654387741034e+00
7.130586736311080032e-02
2.428871954496718971e-02
6.757800478848582371e-01
2.319635781244865358e-01
1.199857690007757771e+00
2.896871604507161302e-01
9.381845647175522662e-02
1.107522849056106873e+00
6.365572736711738733e-01
1.537479567397695701e-01
5.768840953988805254e-01
7.300988313623286707e-01
-3.779034958741857575e-01
4.809301122914528270e-01
6.375367840146342058e-01
3.113578725722674356e-01
-1.443914811441283086e-01
1.055851250376823813e+00
1.190152608687092606e+00
-1.392149030889315020e-01
-1.890323404043042776e-01
7.374090754860679331e-01
1.040658657738396498e+00
1.045156450659855962e-01
5.701858072820364942e-01
3.696297851238428134e-01
1.006823099852696357e+00
2.084823376588344157e+00
3.219828976138952581e-01
-2.974908606602389982e-01
-5.263425704389128601e-01
3.835470813177780380e-01
9.507980977563076364e-01
-3.557465110914255768e-01
9.238933457649912695e-01
7.549021234124715374e-01
-1.507874378060703791e+00
2.837310286478107457e-01
4.480868394707829272e-01
5.941206984465761121e-01
-3.176185797110945286e-01
-2.405655537614219963e-01
6.888291885702395589e-01
2.323890250339687158e-01
6.419889298703147507e-01
4.537467745270575836e-01
7.090958059227830956e-01
-1.443725395682834423e-01
7.562342305558715505e-02
4.273044042607204024e-02
1.948093836452996219e-01
9.038033884232595794e-01
8.286872356982944998e-01
3.824568671339797499e-01
-7.465632091363564316e-01
-3.017090769449435328e-01
6.336343331566383075e-01
1.735320230556216259e-01
1.251714421024320290e+00
2.241670245709551090e-01
7.064652975096765708e-01
4.680413118899269254e-01
6.353200296461173346e-01
4.091567159674383558e-01
-8.154608772942741890e-01
1.149675795390348254e+00
4.362333501524372492e-01
9.803833674482073102e-01
1.747768624539020266e+00
-4.495206589017980980e-01
5.624576193603847418e-01
-3.841505230425847905e-01
4.251809857013295613e-01
3.681200971275652711e-01
8.760503140600311989e-01
2.013459574190235579e-01
4.043639952973105411e-01
1.512523191429941960e+00
1.693844133288424647e-01
8.322591734691778265e-02
-8.142686264460816670e-01
6.713986736246602138e-01
-7.742765825670354651e-01
7.184172548786504908e-01
2.983423883322071091e-01
4.258062590366152311e-01
8.071047052983448822e-01
1.996579496868130521e+00
1.790339889909613014e+00
1.718244695756229401e+00
1.395653050835744979e+00
7.988601977786943115e-03
1.043119473194398905e+00
8.547983136674430771e-02
-6.354014624707186032e-01
6.445931722455771062e-01
6.673221869055849798e-01
5.159368287669224840e-02
1.022229940568212120e-01
-1.639894717809790015e-01
-4.426054395425312871e-01
-1.034134604864233448e-01
6.482888526392152073e-01
4.069447682840745539e-01
-1.321181416272051434e-01
2.871500136757300647e-01
-3.686446699379510028e-02
3.537559456983536965e-02
1.009082823957385910e+00
7.357753294830289281e-01
8.191187856681089174e-01
1.583554211905820797e+00
2.614211461928777069e-01
2.723541074473923018e-01
4.291397260313450923e-01
-5.675932228918153521e-01
1.444238857542773147e+00
1.752083687060328743e-01
1.279189423646089674e+00
-5.649888767012712920e-01
1.158092468931233299e+00
2.794131762935919694e-01
-6.477998589139093433e-01
6.874286179920148232e-01
7.391650771103980277e-01
-3.362735632588065987e-02
3.931245033412621992e-01
4.954881824216380432e-02
5.736971702930561134e-01
1.752214193022046285e+00
2.969027833201703381e-01
-2.968812303551607301e-01
-2.358117952206011947e-01
1.435414650300729511e-01
-2.454463299314285085e-01
1.469098806510296340e+00
1.228557094138650260e-02
2.637880747055014741e-01
2.132729343424400181e-01
5.873039440074030448e-01
6.547414636113075836e-01
1.064590106355543631e+00
-5.007467549446413535e-02
-2.342340230275500590e-01
1.773733171060246416e+00
1.188201175657390030e+00
-1.061047906624168702e+00
8.424099281633005143e-01
2.217838413383713458e+00
4.493609087596638074e-02
-7.171063640385448856e-01
2.114260639691246002e+00
4.037406519193620924e-01
6.384626350197598610e-01
-5.067454945621218537e-02
1.234598492610342602e-01
3.811833220886763351e-01
1.648715073310865309e+00
1.773064561332651223e-01
2.026886292569647918e-01
5.626221553755585969e-01
-1.157324289815381407e-01
2.100489541120337478e+00
1.269615891873883129e+00
2.824326353933098166e-01
9.546166579967915178e-01
2.675382602391127573e-01
4.453080884085258706e-01
9.342411373974683630e-02
-1.754223807030463600e-01
-9.413928939696409870e-01
1.008728785680503393e+00
-2.307947187305374737e-01
1.788138249350986753e+00
-2.882310613855662562e-02
1.217457147836843223e+00
3.900194147644338583e-01
-2.812366411066436811e+00
4.313902318017277977e-03
2.433018261550342620e-01
-2.892695572520292968e-01
-1.363334581865204564e-01
7.304480664549033442e-01
-2.004478327738345722e-01
7.985700755904697745e-01
1.090399328485067931e+00
8.779931049811141586e-01
-2.363413539587449486e-01
-2.627208857166391919e-03
1.027087261615507563e+00
7.524055284745870820e-01
7.018637641899164725e-01
5.500598467481289111e-01
1.706848820092961239e+00
4.932796453034985484e-01
9.206690383836363401e-01
3.932780624006239067e-01
1.041422613451649770e+00
4.080854190512155366e-01
7.840374294522947096e-01
2.245582560038292264e-01
5.204650911127048918e-01
-5.032236101616184287e-01
1.921866274941209207e+00
7.619666444704826791e-01
1.007056915345870163e+00
7.276952166125734145e-01
2.962296115892194548e-01
4.305641159597206058e-01
-9.219847106818943039e-02
1.635697408401029840e+00
-2.730751337179047195e-02
-8.297766902053288485e-02
5.352268907339718940e-01
-4.876811817972939722e-01
-6.348886486955390707e-01
-3.643033933063031804e-01
7.022122152111077709e-01
1.535162861732031425e+00
-1.466112492024186642e-01
-1.232585632774421819e-01
1.033505602902463849e+00
-2.170750712648593928e-01
1.309509157452562134e+00
-6.665299340451579235e-01
1.227876018367419553e+00
2.528378631437608326e-01
2.869828899081900975e-01
7.868037770471796311e-01
7.088528259641324603e-01
6.636989006496121224e-01
2.009485063369524094e-01
-1.083697606634843047e-01
4.687635621775564365e-01
-9.422725194643088997e-01
-3.963292483575198838e-02
2.346566894272751058e-01
-6.292820339260120077e-01
-2.121348176333444080e-01
6.933125629598226869e-01
1.446514533495306898e+00
1.658464774941656783e+00
9.271161987593566911e-01
4.639585172509885225e-01
-4.651118309578362864e-02
2.594477270304216820e-01
-2.441709998399441695e-01
5.304396901553001253e-01
1.138788187136223540e+00
1.057529721069114581e+00
6.611669689097113833e-01
-3.852043449080843063e-01
1.005684689504200868e+00
8.283126470961319487e-01
-4.181103469679630091e-01
1.151331142328343216e+00
2.068529258066817977e-01
-1.263309603721450014e-01
-1.684930611642320164e-01
-4.215794624380243549e-01
-6.009813741652770824e-01
3.491980541013650075e-01
2.267610872195329752e-01
-2.767038018692039580e-01
7.807718826356379038e-01
9.142567299151090898e-01
-3.217168684444570714e-01
-8.428686068607327275e-02
-1.519070386157809344e-02
3.006061968206358292e-01
5.039374043139448478e-01
3.420953513405467494e-01
5.171287001702145059e-01
4.540173434917732509e-01
-1.400325959785442498e+00
-1.046466103351001653e+00
1.335305270608928785e+00
9.807217549323254957e-01
-7.046326334980484996e-01
4.788681763480877041e-01
-3.759925410435238091e-01
1.211616941700597860e-01
7.302059627799801778e-01
8.673417468411630527e-01
4.338619433089726529e-01
-6.527241823499906059e-02
4.445762899612912822e-01
1.254828025779972211e+00
5.483318653688856736e-01
1.208949671564611528e+00
6.345240758867507491e-01
1.621847527847031234e+00
8.864533222180471794e-01
7.967581894273977339e-01
1.352887791197545653e-01
3.322482420974636197e-01
1.467720111363899071e-01
3.436630857990130017e-01
-1.003348078725011805e-01
1.499320633251320090e-01
-4.846536640105318927e-01
-8.755978950308276332e-01
-1.959820697965790615e-01
-3.213880850472580208e-01
1.408185747455127923e-01
8.118231676448305345e-01
6.562092912548099788e-01
9.220908753854603068e-01
9.980901809649195267e-01
-3.456262408599644620e-01
-3.511588329309078826e-01
1.048579256883747313e+00
1.089168517187589114e+00
6.030552943292069035e-01
9.159691052778500264e-01
1.104899246857765416e+00
-3.158216747858719753e-01
-2.012537016844205828e-01
6.024265307827457727e-01
7.879679561683435862e-01
-3.159128895418524263e-01
1.922823446071165288e+00
1.610406662206578243e+00
6.907945187275359444e-01
5.812517478183860664e-01
8.022923685594040011e-01
9.232897334028300484e-01
4.964891229611389512e-01
-1.694794720852583758e-01
-6.042824753578260877e-01
4.445313748870926562e-01
9.037837757325674071e-01
2.674583292864252670e-01
1.217937656093055487e+00
-5.013734604287989338e-01
1.586689089040505263e-01
1.648668434654707582e-01
1.710952749150749463e+00
1.358495043680865599e+00
1.587076179320498381e+00
5.307638913565314309e-02
2.099392195070689804e-01
-1.582381929886172989e-01
1.831036366812343330e-01
5.129188710755785419e-01
-6.812683788232704041e-02
4.870274792391195984e-01
2.369623779110762829e+00
1.013471673974370435e-01
-2.087849790589529908e-01
1.620499654807385503e-01
3.972275248780581247e-01
8.485645287979266538e-01
1.181689741578630243e-01
1.036312686968069219e+00
4.089782350879799661e-02
1.165882395790637460e+00
9.261076126355410887e-01
6.759912144400102019e-01
6.125646858746116585e-01
2.884186473701155218e-01
1.053440501842424437e+00
8.184279855011538096e-01
1.072055945028052015e+00
-1.093791799444436830e-01
1.042498975060720090e+00
1.574881398781692532e+00
5.206292511884035301e-01
8.653152366666561068e-01
-3.278068181214340848e-01
2.265820196810378884e-01
2.978231224953911682e-01
6.046120349336233657e-01
9.887921512445255745e-01
8.659313502716926569e-01
1.157191156416616407e+00
1.358164367997067412e+00
-1.281492892413906182e+00
1.535767185980623672e+00
5.373976295846810691e-01
1.457784717184813228e-01
1.057730642934376464e+00
5.673791750740003748e-01
-9.415833421822429605e-02
-1.407955009025669557e-01
1.970705104136453445e-01
-5.233382316258790995e-02
8.614589661272842314e-01
-4.281007872671067083e-01
6.111762832171855342e-01
-6.242036762716547393e-01
5.821972077331378781e-01
6.460883638501933035e-01
3.514046667168501115e-01
4.148755134053085381e-01
3.686683389179131187e-01
4.268818852986349111e-01
1.875041254485785569e-01
1.204301547243314535e-03
-2.033924531307301220e-01
-6.452182396245352836e-01
2.088795839305079005e-01
2.219633089967683881e-01
6.726357997813695588e-01
3.115559791160512626e-01
4.615855824743556046e-01
-2.471683426289608132e-01
2.065446878541662146e-01
5.887907903361175310e-02
4.548003959811636188e-01
-1.888956255983950949e-01
6.235582950410023528e-01
8.227865976749316745e-01
6.445028784668020982e-01
7.070831098022584138e-02
5.239720386584491019e-01
4.092405276379678103e-01
9.941818322488730209e-01
4.860757869161068667e-01
1.107370360572792700e+00
5.913858346560877388e-01
4.075755145183208028e-01
3.271524382705823797e-01
2.489484295800845626e-01
1.011456063716253073e+00
1.320444957492839633e+00
2.750094613611118732e-01
2.842748552435778175e-01
3.618733486747916506e-01
-5.080774132619472194e-01
2.422550908267050856e-02
6.052780915268362039e-01
-1.387608601838078159e-01
8.660052824182544740e-01
9.916022557010482075e-01
1.094977223699303170e+00
-6.523449373737001677e-02
2.770041008410438765e-01
4.649423306923018973e-01
4.456081605442088756e-01
-1.755774988910444312e-01
7.310046286550275774e-02
4.816941679272632726e-01
7.235875231786557116e-01
4.163205035593146586e-01
7.032797426377264127e-01
5.551159292119400845e-01
3.852395050280903455e-01
2.462234468730974124e-02
1.871877306364830643e-02
3.008257053358435185e-01
6.703448820412952758e-01
-3.120145548805913077e-02
7.891926451495955286e-01
1.302792537928885830e+00
1.552296608920431531e+00
8.318858822420385768e-02
4.524396470732313102e-01
3.591831845728982731e-01
1.455248823563652261e+00
3.277027093757545195e-01
2.694254356718932542e-01
3.512410800214135764e-01
1.366663317888916485e-01
-8.205607301439714341e-02
1.375950388775101230e-01
-3.273215337238694067e-01
7.700246698367445575e-01
1.521272565472521834e-02
3.982845355255411057e-01
1.883425327013523998e-01
8.272785489513407864e-01
3.781068962427332480e-01
3.930396702186531588e-01
5.738358654566902972e-01
3.904029305912403713e-01
4.143100595202932057e-01
7.755268557903726157e-01
3.532796279628675623e-02
7.753403924690263072e-01
5.840574209957044571e-01
3.004374622745005219e-01
1.006065775575771370e+00
3.604320823566314891e-01
4.217260654443280576e-01
1.750043907500528628e-01
4.724389293699752246e-01
7.810486908810636564e-01
8.194186381178544254e-01
6.394519041926104430e-01
6.527854489953801576e-01
5.334333309964851555e-01
7.402005081495632854e-01
7.606904114757072621e-01
1.171681683706009780e+00
6.594193533794507900e-01
1.203638441407103965e+00
1.000102592150191816e+00
7.568991387048612518e-01
1.420304417026259924e-01
5.328763997491996474e-01
9.255742456663501594e-01
1.046873803306161088e+00
3.698183442301645196e-01
3.078907247188433782e-01
5.132192087866611629e-01
1.914764439772884824e-02
4.620413252029844098e-01
4.251780763698932986e-01
-1.385330266582867287e+00
1.217431521818054946e-01
1.079956465057259063e+00
7.054290587959145542e-01
-4.420363377566652874e-01
7.875883049197204278e-01
1.346247678981079554e+00
1.427087017317030249e+00
1.574828509514738295e+00
8.203224386040816052e-01
-6.705843627798049322e-01
1.880303137036931083e-01
1.778959089050937137e-01
8.276297249019390345e-02
2.433306951538944524e-02
1.428261991888355675e+00
7.224626637086909442e-01
8.362672740386949410e-01
2.696448504746592478e-01
3.207802895255025266e-01
9.523779740019107098e-01
2.355649422495378065e-01
6.567468459339006470e-01
-7.102519286679656041e-01
5.691438401711431672e-01
5.079666494859724768e-01
7.127600939569482819e-01
5.774186870696867979e-01
2.240549658302812830e+00
1.025171853440960179e+00
3.230427824528471770e-01
1.127047528567524548e+00
1.407330396302041819e+00
6.562160334464072209e-01
6.288061614084582418e-01
1.028974929573606145e+00
9.122585177377818821e-01
-4.745508862328380872e-01
1.390189312578561820e+00
2.526206632628179016e-01
1.242994395191957951e-01
1.077301848086694491e+00
1.321822741351402319e+00
9.528866598048956194e-01
1.040924697255882492e-01
8.660209577781926571e-01
1.487598245398888741e+00
4.565179692703072445e-01
1.871009841439603407e-03
-5.307984344361420526e-01
6.178144944142504036e-01
-2.561345741976081558e-01
6.522755505043149604e-01
9.920650176501896178e-01
-3.465180399756485619e-01
7.068901436769052804e-01
-6.052001248838727587e-01
-3.112829314458921415e-01
5.379569467362258495e-01
6.860264891662910536e-01
1.082051034114459354e+00
7.131958879881713509e-01
4.569127733982838134e-03
6.616936791775364091e-01
2.672032587862976927e-02
4.073523022579741970e-01
1.988108042671425491e+00
3.316064604168413310e-01
8.108565072415170327e-01
-1.390967123279718146e-03
5.100404090985125594e-01
5.880755275060424170e-01
9.576626472514991606e-02
-1.478245653341160537e+00
1.176787036862647406e+00
-4.974491309330231203e-01
1.963653492182652061e-01
3.153802163297292904e-01
-5.105064862523260860e-01
1.205670029671718657e+00
-6.398510200163542994e-02
1.098782109122280692e+00
1.504023829448689398e+00
4.887338871413748342e-01
1.174458382355700881e+00
2.528620319236153380e-01
8.716389284507335133e-02
6.675388745072771135e-01
-3.746927679053417837e-01
6.713576763679024451e-01
-1.169836720621182380e-01
1.683149570778859516e+00
1.209943864526565660e+00
2.101961634665872325e-01
1.297949870595257460e+00
8.946037403174287306e-01
5.620972530739661854e-01
9.513997449109776738e-01
7.324804868361778354e-01
6.603920958566031896e-01
7.130565846354712800e-01
6.305481148779075173e-01
6.095331305553377543e-01
1.780204860962082691e-01
-1.042165875741946968e+00
5.945691819224430130e-01
2.509026407128978065e-01
2.103036679391216690e-01
8.415909961899377123e-01
-2.529193801184689838e-01
1.368575274057043156e+00
3.205259805853637456e-01
-9.781218334216624372e-03
1.021166277568330338e+00
-1.026728281411272564e-01
7.536441561376474585e-01
-9.442562174933181174e-01
-1.118856923500407274e-01
7.770952401838392420e-01
6.009028500403525985e-01
2.100289829063769209e-01
1.031352509671615403e+00
9.998601510578766227e-01
3.525137537079492955e-01
-1.505135075804542866e-01
1.447810083329749142e+00
2.284951075325623915e+00
5.389065557975423193e-01
1.594351296999967638e-01
7.071550420458240227e-01
4.162062145035921312e-01
4.818607048600642151e-01
5.881789978877396408e-01
1.780377894561361585e-01
1.584159718777486292e+00
5.061439660656170680e-01
1.001563697245373641e+00
5.405291766377503526e-01
1.078090396396768069e+00
5.505242808725063774e-01
7.186851026285694388e-01
5.378888542311758281e-01
-1.126547020127174115e+00
-1.619699865676917094e-01
1.364564791470214422e-01
-4.692941005013782085e-01
1.302842180611397394e-01
4.297505643532661956e-01
6.410621544293538809e-01
-4.681146225912811709e-01
1.460505866497902039e+00
5.785853001525359529e-01
1.144737474353658468e+00
-4.349591562675810263e-01
6.952060220504036048e-01
3.350289021194074457e-01
-2.447826955221207301e-01
5.450980040146660155e-01
3.847949647753086677e-01
5.343478558376287824e-01
1.561421288479563518e+00
1.596258567663741079e+00
1.973046624493549173e+00
2.394103426254310663e-01
8.527633496109370270e-01
3.751418596740505595e-01
-2.497316421256524643e-01
1.323007455001640464e-01
5.250841472284806244e-01
-2.506083558502290587e-01
4.460369505677164170e-01
1.549779819595046737e+00
-3.997930330964455381e-01
1.307211111743620036e+00
3.201722969960754672e-02
8.968264995874578593e-01
-8.318458052244135370e-01
-6.044419405985268501e-01
1.297196126358200585e+00
-3.173946789672638658e-01
1.190787060401853559e+00
-1.733115986723554602e-01
6.043005693506811049e-01
1.176001389226816407e+00
6.607303882594058875e-01
9.350678012126067973e-01
9.089849839286676669e-01
1.264706734600723817e-02
1.126998444551563283e+00
7.870190046742169265e-01
-3.355442145605326831e-01
-2.648857035611579813e-01
1.244388882746750413e+00
1.305535849836533813e-01
-8.446179226991302746e-01
8.765366236900560271e-01
1.284926232978773397e+00
1.220910737613545516e+00
1.797996281196438062e+00
1.391072918684871151e+00
-5.281027845290461320e-01
8.409483385530910349e-01
-3.392357944123743918e-01
1.940895230216595158e+00
1.804879168982435368e-03
-1.735150572645706157e-01
5.519224836634784026e-01
-3.405256438915204575e-01
-2.954203658024533441e-01
5.411932636923764139e-01
2.231302630614101223e-01
9.879355096741272435e-01
-9.276281328054798436e-01
1.454404844914541695e+00
1.377202645909085144e+00
8.574863301616580946e-01
-1.504838937706042823e-01
7.369556282018447924e-01
-2.788643291496191168e-01
2.016505155987824704e-01
-2.930893567892475238e-01
2.049570722402800804e+00
1.279776698588123152e+00
1.133118438289035357e+00
1.309179261193210930e+00
1.085908589920815404e+00
1.647754466931185213e+00
1.646898266781008147e+00
-4.561633980512407871e-01
1.705084622192124533e+00
5.782492342268125141e-01
-3.684394944768202285e-01
1.746119610545488809e+00
4.208849299112426001e-01
-7.613577093442590593e-01
-7.112997183822454828e-01
8.114178785152744711e-01
7.248220277862189587e-01
-6.748427373996190859e-01
9.262810196269617435e-01
3.246458884556451263e-01
4.569179318429613113e-01
6.610298873157347543e-01
9.625960783105511620e-01
2.980213025944042915e-01
1.501440800995249569e-01
5.529669825215252077e-01
3.405385953395752008e-01
1.214377776411708743e+00
1.739161112199458514e-01
1.614207665915837087e+00
8.053288542070149436e-01
1.297557130943974846e+00
7.464339414640527859e-02
1.130055413938663600e+00
1.403593355338115911e+00
8.917073500760492877e-01
4.539538369222964054e-01
5.225190070131633391e-01
8.090657194729264923e-01
2.363682997723039192e-01
2.024029871212640608e-01
7.712105240717237464e-01
-5.396178518298174742e-01
1.042172053589460523e+00
-2.006483350749411754e-01
4.082216143223235671e-01
7.857536101722542021e-01
9.736737497632242944e-01
9.046922051707692036e-01
1.321807483166437536e-01
1.030750860968412397e+00
-6.762453220804899301e-01
-6.425161899723927927e-01
7.289310895722924677e-01
-1.495266263579727029e-01
6.372998965454904630e-01
1.029564931238579506e+00
7.347323691175017268e-01
4.280936032970902305e-01
3.680225071577564178e-02
-2.897107388625954627e-01
8.304235002732918147e-01
5.163165628029974322e-03
-2.111102622052831237e-02
1.173987604458599954e+00
-5.729443721382476706e-01
3.874739457607705440e-01
1.017991976941831966e+00
3.176809340886317390e-01
1.888547268382657907e-01
3.137297445965981924e-01
5.688882148671240424e-01
2.173413525769928523e+00
9.381026889309900252e-01
-3.175118371644627957e-01
-4.401305850107085083e-01
2.942490890146479132e-01
6.655013014384911774e-01
-2.390084595984239002e-01
6.483116580575241095e-01
1.172753644967354791e-01
4.900160594993846486e-02
-9.732315370164522361e-02
2.156757227078157785e-02
-2.208262662823009259e-01
4.276716149065308836e-01
7.383196095274155990e-01
8.060429843049236043e-01
6.198243263657805535e-01
9.139582418199700964e-01
1.107813834364378192e+00
1.040405263888182663e+00
1.043547099359945607e+00
1.514695152104043041e-01
4.858495557165280060e-02
9.543833231335028255e-01
4.477964883472386193e-01
4.905362069203444420e-01
-4.667349012957987264e-02
4.814022695683172204e-01
8.985561774880878039e-01
1.243431737979935892e-01
9.964962692322970605e-02
1.275858262233600937e-01
4.532870340728790137e-01
-2.418013357170018252e-01
-2.812567008103138144e-02
-1.033476977224672133e+00
5.384620109788467168e-01
7.294796716633100697e-02
8.895558639483179819e-01
-6.766593805547927998e-01
4.671365173051960085e-01
3.654402076225886087e-01
9.078749051866087660e-02
6.519859986570002430e-01
1.094554105684659717e+00
1.155118717666903105e+00
9.839521561811102046e-01
-7.115696667100216422e-01
-3.224693490565017084e-01
6.475256981250252508e-01
9.603489380949442600e-01
1.260889194154675375e+00
7.135699986894475932e-01
-5.391026483879340220e-02
1.477319633690358458e+00
9.553888542001424122e-01
1.003220677811364592e+00
5.935886725199307490e-01
-2.394360510130452702e-02
3.287279798210149262e-01
4.926263929500291905e-01
2.581671739038610691e-01
1.329111159117209562e+00
6.960070629704061540e-01
1.117681977860099707e+00
1.122549881796406801e+00
-6.238069698767494398e-01
-3.088581882652221000e-01
3.344622070923386481e-01
1.088927890885156846e-01
2.577593056404859695e+00
2.194545172077843331e-01
7.038269063421942473e-01
9.069293240269536704e-02
-2.765831127664228339e-01
1.381636344820354356e+00
-3.207288037674627112e-01
1.226009396361221304e+00
1.901063484938978920e+00
1.454086942085225653e-01
2.681248738027054990e-01
8.608114160019700867e-01
-1.941599481672287575e-01
4.818174767952825288e-01
1.162229587701773648e+00
3.579240224960923422e-01
4.272954169085133591e-01
2.252216577979121448e-01
1.109753205417790989e+00
4.211495224388746017e-01
3.626204312399681773e-01
6.368530001659185036e-01
3.980099312296352110e-02
5.691146638438918659e-01
6.272903823866662343e-01
8.373717031461890281e-01
-1.204674632660092781e+00
3.596074266793160001e-01
-1.836059298498774472e-01
8.520880415561595811e-01
6.494041124584367664e-01
7.874469308016672775e-01
-3.276794980582674044e-01
8.980440947778909333e-01
7.492716509590507945e-01
3.178143884087936133e-01
1.936479557180467992e-01
9.112958847396870343e-01
1.055560958426399409e+00
8.187241063474953728e-01
-2.187786699888769171e+00
4.159544687704266330e-01
-3.484233629011408012e-02
1.075309358758822276e+00
1.181243912110712335e+00
-4.713513919063169050e-02
5.204832280499503000e-02
-3.044228598499818528e-01
4.559422113152832856e-01
6.258496116290557243e-01
-7.793173115424542052e-01
-1.149989937755276359e-01
4.722459753412442951e-01
6.646903808368808120e-01
1.159600730834712046e+00
-2.528355466690395126e-01
2.851482127134111200e-01
1.787371869394934532e+00
1.345499260439320999e+00
-2.028253942918991637e-01
3.428319967705016624e-02
2.185125091034852418e-01
-1.247427788902824575e-01
1.036582294386449998e+00
-2.616036505274459412e-01
2.777019566011488250e-01
1.054077688181504907e-01
6.304816339584663476e-01
8.712759842516206721e-01
7.089823162283854785e-01
7.503968873003113993e-01
3.339711710922626531e-01
-2.571514015241840312e-01
5.946346706588312436e-01
9.751245435776484394e-01
6.220245394992027776e-01
5.749478387867557050e-01
8.526864472296231956e-03
4.501026046317945228e-01
-2.270542923302410476e-01
3.230374448270709881e-02
-4.320250357051871881e-01
6.614947315260542027e-01
5.299087267936751777e-01
5.466781944413208194e-01
3.630517200098804520e-01
4.006482972093406980e-01
5.274175632065253305e-01
7.269293791113328185e-01
2.175832025955195537e-01
9.428454093713255491e-01
3.339498374638426581e-01
6.820181631204078609e-01
-6.123331897347489283e-02
8.378396696624229589e-01
-1.038682463160724434e-01
-3.438799474199836226e-01
6.856138585090945092e-01
-3.282943921355342409e-01
4.747649375594660270e-01
1.311295942358160938e+00
3.320369821299798407e-01
-9.831445033066077421e-01
2.181024803039712801e-01
-8.453262371751414372e-01
1.341589337427342432e+00
1.651929211287145038e-01
1.993630733791164344e-01
9.091807280604490282e-01
1.189813777893279134e+00
8.496060752981312580e-01
1.136293369791623986e+00
5.011894955279084796e-01
8.045064424441012996e-01
8.707428394709032515e-01
1.221285685792894010e-01
4.893127606833655996e-01
5.193643931617745180e-01
7.357863362952884456e-01
6.853341948935575134e-01
4.774331191732543445e-02
5.394348813917182461e-01
6.180107620485955078e-01
3.574456597732513646e-02
6.835008501405752668e-01
4.593886306658657159e-01
3.900611276648099368e-01
4.331189474150889396e-01
4.570247087313543677e-01
5.879201580952559958e-01
5.144696094681689980e-01
3.962850683815076491e-02
7.714178570689445014e-01
-1.345377035716111003e+00
-8.129889094219386880e-01
4.029878540953190647e-01
7.042835448665331066e-01
7.692089232220934436e-01
1.115313391801926457e+00
1.172113884909265380e+00
1.944686220913492969e-01
-3.926852931708589289e-01
-1.271484816166719434e-01
4.938092445102233996e-01
1.520865480856744778e+00
-2.824847859065499067e-01
5.554439780268426441e-01
3.851560428120539559e-01
5.680474261208312559e-01
1.384561580988778795e+00
-1.135113226328861025e+00
1.094821307154431600e-01
4.836246045058482657e-01
4.575054579256559451e-01
1.627445784504834458e+00
-4.081369781964634402e-01
1.810240561988789021e-01
2.421732184229035967e-01
5.439066655944352346e-02
4.631253598366439905e-01
6.322628492884032614e-01
7.501539746659090513e-01
1.204484536285173268e+00
3.976406413289194086e-01
4.342305916577935410e-01
7.845776539661857285e-01
8.809125872275652691e-01
5.334137581164063446e-01
5.630125588358286803e-01
-1.471433227192215698e+00
3.771807463269247762e-01
2.388562308101078169e-01
7.559289475364263655e-01
2.300251471257805380e-02
5.854070527877112129e-01
-5.481121113761631136e-01
6.218397112760130074e-01
1.041615728052786016e+00
7.368804465611008547e-01
5.369462184619570033e-01
5.588761553092664869e-01
2.078879394283789928e-01
1.128589915118575204e+00
1.167029757924035183e+00
3.453853587814757486e-01
6.486120879606742662e-01
1.235633989317758558e-01
2.283216531584904563e-01
1.588315117633126938e+00
3.182430240557730383e-01
3.899068293661158702e-01
8.166182471512580809e-01
3.635972444803089454e-01
-8.838999481502799460e-01
2.514494440475610881e-01
5.321181122333868974e-01
1.471667664385265750e+00
2.948299213495162441e-01
4.025683163397194009e-01
1.271234925146802031e+00
3.105697133930979126e-01
3.241122916642680263e-01
8.854133118506680722e-01
-5.383567591061589885e-01
-9.499566348439140162e-01
8.612176005606955176e-01
5.946620379627727271e-01
8.190904179907005922e-01
2.391229154902735909e-01
-6.033059014270866771e-02
2.183537188616936908e-01
-4.273139085497772993e-01
1.372929303912703958e+00
8.887030230500906347e-01
-2.057376731456130314e-01
5.851883184597072018e-01
6.610344609418258299e-01
8.892792317419911940e-02
7.753763170514325065e-01
-3.903541804303447549e-01
-2.387440795015899564e+00
1.534572906417305704e+00
3.665294890178834586e-01
8.395554090028842786e-01
6.268518880758345846e-01
-9.390269425761665900e-01
1.018490161490194224e+00
-4.200651352049659115e-01
6.618640669214389538e-01
1.098187252683959114e+00
-5.748205990935491977e-02
8.857385384914415738e-01
1.328992192806723871e+00
-4.468623221264446665e-01
-3.548299064846642259e-01
-1.142843760089203631e+00
1.139292170696685202e+00
-1.019965632800773764e-01
-2.377311026975113817e-01
-2.446031895425365699e-01
-7.546186801780080389e-02
7.522119744283455312e-01
7.280727170021372707e-01
6.602992917406844131e-02
1.172334794229879851e+00
3.671279600593357895e-02
8.868342426333989392e-01
1.143617003233214469e+00
-2.851534959542699754e-01
1.064933773527041716e-01
-7.892825055980084992e-02
-2.609279722977593252e-01
1.605246809682346898e-01
-1.177916242736722019e+00
-1.183723029927937626e-01
1.720841746381795101e+00
2.260103645377294079e-01
5.523436116983415634e-01
-2.842613735177241738e-02
9.584985695981607101e-01
1.231966119789867919e+00
-8.379173628612056612e-01
2.869661718754615634e-02
2.556288021552831635e-01
1.916711009872059668e-01
9.796715587121874735e-01
6.613117197848810136e-01
8.161895035370971829e-01
1.759428955463385957e+00
1.820999436231502677e-01
2.776504878235939167e-01
1.292768586747892634e+00
3.168402337643598798e-01
5.182917345230655393e-01
-6.406255731760184258e-01
4.192039290452792000e-01
-7.126583458358377587e-01
1.979005401658807603e-02
8.253622586264393046e-01
1.355631953452705263e+00
-1.978348199887024761e-01
-4.873086788886751286e-01
6.782071256460328046e-01
6.898360188199302856e-01
6.352311321467146721e-01
9.804179956350844716e-01
4.897846626334961262e-01
3.819304065468829418e-02
-5.653346098559089983e-01
4.552044900441644115e-01
-5.065888964955542195e-02
2.846706752127305812e-02
1.165973968711176312e+00
1.046652957060821620e+00
1.167538663841009239e+00
-8.509071163091734835e-01
1.098467217178593414e+00
7.777323748255797753e-01
2.096131082724492778e-01
8.040031839147169235e-01
2.855638270610982299e-01
5.116260714459671677e-01
9.087431555001723726e-02
8.902362043796036017e-01
-2.655776672750003176e-01
-5.281603652623905187e-01
9.394149061333775252e-01
7.929853803235925591e-01
2.609040302666234545e-01
1.235306603219749499e+00
-4.778602340231585255e-01
9.787040575028844724e-01
-1.263117491513648716e+00
3.295448213602368281e-01
-8.966495391772240087e-01
-2.156067454515671611e-01
1.889061234169929215e-01
-3.218724648276021644e-02
-1.167907321761953686e-02
-8.255435135422561910e-01
-1.463469884890359896e-01
4.574825516008595994e-01
-2.905842027337909306e-01
-3.481711336331705375e-01
8.614317527653478912e-01
6.890976241806242575e-01
6.128795872067959172e-01
-1.951293526724922345e-01
8.596539932957867336e-01
7.375390954319663850e-01
-6.350684690209934882e-03
5.774862987418529769e-01
-2.666506219298541702e-01
1.131749950533934346e+00
-2.307910185388108548e+00
-3.800720222369806389e-02
1.417166170883797927e+00
3.948373721964695826e-02
3.502284415222695069e-01
6.066841448900904821e-01
