2.200551509857177734e+00
-4.392503798007965088e-01
5.056539058685302734e+00
4.001967906951904297e+00
1.848709702491760254e+00
3.594829082489013672e+00
-8.784741163253784180e-01
9.674805998802185059e-01
2.069029808044433594e+00
1.739967316389083862e-01
5.774734616279602051e-01
1.732659459114074707e+00
-6.877394914627075195e-01
-1.754956007003784180e+00
-6.722740828990936279e-02
8.568194508552551270e-01
-4.249503016471862793e-01
-2.097678780555725098e-01
-5.261428654193878174e-03
7.974938750267028809e-01
7.544180750846862793e-01
1.713617742061614990e-01
8.985758781433105469e+00
1.329561710357666016e+01
1.535213470458984375e+01
1.716705131530761719e+01
1.914330482482910156e+01
2.547117996215820312e+01
2.544531822204589844e+01
-3.461639881134033203e+00
-1.245439052581787109e+00
1.494331240653991699e+00
1.322848916053771973e+00
1.251093000173568726e-01
-2.094066619873046875e+00
2.937902688980102539e+00
-8.280822634696960449e-01
2.644184231758117676e-01
-8.302779793739318848e-01
-6.910503655672073364e-02
-2.220692187547683716e-01
3.168946132063865662e-03
-5.602331757545471191e-01
-1.836939096450805664e+00
8.331798911094665527e-01
1.242044210433959961e+00
3.842680215835571289e+00
7.974549770355224609e+00
-2.256848812103271484e+00
-1.008144950866699219e+01
-1.581980895996093750e+01
5.790831446647644043e-01
2.295920372009277344e+00
5.495289802551269531e+00
1.282248115539550781e+01
1.828290748596191406e+01
2.238401603698730469e+01
3.826046705245971680e+00
2.147182375192642212e-01
1.337075382471084595e-01
4.358312189579010010e-01
-4.924904108047485352e-01
-7.224394679069519043e-01
1.481014609336853027e+00
9.207130074501037598e-01
1.591175049543380737e-01
-1.356794595718383789e+00
-2.482881546020507812e-01
4.520598948001861572e-01
3.702150583267211914e-01
9.088760018348693848e-01
7.331390380859375000e-01
5.847473740577697754e-01
-8.089961409568786621e-01
8.379869163036346436e-02
-1.803209900856018066e+00
6.203652024269104004e-01
2.312623739242553711e+00
1.037992462515830994e-01
8.250268697738647461e-01
-1.101418375968933105e+00
-1.095179080963134766e+00
-3.991160631179809570e+00
-3.280887126922607422e+00
-4.655627250671386719e+00
-1.604242086410522461e+00
7.658511400222778320e-01
-1.104529500007629395e+00
1.029978632926940918e+00
1.032665729522705078e+00
1.754622220993041992e+00
-7.171688079833984375e-01
-1.777635067701339722e-01
-2.142867445945739746e-01
1.689178586006164551e+00
-6.079212427139282227e-01
-5.076081156730651855e-01
7.717122435569763184e-01
-1.857757866382598877e-01
8.087004721164703369e-02
-3.522013127803802490e-01
-6.679247021675109863e-01
-1.557033181190490723e+00
-1.241041898727416992e+00
7.717898488044738770e-01
2.243528842926025391e+00
5.735663414001464844e+00
-6.246232390403747559e-01
-1.779001116752624512e+00
-3.331434130668640137e-01
-2.134506464004516602e+00
-2.743670701980590820e+00
-2.134206771850585938e+00
8.667804002761840820e-01
5.378108024597167969e-01
3.045112490653991699e-01
8.691846132278442383e-01
6.747124195098876953e-01
1.971068084239959717e-01
7.900115251541137695e-01
1.952015310525894165e-01
5.510805845260620117e-01
5.486125946044921875e-01
7.128721475601196289e-01
8.453816771507263184e-01
8.530898690223693848e-01
1.740720421075820923e-01
2.905840873718261719e-01
7.855632901191711426e-01
8.555168509483337402e-01
2.780855298042297363e-01
3.095882236957550049e-01
3.212721049785614014e-01
6.037287414073944092e-02
9.729769229888916016e-01
7.701792716979980469e-01
3.373039662837982178e-01
2.349125035107135773e-02
6.212314963340759277e-01
6.484963297843933105e-01
3.754892945289611816e-01
8.193838000297546387e-01
1.014751195907592773e+00
-2.109459400177001953e+00
7.195003628730773926e-01
