2.162256479263305664e+00
-1.716561913490295410e+00
-7.717913985252380371e-01
5.038462162017822266e+00
4.038717269897460938e+00
1.968624114990234375e+00
3.443522453308105469e+00
8.280185461044311523e-01
-3.747153580188751221e-01
-3.620053529739379883e-01
-3.959154784679412842e-01
6.439800858497619629e-01
1.738230466842651367e+00
-1.356960892677307129e+00
1.252989411354064941e+00
-2.208190560340881348e-01
-2.010729312896728516e-01
-2.035586595535278320e+00
-2.416890561580657959e-01
-3.205451667308807373e-01
2.502210736274719238e-01
-2.597977519035339355e-01
-2.543372213840484619e-01
4.342832267284393311e-01
-4.753498733043670654e-02
5.892580375075340271e-03
1.561974525451660156e+00
-2.520835697650909424e-01
5.883668899536132812e+00
8.620011329650878906e+00
1.329853630065917969e+01
1.536483192443847656e+01
1.755978202819824219e+01
1.914493560791015625e+01
2.200355529785156250e+01
2.412602615356445312e+01
2.417539405822753906e+01
-4.412236690521240234e+00
2.323580265045166016e+00
2.377799987792968750e+00
-8.350589275360107422e-01
1.415187358856201172e+00
-4.537405073642730713e-01
3.850296735763549805e+00
8.751384735107421875e+00
-1.475358247756958008e+00
-6.043948173522949219e+00
5.100489258766174316e-01
-7.281852960586547852e-01
-6.219698905944824219e+00
3.525104820728302002e-01
-2.311422824859619141e+00
-3.181359052658081055e+00
-2.316268205642700195e+00
-8.888271450996398926e-01
7.576580643653869629e-01
-4.338150322437286377e-01
-3.375732302665710449e-01
-1.373277306556701660e+00
1.199516534805297852e+00
-1.463295221328735352e-01
-7.292765378952026367e-01
-7.854413986206054688e-01
2.092666327953338623e-01
1.839646339416503906e+00
3.452837467193603516e+00
6.986665129661560059e-01
5.118533611297607422e+00
-1.700006723403930664e+00
-4.360215187072753906e+00
-1.985690879821777344e+01
-6.148769259452819824e-01
7.281300425529479980e-01
2.254665374755859375e+00
5.717960357666015625e+00
-1.277143478393554688e+00
5.737873911857604980e-01
8.294989585876464844e+00
1.116302609443664551e+00
3.997784805297851562e+01
1.226607918739318848e+00
8.500905632972717285e-01
6.962727904319763184e-01
-8.677472472190856934e-01
-3.964271545410156250e-01
3.057085871696472168e-01
6.675712466239929199e-01
-7.302542924880981445e-01
5.779852867126464844e-01
1.266063213348388672e+00
5.433368682861328125e-01
8.346435427665710449e-01
3.626100718975067139e-01
-6.055753231048583984e-01
1.116022109985351562e+00
4.012326002120971680e-01
3.071945607662200928e-01
9.081507921218872070e-01
-7.121108770370483398e-01
4.556660652160644531e-01
1.325291544198989868e-01
2.334733009338378906e-01
1.896286457777023315e-01
8.949127197265625000e-01
-1.159118711948394775e-01
1.494119763374328613e-01
5.469419360160827637e-01
-2.074268460273742676e-01
1.293610781431198120e-01
-6.325049400329589844e-01
-9.748165607452392578e-01
5.991728305816650391e-01
-5.932614803314208984e-01
1.107181310653686523e+00
2.427113205194473267e-01
2.732077121734619141e+00
-1.349913597106933594e+00
1.983606815338134766e-01
2.922869622707366943e-01
-7.188545465469360352e-01
1.527456641197204590e+00
-5.664711445569992065e-02
-1.538219690322875977e+00
-1.270354270935058594e+00
-7.449544429779052734e+00
-1.036315560340881348e+00
-8.891916275024414062e-02
8.053866028785705566e-01
4.084978997707366943e-02
-7.067803740501403809e-01
8.287346363067626953e-01
4.697881340980529785e-01
-6.371641159057617188e-01
1.452576182782649994e-02
-1.804680705070495605e+00
3.968468010425567627e-01
1.358305096626281738e+00
4.746081233024597168e-01
-3.342161774635314941e-01
1.244158864021301270e+00
-4.539874196052551270e-01
1.078889966011047363e+00
4.952484965324401855e-01
1.092619299888610840e+00
2.902635335922241211e-01
-3.584106266498565674e-01
1.316280961036682129e-01
8.482712507247924805e-02
7.266736626625061035e-01
-9.069854021072387695e-02
1.916545480489730835e-01
2.291802018880844116e-01
3.734246790409088135e-01
-8.405685424804687500e-02
-9.138109683990478516e-01
-5.216810107231140137e-01
4.927865043282508850e-02
-8.172160387039184570e-01
-3.391812443733215332e-01
1.836906790733337402e+00
3.210144281387329102e+00
4.893780946731567383e-01
7.138769607990980148e-03
-3.150812387466430664e-01
-1.362530112266540527e+00
-5.139399766921997070e-01
2.589133679866790771e-01
-8.687641024589538574e-01
1.362197875976562500e+00
-5.912957668304443359e+00
1.963588446378707886e-01
2.514876425266265869e-01
6.433615684509277344e-01
8.247332572937011719e-01
7.366472482681274414e-01
1.665721833705902100e-01
2.655983269214630127e-01
9.831339120864868164e-01
3.317520320415496826e-01
5.425120592117309570e-01
8.873803168535232544e-02
6.756500005722045898e-01
8.978108167648315430e-01
4.010323435068130493e-02
1.381559222936630249e-01
6.815800666809082031e-01
6.053709983825683594e-01
4.269328340888023376e-02
4.544401764869689941e-01
9.874233007431030273e-01
4.548157006502151489e-02
8.195434212684631348e-01
2.494966685771942139e-01
7.433394193649291992e-01
6.926271915435791016e-01
3.355945348739624023e-01
1.887358874082565308e-01
8.376933336257934570e-01
6.463122963905334473e-01
1.660291403532028198e-01
9.061265587806701660e-01
7.174023985862731934e-01
5.051374435424804688e-01
1.063561663031578064e-01
1.925511658191680908e-02
4.815270900726318359e-01
3.162165880203247070e-01
1.803142279386520386e-01
4.996092021465301514e-01
2.688325941562652588e-01
1.311962157487869263e-01
2.024642825126647949e-01
5.426734685897827148e-01
1.698692291975021362e-01
2.604103982448577881e-01
7.171526551246643066e-01
1.601968705654144287e-01
2.129889249801635742e+00
1.000522494316101074e+00
-2.354492425918579102e+00
7.675395607948303223e-01
