2.102910596044660796e+00
1.921268327527004383e+00
3.484284130387999556e-01
2.330053482119891495e+00
1.110101482938624651e+00
-1.680960668991710316e-01
-4.595542462177702042e-02
-2.117644336549434847e+00
-4.778150755173631858e-01
2.197172972425049053e+00
1.142332608474746047e+00
2.331941536696792827e+00
3.581076907095558370e-01
-9.290109897271242589e-01
2.164857650983763815e+00
-2.503587816146124467e-01
1.629527812137965270e+00
1.367245103673309314e+00
3.597433961978552031e+00
-1.965664069666607672e+00
-4.479630710513744507e-01
6.221545673106509966e-01
-1.781102263490880855e+00
-1.180416808243152982e+00
-3.941855282566842367e-01
-2.613888749731771988e+00
-1.002266174887309180e+00
-8.931461642201888873e-01
-1.997365679217947554e-01
-3.145102235036197236e+00
-9.351055980256722799e-01
1.912603178671257398e+00
2.606144550753657918e-01
-5.629928767012750690e-01
-1.461670713025611024e+00
-3.125565342444974526e+00
-3.342286758812175407e+00
2.885179605255698831e+00
-2.587440667836287567e+00
-1.570972639449851327e-01
-1.234275056720783859e+00
1.353780399860429462e+01
2.780214617195710858e+01
1.357629796977363412e+01
1.840135606065933160e+01
2.026225343433908321e+01
2.245646529622374743e+01
3.772890507533520577e+01
2.597414005154756822e+01
3.240183863071038672e+01
2.372945658178726447e+01
1.879073813517082314e+01
2.138896918217766441e+01
1.794289272360872900e+01
2.018035540933951921e+01
2.195358897979704338e+01
1.573188895628112505e+01
2.938412017176980839e+01
1.412378842421180281e+01
1.679004464804731356e+01
2.270743806376431451e+01
1.390550657807487767e+01
3.254292711237310698e+01
9.611581655051283590e+00
1.991802291664351898e+01
1.357996790284236432e+01
2.746843352294507667e+01
2.494605617254229557e+01
1.656228364257335173e+01
1.358030492939611911e+01
2.859578128471750702e+01
1.886133640433417469e+01
3.305811834202820165e+01
2.840420361985079722e+01
3.012353670881465106e+01
1.292770809572343182e+01
1.357948126640290276e+01
5.280394570297304568e+01
1.351555006108074153e+01
2.540037080217361520e+01
1.875992997018011721e+01
5.632176870821495207e+00
-2.289863814939578468e+00
-6.633938526025279891e+00
1.795947055061773101e+00
4.134037113311960887e+00
-3.367410712553023266e+00
5.947807311115707041e-01
4.118789404529772824e+00
-1.030424522969582490e+01
-6.357930846265072988e-01
6.678755380692966703e+00
-2.131036856531893786e+00
6.214453593344483551e+00
-3.370469751231311317e+00
-3.303751223479613142e+00
3.291092802100253234e+00
2.041288380314554285e+00
-3.497901050267732792e+00
-5.756016601315103731e-01
-1.384409997035833007e+00
2.062740624842353820e-01
6.068181188126079206e+00
1.605977594803919883e+00
4.440362826442037836e+00
9.280333033976910784e+00
2.609260581351589003e+00
2.059217650492329188e+00
1.986059683978738333e+00
2.116805935939050975e+00
-1.225367223752969137e+00
-5.477972728542660263e+00
2.953237279847077401e-01
-1.151029690368347430e-01
4.499474067838351132e+00
-4.904055484989038760e+00
5.357225134181032189e+00
5.423479591092259966e+00
3.711837734186570703e+00
-4.554123368311462361e-01
3.822886387515229689e+00
-8.864548568392050854e+00
-4.770845422430159743e+00
7.955478973675364607e+00
-3.357860537571684123e+00
-5.519571346516261912e+00
9.238870994889472499e+00
-1.292192070157874362e+01
-4.012251356359442522e-01
-5.137505518051183273e+00
2.952625133726803686e+00
-8.112173552718045855e+00
-8.130470996843921938e+00
-1.110419554131700970e+01
-1.060117353639055260e+01
1.049241705205721864e+01
5.150998917260047882e+00
-8.011946153387411229e+00
1.044603342668484736e+01
1.217751798851355183e+01
9.931504608290731895e+00
1.031087555831309110e+01
-8.602976083967462273e+00
-6.017580089656743958e+00
-1.191297710040374191e+01
1.013967697296560555e+00
1.080203939005051161e+01
2.875941094022178124e+00
-4.110796314353473591e+00
-3.514987445882605588e+00
3.216796410061641520e+00
2.907335331930291922e-01
1.246570051272965607e+01
4.379017963454672646e+00
7.269489928612074436e+00
-4.112565919573661688e+00
3.772683343489118268e+00
-4.655438249631234982e+00
-1.195499426231898532e+01
2.221387182451949882e-01
7.207160153932671287e-01
-1.023457734313293699e+01
1.205044175146816832e+00
1.528515775789410647e+01
2.369387650522653654e+00
2.643057198210626346e+00
3.859346033365904649e+00
-4.855887179929222697e+00
6.350577372285902022e+00
-6.594083703537433117e+00
8.579796956801008179e+00
-4.081225369244150691e+00
4.018644263717781939e+00
-2.307328652195326679e+00
-7.281944328609401218e+00
2.207019051497358220e+00
2.280781103121893416e+00
-7.068268263827247599e-01
-3.126097808074849826e+00
3.261482131422293040e+00
4.876711958077034836e+00
-5.597043830100685291e+00
8.969654805144159582e+00
1.457148472352455482e+00
2.587499688206129189e+00
-4.408142060088153791e+00
2.671079355347739437e+00
1.340565149915790855e+01
-5.541093457142308054e+00
-6.136379090470953201e+00
-1.282153655752388488e+00
-1.561738781910427143e+00
-2.997766728612470288e+00
4.266912310749002124e+00
2.249155536921278564e+00
2.166615530854799854e+00
-2.352603482095497966e+00
6.204719799017004433e-01
6.960189492153545210e+00
-2.539429060199853705e+00
-8.193777551363439215e+00
9.003630656101996976e+00
5.151444676978945481e+00
-1.862773276765462072e+01
-4.447447150285701589e-01
1.740407158549161615e+00
-5.240937158267753304e+00
1.034008287564327500e+00
-6.758723740528360224e+00
-6.028027550995958883e+00
7.464814533164332744e+00
-2.636030700371855495e+00
-1.321163584663541712e+01
2.944777387043154282e-01
5.391268072856970406e+00
5.384813278697540007e+00
-2.630176151641852034e-01
4.190664201283482271e+00
8.994379372204502232e+00
4.618112922117352248e+00
-1.363441497398050650e+00
4.714993551030626645e-02
6.052601387736213034e+00
9.540439830562586820e+00
-5.981956157741346480e+00
-6.506236977799705556e+00
5.690679980983266439e+00
5.684272637629026903e+00
9.799492353562199165e-01
-5.298787844067444297e+00
-3.991540868663927100e+00
-1.933693101797409497e+00
2.422024938276795325e+00
6.899991229905301005e+00
5.937380169217646220e+00
4.780581754074702872e+00
3.250102795805014377e+00
-4.869989735070963555e+00
3.341590203856308783e+00
-1.812388454780081481e+00
-1.150981306204135279e+01
2.527792141289327610e+00
4.518101432172639598e+00
1.678729022553805406e+00
-1.056733828017910959e+01
3.323528234098859446e+00
-1.151187591456970027e+00
-8.863844990384032840e+00
-1.321237847869119797e+00
1.371735526753819212e-01
-4.503446438189896206e+00
1.611858355818215571e+00
9.618975042188690594e+00
1.204351742529556724e+01
1.545136591232611778e+01
6.587757031683108444e+00
9.103972217038903025e+00
6.022524738819774015e+00
2.617459833517727485e+00
6.962243077734286523e+00
5.184525251174273208e+00
-1.141357859631062510e+01
-2.630168962352506856e+00
3.402457936670655769e+00
6.014776217601000674e+00
4.355209253630503152e-01
6.637161718175022429e+00
6.168115813545390402e+00
-2.334174506794959747e+00
1.345850636031981473e+01
-3.802735880862367246e+00
-9.158640648686806607e-01
-1.005737161175666472e+01
6.749842259056513250e+00
2.849163309056299692e-02
4.577914364647619472e+00
-5.750035954165458207e+00
8.148669806177910147e+00
3.294690683137987630e+00
2.045523774451492027e+00
8.607987237202829434e+00
-3.464031996298824634e+00
1.979757179110770426e+00
1.360979243986513154e+01
-9.231598672537687733e+00
-6.082117030563753524e+00
-1.160396530132561388e+00
3.877689551393916467e+00
3.504702649993512442e-01
1.039616927320025042e+01
-1.370286573473251668e+00
5.034719197544757385e+00
-1.151034913038583740e+00
7.597273748058989140e-01
1.065398401854868338e+00
1.551696693044424924e+00
-7.055014978329580799e+00
1.156666228495608184e+00
-9.088533728794647715e+00
2.477777723488437278e+00
5.195389959178126738e+00
8.532583937401465590e+00
-1.554384027620364428e+00
-1.894825178406099209e+00
1.632683579516046279e+01
1.724539015343647119e-01
2.555879973329850952e+00
-1.197352089812845799e+00
-4.594306316956838110e+00
5.758456048332393884e+00
-6.266473271238778509e+00
1.443389509519193981e+00
-7.367832300602430884e+00
1.572419263324785543e+00
-8.751760413847540221e-01
4.304067145408379425e+00
9.957263295795288016e+00
-3.673681852525348290e+00
-6.675556796479442667e+00
5.289270449131032947e+00
2.337894237680054665e+00
-6.126356163569427693e+00
-3.553124517758276202e+00
-1.163779014967957215e+00
-1.271649218717850438e+01
-1.704600292023090269e+00
-3.563098164795762135e-01
1.812873563765974749e+00
-5.323614070387594488e+00
-1.093249090260119161e+01
4.000153514796749299e+00
9.863879960789978085e+00
-1.957317297442579429e+00
-5.273527240477249300e+00
4.065580407981960853e+00
-6.300960656057051246e+00
-6.418076138012271059e+00
-5.078792377021350557e-01
1.886960954338568364e+00
2.172897376117748802e+00
-1.124742578719885922e+00
4.632328223553644264e+00
-1.195751422569453215e+00
3.336396747037463140e+00
6.631691639611897449e-01
8.327906953443076077e+00
8.314207602266537878e-01
8.613702610743715349e-01
2.286268169999084776e+00
5.151446168707123074e-02
3.096857266808255904e+00
-1.324838024789357638e-01
-1.800730066059170520e+00
-2.199588030896383994e+00
8.806034369886844848e-02
-7.539965968118817585e+00
-2.034034253143512050e+00
4.646006991310259515e+00
1.811266137247301788e+00
4.130013673965475363e+00
-6.639035943845623677e+00
-9.338014347613885491e+00
2.414773706459320823e-01
2.357748067609604092e+00
-6.937123553050741354e-01
-2.120168866328293600e+00
4.421656925846536801e+00
8.841356019132852850e+00
-3.793046841119628976e+00
1.449524172974161917e+00
-9.683323142302791453e+00
-3.247522354369754005e+00
3.668748267865181711e-01
4.059862497225918965e+00
-3.603858015309208684e-01
-7.300460461860145411e-01
-8.284290509577239447e+00
8.882556359648683397e+00
-5.956861622058101879e+00
1.033700280066696564e+01
-2.186777694743429201e+00
-1.106939411758513181e+01
9.802792399933442979e+00
-3.701154310073109688e+00
-4.634702638524950125e+00
-5.759831683552010695e+00
7.146301259010853002e+00
3.645658408745547918e-01
7.907120524328766997e+00
6.363374236286062136e+00
7.856399464852605874e+00
9.432474732968720854e-01
-5.444392913880719220e+00
1.246430005250346262e+01
8.914832252662176160e+00
-8.184701358620927181e+00
-1.036654008157891660e+01
-1.310769495565487119e+01
2.812884609758968590e+00
-3.041100674486538757e+00
5.100810523862072898e+00
6.936335165346118714e+00
3.658715015958139194e+00
4.693773848296486584e+00
8.737255658295554284e+00
-6.221718134134910372e+00
-3.358998234622634804e+00
-1.255230455121911781e+01
-2.205957068477804928e+00
-4.884561869148019930e+00
-9.469411141073928562e+00
1.422056080635835507e+01
-3.700165321137654506e-01
-1.803360073557346954e+00
9.313995729769958487e+00
8.949541319219564528e+00
4.920325838414790987e+00
4.205004493143574967e-02
7.309282574682370859e-01
-2.591820999997771491e-01
-4.717909358017481125e+00
1.200625827766663001e+01
6.382564702700066483e+00
7.046500954285314755e+00
2.246625840324006251e+00
1.227788569134112162e+00
9.437721463527197763e-01
7.174603044636777227e+00
8.205164701651908032e+00
-4.446456981030649791e-01
2.244528744725049485e+00
-1.599599141547917158e+00
1.393021362143881170e+00
-6.423929510911737806e-01
-6.970993546869838298e+00
6.739289643726517731e+00
-3.587358106246612444e+00
5.867768590100255643e+00
-1.119954420949490909e-01
9.693999082076347751e-01
7.315549144321738417e+00
-7.300713191380574507e+00
3.416040641203552664e+00
6.794612122362777562e+00
-8.895653283301006908e+00
-1.012039027292135529e+01
-6.699021376547730888e+00
1.610175863959182330e+00
7.977478148812845227e+00
6.836037621645044027e+00
-2.164379149262907642e+00
1.539293952412261302e+00
4.331062240409677133e-01
-2.112441453136306713e+00
2.837170901418343494e+00
-4.927146718826374006e+00
-5.543961465292952973e+00
6.515863012955428246e+00
-8.815455922221724805e+00
3.598042757250796253e+00
7.974674571147478686e-01
1.641289855822175792e+00
9.519315646471998571e-01
-2.478919484555035968e+00
3.842855317693044892e+00
-3.100178277346269162e+00
2.503198316570073079e+00
5.971853374662175362e+00
-1.475888768351768476e+01
-4.326997680019500692e+00
-6.529596217324482588e-01
-6.344166442630379876e+00
-2.299848138664324804e+00
7.942948684540450444e+00
3.317663116703621906e-01
2.069952762302355698e+00
1.961576246166815807e+00
-1.138475082350906220e+00
7.404160845378055633e+00
7.199228417221544163e+00
6.983324554830648623e+00
6.653790405768628347e+00
-2.504621816260876432e+00
2.294508430380893138e+00
1.167563308938810351e+01
-7.028857092429300124e+00
-1.212137061758503798e+01
-1.492891324971959421e-01
3.933633334372743207e+00
1.038734711963445578e+00
-4.720696115026368767e-01
3.596489865713044853e+00
-1.241177291604904420e+00
1.489707367723112075e+00
-4.726869508589894409e+00
4.161507087734790389e+00
2.093935536730085367e+00
4.967191062591882478e+00
-5.426863932384770051e-01
7.676027422912313769e-01
3.169976042885221723e+00
-1.190685634506874280e+01
-5.326701031283920251e+00
-1.469186594313201422e+00
-6.231204090494985026e-01
5.707611425500008551e+00
6.393242336673517379e+00
-2.222690671160006293e+00
6.179593300984296711e+00
4.698739681280410529e+00
-7.686605060518906463e+00
-1.263729683660612668e+00
3.061754967417450235e+00
-4.244553806150957342e+00
-1.306396886270412061e+00
-8.867578833836672558e+00
1.941113621704649184e+00
8.925389439509613609e+00
1.956445452744616675e+00
3.438202022632113053e+00
-8.692269292353708821e+00
5.451121175488476744e+00
-1.921876485005258095e+00
-5.489968895770458879e+00
-9.312823375672488524e+00
9.992002417760426525e+00
2.942018031413293766e+00
-4.772644860382408566e-02
1.244001124985718754e+01
6.391522825028097543e+00
1.038997777317486459e+01
1.331630067153472652e+00
-7.515977683889577321e+00
1.266680520732722526e+00
1.412721272182369203e+00
8.992569360802589173e+00
5.829355001191774299e+00
4.609815550702788478e+00
9.986616744474947183e+00
1.261834702251498186e+00
-3.744158587094293722e+00
1.361590421953828400e+00
3.009398874354787701e+00
9.436209079738221206e+00
-8.129970934296878449e-01
-1.197524037292184262e+00
5.490851998791395516e+00
2.723998054365408983e+00
-1.845516799755108517e+00
3.833600124724816371e+00
5.822405415115520455e+00
-5.306024357156353233e+00
-4.293498554107738840e+00
1.062732191336642540e+00
1.116051770474297733e+01
3.453753862439899347e+00
5.914896178355542489e+00
8.585523282615190155e+00
-1.431742115271990023e+00
2.343029286971338720e+00
7.120158945859574651e+00
1.110850928117030634e+01
1.051839300564846447e+01
-2.828769165598163493e+00
-2.866618800624077590e+00
1.257637576443299388e+01
-6.894743099144984733e+00
-1.077312127253338758e+01
4.685402626968881989e+00
6.195853853564964986e+00
1.367168408425724069e+00
6.654748890455904231e+00
9.110664384229211210e-01
-2.815053248968012678e+00
2.298798090863016341e+00
-4.881863535083058814e+00
5.138519242141439847e+00
5.371237203135790672e+00
3.189760050344685460e+00
-6.892050993749935905e+00
-2.347769165674471914e+00
-6.549079050164456461e+00
-9.726300277740557831e+00
5.002241267475289632e+00
-1.763793387212141184e+00
-1.007404379789264892e+00
-8.777443635284075896e+00
-1.180100487035961621e+01
-3.994246635671583889e-01
-3.452834302102500530e+00
-7.757226020740594308e+00
1.194363023266387813e+01
1.256083542035090694e+01
-6.234166450044360985e+00
-9.341952408512012695e+00
-4.278944977022697493e+00
-1.621274549600009163e+00
-8.770076417353299902e+00
8.119358073166583978e+00
-2.125144973691297956e+00
9.635386818834330569e+00
-1.036259087503282217e+01
-1.254447148268985046e+01
4.866028313888724810e+00
8.910244147538795900e+00
2.281553077056194923e+00
-6.058311817247348241e-01
-6.050902740625964782e+00
-5.444308937860003361e+00
1.961401921502385459e+00
-8.786964344258548776e-01
1.287261878112480884e-01
3.115308188401154865e+00
6.488367156074843045e+00
-1.582373980520095591e+00
1.348279001016296830e+00
7.297256750346944321e-01
8.469273139621110502e+00
-1.808482697633184921e+00
-1.879406802132196352e+00
-8.030549150350090315e+00
3.402574297188860619e+00
2.244868189274988435e+00
-4.403930546575606897e+00
8.022074105651714859e+00
7.028490566016054153e+00
7.214533213435727177e+00
-1.096502240730829136e+00
1.369443902201588903e-01
5.166875808078878585e+00
-3.637189833185832111e+00
-2.425186121854718824e+00
1.225294586840181132e+01
4.942806202156034168e+00
4.879619136218375175e+00
-7.621895308400239877e+00
2.030977412924103997e-01
1.590891989671899509e+01
-3.373942531624511965e+00
-1.541597951884817164e+01
4.852070562771824136e+00
5.433675538894234158e+00
2.706649154253605971e+00
6.814057026555577323e+00
7.634206466981433792e+00
-2.383116888691610757e+00
3.185924917476997020e+00
-1.191365373725396193e+00
-3.863937860800665813e+00
1.116446843267069866e+01
-3.521583120290049607e+00
-6.810438767611477040e+00
-1.929804917462350389e+00
-4.106481246489501302e+00
-8.886011078978091504e+00
-9.926766506955976510e+00
-1.291382891493199558e+01
-3.505065420208721694e-01
-6.613342587253393745e+00
-5.325806165272418902e+00
7.069569362792908152e+00
6.232342288918868434e+00
1.736910217001685686e+00
2.265170304780195654e+00
-5.270905693460778529e+00
1.238961681288692995e+00
-2.920724122875347994e+00
8.643371836516806184e+00
-5.232619334666299693e-01
1.210843210925878211e+00
-5.356010739801597254e+00
-3.951394580476659257e-01
-6.425762472915611312e+00
-9.623392748203830394e+00
-5.676756419346040694e+00
-2.479858595796831988e+00
4.803621730045388283e+00
-6.529199471563824630e+00
5.435967634641922785e+00
-5.979350482774727915e+00
-5.666709099217250412e+00
1.193342773048920868e+01
5.017928467436044038e+00
-2.292885475965073638e+00
-1.019656589844503536e+01
-1.982426456130119252e+00
-8.774385408946557163e+00
-7.927110067547504357e+00
8.467262707166831603e+00
-1.080693042376185176e+01
-2.853130853507252152e+00
-5.073239484994632065e+00
-8.484036622763914792e+00
-1.485610144018316037e+00
-4.353251213855479307e+00
-3.678146603173991558e+00
-8.321797566273259505e+00
-8.584771672799583087e+00
-2.817492141720602916e+00
-7.467536888797106975e+00
-3.634758925775262828e+00
9.506864111550321184e+00
6.114919966589465794e+00
-3.567371364859532434e+00
-3.594565224824670224e+00
-5.076054730253949820e+00
-7.632970675663451665e+00
-9.553740224975808104e+00
8.972695917971210022e+00
-6.467341941608114375e+00
-2.709131319717284492e-01
3.319660098122916736e+00
8.593569939889800224e+00
4.358920719219234741e+00
5.179267621886161521e+00
-4.633042239471971135e-01
1.201229766799806420e+00
-9.173716475432149409e+00
-3.065605929789494866e+00
3.588206258173364471e+00
-2.211365086944018010e+00
-1.083019252261900434e+01
-5.423583341010295378e+00
-5.457249982191830995e+00
1.845955521776717623e+00
-1.877517554403271283e-01
-5.923466647808800500e-01
-6.291800457462356277e+00
8.096302757032058039e+00
-4.090099357781629585e+00
-8.506582818364247345e+00
3.680840840867263819e-01
1.093651362222679113e+00
2.695925240999121897e+00
3.002084119481545521e+00
-8.050924649569706659e+00
-3.404449943532965595e+00
-1.292907640767285149e-01
1.194194734797464630e+00
-6.378440112344658353e+00
-1.688148826233273780e+00
-2.922367360993576746e+00
9.787693392394780645e+00
-2.728887496588801587e-01
-1.172049865787552880e+00
-7.133626289631133766e+00
-3.433035742585247796e+00
-4.774224958335961944e+00
-3.309785381963258111e+00
1.434433321469580580e+00
-6.352876765588122865e+00
1.694579271233836337e+00
-1.051888208471518915e+01
-1.116569449090406074e+01
9.243409827725157513e+00
5.801247993459146990e+00
-5.959882193044159671e+00
-2.973208099966183404e+00
-6.623912758861352224e+00
7.932004424509337959e+00
-2.314335005210178320e+00
-2.511869687536655515e+00
-7.386163546240061883e+00
-4.619429723048121161e+00
-8.057493441441323512e+00
-4.103485627139989766e+00
-2.500263928042006256e+00
2.859450038295269447e+00
-7.018441503491145816e+00
-5.599980362698312675e+00
-2.406218917065301721e-01
-4.834806277388657314e+00
-3.546552830909812104e-01
-2.045954206840325362e+00
7.029538307846617151e+00
9.101458483074443606e+00
2.360708832548918501e+00
6.804260306325699226e+00
-1.119689963094585394e+01
4.098654748536614711e+00
-2.017267475030930957e+00
-8.594289933001991955e+00
-5.791034433324902864e+00
-9.689475843663212018e+00
-8.487578412986668042e+00
3.061755260693983072e+00
2.254665992789945950e+00
4.373368131297879380e+00
-5.766209056955927892e+00
8.130149920480673753e-01
-2.444390265186037858e+00
8.003532571468996437e+00
-6.721183524568679069e+00
9.480358384459947052e-01
3.406873243879187108e-01
-5.012256266062062871e+00
-4.931336521574490206e+00
-7.894565537444912628e+00
-1.245349322518337187e+00
-1.762863789252557600e+00
-2.265812556741022110e+00
3.020176946825018138e+00
-1.120063492511895475e+01
4.156119745651387642e-02
-9.735204493041954565e-01
2.013450655602289918e-01
6.689171088502067208e-01
1.069384771420601732e+00
9.992830722905289065e+00
-2.211597071533633052e+00
-2.173098279084306750e+00
-6.408400950505929394e+00
-1.541328809642986464e+00
7.852628690008233825e+00
-1.718718913012649230e+00
1.811797260900035678e+00
-7.561324758018159287e+00
7.495797042137902766e-01
-7.216022743286441887e+00
-6.494615351160000216e+00
2.124165336629995515e+00
-5.220721862963196180e+00
-6.488121925584375838e+00
-8.601626682486228859e+00
-3.641839370008407961e+00
1.113832247666947772e+01
5.094981473663849902e-01
-1.651496180843456285e+00
-5.652591209714046272e+00
4.563142261577578296e+00
-8.460902987253293261e+00
-7.505166651871668648e-01
-4.259768031213506667e+00
-7.001645734050788050e+00
-3.126515598073870361e+00
3.685795293455357058e+00
-5.748527259071823714e+00
-1.005645768763230530e+00
-9.403916059016948381e+00
7.835850414479551773e+00
3.716098719545723128e+00
7.233241030292433038e+00
2.353030761857556552e+00
-9.009735095852858811e-01
1.070961183304450515e+01
-1.580132352565645437e+00
-1.558426415696201106e+00
5.590565046878651856e+00
5.368283261017102959e+00
1.168385281488327543e+00
-4.495404266784532865e+00
7.561426947453627534e+00
1.037605680074032977e+00
5.324718371165787723e+00
3.513439396381814461e+00
5.374713876847660110e+00
4.454363130838869367e+00
6.573916044912071932e+00
-5.942803048165505864e+00
-1.891699492079047806e-01
-6.113273210811170699e+00
-3.399436237925082871e+00
3.914767425620215402e+00
-1.233786763288762423e+01
4.076046441578296431e+00
7.444020813048586316e-01
8.867485157340724289e-01
-7.322862525018837943e+00
-2.095549578560238935e+00
-8.997377988551725991e+00
8.742674549103826465e+00
-7.904988511833320075e+00
-1.013895281836384221e+00
7.903602410657330601e+00
1.631637428310003912e+00
-1.659802040289227287e+00
2.514292034217892269e+00
-3.049776996942995755e+00
-5.101562430041986396e+00
-8.876983091124694525e+00
-4.650139689894399631e+00
3.688105910478352900e+00
3.026008337648228075e+00
1.246056763901065567e+00
6.779142879234541397e+00
4.289462549563148208e+00
5.936106863093538522e+00
-1.018160239571260117e+00
5.595070494571723341e-01
-8.111220956258394565e+00
-7.962082111636156867e+00
5.365884740868644975e+00
-6.285014928022306435e+00
1.342692940009344513e-02
-5.300245837185484810e+00
3.635095819059640743e+00
-6.459474130016917393e+00
-4.393905177930823136e+00
6.208241375183112254e+00
-4.492378687428123740e+00
1.995678798811949539e+00
-8.884415778061583779e+00
-7.578924426780695445e-01
6.664187183080274579e+00
-9.605711187453049860e+00
-7.666669721651028224e-01
7.827456533443482023e+00
-1.846779913891022584e+00
3.286010799001583660e+00
5.233434266258937817e-02
-3.635227458423143432e+00
2.787235093804695252e-01
5.503032807898165402e+00
7.605925047111044002e+00
-3.390364231747370560e+00
1.164678239468684140e+01
-4.235863125726047507e+00
-5.133567067560114161e+00
4.583897823039624342e+00
4.686416523780605026e+00
-5.392793282526408660e+00
3.651042061691825769e+00
1.082640802604486829e+01
-1.058221972144218315e+00
1.309224835590661762e+01
7.339354698985542491e+00
1.623960294847325958e+00
7.801065055355552502e+00
6.288470249339904505e+00
9.112596989426098304e+00
6.597445213501762495e+00
-1.242566630770241076e+01
-2.952513761750632515e+00
1.982303747967528063e+00
9.191365726909948464e+00
1.966473538581508196e+00
6.331857412393024021e+00
8.601881404615081550e+00
-1.139071059195653213e+00
6.338523113507005924e+00
1.314285588852838638e+00
-1.778033933438926795e+00
2.577064749764713891e+00
9.075801205854780562e+00
2.636062194268705028e+00
-7.419190067549052081e+00
-8.282389249460452019e-02
2.153958392243855879e+00
-6.146030421081285944e+00
3.963220008619283696e+00
3.706800683235178528e+00
-8.023886702340510269e+00
3.551854285494031593e+00
3.125152203804235085e-01
-5.507652887951516973e+00
4.712554097254389340e+00
6.358178573387529120e+00
2.187292972338392705e+00
-1.375025143652490456e-01
-1.456093245145918758e+00
2.485447168730708645e-01
-3.871251793509534966e+00
-3.986296627169708451e+00
-5.760200168171846435e+00
2.389041778507496439e+00
1.785954680275007520e-02
-3.950384919466237932e+00
8.311154181061037871e-01
-3.152765726875843555e-01
-3.878036486083775269e+00
6.555461774703254640e+00
2.313525259603243622e+00
-3.846264138250011566e+00
3.133392579150500179e+00
-3.088120943985876554e+00
-6.519015508315810337e+00
-3.508782464353072950e+00
5.804046001454328696e+00
-2.898690945129485552e+00
7.626055219716635136e+00
-4.018024255869142358e+00
-3.017636293410605575e+00
-3.056713807145100326e+00
-4.085882661498642321e+00
3.415419483554047009e+00
1.534873897190162317e+00
-3.103706037012255448e-01
-4.355076294600754849e+00
2.142105427301174148e-01
1.920344471972260658e+00
7.755837317568509137e-02
-5.018777972366165407e+00
-4.125782587654705402e+00
4.777034667352022979e+00
-1.947344676988006951e+00
6.527983610935891301e-01
-2.827383656355793917e+00
8.335473820989573568e+00
1.581298330026188026e+00
3.187530822198892277e+00
1.881366821145481083e+01
9.548018154877651043e+00
5.292277179916643481e-01
3.066227566973827479e+00
1.363895644648726702e+00
5.360597138025694264e+00
3.784743852741195180e+00
7.870478957365935058e-01
-2.299077373180240969e+00
5.240027109998911747e+00
5.248439268333036090e+00
1.116052592776320962e+00
-4.130975192576566535e+00
1.071869730943677013e+01
2.444371444757819312e+00
-1.030914317237694444e+00
-4.339647862590726435e-01
-1.545663711672289997e+00
-6.707048610737310845e+00
-1.176136319167420474e+01
3.858211804219234153e+00
1.609120608306532363e+00
2.697386760938533801e+00
2.861540568232117998e+00
-3.734936734353744292e+00
-4.077902038162404708e+00
1.058394912043986613e+00
-2.297060645567281068e+00
8.153844973713628264e+00
7.124386740349610392e+00
-2.639300685757884235e+00
-3.895080537601328441e+00
-4.448826600401687426e-01
1.116655155653879206e+01
3.068723234881296058e+00
5.806646110559354312e+00
2.546230342599214325e+00
-5.612162888091907220e+00
1.469259033402160686e+00
1.810603731745965422e-02
2.287969363324224847e+00
3.399766963475208126e+00
1.063245067166448621e+01
4.795844702486840916e+00
1.413512085895079373e+00
-1.643892630079502926e+00
-2.998898433513375927e+00
9.207801032975979183e+00
3.988243936977106774e+00
-4.193810890904722477e+00
-1.670076677636981755e+00
3.384727033136827767e+00
8.042488723217331881e+00
-4.503676774032455477e+00
4.603717214369899224e+00
-3.298115610635018680e+00
8.792724337177888927e+00
9.737872207398657887e-01
6.502201902038776460e+00
-6.922823586116599870e-01
1.325839503879522985e+00
4.212668850206394033e+00
-9.181394543137517683e-01
1.008017289512605785e+01
5.136579818137226860e-01
4.888716238340421683e+00
-1.067439101060545514e+00
-6.862362135631569160e+00
-2.732889855123956213e+00
-3.822463925877837010e+00
1.909284787761671875e+00
-1.784221109186745480e-01
1.635354423226883069e+00
4.992459114008862109e+00
6.467746152036304430e+00
8.595618550637256661e+00
2.082434122089260597e+00
1.997959670400028642e+00
-2.826164196024914865e+00
4.120229167098575118e+00
4.299129105638794357e+00
-7.107015990457150600e+00
-6.426137539166199009e-01
-2.871272286234146875e+00
-1.806363623451189948e+00
-2.453332760085662034e+00
1.046415916564905579e+01
4.643992483343731159e+00
1.514973861321673221e+00
1.928603518486223800e+00
1.698254585911870063e+00
-2.198705973499140320e+00
6.954095662921084831e-01
-1.805422690934978258e-01
-2.040542772071365363e+00
3.424909614094158616e+00
5.747820798656973373e+00
-5.905400584851832058e-01
3.600554337562091423e+00
-5.459629304741015154e+00
-1.631574608922877534e+00
1.587094815196903097e+00
8.334057104992719234e-01
-4.324684763745430871e+00
-4.956602818477767514e+00
-3.940559248245577795e+00
-3.787616167357736430e+00
-5.067576791267244474e+00
5.218590347339774560e+00
-4.836454666701038296e-01
4.498818240324196083e-01
-2.890055162986169268e+00
-1.523956443044644782e-01
-9.036894986379003569e+00
-7.115307690407226993e+00
4.999280270109827257e-02
1.586829536517367911e+00
3.534144817972530439e-01
-5.529807260654759915e+00
-1.741508970283405511e-01
1.805601477079737949e+00
2.305805721228854299e+00
-2.959907532653847984e+00
-2.516104319457979521e+00
-3.204932028606290562e+00
-5.197725854018780289e+00
-1.170740975975952836e+00
-2.001518431992230340e+00
-1.251897541013889281e+00
7.663842938120529524e+00
-4.185395407365354870e-01
9.485352777275029013e-01
-2.409310780055086809e+00
6.208779319501244842e+00
-3.886042877832157405e+00
1.025529713214613725e+00
-1.589452697779796697e+00
-5.273022986431304737e+00
6.891966673557562428e-01
-4.862198666573825712e+00
-4.414926958112046496e-01
-7.383459108231345880e+00
-1.152096416586589456e+01
-6.999002045212296075e+00
-4.565966485293100341e+00
-4.550510398832905423e+00
-1.346946265421486766e+00
-4.111901009757587211e+00
-1.779351743264720564e+00
-3.703413760498502239e+00
5.722496607828319704e+00
3.480009368131394276e-01
-1.582180758627843575e+00
-5.430962159240008802e+00
3.586743109028269316e+00
-9.863055085787406639e+00
-7.248303313509992130e+00
4.102270698084654610e-01
-2.445236395289855480e+00
-1.567330958852031497e-01
-8.155670170279281095e+00
8.099475241202915843e-01
2.086780559912140731e+00
-2.542493655225734450e+00
-3.905511013760833983e+00
-5.324754908634636408e+00
1.011566588235323305e+00
2.226020678289079235e+00
-5.625992689863563712e+00
4.980885352030330004e+00
7.895349727754044089e+00
1.028400489478018187e+01
-6.582595970684949727e+00
-1.739451861319476711e+00
-7.126963539489941546e+00
-1.591518967526543094e+01
-8.778559022644873977e+00
1.754394705802688081e+00
-1.121206344716422443e+00
-4.163606405484657103e+00
-2.669943452985200860e+00
-7.188439522607487753e+00
1.400041494496894634e+00
6.905834664135388046e+00
1.513768115058051089e+00
6.187026007887447276e-01
-2.153056788571727331e+00
-4.032320198072644191e-01
-1.774266450757948421e+00
-4.191881585400612842e+00
3.336959266043440397e+00
-7.641802424889605483e+00
-1.004679682328255019e+01
2.463872068456580244e+00
-6.893060887640138468e+00
3.022823998058473016e+00
4.709760551593662470e-01
-3.911728969587872640e-01
-6.172257576307952576e+00
-1.199822993018218487e+00
5.697138805339185375e+00
6.708295719135239921e-01
-4.658541230470461869e+00
4.770383298012847995e+00
5.234069161779065560e+00
3.310661117180881519e+00
3.749026151210430591e+00
1.193512265789504134e+01
7.086117420769599384e+00
-1.884685227701144328e+00
1.468488204580070851e-02
4.268908707096368715e+00
5.389574728053483810e+00
3.572907848894474103e+00
1.842751349603411359e+00
-1.899673629149177145e+00
-7.178744779721399460e+00
4.997481685746672397e+00
5.558634849394419319e+00
1.509718899505581913e+00
-3.832850889298201891e-02
5.278556364076420593e+00
-3.413766916961442188e+00
1.857088544362691440e+00
1.141831581799676920e+00
-6.003586630951502495e-02
1.605115767503362934e+00
-9.258594765376349400e+00
8.068883095859437360e-03
-1.452031504890172853e+00
6.413258151706305865e-01
2.413167752367738395e+00
-3.693957710154398999e+00
-4.499265701485298585e+00
1.286439936547550467e+01
7.756801227012243061e+00
4.696165288575365970e+00
-8.626036318422045213e+00
6.229630174031283163e-01
-1.560576713022801654e+00
-1.516273855400307680e+00
-2.822759124929790087e+00
-4.002787364187055275e+00
5.139345083430085559e+00
-1.044226073301164764e-01
3.479510740320753026e+00
1.810059576431939377e+00
-7.825337421841306318e-01
4.253896168747115070e+00
-4.174871456465560016e+00
-7.561178703889839703e+00
6.479433840766708030e+00
-8.639407083704538692e+00
1.041316175461849269e+01
-8.359917746074877698e+00
-8.537323971897333719e-01
-4.109904622351844061e+00
4.173653328250206407e+00
-3.443927551894268024e+00
8.992253246103149023e-01
5.866256202561839217e+00
-5.436180165804945119e+00
-5.823122146182759806e+00
1.772374719078993577e+00
1.199375707554318327e+00
-3.350120759124137315e+00
-6.514236206342208568e+00
-1.938391835241025873e+00
-6.335787633482447001e-01
-1.370708283951694861e+00
-3.470880205147719888e+00
-6.611727810785422932e+00
-5.809343792453071309e+00
-4.956550955951399828e+00
-6.134600787333478245e+00
4.438802632160454564e+00
3.091892018675145071e+00
-2.860072633036431444e+00
-2.029753414382622356e+00
-5.588205038298316829e+00
2.040771060034318740e+00
-3.727268328428180455e-01
-2.593970161234958827e+00
-1.954231655853006622e+00
1.869527277169829027e+00
-5.527559010880246149e+00
-2.850291489082610319e+00
-2.133941942253485102e+00
-1.037260666268892528e+01
-4.481226238321143640e+00
2.724011271903233222e+00
3.277618407817635138e-01
-5.943933079434065014e+00
8.626107203321346617e+00
9.678271702292131629e-01
6.141364944962400152e+00
3.392898756541053995e+00
1.426226736120765004e+00
3.571965201140959945e+00
-8.931668305547374453e-01
7.176546407730543642e+00
8.662376872895439561e+00
2.852105341470094757e+00
3.732170261815302315e+00
1.230120614196578810e+00
-5.211611144328847978e+00
-5.509938681323780507e+00
8.023709308144702845e+00
1.076265158536358157e+01
2.253900377479657546e+00
1.550475917390766512e+00
6.490218750972474027e+00
-3.656181626174208166e+00
8.939252083062568799e-01
-7.565287353121203928e+00
-1.593097227551443229e+00
-2.555869417989001136e+00
1.659205084162316490e+00
-4.426536959203943411e+00
-9.167362568184108662e-01
5.649028473280927720e+00
-1.351846431470239862e+00
-2.780140599778189614e+00
-1.018575061293110906e+01
-7.348453346280886755e+00
2.133249321860037906e+00
-2.654096240588337263e+00
6.823800488855873425e-01
1.581539008930942514e-01
-8.035261175840528125e+00
-6.865745829263298461e+00
-7.962064054038643590e+00
3.402930086849586200e+00
6.165911775723528443e+00
-4.840990200929716991e+00
-7.024984059202167508e+00
-4.642702531967752400e+00
-1.532738464082039842e+00
2.987555049731462464e+00
-5.820402053653792152e+00
1.125058632796559266e+00
1.070163489957829173e+00
-9.832425159016278116e+00
-5.994679397084972550e+00
-1.710722651649524639e+00
4.865140202324358398e+00
3.810467417954431557e+00
-2.009596985077400255e+00
1.077775346361275588e+01
4.206486489557440756e+00
2.405664851869202092e+00
-1.034473902317497362e+00
1.204783725290588237e+01
-2.540384160134649960e-01
-2.866679998414835673e+00
-3.959148110000616061e+00
-2.054493726943139809e+00
7.103742775318792724e+00
-5.109794428046726900e+00
2.104156614002812731e+00
4.473217644810477012e+00
-2.047224103593846767e+00
8.172968604734005993e+00
3.713112350303058307e+00
-7.029395330622860705e+00
-2.851972685978533817e-01
-5.712156712811198300e-01
7.703011430602725973e+00
-1.121956055393283513e+01
5.584773985419506204e+00
-5.903370008340920627e+00
3.587758897062266694e+00
2.307699438180041085e+00
-1.568180359022408876e-01
-9.196484803167789934e+00
-5.847768732207757836e+00
-7.262932070841348953e+00
-3.777707014669626329e+00
4.450227577495342146e+00
-6.855863903200908993e+00
8.550133622141675716e+00
4.686677047689660647e+00
1.508601569871856229e+00
-7.111997272179795715e+00
-6.875711196815948334e+00
3.424738586047740285e-01
3.105433289776637018e+00
-2.053107818015038166e+00
-8.351962614323028333e+00
-2.929580429728806390e+00
7.510746888501774743e-01
-3.230264145437363066e+00
-9.554507078186149638e-01
-4.973587510035960335e+00
8.624729516383512484e-01
-8.028782738140820552e-01
4.425582437169044425e-01
-3.342671402114114620e+00
2.088421445837694623e+00
6.434970938369263038e+00
2.600275708208500625e+00
4.592397962584072069e+00
6.395037854643624842e-01
-8.178725173606716581e+00
2.849475896870518402e-02
-9.096615578148222525e+00
-8.667159568439997130e+00
-3.025841598360687890e+00
3.003470278881342104e+00
4.605875620295445394e+00
7.532053410420478379e-01
3.819243479105213890e+00
3.100700956144324838e+00
5.671192811214681662e+00
-2.932258690708136051e+00
6.487439705522253242e-01
3.042141969983187533e+00
-1.312651030328079615e+00
4.229726330034809578e+00
-4.007406495892617215e+00
4.125919358035620710e-01
-1.831207995120467391e+00
-5.695705738590097766e-01
1.242354178177334845e+01
4.373848821664851449e+00
7.311069393436238073e+00
-4.693646205470844990e+00
1.059372351893291160e-02
6.223815476971080507e+00
-1.888276091720153815e-01
6.197387925943621312e+00
6.483021925870493529e-01
1.368618811370525989e+01
8.367572917541622246e+00
2.567696549354158364e+00
-4.007247409598334364e+00
-9.829245591049422526e-01
6.206783217302989542e+00
4.662213378820047716e+00
-4.087652430180477303e+00
-1.074153590594363772e+00
-1.200235990751227444e+00
5.707026284622520151e+00
6.587965432325015858e-01
-1.033247452500414942e+00
-7.141355270566710267e+00
-2.964275192775969625e+00
2.734455878607471746e+00
5.081814036621018493e-01
-6.386682010646605789e+00
1.578366136457771240e+01
1.088695701340906830e+01
3.594956257740987038e+00
1.113116563330978792e+01
1.679790433317084331e+00
7.858812720430965015e+00
8.564636930693657391e+00
-1.266418494700622066e+00
-8.755156908604680766e+00
-5.222779324804563750e+00
-3.247192144238754352e+00
8.138005146807882895e+00
-2.194220348881684490e+00
-1.307586442325780363e+00
2.849619362182791882e+00
-1.079409895248611084e+00
7.059184008931142174e+00
2.646789123371787955e+00
3.919202479741716871e+00
-4.968901244696732888e+00
4.099482952167202932e+00
-8.906542874476901517e+00
3.962922242341836987e-01
-3.448448305456339291e+00
-2.458443890504676155e+00
-1.759746602258013715e+00
1.903732612772341293e+00
1.646712508167879827e-02
-4.302982374321671521e+00
-3.450372364178172280e+00
2.506013813931383449e+00
4.977332533412663018e+00
-1.998519423018149999e+00
-2.830172179188004566e+00
5.545620193458674407e+00
-9.562854005967839299e+00
-2.477146047412906102e-02
-3.188896127503322298e+00
4.799633573689417787e+00
4.227056050082580896e+00
3.593244842731143862e+00
4.171951557290198842e+00
1.919950165574178191e+00
-7.963188174884703763e+00
1.147856037333036427e+00
-9.770849199975140564e+00
-1.384543963268288813e+01
-4.305241215953613754e+00
-8.313096426860766552e-01
4.150469439377101111e+00
-8.005321227330433942e+00
3.197585006162479537e+00
4.249437380520336482e+00
-1.077380840202516038e-01
-5.290868468670584690e+00
2.579907028325689300e+00
9.193199017281448171e-01
-3.344659951849799473e+00
1.208698888417453210e+00
4.465458385483755954e+00
4.104921895260437381e+00
4.550197393084609132e+00
-4.885083455319978007e+00
-3.567310126979775564e+00
-1.441675256148882700e-01
-1.097401851002286222e+01
-5.152255681729862147e+00
-3.245804961593584448e+00
4.494851497825082198e+00
5.266862910591431080e-01
-6.750472514864762630e+00
3.006415794749493386e+00
5.396857103435319658e+00
5.536390470837759814e+00
-4.426759058242509148e+00
4.580737041289503431e+00
-2.036220098209645446e+00
-3.976472102907880224e+00
-2.060963759257469441e+00
4.055112379958442759e+00
-2.721836603120032283e+00
-2.271791379605255567e+00
1.625705066551541345e+00
-1.702672185507488445e+00
-8.708534361653875067e+00
3.889945114686601535e+00
2.285307476869213428e+00
-3.117723070044332800e+00
1.637016754761646098e+00
-6.753042531904454471e+00
-1.577207670449151666e-01
1.286415204892643382e+00
1.604094302715913356e+00
-1.770792263297483293e+00
6.991927411317662155e+00
-6.011262549814233580e+00
-1.134797517915653753e+00
-1.037979523576097485e+01
6.129680746401708902e+00
-8.605520701899315839e+00
-7.036501819686133530e+00
-5.654310230987740660e+00
5.328932474886186377e+00
-1.828099535535648190e+00
1.348043088330055927e-01
-5.075896484467994796e+00
4.329402100447134472e-01
1.733882109484675915e+00
3.216532009274752912e+00
-9.312422333826370746e+00
-2.739965102902420124e+00
3.621901232533254689e+00
1.614332112000657071e+00
3.497535309749036259e+00
5.043854098415039289e+00
-1.975273940068177136e+00
-7.653016613634550103e-01
-8.596432645603044875e+00
-2.675116507432663049e+00
9.828157991226035284e-01
5.651964737603907274e+00
2.308161131213460227e+00
-2.896747635416789368e+00
2.844310304353188545e+00
-2.311020073173559730e+00
-2.098031930760650976e+00
5.594874443090613880e+00
3.998209316001061220e-01
-7.006170579559879430e-01
5.328288992088999976e+00
7.287201795985708941e+00
3.343539045487269323e+00
-8.665239133568841012e+00
6.733832041066849072e+00
-1.048159898916566490e+01
3.849911026993206864e+00
3.903012770933513398e+00
-6.214951208577883079e+00
-2.942867479098870476e+00
-4.729626518584176154e+00
2.829714006827643846e+00
2.930188109970886523e-01
-5.013693838927068214e+00
-8.744610249501480581e+00
-1.160729081283417452e+00
5.081159220614512861e-01
-1.916973013726654962e+00
-4.487660872185540661e+00
-3.031587095002245213e+00
4.549199843864904835e+00
-7.380731592171366984e+00
5.038385697505041172e+00
8.902800239680942473e-01
-6.569199078259244651e-01
-1.909882522994001741e+00
2.640494831171178891e+00
-4.537771212601823478e+00
-3.907222553958562550e+00
-8.502992389377439508e+00
8.047732443337592301e+00
5.414854398778615518e+00
-6.172610741108154109e+00
2.801061076324447452e+00
-6.909245116699020528e+00
9.434300778685903666e+00
-4.620952405171960820e+00
1.149428512350544773e+00
-2.298042512670593063e-01
-1.271571050297867655e+00
2.448992602626564874e-01
-1.317395215518145646e+00
-1.641424590541978867e+00
2.787989296625365210e+00
9.041443786999803223e-01
6.568047416104838554e+00
-3.817325806576937985e+00
-1.888266310115620961e+00
-8.408572548612504249e+00
6.202947170279001554e+00
-7.111023986425765386e+00
3.460628009458177612e-01
2.776757928668750264e+00
-6.552058072557972679e+00
3.042999147271945759e+00
6.165289575075943773e+00
2.023716101606918283e+00
-2.788590077608762208e+00
3.281997858208422159e+00
-5.682112985914664627e+00
-5.769064114069648586e-01
-3.741882790039654516e+00
2.621798370350206131e+00
1.727231175008810737e+00
3.212794701454436019e+00
-5.786352741446153303e+00
-1.967442232830109439e-01
9.981779073297222027e+00
3.589088570958274715e+00
-3.186787647712584715e+00
4.986213513439556877e+00
6.489097664078666838e+00
-2.025680422790637092e+00
-8.229727054068503023e+00
6.468458593607860685e+00
-4.786656699312336727e+00
-9.580347568246887491e-01
1.820301875045003293e+00
-3.681115742715542205e-01
-7.756323653025817499e+00
-2.357694302952561660e+00
2.887120507021171179e+00
-4.678017784602768736e-01
8.825326644824352806e-01
-3.118442096157990839e+00
8.248840747974925947e-01
-3.600095129083196177e+00
7.516338159086775050e-01
-5.056627388731846473e+00
-8.709018326397592880e-01
1.274657156826031423e+00
-4.871132210003395357e+00
-5.086481056461551908e+00
8.014745558189798058e-02
8.782795559192889456e+00
-5.902772126728158320e+00
9.707060676847570235e+00
-2.820857302815045209e+00
3.642001443492731472e+00
-6.753836801679511392e-01
2.514962709448966383e+00
-1.254011222790764046e+00
-2.689150171824314484e+00
5.237741623004508185e-01
3.025351635254531324e+00
1.494061086082966394e+00
6.115876014009931083e+00
-1.962583234748213501e+00
6.984678399990331243e+00
-7.635514215007307648e+00
-7.946116218100638395e-01
-6.565174205092140447e+00
5.574878510847192103e+00
3.427465402120658311e+00
-8.004216160026260685e-01
4.299179820788552320e+00
-2.191954406097534225e+00
7.918011482938691614e-01
-7.459963233993327059e+00
7.677653669636109512e+00
-7.538866511146099292e+00
2.743138630493782704e-02
5.004793233877105507e+00
4.851749026635459927e+00
-9.871429121614774260e-01
-1.848351474513267423e+00
-1.194125761323878709e+00
4.260587717505132765e+00
-5.401400597142329119e+00
-5.791121024892637692e+00
1.281693749955694450e+01
-3.407262306238540983e+00
2.714827136211138470e+00
-1.057960490910241447e+01
5.520563092993860721e+00
-8.529199734302078895e+00
5.872520472334436192e+00
-1.716637215872032884e+00
3.638060397576948102e+00
-3.596456193110908472e-01
-7.205907683367787087e+00
-4.273004141068075690e+00
