2.215341329574584961e+00
-5.167742371559143066e-01
5.130037784576416016e+00
4.102625846862792969e+00
3.836194038391113281e+00
-9.501863718032836914e-01
5.152968168258666992e-01
-4.789680242538452148e-01
5.303910374641418457e-01
-6.502673774957656860e-02
-2.147064685821533203e+00
1.587740629911422729e-01
5.954868346452713013e-02
-9.705188870429992676e-02
8.616134524345397949e-02
1.674496531486511230e+00
1.079849052429199219e+01
1.332204341888427734e+01
1.544447517395019531e+01
1.893224334716796875e+01
2.310564804077148438e+01
-4.693732559680938721e-01
-5.558079481124877930e-01
-1.785213313996791840e-02
7.817261219024658203e-01
1.191965818405151367e+00
-8.478817343711853027e-01
-4.429642856121063232e-01
4.753087162971496582e-01
8.821585774421691895e-01
-8.311436176300048828e-01
-1.128440022468566895e+00
-3.020460307598114014e-01
-7.551295310258865356e-02
2.201252698898315430e+00
1.567734718322753906e+00
1.441123243421316147e-02
3.070588707923889160e-01
-2.068097889423370361e-02
-2.401593923568725586e-01
-9.578016400337219238e-02
6.236497759819030762e-01
-1.323893815279006958e-01
-1.883514523506164551e-01
-1.669992208480834961e+00
3.645344674587249756e-01
2.531864643096923828e-01
-2.352592498064041138e-01
4.157404303550720215e-01
-1.472038030624389648e-01
-5.944882035255432129e-01
1.106823086738586426e+00
3.599247932434082031e-01
3.212904930114746094e-01
-1.878077387809753418e-01
7.166258990764617920e-02
1.399824619293212891e-01
1.115178987383842468e-01
1.116366982460021973e-01
1.862781345844268799e-01
5.265290737152099609e-01
3.044254183769226074e-01
3.596769869327545166e-01
1.210663989186286926e-01
-7.983244657516479492e-01
7.822420597076416016e-01
7.160379737615585327e-02
6.914944648742675781e-01
1.170875132083892822e-01
1.935125142335891724e-01
9.123814702033996582e-01
3.107124269008636475e-01
3.156425058841705322e-01
8.070301413536071777e-01
4.099605679512023926e-01
5.119433403015136719e-01
1.516062915325164795e-01
1.343502700328826904e-01
1.545605156570672989e-02
3.790132403373718262e-01
9.664949774742126465e-02
7.339215874671936035e-01
1.284412980079650879e+00
-2.594725370407104492e+00
9.804331064224243164e-01
