2.209235906600952148e+00
-1.256851673126220703e+00
4.082837104797363281e+00
5.138486862182617188e+00
4.124301910400390625e+00
3.769840478897094727e+00
-1.803856015205383301e+00
1.181360244750976562e+00
1.275621652603149414e-01
1.327921032905578613e+00
-1.567851752042770386e-01
4.455138146877288818e-01
1.019883062690496445e-02
-3.552845954895019531e+00
8.498584628105163574e-01
6.868801116943359375e-01
1.289544463157653809e+00
-2.253768593072891235e-01
3.428681790828704834e-01
-2.956894934177398682e-01
1.158666014671325684e+00
-1.417956352233886719e+00
5.535532474517822266e+00
5.007736206054687500e+00
1.333146381378173828e+01
1.547376060485839844e+01
1.895896339416503906e+01
4.654486846923828125e+01
3.070645523071289062e+01
-2.867560684680938721e-01
1.075191617012023926e+00
-1.157742261886596680e+00
1.451898574829101562e+00
-8.289715051651000977e-01
3.187466621398925781e+00
9.151906967163085938e-01
9.594870805740356445e-01
8.424746394157409668e-01
1.293294038623571396e-02
-1.967807650566101074e+00
1.125385165214538574e+00
3.954581260681152344e+00
-9.019467830657958984e-01
2.585780024528503418e-01
1.810811161994934082e-01
1.525943279266357422e+00
-1.928418278694152832e+00
-9.641150832176208496e-01
-3.822844475507736206e-02
-3.995267868041992188e+00
-5.204139649868011475e-02
-1.804877817630767822e-01
3.742767095565795898e+00
2.835875988006591797e+00
1.286190986633300781e+01
-6.018896579742431641e+00
5.189999103546142578e+00
9.724763631820678711e-01
1.035547256469726562e+00
3.158378303050994873e-01
-1.072090119123458862e-01
9.784300625324249268e-02
-2.754498243331909180e+00
1.974772930145263672e+00
-3.055850505828857422e+00
-1.357942968606948853e-01
-2.498720139265060425e-01
6.391096711158752441e-01
-3.740870714187622070e+00
5.410592079162597656e+00
7.363910079002380371e-01
-1.935903429985046387e-01
3.529314398765563965e-01
-4.290601313114166260e-01
-4.904002845287322998e-01
7.337092757225036621e-01
5.056369304656982422e-01
1.335469961166381836e+00
3.019550740718841553e-01
7.848563790321350098e-01
-1.783402919769287109e+00
1.462438106536865234e+00
8.592432022094726562e+00
-1.172874927520751953e+00
-1.341938734054565430e+00
8.054586052894592285e-01
1.989882290363311768e-01
-1.253205388784408569e-01
5.642861127853393555e-01
-4.290114939212799072e-01
1.001441836357116699e+00
3.366069793701171875e-01
-7.114741802215576172e-01
-2.901212684810161591e-02
4.511675238609313965e-01
-6.187309026718139648e-01
1.596117138862609863e+00
6.731929183006286621e-01
3.637603670358657837e-02
-9.243361651897430420e-02
5.840512365102767944e-02
-1.925246119499206543e-01
1.120686624199151993e-02
2.019844502210617065e-01
-2.045989967882633209e-03
5.226608738303184509e-02
-1.250663697719573975e-01
-1.939878910779953003e-01
6.052899956703186035e-01
2.060788124799728394e-01
-8.016064643859863281e+00
6.201757788658142090e-01
-5.560774207115173340e-01
8.667804002761840820e-01
5.378108024597167969e-01
3.045112490653991699e-01
8.691846132278442383e-01
6.747124195098876953e-01
1.971068084239959717e-01
7.900115251541137695e-01
1.952015310525894165e-01
5.510805845260620117e-01
5.486125946044921875e-01
7.128721475601196289e-01
8.453816771507263184e-01
8.530898690223693848e-01
1.740720421075820923e-01
2.905840873718261719e-01
7.855632901191711426e-01
8.555168509483337402e-01
2.780855298042297363e-01
3.095882236957550049e-01
3.212721049785614014e-01
6.037287414073944092e-02
9.729769229888916016e-01
7.701792716979980469e-01
3.373039662837982178e-01
2.349125035107135773e-02
6.212314963340759277e-01
6.484963297843933105e-01
3.754892945289611816e-01
3.946142435073852539e+00
1.214808940887451172e+00
-2.704735755920410156e+00
9.684743881225585938e-01
