1.997306354639083681e+00
2.252640162300482973e-01
4.024926842599996668e+00
3.266610565161365276e+00
-2.228287223668440120e+00
-6.776607529558022591e+00
-3.572844511143331125e+00
-1.285069437857240260e+00
1.005042297006842444e+00
-1.588124913531966872e-02
-4.801833459245995250e+00
8.960912999234932341e-01
3.180034749718638754e-01
1.100519245276767588e-01
2.279351625419416827e-01
4.271077886262563128e-01
8.180147659224931145e-01
8.607305832563434400e-01
6.952130531190703344e-03
5.107473025775657316e-01
4.174110031487789918e-01
2.221078104707302492e-01
1.198653673336828041e-01
3.376151714036279561e-01
9.429097039125191593e-01
3.232029320207552292e-01
5.187906217433660983e-01
7.030189588951778479e-01
3.636296023792939813e-01
9.717820827209606716e-01
9.624472949421112311e-01
1.640242802217676044e+01
1.519824118202396335e+01
1.914095951733910184e+01
1.744682957295957948e+01
-3.446915752732489580e+01
3.093596809688333948e+01
1.070812992880645531e+01
9.568410843009251820e+00
1.013584302040861296e+01
1.320828036551051454e+01
-2.031517845887207852e+00
1.375257779109236189e+00
1.108031797056920231e+00
2.093533327530410659e+00
-6.731246487963250758e+00
3.609272858306002085e+00
2.476710515148633718e+00
2.075826351957925198e+00
1.843694991090031321e-01
1.213478538592489109e+00
-7.593282729174851697e-01
6.151194490371484497e-02
-2.322901288373006856e-01
-9.155685732311916736e-01
2.310406810589609172e+00
-5.481888696749214196e-01
-1.210700517157850681e-01
-1.099514602099780580e+00
-8.344666720033551421e-02
-9.168726007069538664e-02
-1.982580526872508020e-01
-1.988464323068093453e-01
-2.812962243504297355e+00
-3.355066005121722372e-01
-1.675616388837989135e+00
5.982734100162961921e-01
1.222390738078608791e-01
5.934875269456314495e-01
-3.465340246572133687e+00
2.486120477288624731e+00
7.911313643223487624e-01
-1.154863888807402317e+00
-2.034279008816679113e+00
6.037084872169518057e-01
-2.757794481117007379e+01
1.507955924775667889e+01
2.300592507952467169e+00
3.803671679326382282e+00
-5.204071175154824092e-01
4.944883043456778537e+00
-3.525788962060466325e+00
1.181997065342170528e+00
-1.461275604213918555e+00
9.540486032003518968e-01
-2.425888110285077559e+00
-1.224081045509057830e+00
-7.015345704034282592e-01
1.122341349010835154e+00
-7.191084851389804508e-03
1.265173627763646724e+00
7.562887864060637844e-01
4.645666890217109990e-01
-4.326019418217953216e+00
-5.303488108944947044e-01
-7.491504938614095277e-01
1.089988922400758620e+00
-5.182849916134522061e-01
-4.881867278873043281e-01
-9.677171678454112858e-01
-1.374880147352722792e-01
2.127381352157454997e-01
-1.551203211660795667e+00
-6.969968166765164730e-01
1.431726966763756902e-02
1.133892663164765002e-01
7.728333753563125796e-01
2.706694961019397508e-02
-3.872469524974666566e-01
8.640457615495616972e-01
-1.046851124294227775e+00
3.642613925275975384e-01
1.957588680726861374e-01
4.601827804626662521e-01
-2.440029588802299781e-02
4.105418035335529625e-01
-1.062350752934600462e-01
1.088496563050546789e-01
5.386250646583816692e-01
-2.974341967937191300e-01
4.117540600925412297e-01
-5.990416864483840698e-01
-3.349055884681845230e-01
-7.089120608410096058e-02
8.622887066962167113e-01
-5.453925235316470221e-01
4.845109240538866130e-02
6.169046895017562537e-01
4.209651216945000107e-01
-6.595996323935529038e-01
9.550924425069592161e+00
-5.249809737020257216e+00
-8.493573038418105181e-01
-9.167415021963409849e-01
-1.063821780702359998e+00
-1.352912837265830781e+00
5.096808929503894525e+00
1.270379040069574250e+00
1.330356207778942368e+00
6.678413081242243754e-01
1.005097644637192422e+00
3.055646491689296140e-01
-1.599935051080440818e-02
-2.141104114516791945e-01
-1.824461386739067159e-01
-7.044040533224075196e-01
2.339469577081876583e-01
-2.873389710695580246e-01
1.235950614225500122e+00
1.115119089469369801e-01
6.796820172532787030e-01
