2.101813316345214844e+00
-3.496483564376831055e+00
3.857146024703979492e+00
5.097769260406494141e+00
7.364854335784912109e+00
4.613204479217529297e+00
2.373927354812622070e+00
-5.496181249618530273e-01
2.352385282516479492e+00
-9.086292386054992676e-01
-3.612130880355834961e+00
2.182538807392120361e-01
9.499611854553222656e-01
7.863450050354003906e-01
8.941100537776947021e-02
4.175807833671569824e-01
8.791183233261108398e-01
9.447320103645324707e-01
4.674015045166015625e-01
6.134113669395446777e-01
1.670339405536651611e-01
9.911686182022094727e-01
2.316717058420181274e-01
9.427317976951599121e-01
6.496466398239135742e-01
6.077367663383483887e-01
5.126885175704956055e-01
2.306698113679885864e-01
1.765280365943908691e-01
2.204862087965011597e-01
1.864382624626159668e-01
1.462569808959960938e+01
1.218913078308105469e+01
1.111760807037353516e+01
3.526220798492431641e+00
9.784871101379394531e+00
3.270029783248901367e+00
6.974028110504150391e+00
1.812563514709472656e+01
2.933195304870605469e+01
4.466443538665771484e+00
3.312999486923217773e+00
1.277647018432617188e+00
1.268794417381286621e+00
1.286681771278381348e+00
1.000713467597961426e+00
1.411943435668945312e-01
5.894106030464172363e-01
1.476435810327529907e-01
3.028337001800537109e+00
-2.524213790893554688e-01
2.747278213500976562e+00
7.793290019035339355e-01
1.910136640071868896e-01
-4.333367943763732910e-01
1.016716122627258301e+00
1.622874140739440918e-01
1.176108002662658691e+00
1.941238164901733398e+00
2.746652066707611084e-01
1.673705220222473145e+00
-7.069078683853149414e-01
3.822942972183227539e-01
-1.357677429914474487e-01
2.215551398694515228e-02
-4.624179750680923462e-02
-8.349303007125854492e-01
4.125715196132659912e-01
7.347314357757568359e-01
-1.204591274261474609e+00
2.238162755966186523e-01
9.741902351379394531e-01
1.576026558876037598e+00
1.124628782272338867e+00
3.523253202438354492e+00
1.287223815917968750e+00
3.135722279548645020e-01
5.147949457168579102e-01
-4.264113008975982666e-01
1.531557440757751465e+00
5.987602472305297852e-01
2.562949061393737793e-01
1.100003719329833984e+00
-4.968536794185638428e-01
8.208234906196594238e-01
8.602405190467834473e-01
1.745107173919677734e+00
4.386384189128875732e-01
9.931834042072296143e-02
5.833965912461280823e-02
-1.787441410124301910e-02
-5.199717879295349121e-01
-8.787985444068908691e-01
-3.357559442520141602e-01
1.126596093177795410e+00
3.810247182846069336e+00
-1.203165650367736816e+00
-4.820297956466674805e-01
6.619244813919067383e-01
-4.335882067680358887e-01
6.294475793838500977e-01
7.454578280448913574e-01
6.311967968940734863e-02
8.256508708000183105e-01
-2.141655534505844116e-01
1.321343064308166504e+00
-3.992922604084014893e-01
5.703738927841186523e-01
5.706200376152992249e-03
9.306485652923583984e-01
-3.644458651542663574e-01
-3.228292241692543030e-02
2.264056950807571411e-01
-3.864441066980361938e-02
9.309970140457153320e-01
-1.015396714210510254e+00
-5.300723314285278320e-01
1.474160313606262207e+00
1.301037311553955078e+00
1.674411892890930176e+00
-1.660119295120239258e-01
2.383715629577636719e+00
1.226571917533874512e+00
-4.902444481849670410e-01
1.234378457069396973e+00
1.596808433532714844e-01
-1.829203404486179352e-02
-1.924269318580627441e+00
-4.862259700894355774e-02
1.249131485819816589e-01
4.784958958625793457e-01
3.409802317619323730e-01
-4.971507936716079712e-02
9.419122338294982910e-01
9.654213786125183105e-01
4.673144221305847168e-01
5.701222270727157593e-02
3.134062290191650391e-01
5.859817191958427429e-02
-1.080041080713272095e-01
2.932174801826477051e-01
4.405961036682128906e-01
8.538394570350646973e-01
-2.201275527477264404e-02
-1.101455211639404297e+00
-1.303503990173339844e+00
1.825003743171691895e+00
1.331005930900573730e+00
-1.324055194854736328e-01
1.534487485885620117e+00
-8.110839873552322388e-02
6.545112133026123047e-01
2.732595205307006836e-01
9.508635401725769043e-01
1.510578989982604980e-01
4.323348104953765869e-01
9.436159133911132812e-01
4.197273254394531250e-01
6.385259628295898438e-01
3.975943922996520996e-01
2.742151916027069092e-01
9.839776754379272461e-01
4.093340039253234863e-01
8.940991759300231934e-01
2.299546003341674805e-01
2.131047099828720093e-01
3.113408200442790985e-02
6.516668200492858887e-01
3.685263395309448242e-01
8.643582463264465332e-01
4.732099175453186035e-01
9.681934118270874023e-01
1.855255216360092163e-01
8.686231970787048340e-01
7.765968441963195801e-01
7.709218263626098633e-01
8.447832465171813965e-01
7.610239982604980469e-01
6.262203454971313477e-01
1.312448829412460327e-01
3.252618014812469482e-02
9.208478331565856934e-01
6.166503429412841797e-01
7.965372800827026367e-01
4.815223515033721924e-01
1.173081919550895691e-01
1.251857876777648926e-01
6.855652928352355957e-01
4.303058981895446777e-01
2.005247324705123901e-01
4.915945529937744141e-01
6.420893967151641846e-02
5.819714069366455078e-01
2.689934074878692627e-01
7.975590825080871582e-01
3.103619515895843506e-01
4.552201628684997559e-01
1.162054017186164856e-02
7.244689017534255981e-02
3.924935460090637207e-01
4.799388349056243896e-01
6.000205278396606445e-01
2.916625738143920898e-01
6.949818730354309082e-01
8.601223826408386230e-01
7.798509597778320312e-01
4.371778070926666260e-01
8.762156963348388672e-01
1.000000014901161194e-01
