2.219213485717773438e+00
5.126422882080078125e+00
3.667604446411132812e+00
2.003300666809082031e+00
3.776721239089965820e+00
-3.248528480529785156e+00
6.726459264755249023e-01
-1.764073818922042847e-01
-2.106186628341674805e+00
-4.225375503301620483e-02
-2.431933403015136719e+00
4.615201801061630249e-02
-1.413855552673339844e-01
1.783492863178253174e-01
1.265903860330581665e-01
1.004980683326721191e+00
1.333407497406005859e+01
1.538289546966552734e+01
1.602604675292968750e+01
1.897846031188964844e+01
2.816190338134765625e+01
-8.423156738281250000e-01
1.883989274501800537e-01
6.480620503425598145e-01
-3.139788806438446045e-01
5.230049490928649902e-01
-3.183235228061676025e-01
-2.309900283813476562e+00
-1.197742074728012085e-01
-1.533114314079284668e+00
6.531749248504638672e+00
-8.523370623588562012e-01
7.109773635864257812e+00
1.447331160306930542e-01
6.154524683952331543e-01
9.009837150573730469e+00
4.559630155563354492e-01
2.784878388047218323e-02
1.918312758207321167e-01
1.495445966720581055e-01
-1.457781046628952026e-01
1.957016736268997192e-01
9.953927397727966309e-01
2.221285700798034668e-01
7.965770959854125977e-01
-3.412326574325561523e+00
1.138333156704902649e-01
-5.463328361511230469e+00
7.804574817419052124e-02
-7.310569286346435547e-01
-2.147461175918579102e+00
2.766407430171966553e-01
-1.582769453525543213e-01
-2.968185842037200928e-01
4.674606621265411377e-01
-3.070581853389739990e-01
3.590800762176513672e-01
6.109360605478286743e-02
-2.445708960294723511e-01
-1.055375695228576660e+00
1.285654306411743164e+00
1.328249126672744751e-01
3.415563106536865234e+00
3.752467930316925049e-01
7.907892018556594849e-02
1.845804572105407715e+00
-3.461430547758936882e-03
-3.063337178900837898e-03
-7.973228581249713898e-03
-8.214826695621013641e-03
9.912159293889999390e-03
-9.246384724974632263e-03
5.404491443186998367e-03
7.327655795961618423e-03
5.030130036175251007e-03
3.233990399166941643e-03
3.293045097962021828e-03
2.993471221998333931e-03
8.393770083785057068e-03
1.153806457296013832e-03
3.730915486812591553e-03
7.763641476631164551e-01
1.095082879066467285e+00
-2.122068643569946289e+00
7.699671983718872070e-01
