2.179363012313842773e+00
5.021063804626464844e+00
3.440881013870239258e+00
2.192326068878173828e+00
1.794581413269042969e+00
1.927828550338745117e+00
3.040169477462768555e+00
2.504358887672424316e-01
4.881877899169921875e-01
2.430643737316131592e-01
-8.428387641906738281e-01
5.142232775688171387e-01
-7.415113449096679688e-01
2.339203953742980957e-01
1.523815989494323730e+00
-2.858557701110839844e-01
-2.493327409029006958e-01
1.412973701953887939e-01
-5.248327553272247314e-02
-5.828258395195007324e-01
3.550381362438201904e-01
-8.733737468719482422e-01
1.328892612457275391e+01
1.530697250366210938e+01
1.543372344970703125e+01
1.742106056213378906e+01
1.909744453430175781e+01
1.903227615356445312e+01
1.961880302429199219e+01
-7.604213953018188477e-01
-1.823143213987350464e-01
4.853274226188659668e-01
7.553148269653320312e-02
2.018278390169143677e-01
-3.120141327381134033e-01
-9.427071548998355865e-03
-8.993285149335861206e-02
-1.459980607032775879e+00
-1.453753709793090820e+00
3.834985196590423584e-01
5.150617957115173340e-01
1.809735655784606934e+00
2.743765354156494141e+00
5.756906270980834961e-01
1.152949780225753784e-01
-1.128134846687316895e+00
-5.533156871795654297e+00
1.835459113121032715e+00
-1.152292966842651367e+00
-2.240268588066101074e-01
-7.601097822189331055e-01
7.793955802917480469e-01
-2.666764557361602783e-01
-2.153820276260375977e+00
3.668763339519500732e-01
1.898866176605224609e+00
9.126203536987304688e+00
6.059564948081970215e-01
1.896089874207973480e-02
-8.269116282463073730e-02
-2.624774873256683350e-01
2.835112512111663818e-01
8.328343927860260010e-02
9.625335931777954102e-01
-2.131670266389846802e-01
1.752659320831298828e+00
8.029730618000030518e-02
1.981394588947296143e-01
-4.413971006870269775e-01
-3.323518753051757812e+00
-2.195867300033569336e+00
1.101733893156051636e-01
6.967803835868835449e-01
5.136065483093261719e-01
4.891036033630371094e+00
-2.100044637918472290e-01
1.743603795766830444e-01
3.089366555213928223e-01
-3.589464128017425537e-01
7.137332558631896973e-01
3.322131931781768799e-02
-4.464072287082672119e-01
1.120084822177886963e-01
-1.146277546882629395e+00
-4.342344760894775391e+00
1.213014796376228333e-01
-1.420450061559677124e-01
-2.090520970523357391e-02
1.703308224678039551e-01
9.041183441877365112e-02
1.699993610382080078e-01
-5.261663198471069336e-01
3.531979024410247803e-01
-4.105530381202697754e-01
3.209603428840637207e-01
-8.400063961744308472e-02
6.012678146362304688e-02
2.245519638061523438e+00
5.588574334979057312e-02
-5.723069608211517334e-02
1.777711957693099976e-01
-3.770837783813476562e-01
-2.403875112533569336e+00
-3.188846409320831299e-01
6.656159460544586182e-02
-1.858687102794647217e-01
-1.629814654588699341e-01
-3.427648544311523438e-01
-1.424235850572586060e-01
2.083800584077835083e-01
3.847223222255706787e-01
1.098452687263488770e+00
3.253970623016357422e+00
-6.903048139065504074e-03
-7.662317249923944473e-03
-5.512966774404048920e-03
2.629822411108762026e-04
4.929239396005868912e-03
2.300355350598692894e-03
-3.381718648597598076e-03
-2.675648080185055733e-03
-9.724747389554977417e-03
1.831437693908810616e-04
-8.062556385993957520e-03
-9.549658745527267456e-03
-3.014278598129749298e-03
7.361682131886482239e-03
-1.498784055002033710e-03
7.548861205577850342e-03
-1.234893104992806911e-03
3.827154403552412987e-03
-5.088903009891510010e-03
8.950096555054187775e-03
6.493958644568920135e-03
9.085916914045810699e-03
8.083392865955829620e-03
1.158909988589584827e-03
3.094673622399568558e-03
-3.302820259705185890e-03
3.027087775990366936e-03
-5.912354099564254284e-04
9.859778881072998047e-01
9.916638731956481934e-01
-2.064822196960449219e+00
6.987655162811279297e-01
