7.490582466125488281e+00
5.550419330596923828e+00
1.544484996795654297e+01
1.510334110260009766e+01
1.016649150848388672e+01
3.994706630706787109e+00
1.755372619628906250e+01
1.550755786895751953e+01
1.620559883117675781e+01
1.660245704650878906e+01
-4.533136844635009766e+00
6.196790695190429688e+00
-9.093750953674316406e+00
1.935071754455566406e+01
1.233948612213134766e+01
1.894195437431335449e+00
6.062823295593261719e+00
8.058620095252990723e-01
5.664163589477539062e+00
1.051805019378662109e+01
-2.691502571105957031e-01
-8.518225669860839844e+00
8.789134979248046875e+00
-7.864422321319580078e+00
3.177662134170532227e+00
-8.988990187644958496e-01
-2.596955060958862305e+00
2.283734798431396484e+00
-5.200912475585937500e+00
8.858874320983886719e+00
7.566197872161865234e+00
9.556665420532226562e+00
-4.843464374542236328e+00
4.435738623142242432e-01
-8.244165182113647461e-01
-8.864906430244445801e-01
-5.447835445404052734e+00
3.371845006942749023e+00
9.438639640808105469e+00
2.532789468765258789e+00
-2.588133513927459717e-01
1.108522176742553711e+00
-3.568433046340942383e+00
-3.325117588043212891e+00
-2.321410894393920898e+00
-7.505047321319580078e+00
-1.053701591491699219e+01
-1.712857931852340698e-01
1.547687149047851562e+01
4.668169498443603516e+00
-6.349292755126953125e+00
5.055092811584472656e+00
1.982988595962524414e+00
1.207255840301513672e+01
-6.403693199157714844e+00
-9.503112792968750000e+00
-7.693055868148803711e-01
-1.384649372100830078e+01
-4.339047431945800781e+00
2.178085088729858398e+00
1.651391029357910156e+00
1.760155916213989258e+00
1.919352859258651733e-01
-3.016905546188354492e+00
9.637173652648925781e+00
1.204366683959960938e+00
4.524797499179840088e-01
2.270125389099121094e+00
-5.324914932250976562e+00
1.469574689865112305e+00
1.696693450212478638e-01
4.526045799255371094e+00
-1.474305391311645508e+00
-2.779264561831951141e-02
6.334960937500000000e+00
-2.935752391815185547e+00
4.831570148468017578e+00
8.502158522605895996e-02
5.432571411132812500e+00
1.085893154144287109e+00
-1.505493879318237305e+00
1.377063244581222534e-01
6.268632411956787109e-01
-5.836442112922668457e-01
-1.411721467971801758e+00
6.130131721496582031e+00
3.249591350555419922e+00
-1.549166202545166016e+00
6.761166453361511230e-01
-2.950600683689117432e-01
-3.110116720199584961e+00
4.403642177581787109e+00
-2.041584253311157227e-01
-1.597428172826766968e-01
2.013717174530029297e+00
3.782740592956542969e+00
-2.873766124248504639e-01
-2.378371715545654297e+00
-1.667294740676879883e+00
7.123886108398437500e+00
-1.564981937408447266e+00
8.809499144554138184e-01
-8.497645854949951172e-01
3.816239356994628906e+00
1.662361383438110352e+00
3.447582960128784180e+00
3.625188112258911133e+00
-1.764253497123718262e+00
-5.717046856880187988e-01
-6.173468112945556641e+00
-4.207987785339355469e-01
6.118298172950744629e-01
-1.792479395866394043e+00
-3.623183667659759521e-01
-2.007171630859375000e+00
1.930711418390274048e-01
-1.041594505310058594e+00
-3.066648244857788086e+00
7.252985000610351562e+00
3.032677412033081055e+00
7.946321964263916016e-01
6.153020262718200684e-01
1.612926006317138672e+00
-3.809136390686035156e+00
2.047381639480590820e+00
-3.156930923461914062e+00
7.160401344299316406e-01
5.602776072919368744e-03
2.191329240798950195e+00
8.212446212768554688e+00
-1.632426500320434570e+00
3.346965074539184570e+00
3.466263055801391602e+00
3.406940221786499023e+00
1.905071377754211426e+00
-7.599617242813110352e-01
-9.119697213172912598e-01
7.095614671707153320e-01
-4.753559112548828125e+00
-5.520459413528442383e-01
4.574065208435058594e+00
5.295249462127685547e+00
-2.267992019653320312e+00
6.609640121459960938e-01
-4.607397615909576416e-01
-2.181902170181274414e+00
3.966969728469848633e+00
-1.914590120315551758e+00
8.491443991661071777e-01
2.748878955841064453e+00
7.688756465911865234e+00
1.828868985176086426e-01
-2.135531425476074219e+00
2.199036836624145508e+00
6.479535102844238281e+00
1.965676546096801758e+00
1.954476714134216309e+00
8.965955972671508789e-01
3.810134887695312500e+00
1.999466180801391602e+00
-1.044251561164855957e+00
6.855461746454238892e-02
4.605540633201599121e-01
7.766966819763183594e+00
-9.432233124971389771e-02
-2.836771726608276367e+00
3.280879929661750793e-02
1.768664002418518066e+00
2.801015138626098633e+00
-1.744097322225570679e-01
-1.485370248556137085e-01
1.275188088417053223e+00
-5.971920967102050781e+00
-9.985138177871704102e-01
3.760852813720703125e+00
-7.148647308349609375e-01
