1.007546901702880859e+01
7.980188369750976562e+00
1.643302726745605469e+01
1.395336437225341797e+01
1.089357662200927734e+01
6.300610065460205078e+00
1.648384475708007812e+01
1.557124614715576172e+01
1.640334510803222656e+01
1.544482707977294922e+01
5.376046150922775269e-02
7.075984001159667969e+00
-7.185287475585937500e+00
1.779955291748046875e+01
1.151125812530517578e+01
2.906084537506103516e+00
4.745077133178710938e+00
1.822461038827896118e-01
2.976662397384643555e+00
1.087992668151855469e+01
5.145436525344848633e-01
-8.736716270446777344e+00
8.431998252868652344e+00
-9.051589965820312500e+00
2.286452770233154297e+00
-4.020794034004211426e-01
-3.227055072784423828e+00
1.861803054809570312e+00
-1.022484493255615234e+01
6.068077564239501953e+00
6.478950977325439453e+00
7.523243427276611328e+00
-4.101232528686523438e+00
8.660113811492919922e-01
-1.198100566864013672e+00
-1.201821923255920410e+00
-8.505468368530273438e+00
4.774687290191650391e+00
7.023149490356445312e+00
2.776379823684692383e+00
7.652035951614379883e-01
8.649831414222717285e-01
-5.468142986297607422e+00
-5.460748195648193359e+00
5.727970600128173828e+00
-7.433503627777099609e+00
-9.059636116027832031e+00
-8.964306116104125977e-01
1.115775299072265625e+01
6.151967048645019531e+00
-6.346783638000488281e+00
4.174150466918945312e+00
1.208429574966430664e+00
1.224549484252929688e+01
-7.740147590637207031e+00
-8.401352882385253906e+00
-1.099982380867004395e+00
-9.997842788696289062e+00
-7.369440197944641113e-01
2.048860788345336914e+00
2.602513790130615234e+00
2.842612028121948242e+00
1.894795298576354980e+00
-5.403210639953613281e+00
1.663093924522399902e+00
1.871824979782104492e+00
2.575405597686767578e+00
1.713022470474243164e+00
-3.327235937118530273e+00
1.057678937911987305e+00
-2.560754120349884033e-01
4.435723781585693359e+00
-9.584625363349914551e-01
-8.075415343046188354e-02
4.456498146057128906e+00
-2.075007677078247070e+00
4.786802291870117188e+00
4.316740989685058594e+00
4.801210880279541016e+00
2.227262973785400391e+00
-1.049424171447753906e+00
5.929289013147354126e-02
2.300180941820144653e-01
-1.200294852256774902e+00
-2.345452785491943359e+00
4.728062152862548828e+00
1.813288331031799316e+00
-2.275530815124511719e+00
-1.161756813526153564e-01
-1.264531970024108887e+00
-2.205327987670898438e+00
3.062355041503906250e+00
-2.747448205947875977e+00
-1.590599417686462402e+00
2.214442968368530273e+00
2.255117654800415039e+00
-5.465162396430969238e-01
-3.309176862239837646e-01
1.999063491821289062e+00
5.646950244903564453e+00
-1.954765796661376953e+00
-9.220289438962936401e-02
-9.521896243095397949e-01
5.151734352111816406e+00
-5.257896184921264648e-01
3.761196613311767578e+00
3.190468311309814453e+00
-1.808041691780090332e+00
1.413729786872863770e+00
-3.780143499374389648e+00
-3.060401678085327148e+00
5.282471776008605957e-01
2.039946794509887695e+00
3.771660566329956055e+00
-2.035693407058715820e+00
6.332372426986694336e-01
-1.769822835922241211e-01
-3.766903877258300781e+00
-6.331210732460021973e-01
-1.873523354530334473e+00
1.566466927528381348e+00
2.533772468566894531e+00
1.572071552276611328e+00
-3.062735557556152344e+00
2.419666051864624023e+00
-3.328501224517822266e+00
3.489507198333740234e+00
-1.804350316524505615e-01
1.302081704139709473e+00
5.264950752258300781e+00
-1.364493966102600098e+00
3.461081743240356445e+00
3.316606998443603516e+00
3.561755180358886719e+00
4.008680343627929688e+00
-1.018681645393371582e+00
-9.460594058036804199e-01
-9.835774898529052734e-01
-2.908288955688476562e+00
-1.842107295989990234e+00
4.969042778015136719e+00
1.919328689575195312e+00
-1.508890867233276367e+00
2.546542882919311523e-01
-5.514279007911682129e-01
-2.267046213150024414e+00
4.162379264831542969e+00
-2.766884565353393555e+00
-1.869858860969543457e+00
3.347165584564208984e+00
2.796075820922851562e+00
5.115498304367065430e-01
-9.958245754241943359e-01
2.000008583068847656e+00
4.641586780548095703e+00
1.753551661968231201e-01
5.606647729873657227e-01
5.116502046585083008e-01
3.737751960754394531e+00
-5.888716578483581543e-01
-4.207042604684829712e-02
2.183857202529907227e+00
-8.082441985607147217e-03
6.800183773040771484e+00
-2.106775641441345215e-01
-3.006673812866210938e+00
-2.978456914424896240e-01
2.629013061523437500e+00
3.441045522689819336e+00
-2.498440444469451904e-01
3.827313482761383057e-01
9.164779186248779297e-01
-4.077136039733886719e+00
-7.452197670936584473e-01
-2.166229248046875000e+00
-4.921506643295288086e-01
