1.819917488098144531e+01
1.544486141204833984e+01
1.610006332397460938e+01
1.883408355712890625e+01
1.596619224548339844e+01
1.551384067535400391e+01
1.778941726684570312e+01
7.491836071014404297e+00
7.854174613952636719e+00
5.798095703125000000e+00
6.668974876403808594e+00
1.173130607604980469e+01
1.469874095916748047e+01
8.562122344970703125e+00
9.653705596923828125e+00
1.676222991943359375e+01
-5.394616127014160156e+00
9.571179389953613281e+00
8.130260467529296875e+00
9.645412445068359375e+00
1.003035926818847656e+01
-7.201268076896667480e-01
-4.897142052650451660e-01
-2.347121000289916992e+00
1.021297574043273926e+00
-3.768736839294433594e+00
1.321410369873046875e+01
-4.860976696014404297e+00
2.159901380538940430e+00
-3.000665664672851562e+00
-7.083622455596923828e+00
-2.385708391666412354e-01
-2.952372550964355469e+00
-4.665641784667968750e+00
9.879091262817382812e+00
-9.169719219207763672e-01
1.924603343009948730e+00
2.079582214355468750e-01
-1.471422076225280762e+00
1.011319541931152344e+01
5.457302570343017578e+00
-1.897810220718383789e+00
3.800538301467895508e+00
7.362366676330566406e+00
-6.765037059783935547e+00
-5.751422047615051270e-01
1.575838327407836914e+00
1.574763655662536621e+00
2.872229337692260742e+00
-4.872616529464721680e-01
-4.842993915081024170e-01
6.498085021972656250e+00
1.113466739654541016e+00
-7.704459190368652344e+00
-9.097499847412109375e+00
2.504161834716796875e+00
3.148526191711425781e+00
2.137884616851806641e+00
3.709847450256347656e+00
-7.443754196166992188e+00
4.303408145904541016e+00
-6.595228672027587891e+00
-1.975329160690307617e+00
-8.927233219146728516e-01
8.972394943237304688e+00
3.004218339920043945e+00
3.023612022399902344e+00
8.283476829528808594e+00
-1.102965259552001953e+01
3.728081464767456055e+00
-2.074170708656311035e-01
1.708133816719055176e+00
-9.168727874755859375e+00
-5.277986049652099609e+00
1.912544965744018555e+00
3.197608292102813721e-01
-5.532361030578613281e+00
6.234819889068603516e+00
-1.773426175117492676e+00
1.614465141296386719e+01
6.757992267608642578e+00
2.503323316574096680e+00
-4.584323763847351074e-01
5.497619628906250000e+00
-9.660161018371582031e+00
1.609989047050476074e+00
2.047875642776489258e+00
-1.124432161450386047e-01
-1.772761702537536621e+00
-6.634253263473510742e-01
7.315963506698608398e-01
-1.325773000717163086e+00
-1.417878150939941406e+00
1.257830500602722168e+00
1.286996454000473022e-01
-1.922592073678970337e-01
-7.760750055313110352e-01
4.011548519134521484e+00
4.763148784637451172e+00
-1.325111031532287598e+00
-2.021368741989135742e+00
-1.786870598793029785e+00
-7.161846637725830078e+00
1.327535629272460938e+00
9.751989364624023438e+00
2.207943201065063477e+00
-8.706120252609252930e-01
-3.221836686134338379e-01
-9.194276809692382812e+00
6.890227794647216797e+00
-1.312881521880626678e-02
1.190116310119628906e+01
-4.324824810028076172e+00
4.831943511962890625e-01
1.314174234867095947e-01
-7.440309524536132812e+00
8.231435775756835938e+00
-3.588550329208374023e+00
-4.085899353027343750e+00
-2.475274085998535156e+00
-3.880704879760742188e+00
2.629024028778076172e+00
3.732968091964721680e+00
7.910857200622558594e+00
-1.659113645553588867e+00
-2.675269603729248047e+00
-2.182882547378540039e+00
5.774650573730468750e+00
7.544321537017822266e+00
4.659753322601318359e+00
2.485981464385986328e+00
1.765701889991760254e+00
-1.141629314422607422e+01
6.100633621215820312e+00
-1.595827341079711914e+00
4.205949783325195312e+00
-1.963528633117675781e+00
-1.384218573570251465e+00
3.856067657470703125e+00
-9.975060462951660156e+00
-1.084580540657043457e+00
4.193121433258056641e+00
8.284931182861328125e+00
-3.426299333572387695e+00
1.556809043884277344e+01
5.087776184082031250e+00
2.095316410064697266e+00
2.324419975280761719e+00
6.365351200103759766e+00
1.845901608467102051e-01
-5.262200832366943359e+00
5.102935791015625000e+00
-2.459311187267303467e-01
2.649062633514404297e+00
-1.074172258377075195e+00
1.248268008232116699e+00
-1.938061229884624481e-02
6.564773321151733398e-01
2.182556867599487305e+00
5.703501701354980469e+00
-1.444540858268737793e+00
1.393855094909667969e+00
5.726741254329681396e-02
3.373073101043701172e+00
-3.173979520797729492e-01
-3.562345504760742188e+00
-1.762442827224731445e+00
4.999765872955322266e+00
-3.582751274108886719e+00
9.091142416000366211e-01
2.778529644012451172e+00
8.017321825027465820e-01
-1.934290528297424316e+00
1.714011907577514648e+00
1.618878126144409180e+00
4.309343546628952026e-02
1.614183932542800903e-02
4.735248565673828125e+00
2.275351285934448242e-01
-1.548444628715515137e+00
-7.610246539115905762e-01
-1.792525649070739746e+00
4.972043037414550781e+00
8.064007163047790527e-01
-4.272582530975341797e+00
-3.313640594482421875e+00
-1.326826691627502441e+00
1.472581386566162109e+00
1.535936355590820312e+00
1.713937878608703613e+00
1.475958108901977539e+00
-3.248730421066284180e+00
-4.055683612823486328e+00
-4.544856071472167969e+00
2.700701951980590820e+00
4.518489837646484375e+00
3.554488182067871094e+00
-2.025050878524780273e+00
-1.317131161689758301e+00
-4.797645211219787598e-01
3.252828598022460938e+00
-3.347770214080810547e+00
3.209449768066406250e+00
-8.701874017715454102e-01
-2.958523511886596680e+00
4.181814193725585938e+00
7.178867459297180176e-01
-1.349125623703002930e+00
3.185747861862182617e+00
3.312529325485229492e+00
2.103186845779418945e+00
1.082080155611038208e-01
2.340958356857299805e+00
1.280502557754516602e+00
1.729902625083923340e+00
5.697926878929138184e-02
4.691357612609863281e-01
-3.516491651535034180e+00
-8.610507011413574219e+00
5.167189121246337891e+00
6.040000319480895996e-01
-2.463042497634887695e+00
-1.489629268646240234e+00
-2.224375247955322266e+00
1.168288588523864746e+00
1.410263776779174805e+00
1.461044788360595703e+00
9.703071713447570801e-01
-9.220148921012878418e-01
1.627241522073745728e-01
4.844521582126617432e-01
-1.004485249519348145e+00
6.637427210807800293e-01
3.306113243103027344e+00
8.472588658332824707e-01
2.216841459274291992e+00
1.601608395576477051e+00
-8.142797350883483887e-01
-1.144505023956298828e+00
-1.385941028594970703e+00
-1.616387605667114258e+00
-1.164411187171936035e+00
-2.722150087356567383e+00
-3.575251102447509766e-01
-5.055010318756103516e-01
-2.104818582534790039e+00
2.043445587158203125e+00
2.921871423721313477e+00
2.791840791702270508e+00
1.658021569252014160e+00
1.202216386795043945e+00
-3.048492431640625000e+00
-4.373779773712158203e+00
9.864656925201416016e-01
4.690019607543945312e+00
-1.484520673751831055e+00
2.973227739334106445e+00
1.086833238601684570e+00
3.979147672653198242e+00
8.092623353004455566e-01
-4.037846088409423828e+00
3.101388454437255859e+00
3.052030086517333984e+00
-6.082012653350830078e-01
1.596036911010742188e+00
6.739365458488464355e-01
-1.722777485847473145e+00
-3.333815097808837891e+00
-3.765440464019775391e+00
-4.655607044696807861e-01
-2.377286911010742188e+00
-1.072666645050048828e+00
5.548481941223144531e-01
2.397907257080078125e+00
-1.314491271972656250e+00
3.668717145919799805e+00
-5.126730799674987793e-01
-1.196883082389831543e+00
4.012497901916503906e+00
-2.479022264480590820e+00
5.351730823516845703e+00
-2.775761842727661133e+00
-4.079601287841796875e+00
6.143156051635742188e+00
-3.048000812530517578e+00
-5.603061676025390625e+00
2.253949165344238281e+00
-2.423563957214355469e+00
1.565260887145996094e+00
7.590889930725097656e-01
-1.848536252975463867e+00
1.517001986503601074e+00
-3.936786055564880371e-01
4.146986901760101318e-01
2.583091497421264648e+00
5.374802112579345703e+00
-1.432568907737731934e+00
2.379718542098999023e+00
-1.320188283920288086e+00
1.807183980941772461e+00
-5.155407786369323730e-01
-5.882472991943359375e-01
-6.891143918037414551e-01
5.314963817596435547e+00
-3.635893344879150391e+00
1.768033742904663086e+00
5.308890938758850098e-01
1.660082936286926270e+00
1.682007312774658203e+00
1.146127104759216309e+00
1.527441024780273438e+00
1.385654449462890625e+00
-9.723204374313354492e-01
4.127508163452148438e+00
-1.889087438583374023e+00
-3.840301990509033203e+00
-2.563768386840820312e+00
-4.535085856914520264e-01
4.729025363922119141e+00
9.451720118522644043e-01
-1.926535129547119141e+00
-2.173336982727050781e+00
1.153784751892089844e+00
6.103332638740539551e-01
-2.145157456398010254e-01
-7.582328915596008301e-01
3.582818508148193359e-01
-2.909185409545898438e+00
-3.538901805877685547e+00
-2.435907840728759766e+00
3.253739118576049805e+00
4.453044891357421875e+00
3.601117134094238281e+00
-1.350241661071777344e+00
-2.871958255767822266e+00
-3.396822810173034668e-01
3.691705942153930664e+00
-3.340804576873779297e+00
2.923678874969482422e+00
3.791660368442535400e-01
8.762271404266357422e-01
2.109256505966186523e+00
4.964708805084228516e+00
-1.754520297050476074e+00
1.933057665824890137e+00
2.370880365371704102e+00
-3.356218338012695312e-01
7.653335481882095337e-02
1.727456808090209961e+00
3.110523462295532227e+00
7.863499164581298828e+00
1.515750527381896973e+00
3.196375370025634766e+00
2.552582696080207825e-02
-6.911630153656005859e+00
5.106954097747802734e+00
6.885384321212768555e-01
-2.774333238601684570e+00
-5.996953248977661133e-01
1.866825103759765625e+00
-1.457374095916748047e+00
-1.481535911560058594e+00
1.715663373470306396e-01
-2.810767292976379395e-01
1.149269819259643555e+00
-1.163697838783264160e-01
-1.065836176276206970e-01
8.524903655052185059e-01
-9.100295901298522949e-01
3.396622419357299805e+00
-5.454325675964355469e-01
2.782189607620239258e+00
2.596001923084259033e-01
-1.862603425979614258e+00
-2.770037651062011719e+00
-9.213072657585144043e-01
-1.800880908966064453e+00
-9.592858552932739258e-01
-1.807088732719421387e+00
-1.156165480613708496e+00
-1.746710181236267090e+00
-1.928689122200012207e+00
-9.732833504676818848e-02
1.815858960151672363e+00
5.138311982154846191e-01
2.025958061218261719e+00
6.254010200500488281e-01
-2.688402891159057617e+00
-4.947342395782470703e+00
-1.570917963981628418e+00
2.829240798950195312e+00
-1.813747882843017578e+00
-3.993116319179534912e-01
3.044945478439331055e+00
4.553122997283935547e+00
-6.708490848541259766e-01
-3.403878211975097656e+00
1.715737819671630859e+00
3.584574460983276367e-01
-6.152972579002380371e-01
2.424318790435791016e+00
4.811755716800689697e-01
-5.583909153938293457e-01
-4.621527194976806641e+00
-5.102793693542480469e+00
-4.581268727779388428e-01
-2.979631662368774414e+00
1.209385752677917480e+00
2.067234754562377930e+00
-8.692456483840942383e-01
-6.239086627960205078e+00
2.740101575851440430e+00
1.824578285217285156e+00
8.257409185171127319e-02
4.185389995574951172e+00
-1.974167704582214355e+00
4.641814708709716797e+00
-1.583882570266723633e+00
-4.167378425598144531e+00
5.508991241455078125e+00
-9.446766376495361328e-01
-4.321468830108642578e+00
3.335106968879699707e-01
-2.309059858322143555e+00
-9.844164848327636719e-01
