1.671025037765502930e+00
1.672681450843811035e+00
4.134248733520507812e+00
9.639590382575988770e-01
2.094636440277099609e+00
2.717166185379028320e+00
2.707706212997436523e+00
1.807856798171997070e+00
1.895418882369995117e+00
3.064860343933105469e+00
8.002307415008544922e-01
6.936870813369750977e-01
8.200102448463439941e-01
-1.989358067512512207e-01
-3.430263102054595947e-01
1.473033189773559570e+00
8.845575451850891113e-01
3.097989857196807861e-01
-3.538073599338531494e-01
2.205862402915954590e-01
-1.599988043308258057e-01
5.121688246726989746e-01
-1.875737607479095459e-01
-4.162509441375732422e-01
1.562520623207092285e+00
7.857753336429595947e-02
-7.102942559868097305e-03
-1.385372728109359741e-01
-2.102973461151123047e-01
-2.772195041179656982e-01
8.348117023706436157e-02
-6.331287026405334473e-01
4.165693521499633789e-01
-4.229563176631927490e-01
-1.484330650418996811e-02
7.746672630310058594e-01
-2.176692336797714233e-01
1.020689582824707031e+01
1.317842674255371094e+01
1.317451190948486328e+01
1.392204284667968750e+01
1.559317684173583984e+01
1.505339527130126953e+01
1.704649543762207031e+01
1.804189491271972656e+01
1.929737091064453125e+01
2.154215049743652344e+01
2.604661178588867188e+01
2.901994132995605469e+01
1.637990832328796387e+00
-7.536729574203491211e-01
5.418590307235717773e-01
-4.013725519180297852e-01
-1.736003607511520386e-01
7.009797096252441406e-01
2.577701568603515625e+00
-1.417151927947998047e+00
-8.389644026756286621e-01
9.129220247268676758e-01
1.411668658256530762e+00
-6.813002824783325195e-01
4.963256716728210449e-01
-3.578189611434936523e-01
-2.166697978973388672e+00
-7.188435196876525879e-01
1.314604997634887695e+00
-4.844765067100524902e-01
-4.706003069877624512e-01
3.160013258457183838e-01
-7.191150188446044922e-01
-1.338880300521850586e+00
-7.655175924301147461e-01
2.893679440021514893e-01
2.109420299530029297e-01
-1.183861196041107178e-01
-1.175970673561096191e+00
2.626432895660400391e+00
-1.549020767211914062e+00
-1.012611031532287598e+00
2.507624626159667969e+00
2.039144039154052734e+00
4.087096691131591797e+00
3.215068578720092773e+00
3.082779347896575928e-01
-6.589251160621643066e-01
-1.173465728759765625e+00
7.976998686790466309e-01
4.302964210510253906e-01
-2.312630414962768555e+00
-1.630073070526123047e+00
-1.184487581253051758e+00
4.549218714237213135e-01
-1.608403474092483521e-01
2.168218642473220825e-01
-4.231860041618347168e-01
-6.185987591743469238e-01
1.942276477813720703e+00
-8.320753574371337891e-01
-3.632275164127349854e-01
-8.189038038253784180e-01
-1.534596532583236694e-01
-2.140274941921234131e-01
-5.523524284362792969e-01
7.943278551101684570e-01
1.212497591972351074e+00
4.495409131050109863e-02
-7.801983356475830078e-01
1.675559759140014648e+00
3.510095775127410889e-01
-1.414878845214843750e+00
-3.691716670989990234e+00
1.634579539299011230e+00
-6.782653927803039551e-01
-4.268052279949188232e-01
2.678079009056091309e-01
1.002246499061584473e+00
1.356426358222961426e+00
1.679570674896240234e-01
-6.900448799133300781e-01
3.068654060363769531e+00
1.931362032890319824e+00
-1.583509564399719238e+00
-4.441895484924316406e+00
-2.838681697845458984e+00
-2.041253328323364258e+00
-1.806740283966064453e+00
-2.549053430557250977e+00
-1.561553180217742920e-01
1.474470496177673340e-01
-6.953529715538024902e-01
9.501085281372070312e-01
3.098936378955841064e-01
-5.498030781745910645e-01
4.138522446155548096e-01
5.940905809402465820e-01
3.245253860950469971e-02
-3.025958240032196045e-01
-8.434376120567321777e-02
-5.379541516304016113e-01
6.105191633105278015e-02
1.077369809150695801e+00
4.455470442771911621e-01
-4.505730047821998596e-02
4.162321239709854126e-02
3.699474334716796875e-01
-1.899844594299793243e-02
-1.146387774497270584e-02
-3.426621556282043457e-01
-2.356268316507339478e-01
2.805976429954171181e-03
-2.143313169479370117e+00
6.911159157752990723e-01
-9.114205092191696167e-02
-1.889935880899429321e-01
-2.584953904151916504e-01
5.408020615577697754e-01
-4.385539293289184570e-01
-6.471568346023559570e-01
-9.820177406072616577e-02
-2.694573998451232910e-01
-1.126398324966430664e+00
5.414777249097824097e-02
2.930757403373718262e-01
5.622088313102722168e-01
-1.206920504570007324e+00
2.770265005528926849e-02
5.037267804145812988e-01
3.334894478321075439e-01
-1.183627024292945862e-01
9.423983097076416016e-01
4.740487411618232727e-02
-1.682023853063583374e-01
3.439635634422302246e-01
1.388557106256484985e-01
2.169849127531051636e-01
-2.548682391643524170e-01
7.462659478187561035e-02
6.388063430786132812e-01
-1.812078058719635010e-01
8.219146132469177246e-01
5.352190732955932617e-01
-2.776850461959838867e-01
-3.277423083782196045e-01
4.617579281330108643e-01
1.540028572082519531e+00
-1.552520871162414551e+00
3.046603798866271973e-01
6.981541402637958527e-03
1.537605375051498413e-01
-4.740124046802520752e-01
1.817514061927795410e+00
-1.715141534805297852e-02
-6.802315264940261841e-02
-2.648982405662536621e-01
-2.272361665964126587e-01
9.413017332553863525e-02
3.936594128608703613e-01
-5.162817835807800293e-01
-5.573527812957763672e-01
1.512381196022033691e+00
4.468988478183746338e-01
7.643791437149047852e-01
3.170192956924438477e+00
1.063241362571716309e+00
4.217902183532714844e+00
-3.755195438861846924e-01
1.871669590473175049e-01
-8.400825411081314087e-02
-4.093899726867675781e-01
3.588533401489257812e-02
-1.044864282011985779e-01
-2.889849543571472168e-01
-4.095604121685028076e-01
1.110185459256172180e-01
-1.382807791233062744e-01
-1.766824573278427124e-01
4.110074639320373535e-01
-1.255252957344055176e-01
-1.347114145755767822e-01
2.653469145298004150e-01
2.191255688667297363e-01
-7.795494049787521362e-02
-1.908568888902664185e-01
1.704704165458679199e-01
-1.962188482284545898e-01
-8.105728030204772949e-02
-2.305929064750671387e-01
-1.494436562061309814e-01
2.871091961860656738e-01
-2.576704621315002441e-01
9.488151222467422485e-02
1.248336583375930786e-01
9.161665290594100952e-02
-5.152471065521240234e-01
3.710818588733673096e-01
1.632511615753173828e-01
2.701001763343811035e-01
-1.248358711600303650e-01
-3.684169948101043701e-01
6.212417781352996826e-02
4.370673745870590210e-02
9.370314329862594604e-02
3.412654101848602295e-01
1.569398492574691772e-02
-9.662392735481262207e-02
1.494772583246231079e-01
2.196574769914150238e-02
-5.869179964065551758e-01
3.184347972273826599e-02
2.634165883064270020e-01
-1.435251384973526001e-01
2.470558583736419678e-01
-7.657239586114883423e-02
-5.541334673762321472e-02
1.361838459968566895e+00
6.453605834394693375e-03
1.371018737554550171e-01
-2.577445209026336670e-01
-1.125284582376480103e-01
2.656958103179931641e-01
2.302932739257812500e-01
-4.513424634933471680e-01
-6.333156228065490723e-01
5.717793107032775879e-01
8.116491883993148804e-02
3.748006522655487061e-01
-3.276661634445190430e-01
-5.576069951057434082e-01
-1.066541552543640137e+00
1.945210844278335571e-01
3.915805816650390625e-01
1.122523427009582520e+00
7.822090983390808105e-01
1.446462273597717285e-01
-1.440380513668060303e-01
-4.906303286552429199e-01
-9.859306216239929199e-01
-7.631249427795410156e-01
7.631343603134155273e-01
-1.396564096212387085e-01
-7.673986554145812988e-01
7.205270230770111084e-02
-3.950415849685668945e+00
-3.743740497156977654e-03
-2.011363627389073372e-03
-4.841420333832502365e-03
-7.039729040116071701e-03
-6.580256856977939606e-03
2.549454104155302048e-03
-4.150258377194404602e-03
9.123747237026691437e-03
-2.743302844464778900e-03
7.938084891065955162e-04
9.199235937558114529e-04
9.605650790035724640e-03
-6.142565980553627014e-03
9.115824475884437561e-03
8.375764824450016022e-03
-5.049239378422498703e-03
9.040801785886287689e-03
-8.588329888880252838e-03
1.922482857480645180e-03
4.470624495297670364e-03
-8.287282660603523254e-03
-6.340831052511930466e-03
3.341943724080920219e-03
5.187956150621175766e-03
2.088079461827874184e-03
-1.209378824569284916e-03
-1.167762326076626778e-03
5.049968138337135315e-03
7.212921977043151855e-03
-1.780076767317950726e-03
6.742350757122039795e-03
-6.278075277805328369e-03
2.347474452108144760e-03
-3.772668540477752686e-03
-8.805548772215843201e-03
3.317249706014990807e-03
9.626417420804500580e-03
-9.751830250024795532e-03
7.454390171915292740e-03
-8.523684926331043243e-03
-1.855883863754570484e-03
2.364460378885269165e-03
-3.094630083069205284e-03
5.058354232460260391e-03
-2.717188792303204536e-03
-1.225671730935573578e-03
9.396210312843322754e-03
-7.728048367425799370e-04
5.772334523499011993e-03
8.050036616623401642e-03
-1.409006654284894466e-03
7.121491245925426483e-03
9.180934168398380280e-03
-5.674981977790594101e-03
-3.687941934913396835e-03
-8.350816788151860237e-04
8.019447326660156250e-03
-2.112250804202631116e-04
-6.533188570756465197e-05
-6.852488499134778976e-03
4.596166312694549561e-03
4.625427071005105972e-03
-3.868259489536285400e-03
-9.387895464897155762e-03
5.569630302488803864e-03
8.271836675703525543e-03
-4.305175971239805222e-03
8.165079168975353241e-03
-3.377587534487247467e-03
-5.235152784734964371e-04
-1.820805598981678486e-03
-1.105388510040938854e-03
-4.968871828168630600e-03
7.481641136109828949e-03
-9.915919043123722076e-03
-2.485236618667840958e-03
-5.478566046804189682e-03
1.748476410284638405e-03
1.816455602645874023e+00
7.872802019119262695e-01
-1.425222277641296387e+00
4.673826992511749268e-01
