1.705904603004455566e+00
1.649668931961059570e+00
4.326736927032470703e+00
1.024001002311706543e+00
1.674263238906860352e+00
3.122639179229736328e+00
2.152308940887451172e+00
1.855818867683410645e+00
1.809105038642883301e+00
2.306887865066528320e+00
2.067530155181884766e+00
1.026494026184082031e+00
1.018276214599609375e+00
-5.459722280502319336e-01
6.131269410252571106e-02
1.801708459854125977e+00
1.855353713035583496e-01
-1.906052790582180023e-02
3.660542368888854980e-01
2.943508923053741455e-01
-2.474226057529449463e-02
3.296644687652587891e-01
-1.599116176366806030e-01
-2.535943388938903809e-01
2.039294242858886719e+00
-1.235509142279624939e-01
-3.525194898247718811e-02
-1.150269210338592529e-01
4.374410200398415327e-04
-7.442066073417663574e-02
-9.942882508039474487e-02
-2.116616368293762207e-01
-9.225507825613021851e-02
-1.956322789192199707e-01
-1.320310384035110474e-01
2.919733822345733643e-01
-1.259383916854858398e+00
1.012865352630615234e+01
1.320854377746582031e+01
1.345791721343994141e+01
1.407109737396240234e+01
1.543951797485351562e+01
1.496867179870605469e+01
1.688562774658203125e+01
1.793609428405761719e+01
1.913191986083984375e+01
1.930327033996582031e+01
2.038637351989746094e+01
2.392307281494140625e+01
1.513710856437683105e+00
-4.719827771186828613e-01
3.814149200916290283e-01
-1.647410988807678223e+00
2.248886674642562866e-01
9.185111522674560547e-01
6.640511155128479004e-01
-3.908640742301940918e-01
3.681574165821075439e-01
-8.663457036018371582e-01
-9.472787976264953613e-01
-1.372242450714111328e+00
2.963599562644958496e-01
-1.697664856910705566e+00
-8.481714129447937012e-01
-1.940079331398010254e-01
4.715922474861145020e-01
-2.797817885875701904e-01
-1.329235732555389404e-01
1.881293207406997681e-02
-4.756480753421783447e-01
-2.806962430477142334e-01
8.649427443742752075e-02
2.306509256362915039e+00
2.492737174034118652e-01
5.068605393171310425e-02
-1.761787384748458862e-01
5.515237450599670410e-01
-3.601328134536743164e-01
5.758385732769966125e-02
1.932920217514038086e-01
-2.035115063190460205e-01
1.019534230232238770e+00
2.725481510162353516e+00
4.776613414287567139e-02
-5.035424828529357910e-01
-4.740554690361022949e-01
3.636010289192199707e-01
2.247493714094161987e-01
-8.161104917526245117e-01
-2.967925928533077240e-02
1.162708163261413574e+00
3.424979448318481445e-01
-4.131638407707214355e-01
-3.109900951385498047e-01
-7.088895142078399658e-02
-1.506710648536682129e-01
9.522057771682739258e-01
-9.473741650581359863e-01
-3.433071672916412354e-01
-5.328311920166015625e-01
-9.991090744733810425e-02
-1.811968982219696045e-01
-4.670676589012145996e-01
1.507828980684280396e-01
3.997292220592498779e-01
6.342558264732360840e-01
-5.705227255821228027e-01
1.164880514144897461e+00
4.207994788885116577e-02
-9.154087901115417480e-01
5.298163294792175293e-01
2.337615378201007843e-02
-3.134530782699584961e-01
-4.621325433254241943e-01
5.108618736267089844e-01
-3.915205597877502441e-01
9.186834841966629028e-02
-1.507514834403991699e+00
1.478712797164916992e+00
3.385625839233398438e+00
2.775843143463134766e-01
-1.970317721366882324e+00
-2.118925571441650391e+00
-2.687128819525241852e-02
-1.790990352630615234e+00
-1.124880369752645493e-02
-1.768721222877502441e+00
3.153145313262939453e-01
2.599030733108520508e-01
-3.375417888164520264e-01
3.002323806285858154e-01
1.915426738560199738e-02
-2.543620467185974121e-01
2.133235931396484375e-01
1.893405169248580933e-01
2.593148052692413330e-01
-1.672494341619312763e-03
-1.115541532635688782e-01
-7.096213698387145996e-01
3.050128221511840820e-01
7.178697586059570312e-01
-7.057134062051773071e-02
3.046720102429389954e-02
6.994855403900146484e-02
1.475405842065811157e-01
2.262362539768218994e-01
2.229063063859939575e-01
-4.047341048717498779e-01
-1.901955753564834595e-01
-1.909382641315460205e-02
-1.425242424011230469e+00
7.139631509780883789e-01
-2.783718286082148552e-03
-2.294853478670120239e-01
-2.776398137211799622e-02
-1.356828361749649048e-01
-2.297475934028625488e-01
-1.830902695655822754e-02
-2.491425871849060059e-01
-4.417916834354400635e-01
-7.230067253112792969e-01
1.839561313390731812e-01
2.876443266868591309e-01
2.730761170387268066e-01
-8.269112557172775269e-02
9.337212890386581421e-02
-4.877382814884185791e-01
1.225979346781969070e-02
2.553211152553558350e-01
4.940167963504791260e-01
1.462907195091247559e-01
1.461081206798553467e-01
2.632097899913787842e-01
2.396486997604370117e-01
-8.350072801113128662e-02
3.685823082923889160e-02
1.396358758211135864e-01
4.855884611606597900e-01
1.719125807285308838e-01
2.502695024013519287e-01
1.850225776433944702e-02
-6.875571608543395996e-02
3.424638509750366211e-01
2.746307253837585449e-01
3.107981383800506592e-01
1.824550181627273560e-01
1.132417768239974976e-01
-2.035680860280990601e-01
2.750829160213470459e-01
3.743798732757568359e-01
1.652355343103408813e-01
3.866967558860778809e-01
-9.759844094514846802e-02
3.638104796409606934e-01
1.619437485933303833e-01
4.146176576614379883e-01
-1.499862968921661377e-01
-5.977453589439392090e-01
2.430651038885116577e-01
3.830190598964691162e-01
-9.386917948722839355e-02
-5.356326103210449219e-01
1.502092838287353516e+00
-3.823780640959739685e-02
8.482128977775573730e-01
-7.356142997741699219e-01
-1.727335602045059204e-01
9.473863989114761353e-02
8.445467799901962280e-02
-2.396084927022457123e-02
-3.609883189201354980e-01
6.275630742311477661e-02
1.224175095558166504e-01
-7.702963054180145264e-02
2.062358558177947998e-01
2.633073925971984863e-02
1.231467247009277344e+00
-5.960824340581893921e-02
1.962929964065551758e-01
2.288499921560287476e-01
4.543975368142127991e-02
-7.496288418769836426e-02
-5.664003640413284302e-02
1.513140052556991577e-01
7.018660008907318115e-02
1.021327003836631775e-01
7.109127938747406006e-02
5.681771412491798401e-02
-4.264353588223457336e-02
-4.060190618038177490e-01
-9.135276824235916138e-02
-2.670761896297335625e-03
2.081723958253860474e-01
-1.720159128308296204e-02
1.615512520074844360e-01
4.392611980438232422e-02
6.061903834342956543e-01
3.236348927021026611e-01
-5.702737569808959961e-01
-3.996317833662033081e-02
-6.047825515270233154e-02
1.742718368768692017e-01
-8.889374136924743652e-02
9.776636958122253418e-03
2.162925153970718384e-01
1.915656961500644684e-02
-5.837144330143928528e-02
-3.008773624897003174e-01
3.151535242795944214e-02
8.137755095958709717e-02
-1.536479294300079346e-01
-2.522627711296081543e-01
-1.290287729352712631e-02
2.611672692000865936e-02
7.300402522087097168e-01
3.344313800334930420e-02
-6.738869100809097290e-02
1.033773422241210938e-01
-9.321426041424274445e-03
2.375348359346389771e-01
-2.248686179518699646e-02
-4.549404382705688477e-01
2.253768891096115112e-01
-7.159711718559265137e-01
4.203804582357406616e-02
8.010246157646179199e-01
-1.789002567529678345e-01
2.152587659657001495e-02
2.601862251758575439e-01
-1.071348669938743114e-03
-1.269442290067672729e-01
1.073030829429626465e-01
3.500065207481384277e-01
-1.152740567922592163e-01
2.608796954154968262e-01
-1.041724920272827148e+00
-3.842415511608123779e-01
2.469878941774368286e-01
6.938049197196960449e-01
-2.058726102113723755e-01
1.267209291458129883e+00
9.150401502847671509e-02
3.856223523616790771e-01
-3.743740497156977654e-03
-2.011363627389073372e-03
-4.841420333832502365e-03
-7.039729040116071701e-03
-6.580256856977939606e-03
2.549454104155302048e-03
-4.150258377194404602e-03
9.123747237026691437e-03
-2.743302844464778900e-03
7.938084891065955162e-04
9.199235937558114529e-04
9.605650790035724640e-03
-6.142565980553627014e-03
9.115824475884437561e-03
8.375764824450016022e-03
-5.049239378422498703e-03
9.040801785886287689e-03
-8.588329888880252838e-03
1.922482857480645180e-03
4.470624495297670364e-03
-8.287282660603523254e-03
-6.340831052511930466e-03
3.341943724080920219e-03
5.187956150621175766e-03
2.088079461827874184e-03
-1.209378824569284916e-03
-1.167762326076626778e-03
5.049968138337135315e-03
7.212921977043151855e-03
-1.780076767317950726e-03
6.742350757122039795e-03
-6.278075277805328369e-03
2.347474452108144760e-03
-3.772668540477752686e-03
-8.805548772215843201e-03
3.317249706014990807e-03
9.626417420804500580e-03
-9.751830250024795532e-03
7.454390171915292740e-03
-8.523684926331043243e-03
-1.855883863754570484e-03
2.364460378885269165e-03
-3.094630083069205284e-03
5.058354232460260391e-03
-2.717188792303204536e-03
-1.225671730935573578e-03
9.396210312843322754e-03
-7.728048367425799370e-04
5.772334523499011993e-03
8.050036616623401642e-03
-1.409006654284894466e-03
7.121491245925426483e-03
9.180934168398380280e-03
-5.674981977790594101e-03
-3.687941934913396835e-03
-8.350816788151860237e-04
8.019447326660156250e-03
-2.112250804202631116e-04
-6.533188570756465197e-05
-6.852488499134778976e-03
4.596166312694549561e-03
4.625427071005105972e-03
-3.868259489536285400e-03
-9.387895464897155762e-03
5.569630302488803864e-03
8.271836675703525543e-03
-4.305175971239805222e-03
8.165079168975353241e-03
-3.377587534487247467e-03
-5.235152784734964371e-04
-1.820805598981678486e-03
-1.105388510040938854e-03
-4.968871828168630600e-03
7.481641136109828949e-03
-9.915919043123722076e-03
-2.485236618667840958e-03
-5.478566046804189682e-03
1.748476410284638405e-03
9.558266997337341309e-01
8.203940391540527344e-01
-1.482702255249023438e+00
5.434688329696655273e-01
