1.696878552436828613e+00
1.664692878723144531e+00
4.317187309265136719e+00
9.630520939826965332e-01
1.642713427543640137e+00
3.187147140502929688e+00
2.051287412643432617e+00
1.685680627822875977e+00
1.181028008460998535e+00
1.992137074470520020e+00
2.273239374160766602e+00
1.916033625602722168e+00
8.035222291946411133e-01
-6.496280431747436523e-01
-1.071015223860740662e-01
-3.514755889773368835e-02
1.343823671340942383e+00
-6.465312838554382324e-02
-2.159124761819839478e-01
2.140929102897644043e-01
5.961885452270507812e-01
1.178352355957031250e+00
4.300103783607482910e-01
2.856684662401676178e-02
-3.952347040176391602e-01
-2.765724360942840576e-01
-1.398684501647949219e+00
-1.321032047271728516e-01
-2.953341230750083923e-02
-2.969709634780883789e-01
2.137401513755321503e-02
-7.810430973768234253e-02
-1.496921181678771973e-01
-1.372691243886947632e-01
6.122614443302154541e-02
-4.968941956758499146e-02
-2.084462195634841919e-01
-1.356123238801956177e-01
2.336332648992538452e-01
1.138961791992187500e+00
1.016772556304931641e+01
1.319949531555175781e+01
1.357319259643554688e+01
1.402985477447509766e+01
1.542720413208007812e+01
1.489113330841064453e+01
1.673437500000000000e+01
1.903115463256835938e+01
1.778684043884277344e+01
1.915392494201660156e+01
1.944606399536132812e+01
2.149464988708496094e+01
2.439461135864257812e+01
1.496558070182800293e+00
-1.561107486486434937e-01
1.567962914705276489e-01
-2.026261568069458008e+00
1.811473071575164795e-01
1.192461609840393066e+00
8.273977041244506836e-01
-5.463544130325317383e-01
-2.122732102870941162e-01
-3.265373110771179199e-01
9.211247414350509644e-02
-8.288208842277526855e-01
5.939025282859802246e-01
2.737166881561279297e-01
-1.752370715141296387e+00
-8.532400727272033691e-01
-1.261310428380966187e-01
3.186717629432678223e-01
2.061561793088912964e-01
-6.140156388282775879e-01
-6.699754297733306885e-02
-9.456385672092437744e-02
-5.850229859352111816e-01
-4.661726355552673340e-01
3.572834730148315430e-01
2.535161256790161133e+00
2.412080168724060059e-01
-1.801764816045761108e-01
7.101281732320785522e-02
-2.973375916481018066e-01
1.122793674468994141e+00
-1.024419665336608887e-01
-3.881118595600128174e-01
3.835954368114471436e-01
5.083564519882202148e-01
-1.443809270858764648e+00
2.601248741149902344e+00
-3.596103191375732422e-01
4.029333218932151794e-02
-4.995018243789672852e-01
-1.322593450546264648e+00
3.256616890430450439e-01
1.039365492761135101e-02
4.302421212196350098e-01
-2.235113680362701416e-01
-1.254254698753356934e+00
2.664853930473327637e-01
-3.344535231590270996e-01
-2.790657877922058105e-01
-8.448259830474853516e-01
-2.443568035960197449e-02
4.171546921133995056e-02
8.742052316665649414e-02
-4.756283760070800781e-01
1.629920244216918945e+00
-6.591122150421142578e-01
-1.992847956717014313e-02
3.321069180965423584e-01
2.362726628780364990e-01
-6.697513461112976074e-01
-7.848109006881713867e-01
1.203296035528182983e-01
-5.896058082580566406e-01
-5.058321952819824219e-01
9.472407102584838867e-01
5.489051938056945801e-01
-3.460076451301574707e-02
-4.466620683670043945e-01
9.365465044975280762e-01
-3.584026694297790527e-01
1.205168724060058594e+00
-2.791113853454589844e-01
-4.755136966705322266e-01
-8.390962481498718262e-01
1.091570138931274414e+00
-1.040354251861572266e+00
5.905664563179016113e-01
-1.993607729673385620e-02
7.013466358184814453e-01
-9.914768338203430176e-01
-1.191553115844726562e+00
-9.921441674232482910e-01
1.954825520515441895e+00
3.044384717941284180e+00
-2.918933331966400146e-01
-2.009351491928100586e+00
-2.468366146087646484e+00
-1.101167425513267517e-01
-8.348964452743530273e-01
6.135030835866928101e-02
-1.098946094512939453e+00
7.179910689592361450e-02
3.372584879398345947e-01
-2.334349453449249268e-01
2.189764529466629028e-01
-7.442510873079299927e-02
-1.337721347808837891e-01
-7.954855263233184814e-02
-3.335367143154144287e-01
1.463398486375808716e-01
2.786459028720855713e-01
3.252044320106506348e-01
1.846608370542526245e-01
3.253774642944335938e-01
2.698328197002410889e-01
7.151210308074951172e-01
9.926877170801162720e-02
9.166998788714408875e-03
1.751498430967330933e-01
1.924668252468109131e-01
-4.353926479816436768e-01
-1.248486922122538090e-03
2.319318801164627075e-01
1.310564111918210983e-02
-2.338507212698459625e-02
1.813550144433975220e-01
-1.483446002006530762e+00
4.882353842258453369e-01
-1.275196224451065063e-01
-2.893866896629333496e-01
1.111136972904205322e-01
-3.174436688423156738e-01
3.274904191493988037e-02
1.536702184239402413e-04
4.597480222582817078e-02
-9.084401279687881470e-02
1.820861697196960449e-01
-7.845693826675415039e-01
2.309067696332931519e-01
2.661784291267395020e-01
3.908365368843078613e-01
-4.367882758378982544e-02
-1.590512841939926147e-01
-4.027855768799781799e-02
-1.364700943231582642e-01
-1.562328636646270752e-01
-5.015669465065002441e-01
3.090430200099945068e-01
6.778633594512939453e-02
-2.082245610654354095e-02
-1.708451360464096069e-01
1.163847073912620544e-01
4.107311666011810303e-01
8.764930814504623413e-02
-2.825043536722660065e-02
-1.427163481712341309e-01
4.051851034164428711e-01
-2.163383550941944122e-02
6.342952698469161987e-02
1.465412229299545288e-01
3.992060422897338867e-01
1.104313135147094727e-01
1.561550050973892212e-01
-7.602106928825378418e-01
4.642490446567535400e-01
-6.690850257873535156e-01
3.187093734741210938e-01
-6.043902412056922913e-02
1.547176688909530640e-01
6.324815005064010620e-02
1.272274851799011230e-01
1.440103292465209961e+00
5.323436483740806580e-02
-4.522279500961303711e-01
-4.324782788753509521e-01
-6.391824781894683838e-02
-2.421422488987445831e-02
2.407253086566925049e-01
4.856228232383728027e-01
1.207607910037040710e-01
4.544411599636077881e-01
-1.095155328512191772e-01
3.210272490978240967e-01
-2.068591862916946411e-01
-4.735247194766998291e-01
1.703400723636150360e-02
5.384730100631713867e-01
1.828708499670028687e-01
-1.313501000404357910e-01
2.302397012710571289e+00
-2.357879653573036194e-02
9.687042236328125000e-01
-4.937794506549835205e-01
-2.598512470722198486e-01
6.629403680562973022e-02
3.732577860355377197e-01
-3.594449162483215332e-02
-4.674683213233947754e-01
7.673615962266921997e-02
2.448987960815429688e-01
-5.108145531266927719e-03
7.530269678682088852e-03
-6.760101765394210815e-02
1.512543559074401855e-01
-9.422481060028076172e-01
-2.210144884884357452e-02
2.283921241760253906e-01
1.603778898715972900e-01
3.694163262844085693e-02
-1.710220277309417725e-01
1.052309875376522541e-03
2.315278351306915283e-01
1.037881709635257721e-03
2.297502011060714722e-02
3.561804816126823425e-02
5.308430641889572144e-02
-9.509982913732528687e-02
-2.958980500698089600e-01
-2.041704058647155762e-01
7.046558707952499390e-02
-1.022880896925926208e-01
1.460303515195846558e-01
1.882835775613784790e-01
-9.215322136878967285e-02
-1.354983728379011154e-02
1.333933025598526001e-01
2.005309313535690308e-01
-4.961911737918853760e-01
-6.921666264533996582e-01
4.754058644175529480e-02
-1.820430159568786621e-01
1.593522131443023682e-01
8.738484233617782593e-02
-6.947487592697143555e-02
6.394257396459579468e-02
-1.036666426807641983e-02
1.717293113470077515e-01
1.583681702613830566e-01
-1.482132673263549805e-01
1.576375067234039307e-01
4.714467748999595642e-02
3.395862877368927002e-01
2.201169580221176147e-01
-3.022153079509735107e-01
-2.504314184188842773e-01
6.049750745296478271e-02
-5.337479710578918457e-01
-2.856375463306903839e-02
3.626260161399841309e-02
-9.249360859394073486e-02
-1.692902147769927979e-01
6.817638128995895386e-02
3.307729065418243408e-01
6.323451548814773560e-02
3.285537064075469971e-01
-1.044268086552619934e-01
9.199506789445877075e-02
-4.362900853157043457e-01
3.805585578083992004e-02
4.688662588596343994e-01
-8.668369054794311523e-02
1.634660214185714722e-01
-3.222030103206634521e-01
9.401404857635498047e-02
6.109216809272766113e-01
-3.396549522876739502e-01
2.592412233352661133e-01
8.638861775398254395e-01
-3.240561187267303467e-01
-4.265510290861129761e-02
-3.271575272083282471e-01
4.742934927344322205e-02
-1.332933902740478516e-01
-3.380305171012878418e-01
2.861659526824951172e-01
-1.046584248542785645e+00
-4.439450800418853760e-02
8.031136393547058105e-01
3.436205685138702393e-01
2.340081334114074707e-01
1.449930071830749512e+00
-2.170942425727844238e-01
3.767926096916198730e-01
-8.983861654996871948e-03
-4.057751037180423737e-03
3.153656434733420610e-04
-2.730191685259342194e-03
-2.451587002724409103e-03
-4.306578543037176132e-03
6.459918804466724396e-03
-7.913492619991302490e-03
-1.105597708374261856e-03
7.387767080217599869e-03
2.520671347156167030e-03
4.040772095322608948e-03
-7.539128884673118591e-03
-3.790214192122220993e-03
7.067621219903230667e-03
5.286939442157745361e-03
9.725435636937618256e-03
8.770578540861606598e-03
5.300779361277818680e-03
-3.438412444666028023e-03
-8.000799454748630524e-03
2.794744214043021202e-04
4.450575448572635651e-03
-7.071942556649446487e-03
-1.656857435591518879e-03
6.301467772573232651e-03
-9.975907392799854279e-03
7.520053070038557053e-03
8.125704713165760040e-03
8.957873098552227020e-03
2.541740890592336655e-03
3.228023415431380272e-03
7.221336010843515396e-03
-6.659788079559803009e-03
1.993153477087616920e-03
-4.250142257660627365e-03
9.736373904161155224e-04
4.207489080727100372e-03
-6.590851582586765289e-03
9.905931539833545685e-03
9.550378890708088875e-04
3.378343535587191582e-03
-1.987579045817255974e-03
5.594066809862852097e-03
-2.871054748538881540e-04
5.729619413614273071e-03
3.106371033936738968e-03
5.226509179919958115e-03
5.479850806295871735e-03
-3.774223849177360535e-03
-7.389055564999580383e-03
-9.249878115952014923e-03
4.586202092468738556e-03
-8.276461157947778702e-04
-6.990568246692419052e-03
3.692901460453867912e-03
8.013725280761718750e-03
-7.119489833712577820e-03
-6.605834350921213627e-04
6.751746404916048050e-03
8.743281476199626923e-03
8.842629380524158478e-03
-9.172239340841770172e-03
2.829370321705937386e-03
-7.303829304873943329e-03
-6.968305446207523346e-03
-3.641141229309141636e-04
3.404057351872324944e-03
-6.725996732711791992e-03
-8.252049796283245087e-03
-2.586081391200423241e-04
9.055644273757934570e-03
-1.690905424766242504e-03
-1.445659203454852104e-03
8.710724301636219025e-03
-3.824045415967702866e-03
2.606529509648680687e-03
-1.308940351009368896e-03
9.911409579217433929e-03
-2.127153566107153893e-03
-9.489176794886589050e-03
-3.486829809844493866e-03
-3.932508174329996109e-03
7.366730365902185440e-03
5.290747620165348053e-03
-6.173409521579742432e-03
2.919278573244810104e-03
-9.731430560350418091e-03
-3.572589019313454628e-03
-4.563543945550918579e-03
6.108426954597234726e-03
9.601914286613464355e-01
7.920668721199035645e-01
-1.494350790977478027e+00
5.040395855903625488e-01
