1.704037308692932129e+00
-1.914943605661392212e-01
2.962875366210937500e-01
3.878796100616455078e-01
1.663819193840026855e+00
4.529213428497314453e+00
5.015239715576171875e-01
1.534042239189147949e+00
3.133774280548095703e+00
2.118401288986206055e+00
1.869452714920043945e+00
1.936335921287536621e+00
1.978649854660034180e+00
2.377866744995117188e+00
8.091713786125183105e-01
1.505333632230758667e-01
4.131052196025848389e-01
8.607574105262756348e-01
-1.211605072021484375e+00
-1.479103974997997284e-02
4.274482280015945435e-02
1.269557476043701172e-01
2.240307629108428955e-01
3.864461928606033325e-02
6.179951131343841553e-02
6.810153275728225708e-02
1.687117964029312134e-01
8.514145761728286743e-02
1.254839003086090088e-01
3.372433781623840332e-02
4.569799005985260010e-01
1.975697278976440430e-01
9.336746335029602051e-01
-3.096503317356109619e-01
3.840451538562774658e-01
2.414281852543354034e-02
-1.602061390876770020e-01
-8.296459913253784180e-02
3.446920216083526611e-02
-1.303458809852600098e-01
-1.126695871353149414e-01
-1.429679393768310547e-01
-1.217419877648353577e-01
-3.382178768515586853e-02
-1.342372149229049683e-01
-4.304847866296768188e-02
1.180616855621337891e+00
-4.236740171909332275e-01
-4.792070090770721436e-01
6.615360736846923828e+00
5.691085815429687500e+00
7.738461494445800781e+00
1.023377990722656250e+01
1.324956798553466797e+01
1.352349281311035156e+01
1.440482044219970703e+01
1.549226188659667969e+01
1.497419261932373047e+01
1.704970359802246094e+01
1.817925453186035156e+01
1.943204116821289062e+01
1.927315711975097656e+01
2.353833580017089844e+01
2.517641830444335938e+01
2.553997039794921875e+01
-2.393813371658325195e+00
-3.058243989944458008e-01
2.615468502044677734e+00
3.903490900993347168e-01
8.258676528930664062e-02
2.493380784988403320e+00
-1.074007987976074219e+00
3.337396383285522461e-01
1.957623004913330078e+00
2.588884592056274414e+00
-2.170503377914428711e+00
-1.962323188781738281e+00
1.036378502845764160e+00
-4.644334316253662109e-01
3.145714521408081055e+00
1.815909504890441895e+00
7.373346090316772461e-01
-2.569593023508787155e-03
-6.002246141433715820e-01
-2.667808718979358673e-02
2.993022918701171875e+00
1.463108928874135017e-03
1.030037365853786469e-02
7.556231021881103516e-01
6.320570111274719238e-01
3.390214443206787109e-01
8.869478106498718262e-01
-9.098883271217346191e-01
-5.236147046089172363e-01
1.477193593978881836e+00
1.496621370315551758e+00
-1.349473446607589722e-01
2.665879726409912109e-01
-1.394250839948654175e-01
-1.281855106353759766e+00
4.849355518817901611e-01
-1.803397089242935181e-01
-3.150441050529479980e-01
3.290095329284667969e-01
2.305329799652099609e+00
2.632685899734497070e+00
-4.853064537048339844e+00
9.784418344497680664e-01
9.202264547348022461e-01
1.113767921924591064e-01
1.397741913795471191e+00
-7.717981189489364624e-02
1.936158418655395508e+00
-2.881802916526794434e-01
1.075260490179061890e-01
-5.845086574554443359e-01
-4.137669503688812256e-01
-2.095542289316654205e-02
-4.670804440975189209e-01
7.614335417747497559e-01
-1.907679677009582520e+00
-3.826487779617309570e+00
-2.740436792373657227e+00
-2.102102488279342651e-01
-1.980566620826721191e+00
-6.863871961832046509e-02
-1.518307328224182129e-01
2.001278847455978394e-01
-2.565362751483917236e-01
-2.179773598909378052e-01
-3.749296367168426514e-01
-2.270407378673553467e-01
1.346456855535507202e-01
1.037006020545959473e+00
-2.459874302148818970e-01
5.706443309783935547e+00
2.284107804298400879e-01
9.656478464603424072e-02
5.451990962028503418e-01
-2.409586161375045776e-01
9.954299926757812500e-01
-1.626099050045013428e-01
-6.913051605224609375e-01
-1.010750010609626770e-01
-2.265709638595581055e+00
-2.828675806522369385e-01
1.698825955390930176e+00
-4.520175512880086899e-03
-1.320396512746810913e-01
-8.993159532546997070e-01
3.813574910163879395e-01
-9.185924381017684937e-02
-1.192647069692611694e-01
6.606691479682922363e-01
4.722012579441070557e-02
-4.355748742818832397e-02
3.742808401584625244e-01
-3.693248033523559570e-01
4.870674610137939453e-01
-5.280404090881347656e-01
-1.045144200325012207e-01
-4.369609653949737549e-01
1.852354645729064941e+00
-1.617443084716796875e+00
-1.302878186106681824e-02
-8.616135120391845703e-01
-6.834685206413269043e-01
-1.448902934789657593e-01
6.542733311653137207e-01
-5.243408083915710449e-01
-5.335866212844848633e-01
-7.082877159118652344e-01
6.939789652824401855e-01
-1.104099631309509277e+00
2.133667469024658203e+00
-5.668604373931884766e-01
-7.121725082397460938e-01
-7.355597615242004395e-01
4.242239296436309814e-01
-1.230214476585388184e+00
-1.270254969596862793e+00
-1.776044249534606934e+00
1.939076185226440430e+00
-6.538762152194976807e-02
-8.654574751853942871e-01
-1.741093635559082031e+00
1.573446750640869141e+00
7.292069792747497559e-01
-7.497292160987854004e-01
-1.504024565219879150e-01
5.402019992470741272e-02
-1.981890320777893066e+00
-3.051937520503997803e-01
-3.557183146476745605e-01
1.036590933799743652e-01
-1.814300298690795898e+00
-1.859796047210693359e-01
6.820527315139770508e-01
-4.826784729957580566e-01
1.920595169067382812e+00
8.139617443084716797e-01
4.516481757164001465e-01
1.168253779411315918e+00
-1.048427581787109375e+00
3.224116861820220947e-01
2.123956978321075439e-01
-6.276708841323852539e-01
1.183864474296569824e-02
4.198791086673736572e-02
-8.448435664176940918e-01
-7.680248618125915527e-01
1.263052701950073242e+00
-1.133601427078247070e+00
1.197589114308357239e-01
5.281993150711059570e-01
-2.492467641830444336e+00
-4.850170314311981201e-01
4.392777979373931885e-01
-6.140070557594299316e-01
2.343611717224121094e-01
-3.474220633506774902e-02
-9.028396606445312500e-01
-2.654559612274169922e-01
-2.327502518892288208e-01
-2.421459555625915527e-01
-1.549240108579397202e-02
9.551548957824707031e-02
8.859251141548156738e-01
-6.283169388771057129e-01
-9.532142877578735352e-01
6.835332512855529785e-01
8.477180600166320801e-01
-6.352226436138153076e-02
-6.705534458160400391e-02
-3.576293587684631348e-01
5.206627249717712402e-01
-1.521001309156417847e-01
1.856404095888137817e-01
-1.014893054962158203e-01
6.650238633155822754e-01
-5.817301273345947266e-01
-8.057823777198791504e-01
1.043599247932434082e+00
-5.677503347396850586e-02
-7.903018593788146973e-01
-1.087448120117187500e+00
-7.386610656976699829e-02
6.559475511312484741e-02
-5.530024170875549316e-01
8.991608023643493652e-02
-3.951758891344070435e-02
-3.101323731243610382e-02
2.894653379917144775e-01
-8.297690749168395996e-02
1.959398835897445679e-01
-1.078888550400733948e-01
-1.958122849464416504e-01
9.613147974014282227e-01
1.546312451362609863e+00
3.417371213436126709e-01
6.983988285064697266e-01
-3.643954545259475708e-02
9.738828241825103760e-02
-5.608387291431427002e-02
4.006457328796386719e-02
7.658257335424423218e-02
1.463541984558105469e-01
4.118038713932037354e-02
-2.337490320205688477e-01
4.782549440860748291e-01
-9.273865222930908203e-01
-2.829308509826660156e+00
1.995667219161987305e-01
-4.975854232907295227e-02
-1.812294572591781616e-01
1.587088219821453094e-02
-2.701229155063629150e-01
-5.709046125411987305e-01
1.429940015077590942e-01
2.088950574398040771e-01
-1.057422161102294922e+00
1.079147219657897949e+00
-1.010354459285736084e-01
8.060874044895172119e-02
3.446000814437866211e-01
1.403175294399261475e-01
-5.575086688622832298e-04
3.251358866691589355e-02
1.806793361902236938e-01
-2.396483272314071655e-01
1.380409002304077148e-01
8.971661329269409180e-01
3.004044294357299805e-01
3.158457577228546143e-02
-5.511492490768432617e-02
1.647569537162780762e-01
8.189626038074493408e-02
1.923640519380569458e-01
-1.869342774152755737e-01
-3.268356919288635254e-01
1.319700479507446289e-01
5.395887494087219238e-01
2.811420857906341553e-01
1.264580488204956055e-01
-5.482251197099685669e-02
-2.964184060692787170e-02
-2.661555111408233643e-01
-3.709780871868133545e-01
4.400140643119812012e-01
3.807088136672973633e-01
-3.124759793281555176e-01
4.411217570304870605e-01
2.113236635923385620e-01
-8.345354199409484863e-01
4.864810407161712646e-01
1.131389383226633072e-02
2.574142217636108398e-01
3.594564199447631836e-01
-2.292898446321487427e-01
4.555789008736610413e-02
-3.673338294029235840e-01
1.135275006294250488e+00
4.004710018634796143e-01
-2.733809649944305420e-01
6.105655059218406677e-02
1.028315722942352295e-01
1.907995492219924927e-01
6.088341474533081055e-01
4.420119225978851318e-01
5.210139155387878418e-01
9.130560755729675293e-01
1.130071520805358887e+00
8.637086302042007446e-02
-7.775331139564514160e-01
1.081225514411926270e+00
-6.881444454193115234e-01
-1.758449912071228027e+00
1.120871186256408691e+00
-2.134799957275390625e-01
-4.357335269451141357e-01
-2.273956388235092163e-01
4.994256496429443359e-01
-8.499267101287841797e-01
-3.229881525039672852e-01
4.463368654251098633e-01
-6.492942571640014648e-01
-1.541132330894470215e+00
1.028733015060424805e+00
-1.224516257643699646e-01
5.251716375350952148e-01
-6.131234169006347656e-01
1.025092124938964844e+00
-1.630798459053039551e+00
6.599066406488418579e-02
-6.425803899765014648e-01
3.168986439704895020e-01
-6.807793676853179932e-02
-4.923979938030242920e-01
-8.574132621288299561e-02
9.864538162946701050e-02
-3.678254485130310059e-01
-5.708594918251037598e-01
3.445389270782470703e-01
2.607001066207885742e-01
-9.521931409835815430e-01
3.678952455520629883e-01
2.395133674144744873e-02
-5.914682745933532715e-01
4.081358015537261963e-01
2.132102102041244507e-02
-3.500150516629219055e-03
1.984471529722213745e-01
2.081228047609329224e-01
1.379713863134384155e-01
1.921038031578063965e-01
-3.021148443222045898e-01
-4.312262833118438721e-01
-8.829692006111145020e-01
1.691498041152954102e+00
-4.260979592800140381e-01
-6.669300049543380737e-02
-5.207932591438293457e-01
-3.610718846321105957e-01
9.773970395326614380e-02
-6.053409576416015625e-01
9.260207414627075195e-02
4.163730144500732422e-02
-2.024763822555541992e-01
1.144765764474868774e-01
-6.972347199916839600e-02
1.562872380018234253e-01
-1.859913021326065063e-01
5.069772005081176758e-01
-2.212370932102203369e-01
6.508092284202575684e-01
1.467600464820861816e-01
3.463445603847503662e-01
-7.948886603116989136e-02
7.485948503017425537e-02
-1.120492964982986450e-01
-8.129598200321197510e-02
1.275258362293243408e-01
1.497569531202316284e-01
7.103216648101806641e-02
-9.937977045774459839e-02
-1.370799094438552856e-01
-3.861944079399108887e-01
-1.793937325477600098e+00
2.323586940765380859e-01
-6.752607971429824829e-02
-2.081405371427536011e-01
2.388173788785934448e-01
-2.112652808427810669e-01
-2.030786424875259399e-01
7.906900644302368164e-01
-2.657195329666137695e-01
-2.124538123607635498e-01
2.278761863708496094e+00
-5.068093538284301758e-01
-2.411066368222236633e-02
-3.230482712388038635e-02
2.319486886262893677e-01
-2.289713732898235321e-02
-9.397654980421066284e-02
2.265993654727935791e-01
-1.445873230695724487e-01
-1.017444208264350891e-01
-1.213369011878967285e+00
1.498155202716588974e-02
2.808290719985961914e-02
-1.622106134891510010e-01
1.391557157039642334e-01
2.658494375646114349e-02
3.216077387332916260e-01
-6.782956719398498535e-01
2.466351538896560669e-01
-2.802389562129974365e-01
1.234174892306327820e-01
6.080028787255287170e-02
7.572602946311235428e-03
-3.615486621856689453e-01
7.085926085710525513e-02
9.834466129541397095e-02
4.286688566207885742e-01
4.077069759368896484e-01
5.980777740478515625e-01
-9.054375886917114258e-01
1.704597920179367065e-01
4.923058673739433289e-02
7.108132839202880859e-01
-1.666038036346435547e-01
9.256267547607421875e-01
8.601895570755004883e-01
2.007087171077728271e-01
-4.310695827007293701e-01
-1.449633687734603882e-01
3.749761581420898438e-01
-9.117134809494018555e-01
-2.601391971111297607e-01
-3.257727026939392090e-01
2.769382297992706299e-01
3.409654796123504639e-01
6.082980632781982422e-01
8.585662841796875000e-01
-1.714936941862106323e-01
2.179123312234878540e-01
-1.364215970039367676e+00
6.119500994682312012e-01
-3.711672127246856689e-01
-1.668931692838668823e-01
-3.112269639968872070e-01
3.566194772720336914e-01
-1.119691729545593262e+00
9.552683681249618530e-03
5.940407514572143555e-03
4.322330467402935028e-03
-6.002396345138549805e-03
-8.872004225850105286e-03
7.471405901014804840e-03
-9.261376224458217621e-03
1.828267821110785007e-03
-4.786161705851554871e-03
-1.500714104622602463e-03
1.629326841793954372e-03
6.424812600016593933e-03
-6.601799279451370239e-03
9.312524460256099701e-03
1.477500889450311661e-03
4.307608760427683592e-04
-1.892509986646473408e-03
-9.139379486441612244e-03
7.757933810353279114e-03
-6.614885292947292328e-03
-2.795201027765870094e-03
-8.793164975941181183e-03
-3.143793903291225433e-03
8.702131919562816620e-03
-4.133986309170722961e-03
-4.990566056221723557e-03
-6.993304472416639328e-03
-6.615076214075088501e-03
6.370995193719863892e-03
-7.583308964967727661e-03
-2.525134710595011711e-03
1.894241664558649063e-03
-9.353933855891227722e-03
3.145900322124361992e-03
7.511399220675230026e-03
2.381790895015001297e-03
4.768592771142721176e-04
3.076628316193819046e-03
9.161004796624183655e-03
7.401677314192056656e-03
-8.885129354894161224e-03
-8.631243370473384857e-03
-9.303625673055648804e-03
-8.896310813724994659e-03
-2.915631514042615891e-03
8.800751529633998871e-03
-2.116275485605001450e-03
8.009423501789569855e-03
-9.617010131478309631e-03
-6.273266859352588654e-03
1.043673488311469555e-03
3.879090305417776108e-03
-6.295731756836175919e-03
8.999288082122802734e-03
8.474578149616718292e-03
9.864036925137042999e-03
4.702903795987367630e-03
7.869052700698375702e-03
7.376102730631828308e-04
5.719480104744434357e-03
-5.303219892084598541e-03
3.239946207031607628e-03
-3.760231193155050278e-03
-7.677410263568162918e-03
-7.558770012110471725e-03
-1.640291186049580574e-03
-3.723864676430821419e-03
5.780559964478015900e-03
6.910936790518462658e-04
9.173077531158924103e-03
-5.114887841045856476e-03
7.312452886253595352e-03
7.566740270704030991e-03
2.309541916474699974e-03
-9.229099377989768982e-03
8.441726677119731903e-03
8.429692126810550690e-03
6.128616631031036377e-03
-5.328335799276828766e-03
6.876084487885236740e-03
-2.373301889747381210e-03
-1.562082092277705669e-03
-6.328195333480834961e-03
-1.651889993809163570e-03
-5.618283059448003769e-03
-8.153461851179599762e-03
-3.103794588241726160e-04
8.386687375605106354e-03
4.378564655780792236e-03
8.687139488756656647e-03
-3.588141174986958504e-03
-8.086379617452621460e-03
4.001560737378895283e-04
1.022677170112729073e-03
-6.939037237316370010e-03
2.414855407550930977e-03
5.586035083979368210e-03
7.188158109784126282e-03
1.936347456648945808e-03
-3.436553524807095528e-03
3.609111765399575233e-03
-9.810121729969978333e-03
6.729479879140853882e-03
9.380279108881950378e-03
9.673503227531909943e-03
1.047424448188394308e-04
4.187081940472126007e-03
-2.653073053807020187e-03
1.267625135369598866e-03
9.865792468190193176e-03
8.710634894669055939e-03
2.333658048883080482e-03
9.233137592673301697e-03
2.159935393137857318e-04
-7.293025963008403778e-03
3.451375989243388176e-03
5.347319412976503372e-03
5.620305426418781281e-03
6.391805130988359451e-03
6.473692599684000015e-03
2.419730648398399353e-03
-9.399616159498691559e-03
-7.776435464620590210e-03
-9.384525939822196960e-03
2.089239191263914108e-03
2.729141619056463242e-03
-5.230678711086511612e-03
6.441436707973480225e-03
8.129735477268695831e-03
3.559496952220797539e-03
8.550166152417659760e-03
-7.270865608006715775e-03
5.534292198717594147e-03
7.025684695690870285e-03
-2.942404244095087051e-03
-9.453231468796730042e-03
1.388056516647338867e+00
8.666765093803405762e-01
-1.517341613769531250e+00
5.795847177505493164e-01
