1.530551433563232422e+01
4.880069494247436523e-01
1.545089149475097656e+01
1.472136116027832031e+01
1.618910217285156250e+01
8.485861778259277344e+00
1.617380523681640625e+01
1.647220802307128906e+01
4.290694236755371094e+00
7.548957467079162598e-01
-2.103870660066604614e-01
2.902104377746582031e+00
-6.965584754943847656e+00
1.239732933044433594e+01
-7.584657669067382812e+00
-3.222862005233764648e+00
-9.980205535888671875e+00
3.769094944000244141e+00
9.663040161132812500e+00
-7.162414073944091797e+00
3.081678152084350586e+00
-8.562241792678833008e-01
1.640948295593261719e+00
1.997901678085327148e+00
1.917892098426818848e+00
6.345349550247192383e-01
-3.122341334819793701e-01
1.502478718757629395e-01
-1.468328386545181274e-01
-1.416735458374023438e+01
-1.272734451293945312e+01
3.684850692749023438e+00
1.442854213714599609e+01
-2.325426578521728516e+00
6.911133766174316406e+00
4.376737177371978760e-01
-7.769250869750976562e+00
6.534601688385009766e+00
-6.033658504486083984e+00
7.477206230163574219e+00
1.263367557525634766e+01
4.617801666259765625e+00
-5.398700237274169922e-01
7.274702072143554688e+00
2.246632337570190430e+00
-3.702508211135864258e+00
-2.949993371963500977e+00
-2.498240232467651367e+00
6.201275065541267395e-02
1.265343070030212402e+00
-1.090085983276367188e+00
1.729214429855346680e+00
1.597618460655212402e+00
-2.365159988403320312e+00
4.320484161376953125e+00
-1.376796364784240723e+00
-4.572329998016357422e+00
4.906884670257568359e+00
1.730337440967559814e-01
-2.947529077529907227e+00
6.927110552787780762e-01
6.050700545310974121e-01
-1.187608838081359863e+00
1.870419502258300781e+00
-1.524257287383079529e-02
1.869612574577331543e+00
-3.114411354064941406e+00
2.516061067581176758e+00
3.114355802536010742e+00
-3.890717744827270508e+00
-3.119517564773559570e+00
4.383569240570068359e+00
5.007847785949707031e+00
2.197112560272216797e+00
-2.688160538673400879e-01
2.344464063644409180e+00
-2.148426055908203125e+00
-5.285763740539550781e+00
-2.757539749145507812e-01
-3.861728668212890625e+00
6.634490489959716797e+00
2.679314613342285156e+00
2.955052852630615234e+00
-1.290667057037353516e-01
-6.324841380119323730e-01
-3.676690816879272461e+00
-1.349412679672241211e+00
3.153653860092163086e+00
-5.297283172607421875e+00
-1.827647835016250610e-01
-7.154378294944763184e-01
-4.681015312671661377e-01
4.502903938293457031e+00
-2.364820241928100586e+00
-1.936994433403015137e+00
7.747840881347656250e-01
1.720568239688873291e-01
-3.520591184496879578e-02
1.478430777788162231e-01
-1.868498325347900391e+00
-1.855843812227249146e-01
5.256916522979736328e+00
-2.313981294631958008e+00
4.217211246490478516e+00
2.529829502105712891e+00
-1.253789901733398438e+00
-2.588978052139282227e+00
4.437281608581542969e+00
1.678001284599304199e+00
1.997653365135192871e+00
-3.733046293258666992e+00
5.888644218444824219e+00
5.982660651206970215e-01
-3.607963562011718750e+00
-2.231677770614624023e+00
-2.473585605621337891e+00
-7.322857975959777832e-01
