1.722612023353576660e+00
2.178770899772644043e-01
-1.367088675498962402e+00
4.733603954315185547e+00
1.047095179557800293e+00
3.659555196762084961e+00
1.996526837348937988e+00
2.391433000564575195e+00
3.317362308502197266e+00
3.427938371896743774e-02
-1.648047566413879395e-01
-1.105093806982040405e-01
1.189920544624328613e+00
4.395129084587097168e-01
7.600918412208557129e-01
2.613498866558074951e-01
-3.967012092471122742e-02
-3.077176809310913086e-01
2.004224210977554321e-01
-4.085215926170349121e-01
1.216567158699035645e+00
-1.832869797945022583e-01
-1.123006105422973633e+00
4.881856217980384827e-02
3.094973973929882050e-03
-3.416480422019958496e-01
1.106376498937606812e-01
-8.806667476892471313e-02
-1.253232806921005249e-01
-1.542505919933319092e-01
-5.038645863533020020e-02
-3.552434146404266357e-01
-1.029826879501342773e+00
1.747266650199890137e-01
9.755603790283203125e+00
1.013097953796386719e+01
1.322311401367187500e+01
1.337419223785400391e+01
1.546804809570312500e+01
1.452975654602050781e+01
1.750663948059082031e+01
1.924354171752929688e+01
1.938316345214843750e+01
1.832314300537109375e+01
2.106925964355468750e+01
2.164170980453491211e+00
-7.461681365966796875e-01
-1.739117145538330078e+00
1.724547266960144043e+00
-5.441997051239013672e-01
-1.122280597686767578e+00
7.702006399631500244e-02
-2.267228811979293823e-01
-1.907971620559692383e+00
-2.646901845932006836e+00
-3.779428482055664062e+00
9.621303677558898926e-01
-4.778183698654174805e-01
-5.916686058044433594e-01
1.365913748741149902e-01
1.999835729598999023e+00
7.300379872322082520e-02
5.682066082954406738e-01
-2.970169305801391602e+00
3.676618814468383789e+00
2.131636738777160645e-01
-1.213025212287902832e+00
1.546082615852355957e+00
-9.826250076293945312e-01
9.532191753387451172e-01
3.965699970722198486e-01
1.092961788177490234e+00
1.457491159439086914e+00
1.494239330291748047e+01
-2.679291009902954102e+00
-4.571735382080078125e+00
2.665743589401245117e+00
-2.064958095550537109e+00
4.645298719406127930e-01
-3.177223920822143555e+00
-1.747401356697082520e+00
-2.417727851867675781e+01
4.539527416229248047e+00
4.974026978015899658e-01
-2.051904678344726562e+00
-1.119652152061462402e+00
4.121392965316772461e-01
2.710339307785034180e+00
2.621554374694824219e+00
-4.956451058387756348e-01
3.670320987701416016e+00
-1.541528403759002686e-01
5.463203787803649902e-01
-6.134783744812011719e+00
-3.385404348373413086e+00
4.417304039001464844e+00
1.397869825363159180e+00
-3.909122347831726074e-01
-3.140651881694793701e-01
2.606596231460571289e+00
-2.233861684799194336e+00
-5.648643895983695984e-02
6.558237075805664062e-01
-1.188532114028930664e+00
2.155578851699829102e+00
2.044885009527206421e-01
-7.746239304542541504e-01
-3.658146381378173828e+00
2.649506926536560059e-01
3.870725631713867188e+00
2.180254936218261719e+00
-1.230386421084403992e-01
2.068576589226722717e-02
7.244922518730163574e-01
-8.665757775306701660e-01
3.251225948333740234e-01
5.609598755836486816e-02
1.465158611536026001e-01
-5.287348031997680664e-01
1.575662970542907715e+00
-1.092154979705810547e+00
1.077812612056732178e-01
1.666542738676071167e-01
-1.388278007507324219e-01
-4.199349880218505859e-02
-4.707795679569244385e-01
1.157866835594177246e+00
-4.017378985881805420e-01
-3.190942108631134033e-01
1.382154673337936401e-01
-1.257693290710449219e+00
-9.147000908851623535e-01
1.451502293348312378e-01
8.549765348434448242e-01
-5.091097205877304077e-02
1.020353958010673523e-01
1.300508379936218262e-01
1.497314870357513428e-01
1.952974647283554077e-01
-4.288159847259521484e+00
-4.217969894409179688e+00
-8.967490196228027344e-01
-2.574424147605895996e-01
7.018258422613143921e-02
1.037284508347511292e-01
-4.524293169379234314e-02
6.276582479476928711e-01
7.557361602783203125e+00
6.698290824890136719e+00
1.784005910158157349e-01
7.304753661155700684e-01
2.448925226926803589e-01
2.416656166315078735e-01
-8.311336040496826172e-01
1.078025177121162415e-01
-5.626704096794128418e-01
-9.582420587539672852e-01
3.731083869934082031e-01
-3.178908228874206543e-01
9.927590489387512207e-01
1.833375215530395508e+00
1.584255576133728027e+00
-1.628703624010086060e-01
4.685330092906951904e-01
2.040168792009353638e-01
-1.577700972557067871e+00
-1.113994956016540527e+00
1.715733259916305542e-01
-1.252687722444534302e-01
9.942004680633544922e-01
5.913709998130798340e-01
8.314914703369140625e-01
-5.032753348350524902e-01
-1.280916810035705566e+00
3.672434806823730469e+00
2.042738437652587891e+00
2.447396039962768555e+00
-5.669590830802917480e-01
3.405020833015441895e-01
6.860289573669433594e-01
-1.505974173545837402e+00
3.123854286968708038e-03
9.421634078025817871e-01
1.179586946964263916e-01
-6.938842684030532837e-02
-3.726965188980102539e-01
1.309206008911132812e+00
9.572350382804870605e-01
-3.454429209232330322e-01
7.708343118429183960e-02
2.856513559818267822e-01
4.343961775302886963e-01
-1.072258710861206055e+00
1.272594034671783447e-01
-7.036893814802169800e-02
5.341708660125732422e-01
-8.991551995277404785e-01
-3.507177829742431641e-01
-5.440620332956314087e-02
2.490903288125991821e-01
7.004576269537210464e-03
1.261898279190063477e-01
-1.520148813724517822e-01
-4.694472532719373703e-03
4.111847579479217529e-01
-3.985909461975097656e+00
-3.502710342407226562e+00
-4.435405433177947998e-01
-8.134987205266952515e-02
-4.009394943714141846e-01
1.418525725603103638e-01
5.406433939933776855e-01
-1.274394512176513672e+00
6.693037986755371094e+00
6.697742938995361328e+00
-1.217411160469055176e-01
3.971449732780456543e-01
6.299178302288055420e-02
-2.679351018741726875e-03
-1.732861697673797607e-01
-1.155513048171997070e+00
-1.339696526527404785e+00
-4.464313983917236328e-01
-1.515613198280334473e-01
-1.484593152999877930e-01
1.454875230789184570e+00
-1.992479264736175537e-01
-1.159090161323547363e+00
-1.680141538381576538e-01
-1.008916199207305908e-01
-1.765588298439979553e-03
-1.783889830112457275e-01
2.875457108020782471e-01
1.403377056121826172e-01
-1.972872391343116760e-02
-1.236775657162070274e-03
-4.193965792655944824e-01
-1.508726179599761963e-01
-6.970309615135192871e-01
-6.103231012821197510e-02
3.716150999069213867e+00
3.086486101150512695e+00
2.737309455871582031e+00
-1.595200272276997566e-03
7.810620591044425964e-03
2.370654838159680367e-03
4.905774723738431931e-03
-6.183626246638596058e-04
7.951694540679454803e-03
-4.859739914536476135e-03
7.693067658692598343e-03
9.059717878699302673e-03
-1.900439849123358727e-03
5.973407533019781113e-03
4.058533813804388046e-03
-7.819977588951587677e-03
7.178870495408773422e-03
-6.952727679163217545e-03
-5.428722128272056580e-03
1.904943841509521008e-03
3.239165525883436203e-03
7.739124819636344910e-03
5.808012792840600014e-04
3.594011301174759865e-03
1.505822874605655670e-03
4.838741384446620941e-03
-7.557138800621032715e-03
6.125767715275287628e-03
-2.691025845706462860e-03
4.446428734809160233e-03
5.682925693690776825e-03
3.353245789185166359e-03
-1.386120682582259178e-03
-5.706278607249259949e-03
9.388232603669166565e-03
-5.864948034286499023e-03
-5.554520525038242340e-03
-6.832067156210541725e-04
-3.809530986472964287e-03
-5.561309400945901871e-03
-3.727052826434373856e-03
-1.642317743971943855e-03
9.351289831101894379e-03
-9.313055314123630524e-03
-5.605462472885847092e-03
-3.761642612516880035e-03
3.454057034105062485e-03
2.812527585774660110e-03
-6.233711726963520050e-03
9.343867190182209015e-03
-8.922930806875228882e-03
2.624272368848323822e-03
9.626555838622152805e-04
1.347606536000967026e-03
-2.964905928820371628e-03
-2.867056289687752724e-03
-6.773925852030515671e-04
4.808673169463872910e-03
7.299472112208604813e-03
4.519845359027385712e-03
-4.919369239360094070e-03
-5.557954311370849609e-03
1.707101240754127502e-03
8.378917351365089417e-03
-5.653604399412870407e-03
5.816650576889514923e-03
8.191552013158798218e-03
-9.868156164884567261e-03
7.815469987690448761e-03
2.086410999298095703e+00
1.046945214271545410e+00
-1.742215156555175781e+00
6.759934425354003906e-01
