1.529379367828369141e+00
-4.224934875965118408e-01
-3.143723011016845703e-01
-2.994287014007568359e-01
-2.719894051551818848e-01
-2.159752547740936279e-01
2.527245581150054932e-01
3.978334963321685791e-01
1.679639220237731934e+00
4.534467220306396484e+00
8.710815012454986572e-02
5.795477032661437988e-01
3.250814914703369141e+00
2.228814601898193359e+00
1.897724390029907227e+00
-6.561518460512161255e-02
1.761763453483581543e+00
2.302710056304931641e+00
2.000386476516723633e+00
1.275531649589538574e+00
-2.650011181831359863e-01
9.475824236869812012e-02
4.091562926769256592e-01
9.591908752918243408e-02
5.525116920471191406e-01
1.175226807594299316e+00
1.074195027351379395e+00
8.841553926467895508e-01
1.267592191696166992e+00
4.599784910678863525e-01
-4.377028644084930420e-01
1.169924736022949219e+00
7.728745937347412109e-01
5.652057528495788574e-01
2.700139209628105164e-02
-4.620978832244873047e-01
2.489184886217117310e-01
-1.337723284959793091e-01
-1.853350847959518433e-01
5.440858006477355957e-01
1.706836819648742676e-01
-1.737683117389678955e-01
4.022539854049682617e-01
-3.802365362644195557e-01
2.257957905530929565e-01
5.632140636444091797e-01
1.687140166759490967e-01
4.132359027862548828e-01
7.664887309074401855e-01
1.212752819061279297e+00
1.229268670082092285e+00
1.146742105484008789e+00
3.919737040996551514e-01
8.095339536666870117e-01
5.916736721992492676e-01
1.873744428157806396e-01
4.645925760269165039e-01
-5.486632138490676880e-02
1.012437492609024048e-01
1.327168345451354980e+00
-8.664366602897644043e-02
5.106018781661987305e-01
2.299278043210506439e-02
6.267107278108596802e-02
4.622225463390350342e-01
-1.070500388741493225e-01
-3.361800611019134521e-01
-5.023173689842224121e-01
5.223794579505920410e-01
-2.668762505054473877e-01
-1.929585188627243042e-01
4.518481492996215820e-01
2.891668677330017090e-01
-6.386482715606689453e-01
1.191933870315551758e+00
3.229116916656494141e+00
4.884229660034179688e+00
7.095260143280029297e+00
8.734553337097167969e+00
1.056785869598388672e+01
1.044761085510253906e+01
1.326997470855712891e+01
1.302919292449951172e+01
1.304737186431884766e+01
1.503459548950195312e+01
1.564991283416748047e+01
1.685029411315917969e+01
2.026237297058105469e+01
1.793732452392578125e+01
1.918018531799316406e+01
1.908706474304199219e+01
2.042863655090332031e+01
2.165240287780761719e+01
2.352017784118652344e+01
2.556944465637207031e+01
2.707658004760742188e+01
2.996988677978515625e+01
2.261790335178375244e-01
1.489260047674179077e-01
4.739451110363006592e-01
-3.340444862842559814e-01
-2.455575168132781982e-01
1.705321073532104492e+00
-4.769706130027770996e-01
1.169541597366333008e+00
-5.806942582130432129e-01
1.364778280258178711e+00
5.568440556526184082e-01
-7.589605450630187988e-01
1.584763228893280029e-01
4.939527213573455811e-01
2.327254563570022583e-01
-2.129729688167572021e-01
1.859406232833862305e-01
-1.460747480392456055e+00
1.631069332361221313e-01
1.295674681663513184e+00
4.858769774436950684e-01
1.081666469573974609e+00
8.357581496238708496e-01
8.982759714126586914e-01
6.397046446800231934e-01
4.253581762313842773e-01
-6.840538233518600464e-02
1.727722436189651489e-01
9.510123133659362793e-01
-6.951161623001098633e-01
-7.610949873924255371e-01
9.879182279109954834e-02
5.440105199813842773e-01
5.010583996772766113e-01
1.522295325994491577e-01
1.710180938243865967e-01
9.508106708526611328e-01
6.881605982780456543e-01
3.198007643222808838e-01
6.345666050910949707e-01
-5.084086060523986816e-01
9.258420467376708984e-01
7.284695506095886230e-01
1.141026616096496582e+00
1.259683251380920410e+00
4.178968667984008789e-01
4.514753222465515137e-01
-1.582109481096267700e-01
4.445393383502960205e-01
2.671540081501007080e-01
6.328772306442260742e-01
-1.556093841791152954e-01
1.756778597831726074e+00
9.927121996879577637e-01
8.155515193939208984e-01
2.882190980017185211e-02
5.469726920127868652e-01
2.903313040733337402e-01
8.642621636390686035e-01
1.792891025543212891e-01
-1.576895862817764282e-01
-2.544277310371398926e-01
7.155449986457824707e-01
8.479848504066467285e-01
1.190882205963134766e+00
1.968642473220825195e-01
3.886160254478454590e-01
6.498405337333679199e-01
1.129504084587097168e+00
6.823795437812805176e-01
1.123723015189170837e-01
7.875467538833618164e-01
8.384321630001068115e-02
1.197501301765441895e+00
3.573285341262817383e-01
3.883453011512756348e-01
8.393095731735229492e-01
4.907083138823509216e-02
8.371372818946838379e-01
5.343225598335266113e-01
-5.054023116827011108e-02
3.690955638885498047e-01
1.430038660764694214e-01
5.816952511668205261e-02
1.017572879791259766e+00
1.210755825042724609e+00
6.798311471939086914e-01
1.108360290527343750e+00
1.172826960682868958e-01
2.258658111095428467e-01
3.381331264972686768e-01
8.121842741966247559e-01
1.523125469684600830e-01
1.933392584323883057e-01
2.908884584903717041e-01
7.455220818519592285e-01
3.970926403999328613e-01
2.164370864629745483e-01
2.633693162351846695e-03
3.558557331562042236e-01
-1.277811884880065918e+00
-2.651762664318084717e-01
-3.255358040332794189e-01
-1.667266041040420532e-01
9.050458073616027832e-01
1.603239417076110840e+00
4.843127429485321045e-01
1.721666097640991211e+00
4.053888618946075439e-01
1.010051131248474121e+00
6.200747936964035034e-02
-4.704217910766601562e-01
-4.478057622909545898e-01
8.526243567466735840e-01
1.496863961219787598e+00
8.945584893226623535e-01
3.630831539630889893e-01
4.945161342620849609e-01
1.002405524253845215e+00
1.428911328315734863e+00
-4.529413580894470215e-01
7.153667211532592773e-01
7.133504748344421387e-02
1.051281809806823730e+00
9.787540435791015625e-01
8.183028101921081543e-01
6.631255745887756348e-01
1.532372832298278809e+00
-8.330388367176055908e-02
2.339440107345581055e+00
7.271817326545715332e-01
-4.614212512969970703e-01
4.543493092060089111e-01
1.701769232749938965e+00
5.573040843009948730e-01
-3.843926489353179932e-01
-3.688022792339324951e-01
1.598238468170166016e+00
4.158321321010589600e-01
6.457450389862060547e-01
1.852221935987472534e-01
-7.778607010841369629e-01
-8.605402708053588867e-01
-1.575999855995178223e-01
5.977930426597595215e-01
4.744515717029571533e-01
1.073007464408874512e+00
-8.419550657272338867e-01
-1.212409213185310364e-01
4.993923902511596680e-01
-2.314171493053436279e-01
5.968303084373474121e-01
4.611144363880157471e-01
7.843371629714965820e-01
6.458966135978698730e-01
-5.832293629646301270e-01
-1.803458780050277710e-01
1.366506665945053101e-01
-1.913712769746780396e-01
7.590702772140502930e-01
3.531609103083610535e-02
-2.243390977382659912e-01
4.247435331344604492e-01
1.031527042388916016e+00
-8.503379225730895996e-01
-4.051965773105621338e-01
2.351455986499786377e-01
2.287757843732833862e-01
3.354430571198463440e-02
2.828215956687927246e-01
1.448935508728027344e+00
-1.083425357937812805e-01
-5.330718681216239929e-02
-1.286938190460205078e-01
-4.375245771370828152e-04
2.327437698841094971e-01
7.677836418151855469e-01
4.681247472763061523e-01
3.897157013416290283e-01
7.020509839057922363e-01
2.007204532623291016e+00
5.419822931289672852e-01
5.618010759353637695e-01
-2.696446180343627930e-01
1.256831288337707520e-01
-3.416918218135833740e-01
-1.123413085937500000e+00
-1.171330660581588745e-01
-1.345730304718017578e+00
2.814628183841705322e-01
-4.849989432841539383e-03
1.316987872123718262e-01
4.252905845642089844e-01
6.787347197532653809e-01
-2.316662482917308807e-02
-3.180165588855743408e-01
-8.695489764213562012e-01
-1.767769008874893188e-01
-3.322474956512451172e-01
4.642935097217559814e-01
2.622292637825012207e-01
2.856771647930145264e-01
-3.078249394893646240e-01
9.259468913078308105e-01
9.819316864013671875e-01
6.286203861236572266e-01
1.305037856101989746e+00
1.322932958602905273e+00
2.704811394214630127e-01
-1.452038884162902832e+00
4.974479675292968750e-01
-1.817243099212646484e-01
1.954335421323776245e-01
-3.277821242809295654e-01
4.071292281150817871e-01
-7.719753384590148926e-01
9.292432069778442383e-01
-2.362946607172489166e-02
7.008665800094604492e-01
9.411882758140563965e-01
-1.567357480525970459e-01
-1.245850995182991028e-01
-2.512703239917755127e-01
-3.822927772998809814e-01
-8.435263037681579590e-01
-6.918164342641830444e-02
5.292075872421264648e-01
-1.053822040557861328e+00
1.063741087913513184e+00
-1.281264275312423706e-01
1.151068568229675293e+00
1.108918547630310059e+00
6.720116138458251953e-01
1.379598230123519897e-01
-5.595687627792358398e-01
-7.974158525466918945e-01
4.400171041488647461e-01
-6.889244914054870605e-01
3.259649574756622314e-01
1.187637448310852051e+00
-7.734309434890747070e-01
-1.077152267098426819e-01
-2.588708102703094482e-01
-2.509089410305023193e-01
3.814666867256164551e-01
1.578185319900512695e+00
-5.630838274955749512e-01
7.938790321350097656e-01
-6.279574632644653320e-01
-7.301787137985229492e-01
1.043022632598876953e+00
7.453112602233886719e-01
6.729815602302551270e-01
1.206014990806579590e+00
5.157858133316040039e-01
1.873044967651367188e-01
-2.842557728290557861e-01
-1.532975882291793823e-01
-1.180315852165222168e+00
-6.346235871315002441e-01
5.321272611618041992e-01
6.744089126586914062e-01
-8.439629524946212769e-02
4.966309964656829834e-01
3.944900631904602051e-01
4.100545644760131836e-01
-7.220049202442169189e-02
-2.916475534439086914e-01
-9.635706543922424316e-01
5.495052337646484375e-01
2.529816150665283203e+00
-1.854156702756881714e-01
-1.188016533851623535e+00
-5.590417236089706421e-02
9.383706450462341309e-01
2.429547905921936035e-01
1.882930248975753784e-01
3.489659428596496582e-01
5.873446464538574219e-01
3.381634652614593506e-01
7.446603178977966309e-01
6.140456795692443848e-01
8.907746672630310059e-01
5.969936847686767578e-01
3.363687396049499512e-01
1.029973626136779785e-01
1.230821385979652405e-01
7.100210189819335938e-01
8.923647403717041016e-01
2.649794518947601318e-01
3.947079479694366455e-01
1.205826759338378906e+00
5.442370176315307617e-01
1.478366971015930176e+00
7.260416150093078613e-01
4.004181325435638428e-01
1.023220539093017578e+00
7.505705952644348145e-01
3.092434704303741455e-01
4.567947089672088623e-01
1.696307063102722168e-01
6.744246482849121094e-01
8.398213982582092285e-01
9.482749700546264648e-01
7.743923068046569824e-01
-4.611121863126754761e-02
9.557484090328216553e-02
1.125295996665954590e+00
-2.623048126697540283e-01
7.011420130729675293e-01
1.120360255241394043e+00
4.011455178260803223e-01
1.005861043930053711e+00
-1.781451702117919922e-01
7.391132116317749023e-01
4.396599829196929932e-01
4.427131414413452148e-01
9.319880008697509766e-01
1.670595258474349976e-02
6.897916197776794434e-01
9.300985336303710938e-01
8.163003921508789062e-01
7.611171007156372070e-01
5.317076444625854492e-01
1.007839798927307129e+00
4.732196629047393799e-01
1.011313438415527344e+00
1.007490038871765137e+00
6.510643362998962402e-01
5.684443116188049316e-01
1.064762830734252930e+00
6.482055783271789551e-01
8.941268920898437500e-01
-3.436833024024963379e-01
6.897593140602111816e-01
-1.402650028467178345e-01
2.879676409065723419e-03
5.025573372840881348e-01
-3.635243475437164307e-01
-1.208039000630378723e-01
1.458693593740463257e-01
8.065111041069030762e-01
7.155796289443969727e-01
1.189219355583190918e+00
1.144669532775878906e+00
4.747291207313537598e-01
2.596068382263183594e-01
7.159013748168945312e-01
6.016659140586853027e-01
8.225817084312438965e-01
4.513148665428161621e-01
-1.933347666636109352e-03
9.217843413352966309e-01
6.376504898071289062e-01
-1.415395885705947876e-01
9.936153888702392578e-01
9.124292433261871338e-02
6.437243223190307617e-01
1.237548738718032837e-01
7.616761326789855957e-01
2.423418760299682617e-01
5.153833627700805664e-01
8.741713166236877441e-01
-3.862105011940002441e-01
8.289064168930053711e-01
4.425964653491973877e-01
7.298951148986816406e-01
7.417408227920532227e-01
4.953196942806243896e-01
6.961787939071655273e-01
2.037239670753479004e-01
4.635440707206726074e-01
9.850687980651855469e-01
4.898984730243682861e-01
4.397689998149871826e-01
3.770505189895629883e-01
4.002579152584075928e-01
6.309294104576110840e-01
1.829876452684402466e-01
5.461287498474121094e-01
1.068871021270751953e+00
6.071326136589050293e-02
7.049893587827682495e-02
4.635916054248809814e-01
6.438905000686645508e-01
5.845173001289367676e-01
9.384456872940063477e-01
-9.703066945075988770e-02
4.382325112819671631e-01
7.515699267387390137e-01
1.102803707122802734e+00
5.883744955062866211e-01
8.764271736145019531e-01
-3.211716189980506897e-02
-3.021847903728485107e-01
3.082619607448577881e-01
-7.650431245565414429e-02
6.850936263799667358e-02
9.369122236967086792e-02
4.681577265728265047e-04
2.429535984992980957e-02
-1.997263580560684204e-01
-4.011110588908195496e-02
-9.147120267152786255e-02
7.637837436050176620e-03
7.865146398544311523e-01
1.756034374237060547e+00
7.687281966209411621e-01
1.519673228263854980e+00
1.093236565589904785e+00
8.653998970985412598e-01
-4.323201626539230347e-02
4.214649200439453125e-01
-1.719793081283569336e-01
1.090118288993835449e+00
1.230745911598205566e+00
3.568110764026641846e-01
-1.359692662954330444e-01
8.157179951667785645e-01
6.843907833099365234e-01
3.530302643775939941e-01
-4.706308990716934204e-02
2.972778677940368652e-01
-9.827503561973571777e-02
9.576429128646850586e-01
3.895566761493682861e-01
-2.530305981636047363e-01
8.441155552864074707e-01
4.836075603961944580e-01
-7.772759199142456055e-01
5.377862453460693359e-01
1.411807388067245483e-01
3.003971576690673828e-01
-2.873963117599487305e-01
1.846249252557754517e-01
1.183999538421630859e+00
4.565463960170745850e-01
-1.250785887241363525e-01
5.085062384605407715e-01
-7.329763770103454590e-01
4.872951805591583252e-01
2.108562290668487549e-01
-1.873032450675964355e-01
4.665800034999847412e-01
7.789535522460937500e-01
-7.701817154884338379e-01
7.104692459106445312e-01
8.797830343246459961e-02
2.942008078098297119e-01
4.782864823937416077e-02
4.164697825908660889e-01
-4.520560801029205322e-01
1.454959623515605927e-02
-7.035108804702758789e-01
1.039930820465087891e+00
1.582836806774139404e-01
4.702495783567428589e-02
1.841390281915664673e-01
-2.336988896131515503e-01
2.614401578903198242e-01
2.322813421487808228e-01
7.548712491989135742e-01
2.782604694366455078e-01
1.104934930801391602e+00
5.587776899337768555e-01
-6.029928326606750488e-01
1.006292700767517090e-01
4.209615886211395264e-01
1.224223077297210693e-01
1.330455690622329712e-01
5.294491648674011230e-01
2.541980445384979248e-01
-1.441019922494888306e-01
-2.112413495779037476e-01
-1.074951589107513428e-01
-4.441830515861511230e-02
-1.254761964082717896e-01
2.111520767211914062e-01
1.320526152849197388e-01
2.874690592288970947e-01
5.497335195541381836e-01
1.639104366302490234e+00
-4.938882589340209961e-01
-2.962587177753448486e-01
-6.252661943435668945e-01
7.358990907669067383e-01
2.335318475961685181e-01
-1.646340489387512207e-01
6.314902305603027344e-01
2.520673274993896484e-01
6.130779981613159180e-01
5.343219637870788574e-01
1.846539855003356934e+00
3.884041905403137207e-01
1.735572934150695801e+00
5.911343097686767578e-01
-1.424513161182403564e-01
4.625935554504394531e-01
-7.220071554183959961e-01
4.508467614650726318e-01
7.281884551048278809e-01
9.364337474107742310e-02
-3.784302771091461182e-01
3.779262900352478027e-01
7.637976408004760742e-01
8.095321655273437500e-01
5.854001641273498535e-01
1.345758676528930664e+00
1.218123063445091248e-01
5.179921388626098633e-01
3.185974955558776855e-01
-2.118673771619796753e-01
4.963991343975067139e-01
5.217576026916503906e-01
6.052698493003845215e-01
-4.123265147209167480e-01
2.342148311436176300e-02
-5.990311503410339355e-01
1.774627417325973511e-01
-5.376341938972473145e-02
-3.210853338241577148e-01
-5.414370894432067871e-01
-3.407596051692962646e-02
1.670230776071548462e-01
1.641935408115386963e-01
6.504589915275573730e-01
4.195955693721771240e-01
1.388114392757415771e-01
-6.626852154731750488e-01
-3.134592771530151367e-01
4.578352272510528564e-01
2.807893753051757812e-01
2.355129867792129517e-01
2.243178635835647583e-01
5.800793766975402832e-01
2.506008744239807129e-01
2.891835570335388184e-01
8.146238327026367188e-02
-3.635510206222534180e-01
2.467151284217834473e-01
3.565894439816474915e-02
5.716882348060607910e-01
9.423675537109375000e-01
-2.047774344682693481e-01
4.265503212809562683e-02
5.933082103729248047e-01
7.264093756675720215e-01
-3.213472962379455566e-01
5.390442013740539551e-01
-8.196223527193069458e-02
6.123932003974914551e-01
6.783659458160400391e-01
6.504024267196655273e-01
6.027372479438781738e-01
1.783020198345184326e-01
4.174095392227172852e-01
7.708888649940490723e-01
1.827150881290435791e-01
1.720684021711349487e-01
7.544989585876464844e-01
7.529582381248474121e-01
5.573006272315979004e-01
8.391044288873672485e-02
1.672383248805999756e-01
2.332638204097747803e-01
4.335559308528900146e-01
-2.432558387517929077e-01
-5.709040164947509766e-01
8.031532764434814453e-01
6.486307382583618164e-01
-1.649456322193145752e-01
2.353389263153076172e-01
3.996929228305816650e-01
7.126815915107727051e-01
-6.191297769546508789e-01
4.637378156185150146e-01
4.378688633441925049e-01
5.329480767250061035e-01
5.677595734596252441e-01
1.786628246307373047e+00
2.917641401290893555e-01
7.366577386856079102e-01
8.058009743690490723e-01
1.230722591280937195e-01
9.670329689979553223e-01
3.829158246517181396e-01
6.266039013862609863e-01
7.388101220130920410e-01
-1.987991668283939362e-02
6.337137222290039062e-01
6.370069384574890137e-01
3.804196789860725403e-02
7.135403156280517578e-01
8.832058906555175781e-01
9.474585652351379395e-01
3.536023199558258057e-02
2.438545078039169312e-01
5.975850224494934082e-01
3.206361830234527588e-01
6.508679986000061035e-01
3.995471894741058350e-01
3.141168653964996338e-01
7.693862915039062500e-02
1.886467933654785156e-01
5.513841509819030762e-01
4.614439904689788818e-01
5.437030196189880371e-01
6.183024644851684570e-01
6.097460389137268066e-01
5.520462393760681152e-01
7.232825756072998047e-01
1.604882776737213135e-01
3.404169678688049316e-01
3.709666132926940918e-01
2.675155401229858398e-01
2.962242960929870605e-01
6.078711748123168945e-01
1.120676472783088684e-01
-6.063168048858642578e-01
6.102043390274047852e-01
1.133230209350585938e+00
3.153947293758392334e-01
4.991911351680755615e-01
6.530798673629760742e-01
2.417156696319580078e-01
4.214922189712524414e-01
5.013128519058227539e-01
3.513012230396270752e-01
7.867965698242187500e-01
4.218588471412658691e-01
8.673726916313171387e-01
1.450547017157077789e-02
5.275453925132751465e-01
-7.043795585632324219e-01
5.569556355476379395e-01
3.958252072334289551e-01
2.717504501342773438e-01
5.361939668655395508e-01
2.490113377571105957e-01
5.672630667686462402e-01
8.030747175216674805e-01
7.988795042037963867e-01
9.445206522941589355e-01
7.007389068603515625e-01
1.092699646949768066e+00
8.169157505035400391e-01
9.112026691436767578e-01
4.824282526969909668e-01
4.313898980617523193e-01
2.788293063640594482e-01
6.536397337913513184e-01
8.854216933250427246e-01
4.150356054306030273e-01
3.315007090568542480e-01
6.206687092781066895e-01
6.899988055229187012e-01
-1.479426324367523193e-01
2.174667567014694214e-01
1.761381626129150391e-01
4.552627801895141602e-01
8.664459735155105591e-02
4.603474140167236328e-01
4.706124663352966309e-01
-2.866855561733245850e-01
8.356248736381530762e-01
6.004045009613037109e-01
6.588295102119445801e-01
1.248737812042236328e+00
2.874732911586761475e-01
7.569437026977539062e-01
8.779359459877014160e-01
8.213740587234497070e-02
6.293393969535827637e-01
-1.660307198762893677e-01
3.385720849037170410e-01
1.599678695201873779e-01
4.022751152515411377e-01
5.000858902931213379e-01
1.003530025482177734e-01
-6.297771632671356201e-02
1.240039229393005371e+00
-1.949559748172760010e-01
3.641976714134216309e-01
1.703372299671173096e-01
2.068930268287658691e-01
5.945606827735900879e-01
4.285026192665100098e-01
3.414482176303863525e-01
5.041334629058837891e-01
1.084984183311462402e+00
6.610432267189025879e-01
9.588966965675354004e-01
5.302947163581848145e-01
-5.027041211724281311e-02
2.015216797590255737e-01
5.683336853981018066e-01
-3.522038459777832031e-01
3.056339025497436523e-01
-1.042658537626266479e-01
-2.163410000503063202e-02
1.395459055900573730e+00
3.977128267288208008e-01
5.276149511337280273e-01
-4.175031557679176331e-02
-2.271898239850997925e-01
1.012025356292724609e+00
1.453401327133178711e+00
2.510924041271209717e-01
1.184473752975463867e+00
1.154077887535095215e+00
4.987872242927551270e-01
1.971105784177780151e-01
9.637492895126342773e-02
-3.879406452178955078e-01
1.010913491249084473e+00
5.126003623008728027e-01
5.442761182785034180e-01
5.196208357810974121e-01
1.384331881999969482e-01
5.414546728134155273e-01
2.079658657312393188e-01
-2.495157420635223389e-01
2.537834942340850830e-01
-1.684358566999435425e-01
1.158151507377624512e+00
9.405349940061569214e-02
7.195442914962768555e-02
5.553475022315979004e-01
8.307629227638244629e-01
-7.828118801116943359e-01
4.573211669921875000e-01
1.590910851955413818e-01
7.802756875753402710e-02
-8.231560587882995605e-01
2.279796153306961060e-01
6.658656597137451172e-01
2.006970494985580444e-01
3.834441304206848145e-01
5.783909186720848083e-02
-4.052868187427520752e-01
-2.708539552986621857e-02
5.230197906494140625e-01
4.642866551876068115e-01
4.642843008041381836e-01
7.014603018760681152e-01
2.645729184150695801e-01
2.236582338809967041e-01
6.779607534408569336e-01
-1.849988251924514771e-01
1.094734370708465576e-01
3.986634314060211182e-01
-4.692956060171127319e-02
3.436168730258941650e-01
-7.738596200942993164e-01
5.208082795143127441e-01
3.825423419475555420e-01
7.281317375600337982e-04
2.588301301002502441e-01
-8.148472309112548828e-01
1.956768333911895752e-01
4.441446959972381592e-01
9.121888875961303711e-01
7.873680591583251953e-01
1.168259263038635254e+00
1.829315721988677979e-01
1.817355006933212280e-01
-1.404442787170410156e-01
-3.957913219928741455e-01
2.191945165395736694e-02
-2.026993185281753540e-01
-4.371788501739501953e-01
3.300561904907226562e-01
2.045216709375381470e-01
-1.085857003927230835e-01
1.234084591269493103e-01
2.241018712520599365e-01
-1.853790432214736938e-01
4.733384549617767334e-01
2.070853710174560547e-01
2.610600888729095459e-01
6.430388689041137695e-01
4.646489918231964111e-01
-1.070590317249298096e-01
1.263724416494369507e-01
1.425466835498809814e-01
-5.022451654076576233e-02
4.565491676330566406e-01
-6.579611301422119141e-01
7.816564440727233887e-01
4.681671261787414551e-01
1.425752878189086914e+00
1.236960530281066895e+00
1.460646152496337891e+00
9.270836114883422852e-01
1.541175603866577148e+00
4.659762680530548096e-01
1.155768614262342453e-02
-6.388758867979049683e-02
1.328308582305908203e-01
-1.866511553525924683e-01
5.085013434290885925e-02
6.886473298072814941e-02
-4.319183230400085449e-01
-6.230951547622680664e-01
1.606445431709289551e+00
4.516116976737976074e-01
1.648532152175903320e-01
1.013960957527160645e+00
2.771100699901580811e-01
5.462894439697265625e-01
-4.945847094058990479e-01
2.406464368104934692e-01
6.467609405517578125e-01
6.261152774095535278e-02
1.612430214881896973e-01
5.525616556406021118e-02
-2.580227255821228027e-01
-3.402908146381378174e-01
-2.935194075107574463e-01
-2.026989012956619263e-01
-8.769480884075164795e-02
4.945756196975708008e-01
3.185060620307922363e-01
2.845115661621093750e-01
8.430706858634948730e-01
-2.270884364843368530e-01
5.244190692901611328e-01
5.060721039772033691e-01
-3.485967814922332764e-01
2.194949537515640259e-01
1.203528493642807007e-01
3.048113584518432617e-01
5.728004574775695801e-01
6.980599761009216309e-01
-5.055300593376159668e-01
4.511019587516784668e-01
-2.918269298970699310e-02
-5.358468368649482727e-02
-3.078388571739196777e-01
-5.059129595756530762e-01
-8.222977519035339355e-01
9.510341882705688477e-01
-1.577095091342926025e-01
-5.009371638298034668e-01
-1.620998233556747437e-01
1.043779730796813965e+00
4.239149689674377441e-01
-1.026640087366104126e-01
6.492107510566711426e-01
5.225585103034973145e-01
5.751237273216247559e-01
1.021699070930480957e+00
1.060157895088195801e+00
2.851912975311279297e-01
6.466084718704223633e-01
-3.736962750554084778e-02
3.238935172557830811e-01
1.456585824489593506e-01
-1.547682732343673706e-01
1.349568843841552734e+00
9.056985974311828613e-01
4.452124536037445068e-01
1.517535597085952759e-01
8.000383973121643066e-01
-4.181677997112274170e-01
8.103261142969131470e-02
-5.632514953613281250e-01
-3.257234692573547363e-01
3.000423312187194824e-01
2.995835244655609131e-01
-9.302517771720886230e-02
9.210007786750793457e-01
-2.196189388632774353e-02
7.692614197731018066e-01
-3.120157420635223389e-01
-3.599721938371658325e-02
7.203819751739501953e-01
5.881990194320678711e-01
3.854889869689941406e-01
1.646413803100585938e+00
7.208958268165588379e-01
6.867290139198303223e-01
-5.536521226167678833e-02
-1.412011384963989258e-01
5.683762431144714355e-01
1.269070863723754883e+00
9.164039045572280884e-02
5.484046936035156250e-01
4.444109499454498291e-01
2.571162879467010498e-01
7.150797843933105469e-01
5.985308885574340820e-01
7.358062267303466797e-01
6.181780099868774414e-01
9.656336903572082520e-01
8.668769598007202148e-01
-4.292516782879829407e-02
2.031994163990020752e-01
4.971045255661010742e-01
2.338600158691406250e-01
6.056072711944580078e-01
5.825628060847520828e-03
5.429059267044067383e-01
7.952857613563537598e-01
1.737065613269805908e-01
1.212376281619071960e-01
7.124310135841369629e-01
7.769887447357177734e-01
4.309210777282714844e-01
2.315559536218643188e-01
9.486183524131774902e-01
4.467171430587768555e-01
6.953248977661132812e-01
8.552405834197998047e-01
8.230280876159667969e-01
1.557739228010177612e-01
3.047623932361602783e-01
7.124886512756347656e-01
4.359520599246025085e-02
4.508679509162902832e-01
4.377244710922241211e-01
5.934576392173767090e-01
9.363926649093627930e-01
9.965998530387878418e-01
4.415402710437774658e-01
8.578926324844360352e-02
2.909132242202758789e-01
1.283079087734222412e-01
3.605128824710845947e-01
4.571315646171569824e-01
5.932380557060241699e-01
7.505345940589904785e-01
1.585509181022644043e-01
7.179883122444152832e-01
7.467244863510131836e-01
5.200244784355163574e-01
1.752816140651702881e-01
7.705782055854797363e-01
8.232228755950927734e-01
3.801009654998779297e-01
8.741647601127624512e-01
6.935079395771026611e-02
7.225676774978637695e-01
6.481087207794189453e-01
9.321897625923156738e-01
1.525891125202178955e-01
4.031204283237457275e-01
8.249113559722900391e-01
7.240409255027770996e-01
9.857966899871826172e-01
6.292026638984680176e-01
7.028951048851013184e-01
3.230089247226715088e-01
2.501867711544036865e-01
1.292114108800888062e-01
3.763712346553802490e-01
6.226017475128173828e-01
4.775877594947814941e-01
9.656363725662231445e-01
8.483435511589050293e-01
5.903349444270133972e-02
9.204614162445068359e-01
5.918374061584472656e-01
8.208227157592773438e-01
7.218948751688003540e-02
7.969038486480712891e-01
3.950213789939880371e-01
6.972469091415405273e-01
7.092407941818237305e-01
7.011582255363464355e-01
9.069620631635189056e-03
7.171702384948730469e-01
3.019990324974060059e-01
5.172575265169143677e-02
7.577595710754394531e-01
1.710704863071441650e-01
4.471537768840789795e-01
3.881702721118927002e-01
9.960520267486572266e-01
6.671974062919616699e-01
7.010074853897094727e-01
5.324457883834838867e-01
5.931428447365760803e-02
5.790524482727050781e-01
6.293522119522094727e-01
8.444931507110595703e-01
8.542703390121459961e-01
8.440118432044982910e-01
5.984043478965759277e-01
7.803569436073303223e-01
5.924392938613891602e-01
8.472877740859985352e-02
7.909076809883117676e-01
9.705201983451843262e-01
6.751596331596374512e-01
6.117126345634460449e-01
1.768888346850872040e-02
2.382858246564865112e-01
4.667522907257080078e-01
5.707784891128540039e-01
1.037823706865310669e-01
2.517880797386169434e-01
4.494795501232147217e-01
7.946604490280151367e-02
1.192080080509185791e-01
9.149990677833557129e-01
5.413643717765808105e-01
9.527717232704162598e-01
2.571616768836975098e-01
9.616795182228088379e-01
6.691829562187194824e-01
7.180058956146240234e-01
6.285333633422851562e-01
2.670589983463287354e-01
4.175128042697906494e-02
9.027050137519836426e-01
2.189885824918746948e-01
8.761919140815734863e-01
6.469604372978210449e-01
9.270975589752197266e-01
2.495285719633102417e-01
4.026262462139129639e-01
8.830686211585998535e-01
5.696163177490234375e-01
3.205730617046356201e-01
3.323274478316307068e-02
4.307736158370971680e-01
9.765061736106872559e-01
6.302721500396728516e-01
2.790549099445343018e-01
6.820486783981323242e-01
3.216002881526947021e-01
8.962245583534240723e-01
4.032778143882751465e-01
6.535524129867553711e-01
3.118782639503479004e-01
7.548129558563232422e-01
6.466440558433532715e-01
2.109103351831436157e-01
5.873440206050872803e-02
7.159106135368347168e-01
2.678398787975311279e-01
9.491323232650756836e-01
3.084174990653991699e-01
6.423968821763992310e-02
4.688149392604827881e-01
7.100676745176315308e-02
7.940125465393066406e-01
7.547965049743652344e-01
2.697900831699371338e-01
7.198762148618698120e-02
9.218525290489196777e-01
6.677869558334350586e-01
4.726968407630920410e-01
6.300368905067443848e-01
5.656011104583740234e-01
5.150809288024902344e-01
5.669249296188354492e-01
5.537929534912109375e-01
1.115291863679885864e-01
4.294003248214721680e-01
3.548136949539184570e-01
1.717131733894348145e-01
3.392015695571899414e-01
9.844741225242614746e-02
7.904348373413085938e-01
8.286916613578796387e-01
7.570553421974182129e-01
1.520084589719772339e-01
1.443472653627395630e-01
8.203454613685607910e-01
1.509260665625333786e-02
6.726891547441482544e-02
3.088524639606475830e-01
8.641107082366943359e-01
2.917592525482177734e-01
5.993947982788085938e-01
6.940917372703552246e-01
9.876029491424560547e-01
6.046955585479736328e-01
6.061307787895202637e-01
3.648746311664581299e-01
5.724947452545166016e-01
9.079251885414123535e-01
9.594460725784301758e-01
9.681208729743957520e-01
1.738175451755523682e-01
2.756620347499847412e-01
7.922204136848449707e-01
6.792213320732116699e-01
1.754641979932785034e-01
4.912227392196655273e-01
8.163646459579467773e-01
5.489020943641662598e-01
5.327601432800292969e-01
1.347656100988388062e-01
8.926284909248352051e-01
8.473657816648483276e-02
6.139297410845756531e-02
3.006913363933563232e-01
8.491404652595520020e-01
7.244439721107482910e-01
4.238082170486450195e-01
2.791009545326232910e-01
6.126440763473510742e-01
8.583257794380187988e-01
6.030961275100708008e-01
8.985398411750793457e-01
6.953654289245605469e-01
7.126023173332214355e-01
7.755934596061706543e-01
6.911658644676208496e-01
2.624400854110717773e-01
7.476699352264404297e-01
4.520390927791595459e-02
5.626177191734313965e-01
4.292407929897308350e-01
5.939462184906005859e-01
8.693542331457138062e-03
6.874552369117736816e-01
5.547396540641784668e-01
8.246593475341796875e-01
2.712377905845642090e-01
1.620086096227169037e-02
4.679496884346008301e-01
9.928270578384399414e-01
6.689394712448120117e-01
7.802705764770507812e-01
8.587811589241027832e-01
5.468581914901733398e-01
2.523677051067352295e-01
5.161194801330566406e-01
1.686137467622756958e-01
8.521959781646728516e-01
2.658821344375610352e-01
4.758229851722717285e-01
3.700956106185913086e-01
4.338836371898651123e-01
6.867105960845947266e-01
6.081047058105468750e-01
2.567126452922821045e-01
5.779791474342346191e-01
5.237416625022888184e-01
2.416008561849594116e-01
9.737017154693603516e-01
4.928696453571319580e-01
1.548684388399124146e-01
9.663680195808410645e-01
9.516957402229309082e-01
6.604813933372497559e-01
3.400550782680511475e-01
4.349663257598876953e-01
3.172763884067535400e-01
1.733189821243286133e-01
7.212987542152404785e-01
3.663549423217773438e-01
2.884239852428436279e-01
1.791751831769943237e-01
6.606463193893432617e-01
4.944145083427429199e-01
4.669065028429031372e-02
8.728124946355819702e-02
2.605286538600921631e-01
4.854003190994262695e-01
5.771661996841430664e-01
2.201116681098937988e-01
2.683660089969635010e-01
2.933041453361511230e-01
1.275593787431716919e-01
8.217974305152893066e-01
3.398101925849914551e-01
2.865512967109680176e-01
7.296663522720336914e-01
3.427129983901977539e-01
9.249120950698852539e-01
2.007175423204898834e-02
7.044377923011779785e-01
5.830558538436889648e-01
7.102955579757690430e-01
3.929560184478759766e-01
5.618900177069008350e-04
1.457754969596862793e-01
4.021122455596923828e-01
6.422244906425476074e-01
5.238854289054870605e-01
7.591206431388854980e-01
1.188191100955009460e-01
9.267112612724304199e-01
6.734343767166137695e-01
4.522798582911491394e-03
9.131608605384826660e-01
4.269853830337524414e-01
1.201964318752288818e-01
5.413878560066223145e-01
4.103139936923980713e-01
7.887797355651855469e-01
9.783388972282409668e-01
8.382825851440429688e-01
7.774963378906250000e-01
8.866299390792846680e-01
1.079026937484741211e+00
1.010158777236938477e+00
-1.493145942687988281e+00
5.275399088859558105e-01
