3.993186473846435547e+00
1.545043659210205078e+01
8.603719711303710938e+00
3.299904108047485352e+00
1.587514972686767578e+01
2.370905113220214844e+01
-1.335120582580566406e+01
2.972287178039550781e+00
-9.781959533691406250e+00
1.448398470878601074e+00
3.422375440597534180e+00
-3.910278320312500000e+00
2.163332462310791016e+00
-1.258510947227478027e+00
-7.566881179809570312e-01
2.200136929750442505e-01
-5.541301332414150238e-03
6.067807197570800781e+00
-1.130480766296386719e+01
-1.938957095146179199e+00
4.227069854736328125e+00
-5.255254268646240234e+00
6.501234531402587891e+00
4.740910053253173828e+00
3.261328458786010742e+00
-2.252085924148559570e+00
-3.719428777694702148e+00
-6.361332535743713379e-01
1.637682318687438965e+00
-7.522342801094055176e-01
1.633556127548217773e+00
3.399544715881347656e+00
-1.531698107719421387e+00
-2.631595611572265625e+00
2.042093276977539062e+00
1.884226799011230469e+00
5.358764529228210449e-01
1.607819318771362305e+00
4.023789882659912109e+00
-1.256528019905090332e+00
9.309781074523925781e+00
-2.129570007324218750e+00
-6.598598957061767578e-01
-5.710515022277832031e+00
2.356044292449951172e+00
-5.332612514495849609e+00
4.058269262313842773e-01
-1.751825571060180664e+00
-6.343857645988464355e-01
-7.990637421607971191e-01
-1.399659156799316406e+00
3.005198478698730469e+00
2.143967866897583008e+00
3.026060581207275391e+00
5.607308149337768555e-01
3.052041292190551758e+00
-6.254785656929016113e-01
-1.828644871711730957e+00
-1.331732749938964844e+00
3.705088853836059570e+00
5.443705916404724121e-01
4.277801513671875000e+00
-1.516558170318603516e+00
-2.136255741119384766e+00
2.073101758956909180e+00
3.804381191730499268e-01
-4.809125423431396484e+00
2.009440183639526367e+00
-6.580773591995239258e-01
-4.921111166477203369e-01
