8.979372978210449219e+00
1.706576919555664062e+01
1.627345085144042969e+01
1.562998199462890625e+01
3.961099147796630859e+00
7.801463603973388672e+00
1.559855175018310547e+01
1.619509124755859375e+01
1.584718227386474609e+01
1.557393932342529297e+01
6.661652088165283203e+00
1.506215190887451172e+01
1.544243812561035156e+01
5.959845542907714844e+00
7.269906997680664062e+00
-3.858244419097900391e+00
1.806217551231384277e+00
-6.808476448059082031e+00
-1.647925376892089844e+00
-5.641433715820312500e+00
7.492184638977050781e+00
-1.226359844207763672e+00
6.266541481018066406e+00
2.982137680053710938e+00
2.207164764404296875e+00
1.118455028533935547e+01
1.195830154418945312e+01
3.822947502136230469e+00
8.967995643615722656e+00
-5.400135517120361328e+00
3.525900125503540039e+00
3.370780646800994873e-01
2.258987426757812500e+00
3.046884775161743164e+00
-2.693930387496948242e+00
-4.513788223266601562e+00
1.446470022201538086e+00
7.922597408294677734e+00
-9.731319546699523926e-01
4.027210712432861328e+00
-4.660443305969238281e+00
-6.904622912406921387e-01
4.714646339416503906e+00
-2.838746070861816406e+00
-1.403902888298034668e+00
8.372672200202941895e-01
3.870276927947998047e+00
3.011793196201324463e-01
-4.468172550201416016e+00
7.233806848526000977e-01
6.860750198364257812e+00
-2.264431953430175781e+00
8.592807769775390625e+00
-8.824082612991333008e-01
3.160243272781372070e+00
-1.123921394348144531e+00
1.516934585571289062e+01
-2.772505760192871094e+00
-5.295011043548583984e+00
1.638557672500610352e+00
1.718858480453491211e+00
-9.810179471969604492e-01
-7.830502986907958984e+00
-3.668987274169921875e+00
-3.473329067230224609e+00
6.747410297393798828e+00
-1.403833627700805664e+00
-3.196875333786010742e+00
3.448212385177612305e+00
-3.998456001281738281e-01
-5.434401512145996094e+00
-2.133345842361450195e+00
3.350702047348022461e+00
7.682245373725891113e-01
4.619319915771484375e+00
3.915204763412475586e+00
8.317986488342285156e+00
-5.355383396148681641e+00
-6.301501274108886719e+00
-2.690330028533935547e+00
-1.702250957489013672e+00
-2.133258581161499023e+00
-1.510616421699523926e+00
-8.083571434020996094e+00
9.354510307312011719e+00
8.699166297912597656e+00
4.884514331817626953e+00
1.817813682556152344e+01
-2.521507263183593750e+00
8.774923324584960938e+00
2.896792173385620117e+00
-9.451877474784851074e-01
3.287461996078491211e+00
-3.289733780547976494e-03
-8.699487686157226562e+00
-4.959717750549316406e+00
1.192384809255599976e-01
1.365470886230468750e+01
2.430030345916748047e+00
4.362258434295654297e+00
-4.727712154388427734e+00
-1.083779931068420410e+00
5.673005104064941406e+00
-1.878166496753692627e-01
-1.238351821899414062e+00
6.554457187652587891e+00
1.389706230163574219e+01
-6.744274139404296875e+00
-8.496687889099121094e+00
7.056383609771728516e+00
9.862513542175292969e+00
-3.889709472656250000e+00
2.679733276367187500e+00
-3.209010362625122070e+00
2.081040382385253906e+00
-5.509678363800048828e+00
7.113573551177978516e+00
-3.643100500106811523e+00
-5.743313789367675781e+00
1.214351177215576172e+01
-1.601309418678283691e+00
-2.119710206985473633e+00
1.026703548431396484e+01
2.762785434722900391e+00
2.964956521987915039e+00
-5.999719619750976562e+00
1.768105030059814453e+00
-2.711852788925170898e+00
-3.271416425704956055e+00
-6.473966240882873535e-01
4.992146492004394531e+00
-2.004846096038818359e+00
4.073945999145507812e+00
-9.451770782470703125e+00
-1.312109112739562988e+00
-2.949183583259582520e-01
-2.477421998977661133e+00
-8.034906387329101562e+00
-4.009932577610015869e-01
7.279243469238281250e+00
2.888490200042724609e+00
2.919793605804443359e+00
2.042328834533691406e+00
-6.676760315895080566e-01
6.438542008399963379e-01
2.196604013442993164e+00
2.745930433273315430e+00
-6.076173782348632812e+00
-8.675255812704563141e-03
-9.682330489158630371e-01
-2.113861560821533203e+00
-2.433204889297485352e+00
-4.649521112442016602e-01
-1.704746127128601074e+00
3.553270339965820312e+00
-1.923359557986259460e-02
-5.588561668992042542e-02
-3.506507635116577148e+00
-4.680431485176086426e-01
3.766956806182861328e+00
1.701795458793640137e+00
-1.200227618217468262e+00
-2.527551174163818359e+00
-5.204591751098632812e-01
-1.182107403874397278e-01
-4.470808029174804688e+00
2.515978574752807617e+00
-6.649840354919433594e+00
3.441812276840209961e+00
-2.401580810546875000e+00
7.378172874450683594e-01
-8.282417058944702148e-01
1.942234516143798828e+00
-1.998461365699768066e+00
1.317635893821716309e+00
3.255854845046997070e-01
-5.261960029602050781e+00
-2.225994110107421875e+00
1.083868622779846191e+00
4.611307144165039062e+00
-1.027399420738220215e+00
-4.103489220142364502e-01
1.080738544464111328e+00
-8.571191430091857910e-01
6.208987236022949219e+00
-2.392870187759399414e+00
9.343854784965515137e-01
-8.782100677490234375e-01
-7.526661157608032227e-01
-4.469092786312103271e-01
-4.183673381805419922e+00
2.548829317092895508e+00
3.741268515586853027e-01
9.152238965034484863e-01
4.939638137817382812e+00
1.278402686119079590e+00
2.402592748403549194e-01
3.553992986679077148e+00
3.907722473144531250e+00
2.914642333984375000e+00
2.610391855239868164e+00
-4.564883653074502945e-03
-1.972296595573425293e+00
1.609553813934326172e+00
-2.822315216064453125e+00
-3.340661287307739258e+00
-2.405996799468994141e+00
6.692971229553222656e+00
2.687016487121582031e+00
5.553755760192871094e-01
5.854409694671630859e+00
1.450816988945007324e+00
5.139827728271484375e+00
-2.666171550750732422e+00
3.746398210525512695e+00
4.302178859710693359e+00
2.769219875335693359e-01
7.885055541992187500e+00
-4.375296831130981445e-01
-1.166130924224853516e+01
-4.725379943847656250e+00
-1.923981666564941406e+00
-7.119450569152832031e-01
-3.296523094177246094e+00
-1.050021409988403320e+00
1.015359520912170410e+00
-2.571983814239501953e+00
-3.743021488189697266e+00
3.096225261688232422e+00
2.097823858261108398e+00
1.418511271476745605e+00
3.466308832168579102e+00
-4.263224601745605469e+00
-5.184625148773193359e+00
1.533072710037231445e+00
5.615545272827148438e+00
-3.870343923568725586e+00
-1.598946571350097656e+00
-2.467863261699676514e-01
6.974420547485351562e+00
-2.579197168350219727e+00
9.193076133728027344e+00
-4.330696105957031250e+00
7.914841771125793457e-01
-2.214413166046142578e+00
6.032938361167907715e-01
-8.225613832473754883e-01
-3.564374685287475586e+00
5.980230331420898438e+00
2.761541128158569336e+00
-2.836769819259643555e+00
4.009002685546875000e+00
1.954035520553588867e+00
1.319328665733337402e+00
7.257953166961669922e+00
-2.555206775665283203e+00
2.154688596725463867e+00
-6.860356032848358154e-02
-7.456518411636352539e-01
5.791204452514648438e+00
6.398767948150634766e+00
1.546093463897705078e+00
3.896554946899414062e+00
-1.874520927667617798e-01
3.172184228897094727e-01
5.357257723808288574e-01
-1.341875195503234863e+00
-3.108423948287963867e+00
2.949546098709106445e+00
-3.249331235885620117e+00
-2.188984304666519165e-01
4.978783130645751953e-01
9.443923234939575195e-01
1.447191476821899414e+00
4.488154947757720947e-01
-7.564547061920166016e-01
1.831276118755340576e-01
2.462439537048339844e+00
8.903517723083496094e-01
-3.079339742660522461e+00
-6.027889251708984375e-01
2.157808065414428711e+00
1.125303387641906738e+00
-1.720890998840332031e-01
-3.147086620330810547e+00
1.945847153663635254e+00
6.225610151886940002e-02
-4.156856536865234375e+00
9.098331928253173828e-01
7.737022638320922852e-01
-1.185545206069946289e+00
7.010268419981002808e-02
-4.354350268840789795e-02
4.316468238830566406e+00
-9.290707111358642578e-01
-2.385931164026260376e-01
5.831360816955566406e-01
2.300048112869262695e+00
1.232327818870544434e+00
1.276868581771850586e+00
9.820771813392639160e-01
-5.304548740386962891e-01
6.252448558807373047e-01
2.217549085617065430e+00
-4.606369972229003906e+00
1.049687623977661133e+00
1.503918170928955078e+00
6.529704928398132324e-01
-1.227342844009399414e+00
-4.603928327560424805e-01
-3.044919252395629883e+00
4.086942195892333984e+00
-1.685791850090026855e+00
6.393745541572570801e-01
4.022735595703125000e+00
-1.088354229927062988e+00
6.222578883171081543e-01
3.451193571090698242e+00
2.424484729766845703e+00
4.418763637542724609e+00
2.585469007492065430e+00
-9.505739808082580566e-01
2.569745063781738281e+00
1.303747773170471191e+00
3.184034526348114014e-01
-2.581290483474731445e+00
1.195966005325317383e+00
4.412124633789062500e+00
-3.814448416233062744e-01
-8.323846459388732910e-01
-1.498770862817764282e-01
-1.886508107185363770e+00
-4.768518924713134766e+00
-9.972831010818481445e-01
-7.102006115019321442e-03
2.427668273448944092e-01
1.790869355201721191e+00
3.935702145099639893e-01
-3.062375545501708984e+00
-2.353065967559814453e+00
-4.314883947372436523e-01
1.025025486946105957e+00
-2.363836169242858887e-01
2.869931221008300781e+00
-1.369465470314025879e+00
4.582661151885986328e+00
-4.314860820770263672e+00
1.698068022727966309e+00
1.025971174240112305e+00
5.699511051177978516e+00
-1.644737273454666138e-01
7.782197594642639160e-01
-1.445855379104614258e+00
-6.064636230468750000e+00
2.161958664655685425e-01
-2.125623226165771484e+00
-1.406898736953735352e+00
3.225153684616088867e-01
6.072790622711181641e-01
-1.029703021049499512e+00
-1.180766224861145020e+00
4.207320213317871094e+00
-1.376902818679809570e+00
-1.882135987281799316e+00
1.143922209739685059e+00
-2.741965532302856445e+00
1.481351256370544434e+00
1.299437761306762695e+00
2.921067953109741211e+00
-5.616326928138732910e-01
-1.738828539848327637e+00
2.574830055236816406e+00
-3.978726267814636230e-01
-4.192083775997161865e-01
2.654521703720092773e+00
-9.114001989364624023e-01
