8.004645347595214844e+00
7.933827877044677734e+00
1.544514560699462891e+01
1.605573463439941406e+01
1.031018447875976562e+01
2.315193367004394531e+01
8.439482688903808594e+00
1.566382694244384766e+01
1.897281646728515625e+01
1.469593143463134766e+01
1.564540863037109375e+01
1.558728504180908203e+01
8.005347251892089844e+00
5.924700260162353516e+00
1.103284358978271484e+01
1.792121696472167969e+01
8.288174629211425781e+00
1.586321163177490234e+01
1.510467338562011719e+01
1.590897846221923828e+01
1.724415016174316406e+01
1.715113449096679688e+01
8.441855430603027344e+00
4.430055141448974609e+00
-9.974614143371582031e+00
-1.214983701705932617e+00
4.892593383789062500e+00
-7.249355792999267578e+00
-8.619724273681640625e+00
7.378664970397949219e+00
-9.470373988151550293e-01
-4.944207191467285156e+00
-1.769441604614257812e+00
4.092471122741699219e+00
2.321468830108642578e+00
1.678489446640014648e+00
5.138112545013427734e+00
-3.246819019317626953e+00
4.187154769897460938e+00
-1.675088691711425781e+01
-2.618206262588500977e+00
8.740009307861328125e+00
1.319307237863540649e-01
-1.015379714965820312e+01
-2.086823701858520508e+00
9.215900421142578125e+00
9.136958122253417969e-01
-1.828429579734802246e+00
-1.422055363655090332e+00
9.979347229003906250e+00
-7.571718096733093262e-02
8.881273269653320312e+00
4.294054985046386719e+00
4.016055107116699219e+00
-6.575922369956970215e-01
3.201161861419677734e+00
2.967927455902099609e+00
-7.731361865997314453e+00
-4.795285701751708984e+00
3.081888914108276367e+00
1.027307128906250000e+01
-9.192653656005859375e+00
-7.034964561462402344e+00
6.163105487823486328e+00
1.427978515625000000e+00
1.376347255706787109e+01
3.950272321701049805e+00
-1.055101752281188965e+00
1.125302314758300781e+01
-2.609447240829467773e+00
-4.792523384094238281e+00
5.416196346282958984e+00
3.230245113372802734e+00
2.406574964523315430e+00
6.442087650299072266e+00
7.010715007781982422e+00
5.239610671997070312e-01
3.389543056488037109e+00
-5.114842414855957031e+00
-1.764156818389892578e+00
-1.043538951873779297e+01
-2.669224977493286133e+00
-4.393610954284667969e+00
5.000974655151367188e+00
1.352247476577758789e+00
5.136927962303161621e-01
2.783252000808715820e+00
6.611950874328613281e+00
3.600418090820312500e+00
-9.388624131679534912e-02
3.953097820281982422e+00
5.359645843505859375e+00
-1.359598159790039062e+00
-3.176931381225585938e+00
2.961963891983032227e+00
-3.452420949935913086e+00
-2.337244510650634766e+00
-9.392585754394531250e-01
8.170627593994140625e+00
3.275815010070800781e+00
-7.692980170249938965e-01
-9.465248107910156250e+00
-1.160102844238281250e+01
2.271317720413208008e+00
-6.390913009643554688e+00
6.129115074872970581e-02
1.584614396095275879e+00
5.124921798706054688e-01
9.165146827697753906e+00
9.198095321655273438e+00
4.137422561645507812e+00
-3.573132038116455078e+00
-1.706138849258422852e+00
8.317384719848632812e+00
4.775830805301666260e-01
1.596612334251403809e+00
2.016401290893554688e+00
-4.009936809539794922e+00
-5.562189579010009766e+00
-9.045586585998535156e+00
-4.143626213073730469e+00
1.035421133041381836e+00
4.721402168273925781e+00
1.081643295288085938e+01
1.397712349891662598e+00
4.374930381774902344e+00
-7.749613761901855469e+00
2.740746736526489258e+00
2.164062500000000000e+00
-2.823614180088043213e-01
-5.848516821861267090e-01
-9.356273412704467773e-01
3.665127992630004883e+00
3.416798353195190430e+00
-6.585119724273681641e+00
-1.446873903274536133e+00
3.437431812286376953e+00
6.309183597564697266e+00
3.190303325653076172e+00
4.773932933807373047e+00
1.132563948631286621e+00
1.763614416122436523e-01
-2.216646224260330200e-01
-7.198526859283447266e+00
9.377624988555908203e-01
7.848381042480468750e+00
7.711004257202148438e+00
8.291889190673828125e+00
-9.501574039459228516e-01
3.175194025039672852e+00
1.268441438674926758e+00
-8.073190689086914062e+00
4.935150146484375000e+00
2.862514972686767578e+00
-6.457740306854248047e+00
5.736386299133300781e+00
7.316833972930908203e+00
4.338560104370117188e+00
-5.252008438110351562e+00
2.779148578643798828e+00
3.792464256286621094e+00
-6.378172874450683594e+00
8.085820078849792480e-01
4.656075000762939453e+00
-5.604927062988281250e+00
-1.045184493064880371e+00
1.569334506988525391e+00
-1.811153292655944824e+00
3.235340595245361328e+00
5.734135150909423828e+00
3.871858358383178711e+00
-2.241367816925048828e+00
7.347919464111328125e+00
-1.336851596832275391e+00
5.423377752304077148e-01
8.709003329277038574e-01
-3.981199741363525391e+00
1.823166131973266602e+00
4.663028717041015625e+00
5.043795108795166016e+00
3.821012020111083984e+00
-3.263171672821044922e+00
-4.509267807006835938e+00
5.234289646148681641e+00
-2.137838125228881836e+00
6.375247478485107422e+00
6.293920993804931641e+00
-1.027446627616882324e+00
-5.025139808654785156e+00
-5.947768211364746094e+00
1.995509028434753418e+00
-3.184724807739257812e+00
-6.822626113891601562e+00
6.185846805572509766e+00
-2.985109567642211914e+00
5.473379611968994141e+00
1.360000610351562500e+00
1.077737045288085938e+01
-6.100309848785400391e+00
4.321006298065185547e+00
5.540860652923583984e+00
-1.899422883987426758e+00
4.728672981262207031e+00
5.186058998107910156e+00
5.969772934913635254e-01
2.624669313430786133e+00
4.190640449523925781e+00
-1.445710849761962891e+01
6.122937679290771484e+00
-5.343068838119506836e-01
-1.870367288589477539e+00
-4.225299358367919922e+00
4.252721309661865234e+00
-4.566221237182617188e+00
1.047850012779235840e+00
-1.321308970451354980e+00
3.230005264282226562e+00
2.659075736999511719e+00
-4.383780479431152344e+00
2.090451955795288086e+00
-2.290413618087768555e+00
-8.707372546195983887e-01
5.937017440795898438e+00
6.886227726936340332e-01
4.286825358867645264e-01
4.167070388793945312e+00
8.464571952819824219e+00
-4.140771925449371338e-01
1.013309288024902344e+01
6.604405492544174194e-02
7.699527144432067871e-01
9.531059265136718750e+00
5.493214607238769531e+00
6.318046569824218750e+00
-3.908362627029418945e+00
1.012853240966796875e+01
-2.954945087432861328e+00
-2.066021859645843506e-01
5.650038242340087891e+00
1.481633633375167847e-01
-1.481381893157958984e+00
3.028139829635620117e+00
-9.113798737525939941e-01
-6.846744537353515625e+00
-2.504503965377807617e+00
9.247195243835449219e+00
-8.398252129554748535e-01
7.368927001953125000e+00
6.440963268280029297e+00
-5.524425983428955078e+00
-1.354581475257873535e+00
6.880934715270996094e+00
6.698085784912109375e+00
-5.230575084686279297e+00
4.808183193206787109e+00
5.650474548339843750e+00
-1.999361276626586914e+00
-2.309575319290161133e+00
-4.232884407043457031e+00
-1.190899126231670380e-02
-1.080460786819458008e+00
2.750134229660034180e+00
-6.670302391052246094e+00
8.001255035400390625e+00
-1.082027244567871094e+01
1.024716854095458984e+00
4.947774887084960938e+00
-1.466385126113891602e+00
2.440304279327392578e+00
-1.444857478141784668e+00
-5.797782540321350098e-01
6.267223834991455078e+00
5.637298583984375000e+00
1.184920215606689453e+01
-1.687566995620727539e+00
-7.318001747131347656e+00
3.032350540161132812e+00
-5.122266769409179688e+00
1.648382067680358887e+00
-2.397217988967895508e+00
2.605000257492065430e+00
-2.194017410278320312e+00
-4.983241081237792969e+00
3.831296682357788086e+00
-4.109718799591064453e+00
2.393587350845336914e+00
-6.152102947235107422e+00
2.075488567352294922e+00
5.697253704071044922e+00
1.945106387138366699e+00
1.276704430580139160e+00
1.490990519523620605e+00
-7.796219587326049805e-01
3.615180730819702148e+00
3.480165481567382812e+00
-2.038403749465942383e+00
7.065824508666992188e+00
-5.896371603012084961e-01
4.763003349304199219e+00
-1.467438340187072754e+00
-4.099389910697937012e-01
-8.405157327651977539e-01
-9.598737955093383789e-01
2.042244195938110352e+00
4.794094562530517578e+00
3.661881685256958008e+00
5.365390300750732422e+00
1.935091137886047363e+00
-3.893084764480590820e+00
7.852567195892333984e+00
5.147979736328125000e+00
-1.168979644775390625e+00
-1.502467840909957886e-01
4.926245689392089844e+00
5.013082981109619141e+00
8.202112913131713867e-01
1.006669044494628906e+00
6.993497163057327271e-02
1.285741567611694336e+00
3.723486423492431641e+00
3.790521323680877686e-01
-1.729600787162780762e+00
-2.050491333007812500e+00
-4.938725948333740234e+00
5.304415822029113770e-01
7.687966823577880859e-01
3.487397432327270508e+00
-2.583545207977294922e+00
-2.374856710433959961e+00
2.570803165435791016e+00
2.367664575576782227e+00
-1.313736557960510254e+00
1.049047231674194336e+00
-1.747017860412597656e+00
4.584438800811767578e+00
-1.654463112354278564e-01
4.734824180603027344e+00
1.216512298583984375e+01
5.303265571594238281e+00
3.721207380294799805e-01
1.787227869033813477e+00
-2.522437095642089844e+00
4.387594699859619141e+00
2.372745513916015625e+00
1.409325242042541504e+00
4.837798118591308594e+00
3.746894299983978271e-01
3.777914285659790039e+00
1.310347795486450195e+00
2.778127193450927734e+00
4.061547279357910156e+00
5.987667560577392578e+00
-2.784707546234130859e+00
3.248999118804931641e+00
-2.127232789993286133e+00
3.178401231765747070e+00
2.714465141296386719e+00
-2.532477617263793945e+00
-1.872748851776123047e+00
-1.180340409278869629e+00
-2.363520145416259766e+00
1.319797754287719727e+00
-2.919472217559814453e+00
1.098558664321899414e+00
2.019213914871215820e+00
-1.688449621200561523e+00
-3.594242811203002930e+00
2.429148674011230469e+00
-3.418494701385498047e+00
-1.137695312500000000e+00
-3.507227003574371338e-01
-5.390202522277832031e+00
-2.543522119522094727e+00
4.741231441497802734e+00
-4.957754909992218018e-01
5.757757663726806641e+00
-9.819555282592773438e-01
-1.422853231430053711e+00
2.878351688385009766e+00
-2.413194656372070312e+00
6.192594528198242188e+00
5.513201951980590820e-01
3.803799450397491455e-01
-8.923670649528503418e-01
4.265901565551757812e+00
-6.910500526428222656e-01
4.244722366333007812e+00
5.440724372863769531e+00
-3.925201892852783203e+00
-1.425637751817703247e-01
-3.162487745285034180e-01
8.715069770812988281e+00
2.035482168197631836e+00
1.948233842849731445e+00
3.677588701248168945e+00
1.861266016960144043e+00
-4.181781768798828125e+00
-2.272615671157836914e+00
1.169981956481933594e+00
-6.642464399337768555e-01
-2.042016744613647461e+00
-9.218598008155822754e-01
9.956723213195800781e+00
2.307221174240112305e+00
-2.248860359191894531e+00
2.426836013793945312e+00
-3.636744737625122070e+00
-3.440059900283813477e+00
1.865255475044250488e+00
-6.496307849884033203e+00
-3.759487152099609375e+00
-3.756229162216186523e+00
3.871395349502563477e+00
2.715860843658447266e+00
-2.701799631118774414e+00
4.323567390441894531e+00
-2.238944470882415771e-01
-1.911373615264892578e+00
2.627800703048706055e+00
-1.761353969573974609e+00
-2.411295652389526367e+00
-5.018226623535156250e+00
-2.326553821563720703e+00
-1.918056130409240723e+00
6.814862489700317383e-01
3.330120563507080078e+00
2.808417558670043945e+00
1.248113214969635010e-01
-4.662995338439941406e+00
5.893691062927246094e+00
-5.618092060089111328e+00
-6.080597877502441406e+00
-5.163928270339965820e-01
2.672877550125122070e+00
2.738248348236083984e+00
-2.169419378042221069e-01
4.914883613586425781e+00
1.121352195739746094e+00
-6.024220585823059082e-01
1.894252896308898926e+00
6.754657745361328125e+00
-1.213527202606201172e+00
3.143662452697753906e+00
-1.868662953376770020e+00
2.683490514755249023e-01
6.709694862365722656e+00
2.258591204881668091e-01
-1.537096738815307617e+00
-9.850400090217590332e-01
-6.134621143341064453e+00
1.882983326911926270e+00
-3.882889747619628906e+00
-1.506277322769165039e-01
-5.565049171447753906e+00
-6.437535881996154785e-01
-3.370268344879150391e+00
-3.451810598373413086e+00
1.976929426193237305e+00
-2.106205224990844727e+00
-7.053844332695007324e-01
7.780683040618896484e-01
3.196107625961303711e+00
8.273003101348876953e-01
-1.206664681434631348e+00
5.169330120086669922e+00
3.037791967391967773e+00
1.484876155853271484e+00
-2.679071426391601562e+00
-4.046886444091796875e+00
-3.157563686370849609e+00
2.424139499664306641e+00
-2.286596536636352539e+00
2.455275297164916992e+00
3.967089176177978516e+00
6.021706104278564453e+00
1.068021416664123535e+00
7.310091018676757812e+00
-1.289638996124267578e+00
7.822113484144210815e-02
2.173872470855712891e+00
1.717450380325317383e+00
2.414473295211791992e+00
4.756040096282958984e+00
2.788877010345458984e+00
2.697110414505004883e+00
8.241242408752441406e+00
2.204505920410156250e+00
-6.630460619926452637e-01
3.424865007400512695e+00
-2.980459332466125488e-01
-6.078222990036010742e-01
2.513884544372558594e+00
4.427669525146484375e+00
4.101579263806343079e-02
1.183315396308898926e+00
5.557936668395996094e+00
2.862116813659667969e+00
-4.739229083061218262e-01
1.820797443389892578e+00
2.401732921600341797e+00
3.045241832733154297e+00
4.529519081115722656e+00
3.278139352798461914e+00
4.845707893371582031e+00
-3.649704217910766602e+00
2.329241514205932617e+00
3.259768187999725342e-01
-4.117647171020507812e+00
5.438525199890136719e+00
1.659627079963684082e+00
1.478438735008239746e+00
1.182953071594238281e+01
4.230729043483734131e-01
3.696562647819519043e-01
1.382341623306274414e+00
9.872810840606689453e-01
-5.711703374981880188e-02
7.031616687774658203e+00
-1.194588780403137207e+00
4.840756416320800781e+00
-4.553295135498046875e+00
-1.862386584281921387e+00
-7.500638961791992188e-01
4.631100594997406006e-02
-2.155955433845520020e-01
3.991757392883300781e+00
-1.451846599578857422e+00
5.374663829803466797e+00
3.645138263702392578e+00
2.832538843154907227e+00
2.153603732585906982e-01
-9.389538764953613281e-01
4.097710609436035156e+00
1.766646385192871094e+00
-5.926839351654052734e+00
2.309720039367675781e+00
-1.189756155014038086e+00
6.991250514984130859e-01
-2.398454904556274414e+00
-3.149875640869140625e+00
2.463355779647827148e+00
-1.736500114202499390e-01
-3.771178722381591797e+00
7.164292335510253906e-01
1.919224619865417480e+00
6.644876956939697266e+00
3.443727016448974609e+00
1.358849525451660156e+00
1.502709150314331055e+00
6.791226387023925781e+00
1.724610090255737305e+00
3.873980343341827393e-01
6.926039695739746094e+00
5.811794757843017578e+00
1.472173810005187988e+00
5.134022712707519531e+00
1.426854252815246582e+00
-3.212683916091918945e+00
-5.744619369506835938e+00
-1.512815833091735840e+00
-1.502539873123168945e+00
1.136991158127784729e-01
2.219257205724716187e-01
-2.519412755966186523e+00
-2.639733552932739258e+00
-2.859894752502441406e+00
3.596388339996337891e+00
4.159919738769531250e+00
2.925574302673339844e+00
-5.333548188209533691e-01
-1.032942295074462891e+00
3.898222923278808594e+00
-1.912491559982299805e+00
3.772606849670410156e+00
-4.245490550994873047e+00
-2.739103138446807861e-01
2.532482147216796875e+00
-1.186027169227600098e+00
-1.293588757514953613e+00
5.879754543304443359e+00
2.882398962974548340e-01
2.667866051197052002e-01
-9.354830719530582428e-03
-1.575778484344482422e+00
-2.605641126632690430e+00
5.834510326385498047e+00
-2.444400638341903687e-01
-9.859422445297241211e-01
4.351994991302490234e+00
1.276073098182678223e+00
2.495078802108764648e+00
3.464828491210937500e+00
-5.268958210945129395e-01
-4.216116905212402344e+00
2.010778427124023438e+00
2.048679590225219727e+00
4.245431900024414062e+00
3.184592962265014648e+00
1.926282048225402832e+00
-1.694906055927276611e-01
-1.335259199142456055e+00
3.516482114791870117e+00
9.766560196876525879e-01
-2.502990007400512695e+00
-2.970628499984741211e+00
-2.865554094314575195e+00
-9.094959497451782227e-01
3.408423662185668945e-01
8.604429960250854492e-01
-3.260588884353637695e+00
4.708726406097412109e+00
1.621089458465576172e+00
3.194268941879272461e+00
4.499902725219726562e+00
2.963534116744995117e+00
1.586371421813964844e+00
1.235601425170898438e+00
9.878229498863220215e-01
3.228575468063354492e+00
1.315758228302001953e+00
-7.505407929420471191e-01
4.754217624664306641e+00
-1.609942913055419922e-01
5.882738232612609863e-01
3.104053020477294922e+00
4.773466587066650391e+00
-3.157281398773193359e+00
1.608683466911315918e+00
1.694302320480346680e+00
3.673993349075317383e+00
-1.551316142082214355e+00
3.033246517181396484e+00
5.200436115264892578e+00
1.467439830303192139e-01
2.249237447977066040e-01
8.130041956901550293e-01
5.773226618766784668e-01
-8.068481683731079102e-01
-1.009454011917114258e+00
-2.900122642517089844e+00
2.498056888580322266e-01
2.622172832489013672e-01
1.155318021774291992e+00
1.381906151771545410e+00
2.784120559692382812e+00
-5.316104292869567871e-01
-9.785065054893493652e-01
-3.815340518951416016e+00
-7.842674851417541504e-01
2.084304809570312500e+00
1.734474658966064453e+00
2.001057624816894531e+00
-7.951249480247497559e-01
-7.187892198562622070e-01
3.188760757446289062e+00
1.634078621864318848e+00
1.572134196758270264e-01
3.674322366714477539e-01
9.455086588859558105e-01
6.254047155380249023e-02
3.892542600631713867e+00
7.630062699317932129e-01
2.290837526321411133e+00
5.748729228973388672e+00
-1.484860777854919434e+00
7.941019535064697266e-01
-1.223389029502868652e+00
4.160255908966064453e+00
-5.199802517890930176e-01
-1.945948004722595215e+00
4.052202701568603516e+00
7.921654582023620605e-01
6.980728507041931152e-01
-1.158543705940246582e+00
3.801847219467163086e+00
-5.169318318367004395e-01
4.055999755859375000e+00
2.070186138153076172e+00
1.869278192520141602e+00
2.095344781875610352e+00
4.514304399490356445e-01
3.802367448806762695e+00
3.971065878868103027e-01
2.052000761032104492e+00
2.609093904495239258e+00
-2.933934688568115234e+00
2.433848381042480469e+00
1.270938038825988770e+00
6.924957633018493652e-01
1.210135221481323242e+00
-2.061275959014892578e+00
-1.006393790245056152e+00
-5.861249566078186035e-01
-2.972358226776123047e+00
2.896020561456680298e-02
5.105305314064025879e-01
1.996000528335571289e+00
1.192756414413452148e+00
-2.439595222473144531e+00
-1.503255367279052734e-01
2.145303487777709961e+00
5.515170574188232422e+00
-1.174390077590942383e+00
-1.685798048973083496e+00
4.931208789348602295e-01
7.368072867393493652e-03
-4.417895793914794922e+00
3.211412191390991211e+00
-9.831224679946899414e-01
2.425915718078613281e+00
-5.243947505950927734e-01
7.207134962081909180e-01
1.042135000228881836e+00
6.340218782424926758e-01
2.359048843383789062e+00
1.288496732711791992e+00
-5.243935108184814453e+00
2.953171253204345703e+00
-1.510447740554809570e+00
1.350337982177734375e+00
-2.170409202575683594e+00
4.402383327484130859e+00
-3.155179977416992188e+00
-2.333984136581420898e+00
5.096230506896972656e-01
1.589899063110351562e-01
9.246756434440612793e-01
3.250304460525512695e+00
2.983770370483398438e+00
3.158681631088256836e+00
-3.512245416641235352e+00
-5.956911444664001465e-01
2.334323406219482422e+00
-3.047586441040039062e+00
4.413595199584960938e+00
-1.471928238868713379e+00
-1.459013581275939941e+00
3.518451213836669922e+00
-2.712340593338012695e+00
8.745782971382141113e-01
-3.613828897476196289e+00
-5.633809566497802734e+00
-1.342100262641906738e+00
1.752872943878173828e+00
6.979830741882324219e+00
2.368369817733764648e+00
2.382644176483154297e+00
-2.079851150512695312e+00
4.219690322875976562e+00
6.403624534606933594e+00
-1.559775471687316895e+00
4.712670326232910156e+00
4.817511558532714844e+00
2.014662981033325195e+00
5.502348899841308594e+00
2.783878564834594727e+00
-1.387140601873397827e-01
3.372710049152374268e-01
1.535453200340270996e-01
5.433195233345031738e-01
4.603365957736968994e-01
9.952808022499084473e-01
6.026093959808349609e-01
3.041521072387695312e+00
2.914265871047973633e+00
5.133259773254394531e+00
1.743678331375122070e+00
2.773324728012084961e+00
6.485056281089782715e-01
2.175124883651733398e+00
1.217151403427124023e+00
3.734776973724365234e+00
2.018320322036743164e+00
1.615687727928161621e+00
-7.217464447021484375e-01
-6.317135095596313477e-01
3.241116285324096680e+00
4.589813709259033203e+00
-1.658520221710205078e+00
3.864249944686889648e+00
2.412022113800048828e+00
-9.353594183921813965e-01
2.566605329513549805e+00
7.985072135925292969e-01
2.967412233352661133e+00
6.557235717773437500e-01
-1.768631219863891602e+00
3.239913702011108398e+00
8.590044975280761719e-01
2.987878084182739258e+00
7.297775745391845703e+00
1.728454589843750000e+00
-6.026286259293556213e-02
5.635166645050048828e+00
2.833837568759918213e-01
1.533016324043273926e+00
-1.797038078308105469e+00
-4.528395831584930420e-01
6.489528417587280273e-01
-4.912171363830566406e+00
-1.231133580207824707e+00
3.971544981002807617e+00
1.677375912666320801e+00
5.253950119018554688e+00
1.168825626373291016e+00
2.605259180068969727e+00
3.307471513748168945e+00
2.691639184951782227e+00
1.498935818672180176e+00
-2.764989733695983887e-01
4.087956249713897705e-02
-1.764408349990844727e+00
9.292585402727127075e-02
3.727812290191650391e+00
-3.619633913040161133e+00
-2.119899511337280273e+00
3.946677684783935547e+00
3.165898323059082031e+00
-1.343063712120056152e+00
9.648180007934570312e-01
6.959103584289550781e+00
-7.027438879013061523e-01
1.742717981338500977e+00
-3.488952815532684326e-01
1.083016276359558105e+00
2.722025632858276367e+00
1.979599952697753906e+00
-5.401006937026977539e-01
2.439784526824951172e+00
2.158442974090576172e+00
2.000481605529785156e+00
2.000339269638061523e+00
1.127674102783203125e+00
-2.374197006225585938e+00
4.717624783515930176e-01
5.603430867195129395e-01
2.357287853956222534e-01
2.583021640777587891e+00
2.420505046844482422e+00
7.128427505493164062e+00
-8.387541025876998901e-02
2.209982395172119141e+00
-1.671365141868591309e+00
8.381577208638191223e-03
5.559684038162231445e-01
-4.896291494369506836e-01
1.260972976684570312e+00
2.126239538192749023e+00
-2.094558477401733398e+00
2.678067922592163086e+00
-3.148791491985321045e-01
1.031476140022277832e+00
