1.961149215698242188e+01
2.817493677139282227e+00
1.545674991607666016e+01
1.559811878204345703e+01
8.010894775390625000e+00
1.322885513305664062e+00
-3.257462501525878906e+00
-1.779948234558105469e+00
6.333034038543701172e-01
7.770429134368896484e+00
-5.229807853698730469e+00
3.029993295669555664e+00
2.465960502624511719e+00
-3.257836401462554932e-01
2.509327650070190430e+00
7.676408886909484863e-01
-7.641394138336181641e+00
6.681288480758666992e-01
6.038665294647216797e+00
3.713425159454345703e+00
9.718708992004394531e-01
2.226643085479736328e+00
-1.009722948074340820e-01
-3.183079004287719727e+00
1.015707302093505859e+01
-5.565111637115478516e+00
2.443219184875488281e+00
-3.686263084411621094e+00
5.980437278747558594e+00
-4.668210446834564209e-01
-1.087207436561584473e+00
5.006309986114501953e+00
-1.936766386032104492e+00
1.095596075057983398e+00
-8.681852340698242188e+00
6.963277459144592285e-01
2.185083776712417603e-01
2.706666707992553711e+00
1.286736249923706055e+00
-5.370334386825561523e-01
2.560507059097290039e+00
-1.675819516181945801e+00
4.872922971844673157e-02
1.154156684875488281e+00
-1.754487395286560059e+00
-5.457322597503662109e-01
6.891891956329345703e+00
-1.390257179737091064e-01
-4.971419870853424072e-01
-1.936155319213867188e+00
1.040161013603210449e+00
