1.560276412963867188e+01
1.541031932830810547e+01
7.853826045989990234e+00
1.393636226654052734e+01
1.551734066009521484e+01
7.112307071685791016e+00
1.559788799285888672e+01
1.709595680236816406e+01
1.135274410247802734e+01
1.254272580146789551e+00
4.298721790313720703e+00
-5.777554035186767578e+00
-7.374688148498535156e+00
-2.775181770324707031e+00
-6.904783248901367188e+00
-5.087493896484375000e+00
-6.310840696096420288e-02
1.003796577453613281e+01
4.623686313629150391e+00
-7.301554679870605469e+00
-8.331796646118164062e+00
-2.125513315200805664e+00
5.920774936676025391e+00
3.484737873077392578e+00
-5.393062114715576172e+00
-1.045087051391601562e+01
6.811036586761474609e+00
-7.088822841644287109e+00
1.347348403930664062e+01
-5.490014076232910156e+00
9.322813034057617188e+00
1.868809819221496582e+00
2.121059179306030273e+00
3.790012001991271973e-01
-1.788277864456176758e+00
8.643239021301269531e+00
1.933835148811340332e+00
1.184888705611228943e-01
-3.399011850357055664e+00
1.782022714614868164e+00
3.119497537612915039e+00
3.800047159194946289e+00
1.492647647857666016e+00
-6.699904441833496094e+00
2.961446523666381836e+00
2.152813911437988281e+00
1.501945853233337402e+00
7.059926986694335938e+00
-6.334628164768218994e-02
2.284120798110961914e+00
5.494618415832519531e+00
2.634611129760742188e+00
-8.204437255859375000e+00
1.060915279388427734e+01
-4.104175567626953125e+00
7.844234466552734375e+00
-1.416682600975036621e-01
2.419656276702880859e+00
3.226398229598999023e+00
3.807305574417114258e+00
-1.317765712738037109e+00
1.606461554765701294e-01
5.898607730865478516e+00
-4.636336803436279297e+00
9.757206916809082031e+00
-3.569880723953247070e-01
-1.416408896446228027e+00
-1.183724999427795410e+00
2.134581655263900757e-01
1.487660408020019531e+00
-1.618948578834533691e+00
-2.051951885223388672e+00
-5.507659912109375000e+00
1.423778533935546875e+00
-1.801796257495880127e-01
-4.675302982330322266e+00
4.794825077056884766e+00
-4.096682071685791016e+00
-2.889913320541381836e+00
2.508007764816284180e+00
-4.493283271789550781e+00
1.368282914161682129e+00
7.855567336082458496e-01
2.239409446716308594e+00
-2.137411594390869141e+00
5.666858673095703125e+00
1.082167029380798340e+00
-2.058156013488769531e+00
2.695440351963043213e-01
-5.217463970184326172e+00
3.176899433135986328e+00
-2.770216703414916992e+00
-1.133514046669006348e+00
-1.717613935470581055e+00
-2.453335285186767578e+00
-6.425037980079650879e-01
-1.526325494050979614e-01
8.705530166625976562e-01
4.988889217376708984e+00
3.711532592773437500e+00
-1.740154385566711426e+00
3.417077064514160156e+00
1.712347984313964844e+00
-7.370861172676086426e-01
2.798216417431831360e-02
-6.025342345237731934e-01
-8.992174863815307617e-01
1.250155687332153320e+00
4.272427082061767578e+00
-2.728796243667602539e+00
-6.068086624145507812e-01
7.842811942100524902e-01
4.356554985046386719e+00
-5.348320007324218750e-01
-2.535481750965118408e-01
-6.973190903663635254e-01
-1.932390093803405762e+00
-5.484929561614990234e+00
-1.284120440483093262e+00
2.558740615844726562e+00
-3.245719075202941895e-01
-2.030168056488037109e+00
3.499341964721679688e+00
6.043094992637634277e-01
-1.003289580345153809e+00
-2.172285556793212891e+00
-1.928920624777674675e-03
1.205729722976684570e+00
3.429109096527099609e+00
-3.005296289920806885e-01
2.738589763641357422e+00
4.756120741367340088e-01
1.974172711372375488e+00
1.996053218841552734e+00
-1.439759373664855957e+00
1.886991977691650391e+00
1.234030485153198242e+00
-1.464966386556625366e-01
1.540017485618591309e+00
9.787985682487487793e-01
2.165611267089843750e+00
-2.553726196289062500e+00
7.078466415405273438e-01
-2.265486001968383789e+00
2.680301427841186523e+00
