2.190824985504150391e+00
5.086875915527343750e+00
4.016221046447753906e+00
1.811847925186157227e+00
3.568758487701416016e+00
6.818900108337402344e-01
1.894182711839675903e-01
3.152778148651123047e-01
9.083513617515563965e-01
-6.707717776298522949e-01
1.857371091842651367e+00
-2.261051535606384277e-01
-7.643204927444458008e-02
2.204041033983230591e-01
-1.590866446495056152e-01
-9.145364165306091309e-01
1.331717681884765625e+01
1.537885379791259766e+01
1.737203598022460938e+01
1.911896514892578125e+01
2.974234199523925781e+01
-8.272596001625061035e-01
-1.198503971099853516e-01
-2.109701335430145264e-01
4.109858572483062744e-01
4.700329527258872986e-02
-7.621907591819763184e-01
-1.047237038612365723e+00
1.147121787071228027e-01
-2.054332256317138672e+00
3.195920944213867188e+00
-1.722854375839233398e+00
9.015529632568359375e+00
4.106450378894805908e-01
-5.285641670227050781e+00
1.863135337829589844e+01
7.238002419471740723e-01
-1.589757055044174194e-01
-1.294397935271263123e-02
5.166782736778259277e-01
1.067493036389350891e-01
5.973414778709411621e-01
2.566237747669219971e-01
6.384873390197753906e-02
1.614835143089294434e+00
-1.696841001510620117e+00
1.099301218986511230e+00
-6.011948585510253906e+00
-1.222836822271347046e-01
3.402827262878417969e+00
-8.416265487670898438e+00
3.670824691653251648e-03
-6.414766609668731689e-02
5.082629248499870300e-02
6.530923396348953247e-02
1.950751841068267822e-01
1.933209598064422607e-01
-2.815304324030876160e-02
-4.674277454614639282e-02
-6.609541922807693481e-02
3.817628622055053711e-01
-2.786009907722473145e-01
2.222878217697143555e+00
3.756954669952392578e-01
-1.042875885963439941e+00
3.437816381454467773e+00
-1.038949354551732540e-03
9.938447736203670502e-03
-1.771868672221899033e-03
3.095006395597010851e-04
-4.315369296818971634e-03
-5.922290030866861343e-03
5.090323276817798615e-03
-6.013677921146154404e-03
5.157492123544216156e-03
-2.376765478402376175e-03
-3.279287135228514671e-03
-2.942506922408938408e-03
4.216609522700309753e-03
-8.024152368307113647e-03
-9.780206717550754547e-03
1.529220938682556152e+00
1.107962727546691895e+00
-2.222582340240478516e+00
7.859299182891845703e-01
