2.194200515747070312e+00
5.089657306671142578e+00
3.993110895156860352e+00
1.746206164360046387e+00
3.618275165557861328e+00
7.499771714210510254e-01
1.897806376218795776e-01
2.400678992271423340e-01
1.141321063041687012e+00
-7.074479460716247559e-01
1.672067999839782715e+00
-2.484552115201950073e-01
-7.145099341869354248e-02
1.274988949298858643e-01
-5.167683586478233337e-02
-9.409131407737731934e-01
1.331733894348144531e+01
1.537090015411376953e+01
1.717914009094238281e+01
1.909065246582031250e+01
2.737024116516113281e+01
-8.278554081916809082e-01
-1.017690673470497131e-01
-2.501082718372344971e-01
3.758436441421508789e-01
1.224998980760574341e-01
-6.807591915130615234e-01
-1.326618432998657227e+00
1.921619921922683716e-01
-2.133323192596435547e+00
4.317323207855224609e+00
-2.066152095794677734e+00
8.953310966491699219e+00
5.117993354797363281e-01
-4.777594089508056641e+00
1.306709003448486328e+01
7.193353176116943359e-01
-1.537833362817764282e-01
-6.917863339185714722e-02
4.979403316974639893e-01
1.418087333440780640e-01
5.623818039894104004e-01
3.986960053443908691e-01
-2.005253918468952179e-02
1.557076811790466309e+00
-2.288277864456176758e+00
1.276106834411621094e+00
-5.548752307891845703e+00
-1.700646281242370605e-01
2.813290357589721680e+00
-4.931220531463623047e+00
9.108972735702991486e-03
-7.129953801631927490e-02
6.385166943073272705e-02
6.115002557635307312e-02
1.987673640251159668e-01
1.984266489744186401e-01
-2.336892485618591309e-02
-3.699741885066032410e-02
-5.169583484530448914e-02
6.107643246650695801e-01
-4.038936793804168701e-01
2.185215473175048828e+00
4.193531572818756104e-01
-9.071386456489562988e-01
2.159989595413208008e+00
-1.038949354551732540e-03
9.938447736203670502e-03
-1.771868672221899033e-03
3.095006395597010851e-04
-4.315369296818971634e-03
-5.922290030866861343e-03
5.090323276817798615e-03
-6.013677921146154404e-03
5.157492123544216156e-03
-2.376765478402376175e-03
-3.279287135228514671e-03
-2.942506922408938408e-03
4.216609522700309753e-03
-8.024152368307113647e-03
-9.780206717550754547e-03
1.471659541130065918e+00
1.107403397560119629e+00
-2.215092182159423828e+00
7.802821993827819824e-01
