2.197207450866699219e+00
5.099770069122314453e+00
4.036513805389404297e+00
1.548804521560668945e+00
3.629917383193969727e+00
1.440068185329437256e-01
-5.452473647892475128e-03
9.443578124046325684e-01
-1.083946108818054199e+00
2.702043205499649048e-02
-1.057065248489379883e+00
-4.742668271064758301e-01
1.321498900651931763e-01
-4.293284118175506592e-01
8.168194442987442017e-02
6.626861095428466797e-01
1.332092952728271484e+01
1.541913700103759766e+01
1.712990379333496094e+01
1.901284408569335938e+01
2.490201759338378906e+01
-8.284899592399597168e-01
-1.687391847372055054e-01
5.213696956634521484e-01
-1.029821932315826416e-01
-2.669807523488998413e-02
-1.017495155334472656e+00
-2.684519290924072266e-01
6.859532091766595840e-03
-4.841568470001220703e-01
6.732239723205566406e+00
-2.618130207061767578e+00
9.571249008178710938e+00
7.842902541160583496e-01
-3.635221719741821289e+00
1.461293697357177734e+00
7.240337133407592773e-01
-1.853838115930557251e-01
1.199023798108100891e-01
3.112094998359680176e-01
-2.950356006622314453e-01
7.011760473251342773e-01
5.758453011512756348e-01
-4.264576360583305359e-02
9.967979043722152710e-02
-3.418610095977783203e+00
1.564575433731079102e+00
-5.459032058715820312e+00
2.495791576802730560e-02
2.487778663635253906e+00
-5.171111106872558594e+00
1.832165871746838093e-03
-1.060430854558944702e-01
-1.479464117437601089e-02
6.645047664642333984e-02
-2.124074995517730713e-01
1.861951947212219238e-01
-1.838116347789764404e-01
-5.191328376531600952e-02
-5.759596228599548340e-01
1.138447880744934082e+00
-6.481413245201110840e-01
1.496500492095947266e+00
2.149300873279571533e-01
-1.361458301544189453e+00
1.328932762145996094e+00
9.429852478206157684e-03
-1.857626601122319698e-03
-3.508400404825806618e-03
-4.195254761725664139e-03
3.342083655297756195e-03
-7.218358572572469711e-03
4.218373913317918777e-03
-5.590949673205614090e-03
5.959702190011739731e-03
9.029128588736057281e-03
7.653451059013605118e-03
-3.293630899861454964e-03
6.841612514108419418e-03
2.851106226444244385e-03
-4.787379875779151917e-03
1.692346215248107910e+00
1.105121731758117676e+00
-2.196706533432006836e+00
7.551748752593994141e-01
