1.544548797607421875e+01
1.079203891754150391e+01
1.760850906372070312e+01
1.546339511871337891e+01
8.297938346862792969e+00
-1.837453484535217285e+00
2.889759302139282227e+00
-9.183157920837402344e+00
-7.491063594818115234e+00
3.682904839515686035e-01
3.047493696212768555e+00
-1.134649085998535156e+01
1.304943275451660156e+01
-2.037176132202148438e+00
-6.974142044782638550e-02
2.046771240234375000e+01
-5.628803253173828125e+00
-6.949908256530761719e+00
-6.283758580684661865e-02
-4.804391384124755859e+00
9.752079010009765625e+00
2.126389265060424805e+00
1.285223722457885742e+00
3.216515302658081055e+00
-6.837525844573974609e+00
1.047183513641357422e+01
-1.108292961120605469e+01
-5.964210987091064453e+00
5.779628753662109375e+00
2.972180128097534180e+00
-4.053689837455749512e-01
1.950123786926269531e+00
-8.436033248901367188e+00
2.025224208831787109e+00
-5.607097223401069641e-02
1.022731140255928040e-01
-5.481086969375610352e-01
-3.209109067916870117e+00
3.782891035079956055e-01
1.536554932594299316e+00
3.904617309570312500e+00
6.603487014770507812e+00
-2.243063211441040039e+00
6.728005409240722656e-02
-2.654214143753051758e+00
2.165206432342529297e+00
2.742467880249023438e+00
6.071935653686523438e+00
-5.011529445648193359e+00
3.310027122497558594e+00
4.733655154705047607e-01
2.770519554615020752e-01
3.954983234405517578e+00
2.006624221801757812e+00
3.209682226181030273e+00
-1.736128926277160645e+00
-4.552381932735443115e-01
-1.784445762634277344e+00
-1.999134421348571777e+00
-2.033463418483734131e-01
-1.909553766250610352e+00
3.176833152770996094e+00
3.726704716682434082e-01
1.606562882661819458e-01
5.292516946792602539e-01
2.157303094863891602e-01
4.570582866668701172e+00
3.725442886352539062e+00
-8.061164855957031250e+00
-4.438668191432952881e-01
