1.544182777404785156e+01
1.571117210388183594e+01
6.151420593261718750e+00
1.478837013244628906e+01
6.341160297393798828e+00
1.903842735290527344e+01
7.962508678436279297e+00
1.570458889007568359e+01
1.597649288177490234e+01
4.551105499267578125e+00
-3.264152109622955322e-01
-6.350143432617187500e+00
1.134763717651367188e+00
-6.386063098907470703e+00
5.518715858459472656e+00
-1.029183959960937500e+01
1.361212372779846191e+00
3.117513418197631836e+00
5.850845813751220703e+00
9.444941520690917969e+00
1.908957213163375854e-02
5.970182895660400391e+00
-2.978748381137847900e-01
-8.732450604438781738e-01
-1.890974283218383789e+00
9.502343535423278809e-01
9.537039756774902344e+00
8.125780105590820312e+00
-3.693940639495849609e-01
-6.004853725433349609e+00
3.755587100982666016e+00
-6.031476020812988281e+00
-6.129004478454589844e+00
-1.673299598693847656e+01
1.711473107337951660e+00
-1.814471244812011719e+00
-4.668391704559326172e+00
-1.101564288139343262e+00
-6.711287975311279297e+00
7.319435596466064453e+00
-1.598153471946716309e+00
5.605235576629638672e+00
-1.075352478027343750e+01
7.050586223602294922e+00
4.715830802917480469e+00
7.599269866943359375e+00
-2.063644170761108398e+00
5.009005546569824219e+00
-2.552714824676513672e+00
6.865121841430664062e+00
-1.284569740295410156e+00
-2.147854417562484741e-01
-1.997577071189880371e+00
9.272050857543945312e+00
-5.557505130767822266e+00
-8.746581077575683594e-01
6.418873786926269531e+00
-1.765173554420471191e+00
5.290599346160888672e+00
-1.437763214111328125e+00
-9.118894934654235840e-01
1.443214178085327148e+00
-1.172290563583374023e+00
-1.588497638702392578e+00
-2.501796960830688477e+00
-1.272148370742797852e+00
2.385958194732666016e+00
4.521562904119491577e-02
-4.555507183074951172e+00
2.269202232360839844e+00
6.671506881713867188e+00
3.104207038879394531e+00
7.234561443328857422e+00
2.096250504255294800e-01
4.551417350769042969e+00
8.191258430480957031e+00
3.356758952140808105e-01
-1.233229517936706543e+00
-3.671131134033203125e+00
5.012659072875976562e+00
-1.556555747985839844e+00
9.045923233032226562e+00
6.915235996246337891e+00
6.398888111114501953e+00
1.022530794143676758e+00
-7.365834712982177734e-01
7.341696262359619141e+00
-2.003923892974853516e+00
-3.984657526016235352e+00
-2.853438615798950195e+00
3.665783703327178955e-01
2.280239105224609375e+00
4.877665936946868896e-01
9.200372695922851562e-01
-4.744275093078613281e+00
8.554161190986633301e-01
-4.189105033874511719e+00
5.871268510818481445e-01
-4.858875751495361328e+00
-7.937555760145187378e-02
2.968654870986938477e+00
-2.733505249023437500e+00
2.808849811553955078e+00
1.637307882308959961e+00
2.721829414367675781e-01
1.406983971595764160e+00
-1.045410752296447754e+00
-8.790703415870666504e-01
2.623445987701416016e+00
2.279673963785171509e-01
3.152088403701782227e+00
-3.927420377731323242e+00
1.412228941917419434e+00
-6.122142076492309570e-01
4.144363403320312500e-01
-5.867016911506652832e-01
4.038593918085098267e-02
-1.783963665366172791e-02
5.292685508728027344e+00
-2.374972105026245117e+00
2.011667966842651367e+00
1.415269255638122559e+00
3.741006255149841309e-01
-1.879463672637939453e+00
1.638410449028015137e+00
2.894548177719116211e+00
-9.669032692909240723e-01
4.501461088657379150e-01
1.994320869445800781e+00
3.498165369033813477e+00
2.373992681503295898e+00
3.080987930297851562e+00
-7.233970165252685547e-01
-8.197657465934753418e-01
9.596601724624633789e-01
4.059438779950141907e-02
-5.911201238632202148e-01
2.291453123092651367e+00
-1.588038802146911621e+00
7.637894749641418457e-01
2.746397495269775391e+00
2.013498783111572266e+00
1.052700757980346680e+00
-3.946958780288696289e-01
1.303211569786071777e+00
