1.671959400177001953e+00
1.655439138412475586e+00
4.274876594543457031e+00
6.559420228004455566e-01
1.896476507186889648e+00
2.576340436935424805e+00
3.033428907394409180e+00
2.194772958755493164e+00
2.668107986450195312e+00
6.559800505638122559e-01
1.965069532394409180e+00
5.355762839317321777e-01
3.901087641716003418e-01
-8.917570710182189941e-01
1.328294157981872559e+00
9.979682564735412598e-01
5.632393360137939453e-01
3.149684369564056396e-01
-4.804929792881011963e-01
4.201920032501220703e-01
-8.024266362190246582e-02
4.821473360061645508e-01
1.499060630798339844e+00
7.931070029735565186e-02
-8.500377833843231201e-02
-3.677487075328826904e-01
1.979006379842758179e-01
1.382698025554418564e-02
-4.057780802249908447e-01
-2.075177133083343506e-01
-3.438432216644287109e-01
6.523739099502563477e-01
2.343614846467971802e-01
-7.047253251075744629e-01
1.019676971435546875e+01
1.319321060180664062e+01
1.327243423461914062e+01
1.394522571563720703e+01
1.578330898284912109e+01
1.505948638916015625e+01
1.752886962890625000e+01
1.902428817749023438e+01
2.194347381591796875e+01
1.960298728942871094e+01
2.699525260925292969e+01
1.422094583511352539e+00
-5.446386337280273438e-01
3.702193498611450195e-01
-1.170291662216186523e+00
1.282606482505798340e+00
5.933986902236938477e-01
1.574014663696289062e+00
-1.218649983406066895e+00
-1.104273915290832520e+00
1.168536424636840820e+00
3.218075633049011230e-01
1.640817672014236450e-01
-5.015328526496887207e-01
-1.944169640541076660e+00
-2.978639602661132812e-01
5.988128185272216797e-01
-1.427616477012634277e-01
-4.938071072101593018e-01
-6.226118803024291992e-01
-1.022473096847534180e+00
6.695339083671569824e-01
-1.960628628730773926e-01
1.203924179077148438e+00
-1.367979347705841064e-01
-1.046218991279602051e+00
1.316850900650024414e+00
-3.054520606994628906e+00
1.010062694549560547e+00
4.519470691680908203e+00
1.564665794372558594e+00
2.657821893692016602e+00
2.206277251243591309e-01
-7.138464450836181641e-01
-1.123273849487304688e+00
2.403125524520874023e+00
-1.788173437118530273e+00
-3.263206958770751953e+00
3.081730902194976807e-01
6.975556612014770508e-01
-5.843679308891296387e-01
-1.267198473215103149e-01
-9.810717701911926270e-01
2.507716894149780273e+00
1.079476475715637207e+00
-1.113388657569885254e+00
-3.735216557979583740e-01
-1.544113904237747192e-01
1.367726027965545654e-01
1.118826746940612793e+00
-2.180778235197067261e-01
-5.123859047889709473e-01
8.281323909759521484e-01
5.739699006080627441e-01
-3.018973588943481445e+00
-1.104590415954589844e+00
9.655100107192993164e-01
-1.222215890884399414e+00
2.546315431594848633e+00
1.438730239868164062e+00
7.302014231681823730e-01
1.748527765274047852e+00
-1.238860487937927246e+00
8.254358172416687012e-01
-1.582759380340576172e+00
8.990988731384277344e-01
-1.953020691871643066e+00
-3.396240472793579102e-01
5.987353324890136719e-01
-1.103698611259460449e+00
6.462638378143310547e-01
-6.971030831336975098e-01
3.500450551509857178e-01
4.336254596710205078e-01
-4.112286269664764404e-01
-2.693963050842285156e-01
-1.441696137189865112e-01
-1.662336587905883789e-01
3.354562819004058838e-01
1.008265852928161621e+00
2.309605032205581665e-01
2.331621572375297546e-02
2.432085946202278137e-02
1.878455877304077148e-01
8.438210487365722656e-01
-4.152950048446655273e-01
-5.086985826492309570e-01
2.753051519393920898e-01
-2.677564382553100586e+00
-9.445630013942718506e-02
1.001944467425346375e-01
-2.186634838581085205e-01
5.319357514381408691e-01
-2.419040650129318237e-01
-2.867434322834014893e-01
-9.633444249629974365e-02
-8.653371334075927734e-01
-6.284802556037902832e-01
4.996110200881958008e-01
6.073143705725669861e-02
4.132712483406066895e-01
-1.210889458656311035e+00
1.080113530158996582e+00
1.626275777816772461e+00
4.641536176204681396e-01
7.463665008544921875e-01
-3.654398918151855469e-01
-1.201029866933822632e-01
-3.588633835315704346e-01
2.678533196449279785e-01
1.116804480552673340e+00
8.839823007583618164e-01
5.741502642631530762e-01
3.375769853591918945e-01
2.616039812564849854e-01
3.653099387884140015e-02
-8.373091220855712891e-01
9.348563849925994873e-02
3.870186209678649902e-01
2.833915650844573975e-01
2.707110941410064697e-01
1.896363049745559692e-01
6.581926345825195312e-01
9.256481528282165527e-01
-1.523327231407165527e+00
-9.877324700355529785e-01
-9.461620450019836426e-01
3.939769506454467773e+00
1.085273027420043945e+00
7.273135781288146973e-01
1.801703691482543945e+00
4.841551780700683594e-01
3.705693244934082031e+00
-2.468094825744628906e-01
-2.382806241512298584e-01
5.762001872062683105e-01
-2.019663602113723755e-01
-1.798641532659530640e-01
1.005242466926574707e-01
-5.993728712201118469e-02
3.479985296726226807e-01
8.640352487564086914e-01
-4.747177660465240479e-01
2.993450760841369629e-01
-1.588324606418609619e-01
-1.351919174194335938e-01
3.098717629909515381e-01
3.317613527178764343e-02
-1.294205039739608765e-01
-3.093023300170898438e-01
-3.282828629016876221e-02
1.853870414197444916e-02
4.501508772373199463e-01
3.492438197135925293e-01
7.368209958076477051e-01
8.776967972517013550e-02
-2.685196399688720703e-01
1.641915291547775269e-01
-2.071904838085174561e-01
2.267493158578872681e-01
6.279864907264709473e-01
-1.499336510896682739e-01
7.611535787582397461e-01
-2.940011024475097656e-01
-3.906807303428649902e-01
-3.167084604501724243e-02
2.084520757198333740e-01
-6.819763034582138062e-02
9.241717457771301270e-01
-9.370323270559310913e-02
1.813862472772598267e-01
-1.297333240509033203e-01
3.092723786830902100e-01
3.890386521816253662e-01
6.270710825920104980e-01
-1.112774610519409180e+00
-1.316937923431396484e+00
-1.369943857192993164e+00
2.855927944183349609e-01
-1.050965040922164917e-01
-1.410945355892181396e-01
-6.554356217384338379e-01
3.359431922435760498e-01
-3.457286581397056580e-02
-2.338531315326690674e-01
-6.758880019187927246e-01
1.147797822952270508e+00
9.131749272346496582e-01
1.500152468681335449e+00
6.363297700881958008e-01
-1.084597349166870117e+00
-4.201643764972686768e-01
-2.946176528930664062e-01
1.160703599452972412e-01
9.079192876815795898e-01
3.901964426040649414e-01
3.858281672000885010e-01
-5.649606585502624512e-01
-2.514697790145874023e+00
5.213266704231500626e-03
-5.885055754333734512e-03
-2.419793279841542244e-03
-5.389735568314790726e-03
5.856380797922611237e-03
2.480733441188931465e-03
-1.248533721081912518e-03
-4.986532963812351227e-03
-1.833545975387096405e-04
2.901036990806460381e-03
-9.893982205539941788e-04
1.459088874980807304e-03
-4.354528151452541351e-03
1.682516303844749928e-03
-7.503084372729063034e-03
9.278398007154464722e-03
-2.819117216859012842e-04
8.748090825974941254e-03
3.418513806536793709e-03
-5.447821458801627159e-04
-7.833557203412055969e-03
3.795584663748741150e-03
-3.799082711338996887e-03
4.305952228605747223e-03
6.102864164859056473e-03
1.194712604046799242e-04
-5.253954441286623478e-04
-2.820343477651476860e-03
3.075982909649610519e-03
2.954293042421340942e-03
-5.623795557767152786e-03
1.004264806397259235e-03
-2.865905407816171646e-03
9.175164625048637390e-03
-5.059387069195508957e-03
-4.612429183907806873e-04
-4.664966370910406113e-03
-5.969083285890519619e-04
-1.161473570391535759e-03
-4.374819807708263397e-03
-7.143987808376550674e-03
-1.235095434822142124e-03
-9.086155332624912262e-03
4.702433478087186813e-03
-1.292588654905557632e-03
6.496823858469724655e-03
-3.984811250120401382e-03
7.450378034263849258e-03
2.681225771084427834e-03
8.459126576781272888e-03
7.218638900667428970e-03
1.876849797554314137e-03
-9.367093443870544434e-03
-3.698579734191298485e-03
2.453040797263383865e-03
5.651527084410190582e-03
5.249013658612966537e-03
-4.098585341125726700e-03
-2.386242384091019630e-03
-9.954974055290222168e-03
6.399011239409446716e-03
-7.920690812170505524e-03
5.656582303345203400e-03
-4.019780550152063370e-03
2.015386475250124931e-03
-5.296921823173761368e-03
1.510872244834899902e+00
8.417406082153320312e-01
-1.556555390357971191e+00
5.570955872535705566e-01
