2.195457220077514648e+00
-2.395111560821533203e+00
5.081184387207031250e+00
4.005989551544189453e+00
1.782993555068969727e+00
3.592164516448974609e+00
1.850405931472778320e-01
-7.775339484214782715e-01
-2.140811532735824585e-01
1.201143026351928711e+00
6.506092846393585205e-02
1.048009842634201050e-01
3.119956493377685547e+00
6.708384156227111816e-01
-1.801309138536453247e-01
-1.692946106195449829e-01
1.506151109933853149e-01
-3.533087968826293945e-01
-9.054874777793884277e-01
5.429435729980468750e+00
1.331306362152099609e+01
1.538066959381103516e+01
1.725571250915527344e+01
1.912207412719726562e+01
2.355016899108886719e+01
-5.457403063774108887e-01
1.910656929016113281e+00
-7.000684738159179688e-01
4.883164465427398682e-01
4.726514816284179688e-01
2.709409952163696289e+00
-8.838181495666503906e-01
-3.872327804565429688e-01
3.771202564239501953e-01
-5.729743838310241699e-01
-1.769608497619628906e+00
-8.727053403854370117e-01
-9.743531942367553711e-01
2.722512483596801758e-01
-9.821665883064270020e-01
4.032946586608886719e+00
-2.039320945739746094e+00
7.984245300292968750e+00
4.008844494819641113e-01
-4.208041667938232422e+00
1.241830444335937500e+01
2.139706373214721680e+00
-5.454757809638977051e-01
-4.472316503524780273e-01
1.377919077873229980e+00
-5.090513229370117188e-01
1.251495957374572754e+00
7.487302422523498535e-01
-2.259288579225540161e-01
2.237845361232757568e-01
4.519976675510406494e-01
4.137841984629631042e-03
5.808183550834655762e-01
4.629614353179931641e-01
1.460849344730377197e-01
1.519052624702453613e+00
-1.982807517051696777e+00
1.163164138793945312e+00
-4.740654945373535156e+00
2.640211954712867737e-02
2.599184036254882812e+00
-5.790492534637451172e+00
-3.895221352577209473e-01
3.751453012228012085e-02
5.300121307373046875e-01
-1.108557581901550293e+00
7.775962352752685547e-02
4.528342187404632568e-01
9.503577835857868195e-03
3.109125979244709015e-02
-4.125165939331054688e-02
1.742844879627227783e-01
2.829339206218719482e-01
2.323486506938934326e-01
-1.114120483398437500e-01
-1.352487951517105103e-01
-3.299777507781982422e-01
2.851535677909851074e-01
-1.782349497079849243e-01
1.583250761032104492e+00
2.538631558418273926e-01
-7.459480762481689453e-01
1.978893518447875977e+00
-6.153259892016649246e-03
-8.399173617362976074e-03
3.433645470067858696e-03
3.552351146936416626e-03
-5.696740932762622833e-03
-3.784194355830550194e-03
-6.842526141554117203e-03
-7.713547674939036369e-04
-4.313052166253328323e-03
-3.682633629068732262e-03
-6.518425419926643372e-03
1.724082394503057003e-03
5.675791762769222260e-04
5.047884769737720490e-03
7.749872282147407532e-03
3.665886353701353073e-03
2.022772794589400291e-03
-7.681052666157484055e-03
3.414615290239453316e-03
-7.618970237672328949e-03
-4.938566708005964756e-04
1.781529784202575684e+00
1.088030338287353516e+00
-2.207906961441040039e+00
7.676903605461120605e-01
