2.189888000488281250e+00
-4.558146297931671143e-01
5.085309028625488281e+00
3.970843315124511719e+00
1.651583075523376465e+00
3.688066482543945312e+00
1.570425033569335938e-01
1.711071878671646118e-01
2.312364131212234497e-01
3.330923318862915039e-01
1.603466272354125977e-01
-1.924493759870529175e-01
2.250484228134155273e+00
7.595816254615783691e-01
-1.139281839132308960e-01
-1.386816948652267456e-01
-1.836601197719573975e-01
-9.420565515756607056e-02
-9.296612143516540527e-01
8.418896675109863281e+00
1.331627845764160156e+01
1.536900615692138672e+01
1.692694282531738281e+01
1.905332946777343750e+01
2.194723510742187500e+01
-5.102085471153259277e-01
1.224852323532104492e+00
-4.659547507762908936e-01
8.698065280914306641e-01
-1.849821396172046661e-02
1.214846730232238770e+00
-9.039704799652099609e-01
5.484840273857116699e-02
2.038794755935668945e-01
-3.781745135784149170e-01
-1.453430056571960449e+00
-7.016155123710632324e-01
-1.276995301246643066e+00
3.953303694725036621e-01
-1.362455010414123535e+00
4.944429397583007812e+00
-2.035668849945068359e+00
6.246251583099365234e+00
4.411186873912811279e-01
-2.752722263336181641e+00
6.150178432464599609e+00
-6.887073069810867310e-02
-4.968164861202239990e-02
-4.441175162792205811e-01
8.967688083648681641e-01
-2.691353857517242432e-02
1.570826172828674316e+00
3.945992290973663330e-01
-1.013208031654357910e-01
1.420394778251647949e-01
2.225346267223358154e-01
-3.521921932697296143e-01
4.064997136592864990e-01
1.156282648444175720e-01
2.416860163211822510e-01
9.920011162757873535e-01
-8.052476048469543457e-01
8.066940307617187500e-01
-1.273742198944091797e+00
-1.261939555406570435e-01
1.636849164962768555e+00
1.877869844436645508e+00
-7.795960307121276855e-01
4.884536610916256905e-04
5.252365469932556152e-01
-6.494483351707458496e-01
-3.652884662151336670e-01
-4.641338586807250977e-01
3.659322261810302734e-01
-9.400635957717895508e-02
1.579838618636131287e-02
2.927202880382537842e-01
6.451901793479919434e-01
3.843161463737487793e-01
3.682465553283691406e-01
-2.651309669017791748e-01
-1.532913893461227417e-01
-7.415536642074584961e-01
-8.525545895099639893e-02
2.232121676206588745e-01
4.454301893711090088e-01
-8.361875414848327637e-01
-1.488734841346740723e+00
-6.153259892016649246e-03
-8.399173617362976074e-03
3.433645470067858696e-03
3.552351146936416626e-03
-5.696740932762622833e-03
-3.784194355830550194e-03
-6.842526141554117203e-03
-7.713547674939036369e-04
-4.313052166253328323e-03
-3.682633629068732262e-03
-6.518425419926643372e-03
1.724082394503057003e-03
5.675791762769222260e-04
5.047884769737720490e-03
7.749872282147407532e-03
3.665886353701353073e-03
2.022772794589400291e-03
-7.681052666157484055e-03
3.414615290239453316e-03
-7.618970237672328949e-03
-4.938566708005964756e-04
7.572193741798400879e-01
1.115318655967712402e+00
-2.308063030242919922e+00
7.965626716613769531e-01
