8.255207780597528799e-01
1.307731717389259307e+00
4.155957653004313634e+00
3.294775346893359380e+00
-8.033005210232040394e-01
1.827213847915525102e+00
-5.363706153791815145e-01
-1.874663193182198206e+00
-9.924983699906109180e-02
-1.031037918999189174e+00
8.010647402078172052e-02
-1.386642237010006218e+00
-2.067681184130091054e+00
3.377157237035576021e+00
1.424525442942749853e+00
-1.047907357905478953e+00
-1.198723253224297514e+00
1.114976028510118899e+00
-1.524388881939749696e-01
4.913169481249390347e-01
-1.573646854713362631e+00
2.683626230652367273e-01
1.309730460964415588e-01
-7.395918293480935324e-01
1.067750238363611048e+00
-8.518487386904244688e-03
1.855619444391576334e-01
1.178616238639301095e+00
-1.251709053473397226e+00
2.491356207304092241e+00
3.898130015461380715e+00
5.383188028891190413e-01
3.172029814914972823e-01
2.551290438086200596e-01
1.466193501641339880e+00
1.111729813476352247e+00
5.000625290264769651e-01
-7.769403286381202367e-01
1.063499519238692709e-01
2.783271807025345268e+00
8.336730570563691822e-01
-2.118614332243125897e+00
-8.117341499081637268e-01
1.750639424618902495e+01
