3.462577462196350098e-01
9.013175964355468750e+00
1.912310218811035156e+01
7.596432685852050781e+00
1.545683765411376953e+01
1.544531536102294922e+01
1.577076148986816406e+01
1.266982841491699219e+01
-1.142639446258544922e+01
1.084212207794189453e+01
9.260766029357910156e+00
3.206299781799316406e+00
-1.413756132125854492e+00
5.062105655670166016e+00
-1.796491146087646484e+00
1.068017768859863281e+01
9.436187744140625000e+00
-3.067493915557861328e+00
-3.320199012756347656e+00
3.722891807556152344e+00
-3.245029687881469727e+00
-6.606958389282226562e+00
2.342092132568359375e+01
1.647181659936904907e-01
-8.054856300354003906e+00
-6.224795579910278320e-01
7.828189373016357422e+00
4.194183826446533203e+00
-2.910889148712158203e+00
-6.676834583282470703e+00
-1.718803167343139648e+00
5.203631401062011719e+00
-7.391659617424011230e-01
1.077505493164062500e+01
2.082952976226806641e+00
-1.183521151542663574e+00
6.240904927253723145e-01
-2.183187007904052734e+00
-9.828940391540527344e+00
-4.098210334777832031e+00
-4.269613742828369141e+00
-1.064241051673889160e+00
1.931475281715393066e+00
7.525043964385986328e+00
3.280830144882202148e+00
2.560100793838500977e+00
5.719275474548339844e+00
-3.603989481925964355e-01
1.250735521316528320e+00
2.742198705673217773e+00
1.207458734512329102e+00
2.712522983551025391e+00
5.516515731811523438e+00
1.548433542251586914e+00
-2.112461924552917480e-01
-1.736333608627319336e+00
3.242193460464477539e-01
4.058592319488525391e+00
4.489350318908691406e+00
-4.282777786254882812e+00
7.768113136291503906e+00
-1.424141645431518555e+00
-6.426817893981933594e+00
-2.319510132074356079e-01
-1.742986440658569336e+00
1.701501250267028809e+00
-3.857115209102630615e-01
2.903891086578369141e+00
-6.660489439964294434e-01
3.388641357421875000e+00
-2.205244779586791992e+00
1.348399817943572998e-01
3.143253028392791748e-01
1.579309701919555664e+00
-1.703904032707214355e+00
-3.672121047973632812e+00
5.536402225494384766e+00
1.065433740615844727e+00
-4.386043548583984375e+00
-5.153920650482177734e+00
-3.805495977401733398e+00
4.289144515991210938e+00
-1.425691604614257812e+00
1.010569095611572266e+00
7.888250350952148438e-01
8.927636146545410156e-01
8.075529932975769043e-01
3.350047111511230469e+00
3.815228462219238281e+00
2.840066671371459961e+00
-2.109987258911132812e+00
-2.303383797407150269e-01
6.000280845910310745e-03
4.669219493865966797e+00
2.958472251892089844e+00
-3.345933854579925537e-01
3.147358179092407227e+00
1.950570940971374512e+00
-2.537472724914550781e+00
7.972158193588256836e-01
-1.864529132843017578e+00
3.004413604736328125e+00
1.460049301385879517e-01
2.756303548812866211e+00
-2.191251993179321289e+00
2.704141616821289062e+00
1.690050363540649414e-01
1.058435201644897461e+00
-9.034432172775268555e-01
1.125442534685134888e-01
2.051228284835815430e+00
-4.678295135498046875e+00
3.438532590866088867e+00
1.034763380885124207e-01
-3.584231615066528320e+00
-4.851171970367431641e+00
-5.674994587898254395e-01
