1.705201387405395508e+00
1.684139370918273926e+00
4.677336692810058594e+00
-2.714709341526031494e-01
8.538727164268493652e-01
3.843493938446044922e+00
1.850283741950988770e+00
1.978229284286499023e+00
2.117800474166870117e+00
2.180675506591796875e+00
3.986493051052093506e-01
3.626650571823120117e-01
5.972995758056640625e-01
1.377150893211364746e+00
-2.859653234481811523e-01
3.499487042427062988e-01
2.943229675292968750e-01
-2.346753031015396118e-01
-4.793800413608551025e-01
1.361763626337051392e-01
-3.112815320491790771e-01
5.990765094757080078e-01
-2.503670156002044678e-01
1.741227606544271111e-04
-1.105440035462379456e-01
-5.257336497306823730e-01
1.771292835474014282e-01
1.840515285730361938e-01
1.040399932861328125e+01
1.329393577575683594e+01
1.325831031799316406e+01
1.456471920013427734e+01
1.530350780487060547e+01
1.698852348327636719e+01
1.827908515930175781e+01
1.928031921386718750e+01
1.919966506958007812e+01
3.021399080753326416e-01
-9.671539068222045898e-02
-1.066450402140617371e-01
-5.688484907150268555e-01
5.933888554573059082e-01
-2.392088770866394043e-01
1.814570575952529907e-01
4.916569590568542480e-01
2.353637963533401489e-01
-8.195357322692871094e-01
1.041224747896194458e-01
-9.990659356117248535e-02
1.477914750576019287e-01
-1.245139986276626587e-01
1.913897991180419922e-01
6.593204289674758911e-02
-2.794314622879028320e-01
4.712179303169250488e-01
9.010539203882217407e-02
7.026538997888565063e-02
-3.267598748207092285e-01
6.288106441497802734e-01
1.088041439652442932e-01
9.232503175735473633e-02
1.292095422744750977e+00
-1.243762493133544922e+00
1.006784558296203613e+00
4.014987945556640625e-01
-3.272416293621063232e-01
-7.767620682716369629e-01
-1.995193958282470703e-01
-6.657308936119079590e-01
5.580098927021026611e-02
-3.028252720832824707e-01
3.514442145824432373e-01
2.660441771149635315e-02
-4.467850625514984131e-01
4.931146744638681412e-03
3.383963406085968018e-01
3.522084951400756836e-01
-7.481805086135864258e-01
-1.188160758465528488e-02
4.351024329662322998e-01
3.514301478862762451e-01
-4.116826504468917847e-02
1.567590683698654175e-01
2.162390053272247314e-01
-1.023655682802200317e-01
2.593368887901306152e-01
-1.825119256973266602e-01
1.573432087898254395e-01
1.599292755126953125e-01
1.542799621820449829e-01
2.346038371324539185e-01
2.934267520904541016e-01
-4.274252057075500488e-01
-2.133841067552566528e-01
3.265666663646697998e-01
-3.551935777068138123e-02
-1.047807037830352783e-01
1.031716465950012207e-01
-2.256569862365722656e-01
1.615407466888427734e-01
4.309712648391723633e-01
-1.009147092700004578e-01
1.575214415788650513e-01
-6.236413121223449707e-01
-5.532372370362281799e-02
8.956244587898254395e-02
-2.515782415866851807e-01
-1.135994959622621536e-02
8.175305277109146118e-02
-5.044357180595397949e-01
-1.837007105350494385e-01
4.859118759632110596e-01
5.353929996490478516e-01
1.572901755571365356e-01
4.874913990497589111e-01
-1.424619108438491821e-01
2.293340563774108887e-01
1.782734692096710205e-01
4.650383591651916504e-01
2.114703357219696045e-01
-3.417721390724182129e-01
-3.518925309181213379e-01
2.973174750804901123e-01
9.483262896537780762e-02
2.897768914699554443e-01
-7.205978035926818848e-02
3.048673570156097412e-01
-3.927037715911865234e-01
1.325727999210357666e-02
3.244364261627197266e-01
7.748132944107055664e-01
-1.880532950162887573e-01
4.653043579310178757e-04
3.220875933766365051e-02
2.880346961319446564e-02
-1.328903287649154663e-01
4.328267872333526611e-01
4.417892694473266602e-01
2.711246907711029053e-02
-4.495829045772552490e-01
2.628504037857055664e-01
2.201863676309585571e-01
-2.385048717260360718e-01
3.569171428680419922e-01
4.672727882862091064e-01
-3.810592889785766602e-01
-3.109880723059177399e-02
2.535517215728759766e-01
-1.250314414501190186e-01
-5.380845069885253906e-01
3.650681376457214355e-01
1.374806314706802368e-01
5.311524868011474609e-01
-4.439917206764221191e-01
1.174356341361999512e-01
4.244725108146667480e-01
2.194931656122207642e-01
1.068111229687929153e-02
6.826936453580856323e-02
-2.851970260962843895e-03
2.489027194678783417e-02
-3.141777217388153076e-01
-2.460142411291599274e-02
-2.725967764854431152e-01
-1.710308045148849487e-01
3.166212141513824463e-01
3.722805678844451904e-01
-1.043060123920440674e-01
3.855297565460205078e-01
1.029332503676414490e-01
5.853491276502609253e-02
-4.862472116947174072e-01
6.433615684509277344e-01
8.247332572937011719e-01
7.366472482681274414e-01
1.665721833705902100e-01
2.655983269214630127e-01
9.831339120864868164e-01
3.317520320415496826e-01
5.425120592117309570e-01
8.873803168535232544e-02
6.756500005722045898e-01
8.978108167648315430e-01
4.010323435068130493e-02
1.381559222936630249e-01
6.815800666809082031e-01
6.053709983825683594e-01
4.269328340888023376e-02
4.544401764869689941e-01
9.874233007431030273e-01
4.548157006502151489e-02
8.195434212684631348e-01
2.494966685771942139e-01
7.433394193649291992e-01
6.926271915435791016e-01
3.355945348739624023e-01
1.887358874082565308e-01
8.376933336257934570e-01
6.463122963905334473e-01
1.660291403532028198e-01
9.061265587806701660e-01
7.174023985862731934e-01
5.051374435424804688e-01
1.063561663031578064e-01
1.925511658191680908e-02
4.815270900726318359e-01
3.162165880203247070e-01
1.803142279386520386e-01
4.996092021465301514e-01
2.688325941562652588e-01
1.311962157487869263e-01
2.024642825126647949e-01
5.426734685897827148e-01
1.698692291975021362e-01
2.604103982448577881e-01
7.171526551246643066e-01
1.601968705654144287e-01
7.920625805854797363e-01
1.109912157058715820e+00
-1.969455718994140625e+00
7.715858817100524902e-01
