1.583618640899658203e+00
1.302793741226196289e+00
4.126261234283447266e+00
-1.320208907127380371e+00
2.236551046371459961e+00
3.566372871398925781e+00
2.047487974166870117e+00
1.978012800216674805e+00
8.461090326309204102e-01
3.127234935760498047e+00
4.605704843997955322e-01
-2.862154245376586914e-01
2.015184983611106873e-02
1.298926949501037598e+00
9.759752452373504639e-02
-2.154894769191741943e-01
1.998006552457809448e-01
-2.897297441959381104e-01
-9.117414057254791260e-02
6.620576977729797363e-02
-1.535219550132751465e-01
5.515475869178771973e-01
-2.352975308895111084e-01
4.360780119895935059e-02
-3.792196214199066162e-01
-2.860999703407287598e-01
6.029903292655944824e-01
1.379861831665039062e-01
9.399749755859375000e+00
1.317090415954589844e+01
1.095817279815673828e+01
1.392394161224365234e+01
1.523611927032470703e+01
1.650671958923339844e+01
1.783822822570800781e+01
2.128038978576660156e+01
1.921335983276367188e+01
1.132363080978393555e+00
-1.174415871500968933e-01
-5.446150898933410645e-01
5.894865393638610840e-01
8.356235623359680176e-01
-2.986972332000732422e-01
-7.097626924514770508e-01
-2.672385931015014648e+00
-4.909974932670593262e-01
1.293655186891555786e-01
-3.274205923080444336e-01
-1.711853146553039551e+00
5.883197188377380371e-01
1.865670084953308105e-01
-2.615371048450469971e-01
1.542090475559234619e-01
3.143901228904724121e-01
6.377145051956176758e-01
7.847925424575805664e-01
-1.330588310956954956e-01
1.306644201278686523e+00
1.685209274291992188e+00
1.635884761810302734e+00
-9.584845304489135742e-01
2.390063047409057617e+00
-1.158301949501037598e+00
9.403506517410278320e-01
7.180935740470886230e-01
-2.978281974792480469e-01
-1.463487625122070312e+00
-3.040125370025634766e-01
-5.691266059875488281e-01
8.731538653373718262e-01
-6.578655242919921875e-01
8.800328522920608521e-02
-8.594452738761901855e-01
-8.418103456497192383e-01
9.501590728759765625e-01
3.839779496192932129e-01
3.423253595829010010e-01
-1.625794529914855957e+00
-3.628506064414978027e-01
-3.374726533889770508e+00
1.277738213539123535e+00
1.702751368284225464e-01
3.569136187434196472e-02
3.174291551113128662e-01
-3.512352705001831055e-01
2.029774487018585205e-01
2.662513256072998047e-01
-8.506443500518798828e-01
-4.328157007694244385e-01
-5.274106264114379883e-01
2.572691142559051514e-01
6.259879469871520996e-01
1.504798885434865952e-02
2.181447744369506836e-01
-2.004540562629699707e-01
5.088570713996887207e-01
2.551259100437164307e-02
6.499092578887939453e-01
3.016661107540130615e-01
3.607382178306579590e-01
4.581275582313537598e-01
-6.383875757455825806e-02
1.860496103763580322e-01
-3.564099371433258057e-01
1.644042134284973145e+00
1.859843283891677856e-01
-6.141023635864257812e-01
3.194716870784759521e-01
1.138365175575017929e-02
-5.155099034309387207e-01
-9.265424013137817383e-01
1.035574153065681458e-01
6.584686040878295898e-01
3.785387426614761353e-02
4.930449426174163818e-01
-1.630069166421890259e-01
-2.360150814056396484e-01
7.136254012584686279e-02
1.383019983768463135e-02
9.901770949363708496e-02
6.762859225273132324e-01
-1.877529621124267578e-01
-3.112436234951019287e-01
1.388410180807113647e-01
1.824530482292175293e+00
9.195704013109207153e-03
1.684515327215194702e-01
-3.010054230690002441e-01
-2.720804512500762939e-01
2.315014153718948364e-01
1.897089555859565735e-02
-2.901588380336761475e-01
5.345265269279479980e-01
2.131855338811874390e-01
1.435261845588684082e+00
-3.592015430331230164e-02
-2.403637766838073730e-01
1.059504821896553040e-01
3.989436626434326172e-01
-2.093696594238281250e-01
-1.716346889734268188e-01
-6.202406436204910278e-02
-1.077409505844116211e+00
-9.197039157152175903e-02
-3.732535541057586670e-01
-7.870068550109863281e-01
2.028503119945526123e-01
9.907425846904516220e-04
-7.261360883712768555e-01
-1.350607991218566895e+00
-7.934477925300598145e-02
-3.177599906921386719e-01
2.776889801025390625e-01
-3.910460174083709717e-01
3.056922852993011475e-01
1.027007699012756348e+00
3.071531057357788086e-01
-1.867902129888534546e-01
4.054605066776275635e-01
-4.495629072189331055e-01
-2.878579199314117432e-01
2.623342908918857574e-02
5.026870965957641602e-01
3.302308022975921631e-01
-1.156959831714630127e-01
-6.755335927009582520e-01
2.285019755363464355e-01
9.921762347221374512e-01
1.812375932931900024e-01
-2.367072105407714844e-01
-3.880638480186462402e-01
1.068634912371635437e-01
6.433615684509277344e-01
8.247332572937011719e-01
7.366472482681274414e-01
1.665721833705902100e-01
2.655983269214630127e-01
9.831339120864868164e-01
3.317520320415496826e-01
5.425120592117309570e-01
8.873803168535232544e-02
6.756500005722045898e-01
8.978108167648315430e-01
4.010323435068130493e-02
1.381559222936630249e-01
6.815800666809082031e-01
6.053709983825683594e-01
4.269328340888023376e-02
4.544401764869689941e-01
9.874233007431030273e-01
4.548157006502151489e-02
8.195434212684631348e-01
2.494966685771942139e-01
7.433394193649291992e-01
6.926271915435791016e-01
3.355945348739624023e-01
1.887358874082565308e-01
8.376933336257934570e-01
6.463122963905334473e-01
1.660291403532028198e-01
9.061265587806701660e-01
7.174023985862731934e-01
5.051374435424804688e-01
1.063561663031578064e-01
1.925511658191680908e-02
4.815270900726318359e-01
3.162165880203247070e-01
1.803142279386520386e-01
4.996092021465301514e-01
2.688325941562652588e-01
1.311962157487869263e-01
2.024642825126647949e-01
5.426734685897827148e-01
1.698692291975021362e-01
2.604103982448577881e-01
7.171526551246643066e-01
1.601968705654144287e-01
1.103716731071472168e+00
8.610340356826782227e-01
-1.676609277725219727e+00
7.421623468399047852e-01
