9.326170921325683594e+00
1.544480037689208984e+01
1.066939353942871094e+01
6.912998199462890625e+00
1.780000877380371094e+01
1.545114612579345703e+01
1.589811134338378906e+01
1.122762870788574219e+01
1.800149917602539062e+01
1.558101940155029297e+01
1.181408786773681641e+01
1.011083126068115234e+01
1.557631874084472656e+01
1.354462909698486328e+01
1.570516586303710938e+01
9.748771667480468750e+00
3.647057056427001953e+00
1.840878605842590332e+00
-3.440940141677856445e+00
3.683459520339965820e+00
-3.857414484024047852e+00
-4.154855906963348389e-01
-5.431287765502929688e+00
4.342621803283691406e+00
1.678071498870849609e+00
-1.582864761352539062e+00
1.351109790802001953e+01
-6.615829944610595703e+00
-4.856626033782958984e+00
-3.994322299957275391e+00
5.448624610900878906e+00
1.174789309501647949e+00
4.006571292877197266e+00
2.747797012329101562e+00
-3.464819669723510742e+00
4.364150762557983398e-01
7.525474071502685547e+00
8.570175170898437500e+00
5.148786067962646484e+00
1.556432366371154785e+00
8.476769328117370605e-01
6.279509067535400391e+00
2.965457677841186523e+00
5.014874935150146484e+00
-5.588545322418212891e+00
6.929484844207763672e+00
1.202465772628784180e+00
2.870403528213500977e+00
-7.457124710083007812e+00
-1.924080610275268555e+00
1.196422481536865234e+01
-6.312630176544189453e+00
-6.132716655731201172e+00
7.719326019287109375e+00
-4.740818142890930176e-01
-4.828631401062011719e+00
-1.016393423080444336e+00
1.285297775268554688e+01
8.139228820800781250e+00
-5.630245685577392578e+00
-1.160663485527038574e+00
7.438281178474426270e-01
-1.005996036529541016e+01
9.308815956115722656e+00
-1.236864089965820312e+00
5.874855518341064453e+00
-6.301256656646728516e+00
1.128068685531616211e+00
1.187348365783691406e+00
-1.707959890365600586e+00
-7.122467756271362305e-01
1.849983930587768555e+00
-2.469611406326293945e+00
1.200845241546630859e+01
-7.842228412628173828e-01
-2.045180559158325195e+00
5.673907756805419922e+00
6.481931209564208984e-01
-7.026751637458801270e-01
5.106796026229858398e-01
8.672410011291503906e+00
-5.024668216705322266e+00
-5.458656787872314453e+00
5.580993175506591797e+00
-9.480658173561096191e-01
-8.578083038330078125e+00
1.776543021202087402e+00
-4.219288825988769531e+00
-3.409618854522705078e+00
-7.926619529724121094e+00
9.156440496444702148e-01
5.523408889770507812e+00
-4.834447801113128662e-01
-3.072227954864501953e+00
5.471285820007324219e+00
3.997252225875854492e+00
-2.568512678146362305e+00
8.862780570983886719e+00
-6.206283092498779297e+00
-5.891748428344726562e+00
-1.079266071319580078e+00
4.185612872242927551e-02
-2.721370458602905273e+00
-1.236511945724487305e+00
-5.034754276275634766e-01
3.172756671905517578e+00
6.638308525085449219e+00
4.968505859375000000e+00
-2.137661933898925781e+00
-1.412184722721576691e-02
1.101949214935302734e+01
-8.670134544372558594e+00
8.315406799316406250e+00
-9.086237907409667969e+00
-6.624246597290039062e+00
-1.300019621849060059e+00
2.584772825241088867e+00
-1.181431889533996582e+00
3.523108720779418945e+00
6.959959506988525391e+00
-4.558545649051666260e-01
5.132025480270385742e-01
-1.371800541877746582e+00
7.025108814239501953e+00
1.910836815834045410e+00
6.159729361534118652e-01
8.227416872978210449e-01
1.232260704040527344e+00
1.966926157474517822e-01
-3.063227891921997070e+00
-8.132613897323608398e-01
6.569198131561279297e+00
-5.028648853302001953e+00
-8.073760032653808594e+00
8.096829414367675781e+00
-3.428412601351737976e-02
8.466841697692871094e+00
-6.684384346008300781e+00
-4.979216098785400391e+00
-6.532626152038574219e+00
1.001807308197021484e+01
4.456721305847167969e+00
-2.517308473587036133e+00
-3.375118255615234375e+00
-7.794484615325927734e+00
1.039827316999435425e-01
-7.520541191101074219e+00
-6.387499332427978516e+00
4.100650310516357422e+00
2.036430597305297852e+00
-1.056494617462158203e+01
6.562282562255859375e+00
-9.724416136741638184e-01
1.158398866653442383e+00
4.885966300964355469e+00
2.800787448883056641e+00
-2.259846031665802002e-01
2.199064254760742188e+00
-2.640294551849365234e+00
-9.122311472892761230e-01
3.800626516342163086e+00
1.455767154693603516e+00
-1.649652361869812012e+00
4.887310504913330078e+00
2.122617006301879883e+00
4.128480851650238037e-01
-2.738687992095947266e+00
-9.205315262079238892e-02
-1.423610895872116089e-01
-1.387476205825805664e+00
2.223637104034423828e+00
-1.026317358016967773e+00
-3.556242585182189941e-02
-3.328464269638061523e+00
-1.870494484901428223e+00
-3.122071027755737305e+00
-1.878081679344177246e+00
-2.157034575939178467e-01
3.574866533279418945e+00
4.211802959442138672e+00
2.591991424560546875e+00
5.638818740844726562e+00
-3.671351194381713867e+00
2.648304462432861328e+00
-2.424269437789916992e+00
3.028340101242065430e+00
-1.748739600181579590e+00
1.025618076324462891e+00
1.380767941474914551e+00
-1.980385184288024902e+00
1.011743620038032532e-01
8.122761845588684082e-01
-2.571213006973266602e+00
7.994303703308105469e-01
6.077774047851562500e+00
-2.704202890396118164e+00
1.712768912315368652e+00
1.586155891418457031e+00
-2.225317507982254028e-01
5.413929224014282227e-01
8.315204083919525146e-02
3.075462102890014648e+00
3.018503189086914062e+00
-2.463443040847778320e+00
-1.004043966531753540e-01
-9.892055392265319824e-02
-3.047679901123046875e+00
-7.033285498619079590e-02
3.040927410125732422e+00
3.315957307815551758e+00
-1.377196431159973145e+00
2.165592741221189499e-03
-2.940351009368896484e+00
-2.337626218795776367e+00
-1.530031412839889526e-01
-1.022729635238647461e+00
5.059959888458251953e+00
1.312065958976745605e+00
-1.615463018417358398e+00
-7.255104184150695801e-02
3.241296291351318359e+00
3.023282766342163086e+00
-4.155894279479980469e+00
-1.225810527801513672e+00
2.282491207122802734e+00
-2.038805007934570312e+00
-7.710214704275131226e-02
-2.787692070007324219e+00
3.373686790466308594e+00
-2.534739494323730469e+00
2.717844963073730469e+00
-6.972258687019348145e-01
3.432088851928710938e+00
-2.383947968482971191e-01
2.515873670578002930e+00
2.378722906112670898e+00
-2.375275641679763794e-01
3.730014562606811523e+00
-3.618590593338012695e+00
5.267416477203369141e+00
2.977971315383911133e+00
1.808847188949584961e+00
1.434900641441345215e+00
1.425589680671691895e+00
-6.581803411245346069e-02
-2.652371823787689209e-01
3.969565629959106445e+00
2.592577219009399414e+00
-1.748048663139343262e+00
5.382766127586364746e-01
-3.843736410140991211e+00
-1.426290154457092285e+00
-1.227617263793945312e+00
1.482255578041076660e+00
-9.382070302963256836e-01
1.039758682250976562e+00
4.007497310638427734e+00
-3.203255414962768555e+00
-2.732627153396606445e+00
4.022309780120849609e+00
-1.395399928092956543e+00
-9.497757554054260254e-01
2.684629857540130615e-01
5.782268047332763672e-01
-5.197268128395080566e-01
1.247963905334472656e+00
2.751362919807434082e-01
-1.704381965100765228e-02
2.882879972457885742e+00
-4.083604738116264343e-02
-2.965996503829956055e+00
1.551068782806396484e+00
-3.020191669464111328e+00
-1.676054239273071289e+00
5.010294914245605469e-01
-1.637240529060363770e+00
1.250410556793212891e+00
-8.889799118041992188e-01
-8.129246830940246582e-01
3.198870182037353516e+00
-1.323249697685241699e+00
-1.421232819557189941e+00
-2.509266138076782227e+00
1.907327771186828613e+00
2.419040203094482422e+00
-2.393743693828582764e-01
1.531807303428649902e+00
-3.528478622436523438e+00
-2.683879375457763672e+00
2.839193344116210938e+00
2.035316705703735352e+00
4.451776504516601562e+00
2.977092266082763672e+00
-6.771507859230041504e-01
-2.196359634399414062e+00
-8.310962915420532227e-01
3.023652315139770508e+00
-1.511159420013427734e+00
6.240119338035583496e-01
5.188355445861816406e+00
1.893208920955657959e-01
-2.308407068252563477e+00
-2.001615762710571289e+00
-9.794177412986755371e-01
-2.114094257354736328e+00
7.335185408592224121e-01
-3.271484136581420898e+00
-1.791026115417480469e+00
2.673688173294067383e+00
1.298827677965164185e-01
-2.341466903686523438e+00
-3.698113441467285156e+00
1.635122418403625488e+00
-1.782745122909545898e+00
2.851373434066772461e+00
6.177623748779296875e+00
3.838490724563598633e+00
-1.613373279571533203e+00
-2.982599735260009766e+00
3.440999984741210938e+00
-1.042421340942382812e+00
4.210305690765380859e+00
-1.631911039352416992e+00
-1.366408109664916992e+00
2.568507194519042969e+00
-1.611608117818832397e-01
1.661197543144226074e-01
1.356812000274658203e+00
-2.525649547576904297e+00
7.532685995101928711e-01
4.800834655761718750e+00
-5.939306616783142090e-01
2.075549840927124023e+00
-3.241833925247192383e+00
-1.119758248329162598e+00
4.553601264953613281e+00
2.392798900604248047e+00
1.515478491783142090e+00
2.145707607269287109e-01
1.302585482597351074e+00
-1.608254313468933105e+00
-7.726895213127136230e-01
-8.193538337945938110e-02
3.667166233062744141e+00
-1.417889952659606934e+00
2.418334484100341797e+00
-2.118645191192626953e+00
8.218646049499511719e-01
-1.259631514549255371e+00
-3.869174480438232422e+00
-2.017360925674438477e+00
2.079980373382568359e+00
4.268766880035400391e+00
1.729218840599060059e+00
-2.114819765090942383e+00
1.174459576606750488e+00
1.894859671592712402e+00
2.081854343414306641e+00
-3.042925119400024414e+00
-3.333547592163085938e+00
4.226155757904052734e+00
-1.259123682975769043e-01
1.334207773208618164e+00
-2.080617427825927734e+00
4.174174308776855469e+00
-3.149737834930419922e+00
2.364602088928222656e+00
2.087503433227539062e+00
2.385611295700073242e+00
-8.287419080734252930e-01
6.508014202117919922e-01
2.618460178375244141e+00
-8.531463742256164551e-01
4.208230972290039062e+00
-2.214343786239624023e+00
2.752883195877075195e+00
1.356062650680541992e+00
2.119320869445800781e+00
1.538295388221740723e+00
2.962626218795776367e+00
1.606130599975585938e+00
5.681882053613662720e-02
2.897021532058715820e+00
2.753374814987182617e+00
-6.162850856781005859e-01
1.365517735481262207e+00
-3.608268499374389648e+00
2.397949546575546265e-01
3.526448011398315430e-01
2.022348046302795410e-01
-2.614271163940429688e+00
1.227000713348388672e+00
5.442166805267333984e+00
-1.533856511116027832e+00
-3.843820333480834961e+00
5.125434398651123047e+00
-8.290553092956542969e-01
5.443842411041259766e-01
-2.443646192550659180e-01
4.146682322025299072e-01
-7.549891248345375061e-03
-5.908720493316650391e-01
-4.836357831954956055e-01
8.959093093872070312e-01
1.573118567466735840e+00
1.547083139419555664e+00
-1.124324917793273926e+00
4.472880363464355469e-01
-3.147763967514038086e+00
-1.424928188323974609e+00
1.697035193443298340e+00
-1.477545857429504395e+00
6.335125565528869629e-01
-6.338813155889511108e-02
-3.005611658096313477e+00
1.109756469726562500e+00
2.198848724365234375e+00
-1.228262901306152344e+00
-2.752184152603149414e+00
3.857069253921508789e+00
1.705509185791015625e+00
-1.663714051246643066e+00
2.273920059204101562e+00
-2.236543893814086914e+00
-1.040856957435607910e+00
