2.187031030654907227e+00
1.216380074620246887e-01
5.065668582916259766e+00
3.995035886764526367e+00
1.903290987014770508e+00
3.558341026306152344e+00
-7.051300406455993652e-01
1.408692449331283569e-01
-1.204297900199890137e+00
2.264390289783477783e-01
2.736149132251739502e-01
-4.202980101108551025e-01
2.391493618488311768e-01
-1.956232070922851562e+00
-1.102843999862670898e+00
3.290004730224609375e-01
-2.822973728179931641e-01
-3.035684674978256226e-02
5.444649234414100647e-02
-2.750682234764099121e-01
-2.292339652776718140e-01
9.137148261070251465e-01
9.700080871582031250e+00
1.330019855499267578e+01
1.533928966522216797e+01
1.732511329650878906e+01
1.910699081420898438e+01
2.107631111145019531e+01
2.612391090393066406e+01
3.884916603565216064e-01
5.389893651008605957e-01
-3.179537653923034668e-01
5.293424129486083984e-01
-1.739323854446411133e+00
-1.130627274513244629e+00
-1.350826382637023926e+00
-6.965970993041992188e-01
-1.984136700630187988e-01
3.454706072807312012e-01
1.675442308187484741e-01
1.857452630996704102e+00
1.176432013511657715e+00
-3.762490153312683105e-01
-1.315276026725769043e+00
-2.505739629268646240e-01
-2.386763334274291992e+00
6.218884885311126709e-02
2.236515760421752930e+00
-7.792294025421142578e-01
3.696353912353515625e+00
-6.308922767639160156e-01
1.829344779253005981e-01
-7.681136131286621094e-01
2.522626876831054688e+00
5.740729808807373047e+00
1.646933317184448242e+00
1.532340884208679199e+00
-1.356049925088882446e-01
1.586460508406162262e-02
-1.371821165084838867e-01
2.563709616661071777e-01
4.299965500831604004e-01
1.767454296350479126e-01
1.519239068031311035e+00
6.172363758087158203e-01
-1.030128747224807739e-01
2.211742550134658813e-01
3.459800183773040771e-01
2.304404228925704956e-01
1.000337023288011551e-02
4.721491932868957520e-01
-6.096396222710609436e-02
3.377802670001983643e-01
1.275129169225692749e-01
-4.395072460174560547e-01
-9.969719499349594116e-02
2.133721411228179932e-01
-2.576477825641632080e-01
1.184148043394088745e-01
1.767241954803466797e-01
2.580016255378723145e-01
-1.134097099304199219e+00
-6.034405231475830078e-01
-1.177795648574829102e+00
9.591118097305297852e-01
-4.179379940032958984e-01
1.246208474040031433e-01
-9.842109084129333496e-01
2.544332668185234070e-02
5.298577547073364258e-01
7.242399454116821289e-01
-6.574866175651550293e-01
9.671724587678909302e-02
-9.271749854087829590e-02
-2.013384103775024414e-01
1.138489227741956711e-02
-7.358834147453308105e-01
-7.376744151115417480e-01
2.394121140241622925e-01
3.502857089042663574e-01
1.242063418030738831e-01
1.486931800842285156e+00
7.912365198135375977e-01
-8.192867636680603027e-01
-2.475465275347232819e-02
-1.161983966827392578e+00
-7.973507642745971680e-01
1.583659052848815918e-01
-1.779690384864807129e-01
2.754037035629153252e-03
-1.695316076278686523e+00
-5.606638193130493164e-01
4.894628822803497314e-01
9.773649275302886963e-03
-4.663003142923116684e-03
5.161861889064311981e-03
7.992951199412345886e-03
-3.248022170737385750e-03
-3.328182967379689217e-03
5.299683194607496262e-03
4.328049719333648682e-03
7.106507197022438049e-03
-6.564077921211719513e-04
1.180632854811847210e-03
-3.093445906415581703e-03
3.448865842074155807e-03
8.668536320328712463e-03
2.608318813145160675e-03
-4.269889090210199356e-03
2.542301313951611519e-03
5.580751225352287292e-03
3.880475414916872978e-03
1.441105385310947895e-03
-6.613981095142662525e-04
2.922812476754188538e-03
-3.205080050975084305e-03
-1.254323986358940601e-03
6.256562191992998123e-04
-6.950874812901020050e-04
-2.464789664372801781e-03
8.725901134312152863e-03
1.639829635620117188e+00
1.070428848266601562e+00
-2.268789768218994141e+00
7.827404141426086426e-01
