2.178925514221191406e+00
8.723515868186950684e-01
7.452437877655029297e-01
5.003983497619628906e+00
3.583146572113037109e+00
1.939655065536499023e+00
2.036831140518188477e+00
2.348222494125366211e+00
2.585934162139892578e+00
2.716084718704223633e-01
4.593235552310943604e-01
-1.365886092185974121e+00
-1.378025859594345093e-01
1.607594639062881470e-01
2.361688017845153809e-01
-3.924904018640518188e-02
-6.958474516868591309e-01
1.081996485590934753e-01
7.608340978622436523e-01
-6.427325010299682617e-01
5.775386840105056763e-02
4.159471690654754639e-01
4.594176709651947021e-01
-1.402799636125564575e-01
-1.877718269824981689e-01
-1.319307833909988403e-01
2.662798762321472168e-01
-2.624301314353942871e-01
-2.363079786300659180e-01
8.234018832445144653e-02
1.135171413421630859e+00
9.375123023986816406e+00
1.034876918792724609e+01
1.328945827484130859e+01
1.540454196929931641e+01
1.509072399139404297e+01
1.748616027832031250e+01
1.925726890563964844e+01
1.907328605651855469e+01
2.053566932678222656e+01
2.489860916137695312e+01
-7.732499837875366211e-01
-1.491401642560958862e-01
4.260600805282592773e-01
-9.933752417564392090e-01
-7.376173734664916992e-01
3.729662895202636719e+00
-1.297141909599304199e-01
2.217920720577239990e-01
-1.506912469863891602e+00
-2.801401615142822266e-01
1.975658349692821503e-03
7.802153825759887695e-01
-1.271225363016128540e-01
-6.078030467033386230e-01
-2.014182090759277344e+00
8.688595890998840332e-01
-2.156162261962890625e-01
1.601855039596557617e+00
1.218049645423889160e+00
-7.910375595092773438e-01
-6.487590074539184570e-02
2.245972156524658203e-01
7.985826730728149414e-01
-2.097942531108856201e-01
-6.615792512893676758e-01
1.374296307563781738e+00
-3.875076770782470703e-01
1.784825563430786133e+00
-4.895630359649658203e+00
-3.622537136077880859e+00
-4.871604442596435547e-01
1.923284053802490234e+00
-3.885217905044555664e+00
-7.346538305282592773e-01
8.873322486877441406e+00
7.285837650299072266e+00
9.150115847587585449e-01
-5.348094940185546875e+00
3.182557344436645508e+00
-1.373463749885559082e+00
3.543622493743896484e+00
1.013020992279052734e+00
-2.541628122329711914e+00
7.745918273925781250e+00
-7.195219397544860840e-01
6.834841370582580566e-01
-7.808469533920288086e-01
-1.669524163007736206e-01
2.310659646987915039e+00
1.662831187248229980e+00
-1.614733338356018066e+00
1.843966126441955566e+00
3.995832681655883789e+00
1.496434569358825684e+00
1.429033994674682617e+00
4.819926619529724121e-01
-3.492684662342071533e-02
-1.510915905237197876e-01
3.479258418083190918e-01
4.412748813629150391e-01
-1.068560123443603516e+00
1.817234456539154053e-01
3.159978985786437988e-02
2.916298210620880127e-01
-1.712961047887802124e-01
1.008298397064208984e-01
-4.543440788984298706e-02
-2.931275665760040283e-01
3.590619564056396484e-01
-3.554461598396301270e-01
-3.401196300983428955e-01
-2.049094289541244507e-01
-5.724232196807861328e-01
-2.131499052047729492e-01
5.724145770072937012e-01
2.304381579160690308e-01
-1.591218635439872742e-02
1.397227402776479721e-02
4.841018319129943848e-01
-1.335305869579315186e-01
2.591496407985687256e-01
-3.444634974002838135e-01
-6.919658742845058441e-03
1.608411073684692383e+00
1.003036499023437500e+00
-5.277487039566040039e-01
4.681375995278358459e-02
1.392901182174682617e+00
-1.005254507064819336e+00
-2.035760402679443359e+00
-1.743287205696105957e+00
4.098913371562957764e-01
9.373137354850769043e-01
-2.027326583862304688e+00
3.997706770896911621e-01
8.392847329378128052e-02
7.928530871868133545e-02
-3.573360443115234375e-01
-2.438026428222656250e+00
7.140491157770156860e-02
2.899105250835418701e-01
-1.644062250852584839e-02
3.178098797798156738e-01
5.361098647117614746e-01
-3.585151433944702148e-01
2.559779584407806396e-01
-5.722146034240722656e-01
-2.136331796646118164e+00
-2.831946909427642822e-01
2.454495429992675781e+00
2.616364657878875732e-01
-1.981529146432876587e-01
-6.236483156681060791e-02
1.213887631893157959e-01
1.054838523268699646e-01
-1.524641633033752441e+00
-5.327903851866722107e-02
-2.011355943977832794e-02
7.393068671226501465e-01
2.342816144227981567e-01
-3.498287871479988098e-02
4.126549884676933289e-02
-1.357141733169555664e-01
1.362973898649215698e-01
2.418959587812423706e-01
-2.741357684135437012e-01
-1.000770255923271179e-01
-3.575452417135238647e-02
-8.096452951431274414e-01
1.581834405660629272e-01
-1.888334453105926514e-01
-2.020666748285293579e-01
-1.229145303368568420e-01
2.290433496236801147e-01
-2.512832870706915855e-03
-4.850110113620758057e-01
1.588991880416870117e-01
-3.879990577697753906e-01
6.867154240608215332e-01
6.837052106857299805e-01
2.244252562522888184e-01
6.837579607963562012e-02
1.144657611846923828e+00
1.055079177021980286e-01
-1.619277954101562500e+00
-1.830109238624572754e+00
1.942599564790725708e-01
6.432693600654602051e-01
-1.471338391304016113e+00
6.929914951324462891e-01
-1.561943173408508301e+00
2.697677910327911377e-01
7.618345618247985840e-01
-2.106431484222412109e+00
6.945158839225769043e-01
-5.576300024986267090e-01
4.764622151851654053e-01
3.440397381782531738e-01
-2.012267351150512695e+00
1.102989688515663147e-01
-3.512136405333876610e-03
-1.484417170286178589e-01
-2.223590135574340820e+00
-3.954205289483070374e-02
-1.315567612648010254e+00
-6.224808283150196075e-03
-2.020425861701369286e-03
-6.859351880848407745e-03
3.279078518971800804e-03
5.228831432759761810e-03
-2.174991648644208908e-03
-6.661162711679935455e-03
-7.831534370779991150e-03
2.465422963723540306e-03
-4.659032914787530899e-03
4.272767808288335800e-03
1.299389638006687164e-03
7.233102340251207352e-03
-4.636825993657112122e-03
7.329476648010313511e-05
4.517428576946258545e-03
-6.879741325974464417e-03
2.799099776893854141e-03
6.021431181579828262e-03
-9.690479375422000885e-03
8.737134747207164764e-03
-5.097245331853628159e-03
-1.273083151318132877e-03
-6.826879922300577164e-03
-4.977815318852663040e-03
-7.280764635652303696e-03
3.688608296215534210e-03
1.020799856632947922e-03
3.830669214949011803e-03
6.614704150706529617e-03
-1.035461318679153919e-03
5.419599357992410660e-03
9.160521440207958221e-03
3.963418304920196533e-03
-7.078938651829957962e-03
6.746121216565370560e-03
4.037941340357065201e-03
-1.595200272276997566e-03
7.810620591044425964e-03
2.370654838159680367e-03
4.905774723738431931e-03
-6.183626246638596058e-04
7.951694540679454803e-03
-4.859739914536476135e-03
7.693067658692598343e-03
9.059717878699302673e-03
-1.900439849123358727e-03
5.973407533019781113e-03
4.058533813804388046e-03
-7.819977588951587677e-03
7.178870495408773422e-03
-6.952727679163217545e-03
-5.428722128272056580e-03
1.904943841509521008e-03
3.239165525883436203e-03
4.966951906681060791e-01
8.748438954353332520e-01
-2.050338745117187500e+00
6.483162045478820801e-01
