1.624740028381347656e+01
4.407413959503173828e+00
1.619505500793457031e+01
7.350711345672607422e+00
1.544107723236083984e+01
1.810714149475097656e+01
7.568126678466796875e+00
1.408646774291992188e+01
1.544147968292236328e+01
-1.635300755500793457e+00
8.491538465023040771e-02
2.638017654418945312e+00
4.939322948455810547e+00
2.941825151443481445e+00
-6.584667682647705078e+00
-7.782537460327148438e+00
2.896822929382324219e+00
-4.474864959716796875e+00
3.665992259979248047e+00
-5.493368148803710938e+00
3.349381446838378906e+00
-7.472307205200195312e+00
4.968408584594726562e+00
-6.207084178924560547e+00
2.149178981781005859e+00
2.922182559967041016e+00
8.669923782348632812e+00
3.597361564636230469e+00
-4.841011524200439453e+00
-5.051333904266357422e+00
2.733142852783203125e+00
4.858720779418945312e+00
2.762192964553833008e+00
6.323602676391601562e+00
-1.103251457214355469e+01
-3.007947504520416260e-01
5.833220958709716797e+00
-8.038033485412597656e+00
-7.477065086364746094e+00
4.856757164001464844e+00
8.064050674438476562e+00
-6.618329048156738281e+00
-9.487078666687011719e+00
1.812223911285400391e+00
6.312724113464355469e+00
4.993026256561279297e+00
-5.815665245056152344e+00
-6.625755786895751953e+00
4.215653419494628906e+00
-5.583773612976074219e+00
6.285421848297119141e+00
9.513236045837402344e+00
1.043767070770263672e+01
-8.339188575744628906e+00
-6.915981769561767578e+00
4.332350790500640869e-01
-3.849503040313720703e+00
-1.776417374610900879e+00
5.719725131988525391e+00
-2.187052249908447266e+00
5.744379043579101562e+00
2.800170898437500000e+00
1.561801433563232422e+00
-2.783366441726684570e-01
2.914622068405151367e+00
4.829846858978271484e+00
-1.609058260917663574e+00
5.041826248168945312e+00
-4.851206779479980469e+00
-9.838925600051879883e-01
5.312757015228271484e+00
-2.184360027313232422e+00
-9.487362504005432129e-01
5.045118927955627441e-01
-3.629978001117706299e-01
-1.311967611312866211e+00
-2.185436010360717773e+00
3.533349752426147461e+00
-4.280082225799560547e+00
2.616872072219848633e+00
9.863675236701965332e-01
-6.594235420227050781e+00
7.612554550170898438e+00
-3.218707561492919922e+00
-1.203325986862182617e+00
-7.257478237152099609e-01
4.403773307800292969e+00
1.756262421607971191e+00
1.073492318391799927e-01
-4.695553779602050781e+00
2.002313286066055298e-01
3.317261695861816406e+00
-5.807798504829406738e-01
2.577469050884246826e-01
-2.341877222061157227e+00
4.624702453613281250e+00
-9.526823163032531738e-01
5.416480541229248047e+00
2.928781032562255859e+00
4.399565219879150391e+00
-1.280505180358886719e+00
1.483672976493835449e+00
6.684305191040039062e+00
-5.638920783996582031e+00
4.761218726634979248e-01
1.548920869827270508e+00
-3.604991436004638672e+00
-6.395106762647628784e-02
-1.125328302383422852e+00
6.852962374687194824e-01
1.431987285614013672e+00
3.944194078445434570e+00
8.434931039810180664e-01
-7.027360796928405762e-02
4.721094131469726562e+00
1.776712298393249512e+00
-6.197499036788940430e-01
2.614721298217773438e+00
1.329303026199340820e+00
1.036749720573425293e+00
1.920105338096618652e+00
8.614607453346252441e-01
-2.378324270248413086e-01
-8.864468336105346680e-01
-5.415364727377891541e-02
-1.188711762428283691e+00
-2.631495237350463867e+00
3.862985134124755859e+00
-2.865558862686157227e+00
-4.018290996551513672e+00
1.064873188734054565e-01
6.539739966392517090e-01
-9.538727402687072754e-01
6.860375404357910156e-01
1.088605165481567383e+00
1.092037320137023926e+00
-1.288160085678100586e+00
4.900802075862884521e-01
2.114392757415771484e+00
-5.216984748840332031e-01
1.838326573371887207e+00
1.111299633979797363e+00
-9.660812616348266602e-01
2.840002626180648804e-02
2.806385755538940430e+00
