1.179204368591308594e+01
1.541893100738525391e+01
1.546934413909912109e+01
1.103336906433105469e+01
1.541887760162353516e+01
1.541897869110107422e+01
1.541891384124755859e+01
1.541889667510986328e+01
1.541900444030761719e+01
1.329887008666992188e+01
1.541882991790771484e+01
1.107669544219970703e+01
1.202949237823486328e+01
9.878150939941406250e+00
9.851354598999023438e+00
1.064392852783203125e+01
4.243518829345703125e+00
-7.570106506347656250e+00
-6.215086951851844788e-02
7.267370700836181641e+00
-6.708770751953125000e+00
5.368090152740478516e+00
6.584966659545898438e+00
4.094656467437744141e+00
-4.137361049652099609e+00
-5.175508499145507812e+00
-8.343074321746826172e-01
-1.192882347106933594e+01
8.585711121559143066e-01
-4.825612306594848633e-01
-1.814593076705932617e+00
-1.165209865570068359e+01
-3.490718126296997070e+00
-3.573909103870391846e-01
-2.536697149276733398e+00
4.529688835144042969e+00
2.823033332824707031e+00
-1.905972242355346680e+00
-1.976743936538696289e+00
-2.901253104209899902e-01
-7.354628562927246094e+00
-5.270695090293884277e-01
-1.642473459243774414e+00
5.176287174224853516e+00
-8.360255241394042969e+00
-8.199242591857910156e+00
5.863955497741699219e+00
2.172178268432617188e+00
6.544911861419677734e-01
2.458715885877609253e-01
-3.079935312271118164e-01
4.484979808330535889e-01
-1.977240294218063354e-01
9.017225503921508789e-01
1.488420646637678146e-02
2.486244589090347290e-01
1.202032938599586487e-01
-2.948863506317138672e-01
-4.461899101734161377e-01
-1.845477700233459473e+00
2.229369401931762695e+00
3.876410245895385742e+00
7.650091648101806641e+00
-3.650768041610717773e+00
3.023306369781494141e+00
-8.318564414978027344e+00
4.424075603485107422e+00
-1.006515502929687500e+01
1.501753091812133789e+00
3.003468275070190430e+00
-1.168980598449707031e+01
9.404916763305664062e-01
-2.550224781036376953e+00
-9.610314369201660156e+00
4.229067802429199219e+00
6.968422412872314453e+00
-3.658092737197875977e+00
-2.000895977020263672e+00
4.553926885128021240e-01
-3.671906232833862305e+00
-4.430966377258300781e+00
-1.163892388343811035e+00
2.332847356796264648e+00
1.088179016113281250e+01
5.058240413665771484e+00
-4.324276447296142578e+00
5.295313835144042969e+00
3.062403917312622070e+00
3.854499578475952148e+00
1.893002986907958984e+00
-2.701092958450317383e+00
9.024265289306640625e+00
3.056629180908203125e+00
7.584259986877441406e+00
8.421862870454788208e-02
1.593305945396423340e+00
-3.662443399429321289e+00
2.925380706787109375e+00
-1.291920542716979980e+00
5.054775238037109375e+00
-8.336607217788696289e-01
-4.760670661926269531e+00
7.887776851654052734e+00
7.548238277435302734e+00
-3.452945232391357422e+00
5.071293830871582031e+00
4.110479831695556641e+00
-1.930907368659973145e+00
5.038565635681152344e+00
-1.146643757820129395e+00
1.130789637565612793e+00
-1.065531730651855469e+01
-8.377163410186767578e-01
6.042925834655761719e+00
4.986704349517822266e+00
7.039376258850097656e+00
-4.042046517133712769e-02
-4.305413246154785156e+00
3.079327344894409180e+00
2.258327722549438477e+00
-7.284648895263671875e+00
-2.575592994689941406e+00
1.049111270904541016e+01
9.245132446289062500e+00
-1.101096749305725098e+00
1.650690793991088867e+00
1.095513057708740234e+01
2.287625551223754883e+00
1.141070747375488281e+01
5.113485813140869141e+00
-2.452299594879150391e+00
8.861417770385742188e+00
4.885138988494873047e+00
-6.841448307037353516e+00
8.330708742141723633e-01
-7.997497558593750000e+00
-5.232961177825927734e-01
3.247207701206207275e-01
4.313018321990966797e+00
-4.629203796386718750e+00
6.952845573425292969e+00
-3.457148790359497070e+00
-2.200832366943359375e+00
3.148282766342163086e+00
-5.408809185028076172e+00
1.982344508171081543e+00
6.809441566467285156e+00
6.391596794128417969e+00
4.497399628162384033e-01
-2.060438871383666992e+00
-2.321386575698852539e+00
-4.061801433563232422e+00
1.890034675598144531e+00
-6.070507690310478210e-02
5.157820582389831543e-01
-1.686914443969726562e+00
-4.130579233169555664e-01
3.175261020660400391e+00
-1.722186088562011719e+00
-2.244523048400878906e+00
2.702055215835571289e+00
2.890847921371459961e+00
-2.580959498882293701e-01
1.445639610290527344e+00
2.492774248123168945e+00
2.661904335021972656e+00
3.178575634956359863e-01
-3.357301712036132812e+00
2.523690462112426758e+00
2.977254614233970642e-02
-1.495435476303100586e+00
3.764001369476318359e+00
3.737699270248413086e+00
3.570955753326416016e+00
1.909187078475952148e+00
-1.069133996963500977e+00
-1.906160831451416016e+00
1.257265090942382812e+00
-2.250494003295898438e+00
1.065089344978332520e+00
2.296837329864501953e+00
6.473296880722045898e-01
-1.875885128974914551e+00
-1.686143398284912109e+00
-5.069559440016746521e-02
2.384271770715713501e-01
-5.409929156303405762e-01
-7.863432168960571289e-01
4.222121462225914001e-02
-1.847886294126510620e-01
8.038290739059448242e-01
3.112040758132934570e-01
8.670055866241455078e-01
-1.122957229614257812e+00
-6.314243674278259277e-01
-1.775744855403900146e-01
1.961188912391662598e-01
-2.478014230728149414e+00
3.268452405929565430e+00
1.038133025169372559e+00
-1.411990374326705933e-01
4.482616424560546875e+00
3.333577632904052734e+00
3.225246429443359375e+00
-2.955096960067749023e+00
2.170797586441040039e+00
-1.864567279815673828e+00
-3.517661571502685547e+00
3.334216833114624023e+00
-2.667850553989410400e-01
-7.962430715560913086e-01
-1.676535248756408691e+00
2.746689319610595703e+00
1.462481141090393066e+00
-1.605728268623352051e+00
1.617821693420410156e+00
-9.987515956163406372e-02
4.730639457702636719e+00
-2.159462690353393555e+00
-7.056400924921035767e-02
-3.012666225433349609e+00
-4.167048335075378418e-01
-1.264404177665710449e+00
-1.739227175712585449e+00
-1.781189799308776855e+00
-1.267794489860534668e+00
2.737683534622192383e+00
-7.292564511299133301e-01
-5.554487928748130798e-02
-2.612434387207031250e+00
-1.728993296623229980e+00
4.312549114227294922e+00
-2.434593677520751953e+00
-6.000952124595642090e-01
-2.892583131790161133e+00
1.443966031074523926e+00
2.671255111694335938e+00
-1.199844121932983398e+00
-1.871159076690673828e+00
4.175624847412109375e+00
-3.339433670043945312e+00
-2.044999837875366211e+00
2.892626285552978516e+00
-1.560668796300888062e-01
3.693782091140747070e+00
-2.645464658737182617e+00
3.815256953239440918e-01
-8.710114657878875732e-02
3.921965956687927246e-01
2.865859270095825195e+00
3.214647769927978516e+00
-4.560834765434265137e-01
-1.783441424369812012e+00
4.949597418308258057e-01
-2.152070522308349609e+00
-3.649260044097900391e+00
4.382029056549072266e+00
-1.604264855384826660e+00
2.086245536804199219e+00
-5.655604600906372070e-01
-2.869687318801879883e+00
-2.316355228424072266e+00
3.989479303359985352e+00
1.013323426246643066e+00
-1.918862164020538330e-01
2.422622203826904297e+00
3.106216669082641602e+00
1.793391346931457520e+00
1.439550757408142090e+00
9.711805582046508789e-01
-2.586058855056762695e+00
4.633604526519775391e+00
3.360336780548095703e+00
-3.392106533050537109e+00
-2.310618400573730469e+00
3.240263462066650391e+00
9.619601964950561523e-01
3.884813547134399414e+00
-3.761077880859375000e+00
2.577415704727172852e+00
1.250162243843078613e+00
3.699654579162597656e+00
3.019021511077880859e+00
-2.235538721084594727e+00
3.191629648208618164e+00
-2.306966781616210938e+00
3.713547468185424805e+00
-2.531962871551513672e+00
2.070353746414184570e+00
9.357687085866928101e-02
4.718183577060699463e-01
-9.513792991638183594e-01
-4.031557738780975342e-01
3.186116218566894531e+00
-1.541172862052917480e+00
-2.161960363388061523e+00
3.155616760253906250e+00
2.565309047698974609e+00
-5.123392492532730103e-02
7.168597579002380371e-01
3.073866367340087891e+00
3.765383958816528320e+00
1.923671662807464600e-01
-2.226035118103027344e+00
2.985253334045410156e+00
-3.751242458820343018e-01
-2.279163122177124023e+00
3.579368114471435547e+00
3.411251783370971680e+00
2.843868255615234375e+00
2.221752643585205078e+00
-5.690931677818298340e-01
-1.166059017181396484e+00
2.038756370544433594e+00
-1.561309337615966797e+00
5.431078672409057617e-01
1.287955522537231445e+00
8.769876956939697266e-01
-1.764712214469909668e+00
-4.091083407402038574e-01
3.692647218704223633e-01
3.682086169719696045e-01
1.595301479101181030e-01
2.556566894054412842e-01
1.781723499298095703e-01
6.019349694252014160e-01
-1.791155338287353516e-01
-5.005634427070617676e-01
1.978309750556945801e-01
-3.895022273063659668e-01
-2.803947925567626953e-01
-1.089414358139038086e-01
4.778201282024383545e-01
-2.809991836547851562e+00
3.476320743560791016e+00
-1.065630018711090088e-01
-3.421913087368011475e-01
4.320929527282714844e+00
3.064781427383422852e+00
2.914742231369018555e+00
-1.611634969711303711e+00
2.787697792053222656e+00
-2.117634296417236328e+00
-3.386900901794433594e+00
3.328922510147094727e+00
-3.950313329696655273e-01
-1.386098504066467285e+00
-7.479930520057678223e-01
2.818165779113769531e+00
1.402647137641906738e+00
-1.302806377410888672e+00
2.074985980987548828e+00
-1.276275634765625000e+00
3.931344747543334961e+00
-1.408914804458618164e+00
8.174481987953186035e-01
-2.235816240310668945e+00
-3.320498764514923096e-01
-1.754288673400878906e-01
-2.208878993988037109e+00
-1.715408802032470703e+00
-1.323336839675903320e+00
2.276527643203735352e+00
-6.855580955743789673e-02
6.061113998293876648e-02
-2.126335144042968750e+00
-1.501979827880859375e+00
4.476153850555419922e+00
-2.379800081253051758e+00
-5.800938978791236877e-02
-2.867745876312255859e+00
1.903093099594116211e+00
2.705698251724243164e+00
1.732157617807388306e-01
-1.560474038124084473e+00
3.373077392578125000e+00
-3.231301069259643555e+00
-1.461886882781982422e+00
1.635706186294555664e+00
4.394721388816833496e-01
3.076847553253173828e+00
-3.086497068405151367e+00
-4.364344477653503418e-01
-4.244474768638610840e-01
3.678858280181884766e-01
3.335803270339965820e+00
2.756906509399414062e+00
-7.445846199989318848e-01
-2.237559318542480469e+00
8.863444924354553223e-01
-1.355743646621704102e+00
-3.232129812240600586e+00
4.122487068176269531e+00
-1.371513605117797852e+00
1.782348036766052246e+00
-1.135454773902893066e+00
-2.698792219161987305e+00
-1.854970216751098633e+00
3.619480848312377930e+00
1.136763691902160645e+00
-7.602506279945373535e-01
2.279050350189208984e+00
2.643933057785034180e+00
1.544694423675537109e+00
1.251061439514160156e+00
1.061715841293334961e+00
-1.664567112922668457e+00
4.213710784912109375e+00
4.558470249176025391e+00
-3.376196384429931641e+00
-2.161911725997924805e+00
4.166193008422851562e+00
8.757361173629760742e-01
3.658439636230468750e+00
-2.963402032852172852e+00
2.924829483032226562e+00
1.500532269477844238e+00
3.250729560852050781e+00
2.830061912536621094e+00
-1.583132386207580566e+00
1.972364902496337891e+00
-2.801877975463867188e+00
3.609534978866577148e+00
-3.155541658401489258e+00
-6.031621694564819336e-01
