1.090246200561523438e+01
1.558532428741455078e+01
1.554939174652099609e+01
1.100081825256347656e+01
1.545559883117675781e+01
1.544445896148681641e+01
1.555390644073486328e+01
1.585837841033935547e+01
1.601082038879394531e+01
1.347434234619140625e+01
1.544464683532714844e+01
1.118422126770019531e+01
1.218842601776123047e+01
9.114908218383789062e+00
9.713193893432617188e+00
1.006389236450195312e+01
3.544466495513916016e+00
-7.690123558044433594e+00
2.637835144996643066e-01
8.425233840942382812e+00
-7.732358455657958984e+00
6.436732292175292969e+00
7.150995254516601562e+00
3.532346487045288086e+00
-4.588451862335205078e+00
-5.334182739257812500e+00
-1.289936661720275879e+00
-1.266047859191894531e+01
5.570065975189208984e-01
5.908126831054687500e-01
-1.736783146858215332e+00
-1.115837860107421875e+01
-3.604224681854248047e+00
2.943641245365142822e-01
-3.051835298538208008e+00
4.340143680572509766e+00
2.654819488525390625e+00
-2.248542070388793945e+00
-2.045217752456665039e+00
-4.449128806591033936e-01
-7.155355453491210938e+00
-2.772587537765502930e-01
-1.665940642356872559e+00
5.630652904510498047e+00
-8.269524574279785156e+00
-7.977060794830322266e+00
5.592998504638671875e+00
2.215750455856323242e+00
2.958381175994873047e-01
1.369051098823547363e+00
-4.114386439323425293e-02
4.011605679988861084e-01
-1.776443362236022949e+00
1.585518836975097656e+00
-9.359334111213684082e-01
7.161967158317565918e-01
-1.104599460959434509e-01
-5.149133130908012390e-02
-1.384995102882385254e+00
-1.342173099517822266e+00
3.587343931198120117e+00
4.015806198120117188e+00
7.827008724212646484e+00
-3.884559631347656250e+00
2.923628091812133789e+00
-7.935343742370605469e+00
4.332752227783203125e+00
-1.005346298217773438e+01
1.372803092002868652e+00
3.444354534149169922e+00
-1.182780170440673828e+01
2.457402944564819336e-01
-2.407948732376098633e+00
-9.960521697998046875e+00
4.053305149078369141e+00
7.333744525909423828e+00
-3.512827396392822266e+00
-2.790747404098510742e+00
4.727475047111511230e-01
-3.728208303451538086e+00
-4.368424415588378906e+00
-1.654301643371582031e+00
2.093879222869873047e+00
1.086781501770019531e+01
5.342930793762207031e+00
-4.852879524230957031e+00
5.074805736541748047e+00
2.865397453308105469e+00
3.917933702468872070e+00
1.790985465049743652e+00
-3.184344291687011719e+00
9.559559822082519531e+00
3.148915290832519531e+00
7.620011329650878906e+00
-4.856169521808624268e-01
1.451588273048400879e+00
-4.505506038665771484e+00
2.856520652770996094e+00
-7.758971452713012695e-01
5.129170894622802734e+00
-3.631995320320129395e-01
-4.866024494171142578e+00
8.297719001770019531e+00
7.551017284393310547e+00
-4.034140110015869141e+00
5.264714717864990234e+00
4.242286682128906250e+00
-1.965917468070983887e+00
4.554834365844726562e+00
-1.292092800140380859e+00
1.242161989212036133e+00
-1.084955310821533203e+01
-3.228795826435089111e-01
6.676019191741943359e+00
5.009294509887695312e+00
7.273260116577148438e+00
1.897074282169342041e-02
-4.192158222198486328e+00
3.644633054733276367e+00
2.121870994567871094e+00
-7.431015491485595703e+00
-3.094400405883789062e+00
1.087330245971679688e+01
8.744343757629394531e+00
-1.167313337326049805e+00
1.734852552413940430e+00
1.146697235107421875e+01
2.692688703536987305e+00
1.165276145935058594e+01
5.109514236450195312e+00
-2.105696678161621094e+00
8.983655929565429688e+00
4.587579250335693359e+00
-7.523549556732177734e+00
-1.502515282481908798e-02
-8.083071708679199219e+00
-5.374532938003540039e-01
3.536984026432037354e-01
4.758159637451171875e+00
-3.886565923690795898e+00
6.934859752655029297e+00
-2.883114576339721680e+00
-1.870547056198120117e+00
4.201977252960205078e+00
-5.458319187164306641e+00
2.680921554565429688e+00
6.766068458557128906e+00
6.735828876495361328e+00
6.080083250999450684e-01
-2.458086013793945312e+00
-1.934213995933532715e+00
-4.121548175811767578e+00
1.193782448768615723e+00
1.183877661824226379e-01
5.661807656288146973e-01
-2.359447002410888672e+00
-1.488840103149414062e+00
3.402825117111206055e+00
-1.976640224456787109e+00
-1.905396938323974609e+00
2.136815547943115234e+00
2.509675502777099609e+00
-4.346664845943450928e-01
1.928273677825927734e+00
2.479749441146850586e+00
1.818164229393005371e+00
1.040164113044738770e+00
-3.511240482330322266e+00
2.500217437744140625e+00
-7.984083294868469238e-01
-1.453402876853942871e+00
3.855996608734130859e+00
3.678007364273071289e+00
3.593595266342163086e+00
1.920148730278015137e+00
-8.670746684074401855e-01
-1.923025369644165039e+00
1.491608381271362305e+00
-2.314976692199707031e+00
1.073373198509216309e+00
2.241415977478027344e+00
5.137593746185302734e-01
-1.903954744338989258e+00
-1.669607877731323242e+00
-9.661128520965576172e-01
-3.444797396659851074e-01
-6.305397152900695801e-01
-7.059942483901977539e-01
1.787056475877761841e-01
1.379383951425552368e-01
2.198464632034301758e+00
5.431770682334899902e-01
1.129356265068054199e+00
-6.387115716934204102e-01
-1.776146173477172852e+00
2.511351108551025391e-01
-6.792747378349304199e-01
-2.064129590988159180e+00
2.918257236480712891e+00
1.352044343948364258e+00
6.505794078111648560e-02
4.367733955383300781e+00
3.264696836471557617e+00
3.125503301620483398e+00
-3.032449245452880859e+00
2.081116914749145508e+00
-2.039816856384277344e+00
-3.133779048919677734e+00
3.314328193664550781e+00
2.304239273071289062e-01
-1.610453605651855469e+00
-1.419038057327270508e+00
2.725823879241943359e+00
1.632785201072692871e+00
-2.249417066574096680e+00
1.595604300498962402e+00
-4.205377995967864990e-01
4.866674423217773438e+00
-1.947725772857666016e+00
-2.380715608596801758e-01
-2.648758172988891602e+00
-8.279834687709808350e-02
-1.332723379135131836e+00
-1.570631504058837891e+00
-1.968173027038574219e+00
-1.109318852424621582e+00
2.905333518981933594e+00
-5.994318723678588867e-01
-1.736849099397659302e-01
-2.386296510696411133e+00
-1.171428322792053223e+00
4.199170589447021484e+00
-2.252207279205322266e+00
-4.971717298030853271e-01
-2.987645149230957031e+00
1.565078139305114746e+00
2.738071918487548828e+00
-1.249099493026733398e+00
-2.043785572052001953e+00
3.941412687301635742e+00
-3.303832292556762695e+00
-2.176630973815917969e+00
2.906440973281860352e+00
-2.655440270900726318e-01
3.649481296539306641e+00
-2.902765989303588867e+00
8.642052412033081055e-01
5.182679276913404465e-03
3.772758543491363525e-01
2.592757701873779297e+00
3.154630661010742188e+00
-8.742039203643798828e-01
-1.763471603393554688e+00
4.769149422645568848e-01
-2.174047470092773438e+00
-3.581308126449584961e+00
4.302712440490722656e+00
-1.672600030899047852e+00
2.254057884216308594e+00
-2.319854348897933960e-01
-2.622931718826293945e+00
-2.382370948791503906e+00
3.714017391204833984e+00
1.233790993690490723e+00
7.686629295349121094e-01
2.518543004989624023e+00
3.183194875717163086e+00
1.688306450843811035e+00
1.894529223442077637e+00
7.491396665573120117e-01
-2.999602556228637695e+00
4.584461688995361328e+00
3.741368293762207031e+00
-3.303513765335083008e+00
-2.519870042800903320e+00
2.743772745132446289e+00
1.020638704299926758e+00
3.556136131286621094e+00
-3.827826976776123047e+00
2.631023645401000977e+00
1.346078038215637207e+00
3.601962566375732422e+00
3.681528806686401367e+00
-2.262345552444458008e+00
3.579561233520507812e+00
-2.328539848327636719e+00
3.389890909194946289e+00
-2.510012865066528320e+00
1.949656009674072266e+00
4.295142889022827148e-01
4.262818396091461182e-01
-7.883408665657043457e-01
-1.315013170242309570e+00
2.851561069488525391e+00
-1.532123208045959473e+00
-1.831682205200195312e+00
2.586223363876342773e+00
1.808485269546508789e+00
3.532704710960388184e-01
1.421508550643920898e+00
3.337214946746826172e+00
3.878526687622070312e+00
-2.239659614861011505e-02
-1.380687594413757324e+00
2.899093151092529297e+00
-2.132649999111890793e-03
-2.349792003631591797e+00
3.774505138397216797e+00
3.349049568176269531e+00
2.843632221221923828e+00
2.235417127609252930e+00
-3.860644400119781494e-01
-1.138791441917419434e+00
2.315869092941284180e+00
-1.609800100326538086e+00
5.295866727828979492e-01
1.010471343994140625e+00
7.636787295341491699e-01
-1.881321310997009277e+00
-5.713965892791748047e-01
6.142120957374572754e-01
4.919629544019699097e-03
1.076234698295593262e+00
3.774808049201965332e-01
2.980815172195434570e-01
1.682977676391601562e+00
-5.185968279838562012e-01
-1.691909432411193848e-01
7.164375185966491699e-01
-1.452582031488418579e-01
2.447189390659332275e-01
-9.416025876998901367e-01
1.298243999481201172e+00
-2.618830919265747070e+00
3.813198089599609375e+00
-2.240557521581649780e-01
-2.357987314462661743e-01
4.286956787109375000e+00
3.227504253387451172e+00
2.453047513961791992e+00
-9.132677912712097168e-01
2.844189167022705078e+00
-2.517084836959838867e+00
-3.832349300384521484e+00
3.313223838806152344e+00
-8.015353679656982422e-01
-2.246932983398437500e+00
-7.191853523254394531e-01
3.016008853912353516e+00
1.524521231651306152e+00
-1.965071916580200195e+00
1.993905544281005859e+00
-1.417743802070617676e+00
4.090955257415771484e+00
-1.062946915626525879e+00
1.721193432807922363e+00
-2.190447092056274414e+00
6.129807233810424805e-01
6.979862600564956665e-02
-2.070244073867797852e+00
-1.929469108581542969e+00
-1.253011703491210938e+00
2.892956018447875977e+00
-5.551992058753967285e-01
-2.884045839309692383e-01
-1.993962526321411133e+00
-9.812723994255065918e-01
4.515982627868652344e+00
-2.145999431610107422e+00
4.284767899662256241e-03
-2.937313795089721680e+00
2.223204374313354492e+00
2.494943380355834961e+00
5.322571992874145508e-01
-1.600837111473083496e+00
3.078713655471801758e+00
-3.575555562973022461e+00
-1.481175899505615234e+00
1.177289247512817383e+00
3.154338896274566650e-01
2.982356309890747070e+00
-3.299145221710205078e+00
-3.924468904733657837e-02
-3.180767595767974854e-01
4.179144501686096191e-01
3.174609899520874023e+00
2.617003917694091797e+00
-9.591927528381347656e-01
-2.200830459594726562e+00
8.264473080635070801e-01
-1.297848939895629883e+00
-3.132390975952148438e+00
4.119534492492675781e+00
-1.021467685699462891e+00
1.616127490997314453e+00
-4.732212722301483154e-01
-2.382126092910766602e+00
-2.160581827163696289e+00
3.254258394241333008e+00
1.181682586669921875e+00
-3.294813036918640137e-01
2.735256910324096680e+00
2.417032718658447266e+00
1.701976299285888672e+00
1.881128191947937012e+00
1.104686260223388672e+00
-1.429500937461853027e+00
3.712117195129394531e+00
5.408193111419677734e+00
-3.242326259613037109e+00
-2.313798904418945312e+00
3.787813901901245117e+00
7.360346913337707520e-01
3.414491176605224609e+00
-3.072129249572753906e+00
2.523771286010742188e+00
1.693027973175048828e+00
2.771397352218627930e+00
2.273800849914550781e+00
-1.279096126556396484e+00
1.296787977218627930e+00
-2.708493471145629883e+00
3.615314245223999023e+00
-3.811324596405029297e+00
-7.327279448509216309e-01
