7.301100730895996094e+00
1.817593193054199219e+01
1.545464801788330078e+01
9.602051734924316406e+00
1.672375488281250000e+01
1.567964744567871094e+01
1.561284446716308594e+01
1.808878517150878906e+01
2.166935539245605469e+01
1.475152683258056641e+01
1.544726848602294922e+01
1.220361423492431641e+01
1.362847137451171875e+01
7.011751651763916016e+00
7.671538829803466797e+00
7.916218757629394531e+00
1.962440729141235352e+00
-7.534702777862548828e+00
-2.239902019500732422e-01
9.586327552795410156e+00
-9.393238067626953125e+00
7.304575443267822266e+00
7.150557994842529297e+00
3.058400869369506836e+00
-5.388954162597656250e+00
-4.432887077331542969e+00
-9.378603696823120117e-01
-1.452963924407958984e+01
-1.412073612213134766e+00
2.081502676010131836e+00
-1.830386400222778320e+00
-1.000305843353271484e+01
-1.531539678573608398e+00
6.343252956867218018e-02
-4.001059055328369141e+00
5.555723190307617188e+00
1.873210191726684570e+00
-8.946637511253356934e-01
-1.798025846481323242e+00
-8.424549549818038940e-02
-9.915904045104980469e+00
-8.650949001312255859e-01
-1.735959529876708984e+00
5.324909210205078125e+00
-8.954915046691894531e+00
-7.398594379425048828e+00
5.751487255096435547e+00
2.099934577941894531e+00
4.328930377960205078e-01
6.516270637512207031e-01
-3.467981219291687012e-01
-7.870615459978580475e-03
-1.194372653961181641e+00
1.143399596214294434e+00
-7.947986721992492676e-01
8.524214029312133789e-01
-4.422295987606048584e-01
4.393897354602813721e-01
-7.906142473220825195e-01
-1.407754182815551758e+00
3.562064886093139648e+00
3.848187446594238281e+00
9.346179962158203125e+00
-4.047268390655517578e+00
2.602719068527221680e+00
-9.879367828369140625e+00
4.543918132781982422e+00
-9.699195861816406250e+00
9.158670902252197266e-01
4.140460491180419922e+00
-1.299206161499023438e+01
-5.196502208709716797e-01
-2.262794733047485352e+00
-9.611731529235839844e+00
2.581264257431030273e+00
6.385840892791748047e+00
-5.358564853668212891e+00
-4.521780490875244141e+00
-3.228097915649414062e+00
-1.824762821197509766e+00
-3.211019277572631836e+00
-3.035724878311157227e+00
6.508586406707763672e-01
1.195977020263671875e+01
4.755591869354248047e+00
-4.886821269989013672e+00
4.502915382385253906e+00
2.838370800018310547e+00
3.888485670089721680e+00
7.222800254821777344e-01
-3.333095788955688477e+00
9.838568687438964844e+00
2.672518968582153320e+00
9.695543289184570312e+00
-2.248927056789398193e-01
1.120557904243469238e+00
-6.923748493194580078e+00
1.886578321456909180e+00
2.201822757720947266e+00
8.739235877990722656e+00
2.449489116668701172e+00
-6.003589630126953125e+00
9.113520622253417969e+00
8.264929771423339844e+00
-4.168518543243408203e+00
5.250805377960205078e+00
6.158804893493652344e+00
-5.354726791381835938e+00
5.131938457489013672e+00
-3.166076421737670898e+00
1.555947780609130859e+00
-1.010477542877197266e+01
-1.508009552955627441e+00
7.925837993621826172e+00
6.567756175994873047e+00
7.058009147644042969e+00
2.410089671611785889e-01
-6.751765251159667969e+00
6.033608913421630859e+00
-5.389203429222106934e-01
-7.311157226562500000e+00
-2.462576389312744141e+00
1.058874416351318359e+01
9.003427505493164062e+00
-1.738717079162597656e+00
3.825918912887573242e+00
1.285836887359619141e+01
3.697245836257934570e+00
1.182078647613525391e+01
5.552706241607666016e+00
-2.280033588409423828e+00
8.923422813415527344e+00
4.897390842437744141e+00
-7.377205371856689453e+00
-2.271042108535766602e+00
-8.183996200561523438e+00
-4.501160979270935059e-01
1.524765729904174805e+00
3.598120927810668945e+00
-2.955089807510375977e+00
7.210003376007080078e+00
-7.480697035789489746e-01
-1.624024868011474609e+00
4.713572502136230469e+00
-4.007015228271484375e+00
2.639885902404785156e+00
5.827201843261718750e+00
7.698754787445068359e+00
4.969125092029571533e-01
-2.849449872970581055e+00
-2.791471004486083984e+00
-3.629131555557250977e+00
-2.929078340530395508e-01
4.232814311981201172e-01
1.170907378196716309e+00
-3.392273902893066406e+00
-4.370855093002319336e-01
3.341189384460449219e+00
-2.776779651641845703e+00
-2.162186384201049805e+00
5.098148584365844727e-01
3.145103693008422852e+00
-9.134146571159362793e-01
2.187256336212158203e+00
3.126979589462280273e+00
1.646802544593811035e+00
1.117390155792236328e+00
-9.903725385665893555e-01
1.731393694877624512e+00
-5.277909040451049805e-01
-1.172141313552856445e+00
4.013625621795654297e+00
4.053843975067138672e+00
3.281804561614990234e+00
2.085483789443969727e+00
-1.636843442916870117e+00
-1.173960804939270020e+00
7.726473808288574219e-01
-1.349699258804321289e+00
1.466303110122680664e+00
3.284590482711791992e+00
2.636637389659881592e-01
-1.155560731887817383e+00
-1.702941179275512695e+00
-7.876559495925903320e-01
-7.978418469429016113e-01
-1.100943207740783691e+00
-8.518289923667907715e-01
3.432644307613372803e-01
-1.522744178771972656e+00
1.858519911766052246e+00
7.465652823448181152e-01
8.216668367385864258e-01
-1.751475185155868530e-01
-1.774988174438476562e+00
-1.898976564407348633e-01
-1.447697997093200684e+00
-1.972683787345886230e+00
2.157645702362060547e+00
1.695778131484985352e+00
-4.714000523090362549e-01
2.859908819198608398e+00
1.266356229782104492e+00
3.951933860778808594e+00
-2.873210430145263672e+00
1.146974921226501465e+00
-3.714997768402099609e+00
-2.506428003311157227e+00
3.184339761734008789e+00
1.177520036697387695e+00
1.136885404586791992e+00
-2.591885566711425781e+00
1.957851171493530273e+00
1.506062746047973633e+00
1.719259262084960938e+00
-2.431256622076034546e-01
-8.815250396728515625e-01
6.350756645202636719e+00
-2.362766265869140625e+00
-1.612262964248657227e+00
-2.827212810516357422e+00
6.496912240982055664e-01
-1.188644543290138245e-01
-9.679883122444152832e-01
-2.317414760589599609e+00
1.154990196228027344e+00
2.186720132827758789e+00
-6.705427765846252441e-01
-4.270352125167846680e-01
-3.836474895477294922e+00
-1.370587199926376343e-01
5.041634559631347656e+00
-3.760510921478271484e+00
-1.219908595085144043e+00
-3.815815448760986328e+00
8.397146463394165039e-01
4.762234210968017578e+00
-1.342453241348266602e+00
-3.050500869750976562e+00
3.397984743118286133e+00
-5.174705028533935547e+00
-1.333384156227111816e+00
2.114221334457397461e+00
-9.490604996681213379e-01
5.033597946166992188e-01
-4.263714313507080078e+00
1.304034352302551270e+00
-5.264119505882263184e-01
-8.166786432266235352e-01
1.086661934852600098e+00
2.044711351394653320e+00
-1.541772961616516113e+00
5.712450295686721802e-02
-5.570651292800903320e-01
-1.444333314895629883e+00
-1.905971050262451172e+00
9.580757021903991699e-01
-2.011865615844726562e+00
1.941213369369506836e+00
4.694419801235198975e-01
-3.741178512573242188e+00
-7.090587019920349121e-01
4.284755229949951172e+00
9.869810342788696289e-01
3.440063953399658203e+00
1.007896304130554199e+00
2.991046428680419922e+00
1.882829070091247559e+00
2.928495645523071289e+00
5.791797488927841187e-02
-3.511922359466552734e+00
3.959450721740722656e+00
5.131724834442138672e+00
-3.188706874847412109e+00
-4.050621509552001953e+00
2.091088742017745972e-01
4.293215870857238770e-01
3.507282257080078125e+00
-3.039664983749389648e+00
2.831912755966186523e+00
4.448177814483642578e-01
3.090997219085693359e+00
5.098403930664062500e+00
-2.272733926773071289e+00
3.781089305877685547e+00
-1.512552022933959961e+00
1.030686378479003906e+00
-2.838202714920043945e+00
1.085846900939941406e+00
3.232212543487548828e+00
4.345484077930450439e-01
-1.058868169784545898e+00
-1.991787195205688477e+00
1.836235880851745605e+00
-2.307425498962402344e+00
1.305706501007080078e+00
-9.934929609298706055e-01
1.994441270828247070e+00
1.204027086496353149e-01
1.341897249221801758e+00
2.239886283874511719e+00
3.800340414047241211e+00
-4.389249682426452637e-01
1.549911379814147949e+00
2.481041193008422852e+00
3.048563897609710693e-01
-2.268047094345092773e+00
2.310450553894042969e+00
1.296722888946533203e+00
2.441529035568237305e+00
3.118536949157714844e+00
7.279571890830993652e-02
-4.824656546115875244e-01
2.345610618591308594e+00
5.345969796180725098e-01
2.315099716186523438e+00
5.725288987159729004e-01
-9.920527935028076172e-01
-1.511684894561767578e+00
-3.867717683315277100e-01
8.439494371414184570e-01
3.734002709388732910e-01
1.715891957283020020e+00
4.558869898319244385e-01
-1.194631680846214294e-01
1.627654671669006348e+00
-8.793059587478637695e-01
-7.681136131286621094e-01
-2.053825706243515015e-01
1.215587370097637177e-02
5.862234830856323242e-01
-2.375505715608596802e-01
1.499996423721313477e+00
-2.643913984298706055e+00
4.448577404022216797e+00
-5.433349609375000000e-01
-1.301784962415695190e-01
3.014003276824951172e+00
6.149675846099853516e-01
1.852795124053955078e+00
2.394577562808990479e-01
2.488290548324584961e+00
-6.335617065429687500e+00
-4.767403602600097656e+00
2.875161647796630859e+00
-1.000753879547119141e+00
-1.189487501978874207e-01
-9.377601742744445801e-01
3.114095926284790039e+00
1.120308995246887207e+00
-4.312775611877441406e+00
2.079402685165405273e+00
-1.842780113220214844e+00
3.457155227661132812e+00
8.143476247787475586e-01
3.413809061050415039e+00
-2.090498447418212891e+00
2.980012178421020508e+00
2.009827136993408203e+00
-1.228324055671691895e+00
-3.777739048004150391e+00
1.990237385034561157e-01
5.231665611267089844e+00
-1.132586121559143066e+00
-1.165145277976989746e+00
3.146380782127380371e-01
7.766306400299072266e-01
5.830152988433837891e+00
-3.960580587387084961e+00
6.285917162895202637e-01
-3.986651420593261719e+00
2.267289876937866211e+00
2.564731359481811523e+00
1.248036265373229980e+00
-2.158581733703613281e+00
2.712768316268920898e+00
-3.999073028564453125e+00
-6.960352063179016113e-01
1.443602204322814941e+00
-4.081185460090637207e-01
9.969488382339477539e-01
-4.071530342102050781e+00
-1.785112470388412476e-01
-2.911283373832702637e-01
-1.845289349555969238e+00
1.619534134864807129e+00
-1.113560944795608521e-01
-7.544988989830017090e-01
-1.200034499168395996e+00
3.492441415786743164e+00
-7.160957455635070801e-01
-2.091861248016357422e+00
1.426708102226257324e+00
6.959796547889709473e-01
5.362920165061950684e-01
7.851873040199279785e-01
-3.968513965606689453e+00
-1.424973130226135254e+00
3.322234392166137695e+00
-2.280814409255981445e+00
-3.362680673599243164e-01
2.159383058547973633e+00
1.712094306945800781e+00
2.490649938583374023e+00
3.432640075683593750e+00
-9.563949704170227051e-02
-1.053856968879699707e+00
2.638185501098632812e+00
7.506503105163574219e+00
-2.914958953857421875e+00
-4.539749622344970703e+00
3.962553977966308594e+00
3.364904820919036865e-01
4.898189067840576172e+00
-4.152001380920410156e+00
2.712713241577148438e+00
2.284364223480224609e+00
2.056653499603271484e+00
2.454530000686645508e+00
1.337078332901000977e+00
3.282390832901000977e-01
-2.364892721176147461e+00
2.809869766235351562e+00
-4.947958469390869141e+00
-1.130617737770080566e+00
