1.439206361770629883e+00
-1.129397034645080566e+00
1.017519831657409668e+00
1.434763550758361816e+00
3.790380716323852539e+00
-9.746301174163818359e-01
2.432072639465332031e+00
2.720915555953979492e+00
2.253890514373779297e+00
1.818621993064880371e+00
-5.356474518775939941e-01
1.935051679611206055e+00
2.086849451065063477e+00
2.153200149536132812e+00
1.024391651153564453e+00
7.615711688995361328e-01
-6.255164742469787598e-01
4.393249452114105225e-01
-5.817860960960388184e-01
-4.314392805099487305e-01
-4.026081264019012451e-01
4.840768128633499146e-02
2.884968519210815430e-01
3.361862599849700928e-01
-2.301317602396011353e-01
-4.419562816619873047e-01
2.180954217910766602e-01
2.602910399436950684e-01
1.900798976421356201e-01
2.411179803311824799e-02
-5.961404368281364441e-02
-4.161175787448883057e-01
2.144367992877960205e-01
2.847543545067310333e-02
-6.062886714935302734e-01
-1.637661159038543701e-01
7.412640750408172607e-02
5.751756951212882996e-02
-5.232933759689331055e-01
1.814830303192138672e-01
-4.701616987586021423e-02
-1.298314481973648071e-01
-1.850487887859344482e-01
-1.146572735160589218e-02
5.397100001573562622e-02
-1.776358932256698608e-01
5.518525838851928711e-03
1.412701606750488281e-01
-1.833263188600540161e-01
-1.583993136882781982e-01
-2.432704567909240723e-01
4.039299674332141876e-03
-2.641392648220062256e-01
4.034375846385955811e-01
2.238121777772903442e-01
-2.035774439573287964e-01
2.527837157249450684e-01
-3.673050701618194580e-01
1.010508441925048828e+01
8.912562370300292969e+00
1.126198768615722656e+01
1.316685676574707031e+01
1.265100955963134766e+01
1.404033660888671875e+01
1.508842849731445312e+01
1.562851619720458984e+01
1.659787178039550781e+01
1.771174049377441406e+01
1.777691268920898438e+01
1.948091506958007812e+01
1.891498184204101562e+01
2.026056098937988281e+01
2.208651161193847656e+01
2.371931838989257812e+01
2.640746116638183594e+01
2.849548530578613281e+01
3.080637931823730469e+01
1.255131602287292480e+00
2.750121653079986572e-01
-7.598317265510559082e-01
3.863486349582672119e-01
-2.156800478696823120e-01
5.478060841560363770e-01
2.571361064910888672e-01
1.331928670406341553e-01
-9.215665459632873535e-01
-1.268445968627929688e+00
3.543572127819061279e-01
1.598869442939758301e+00
-4.157251119613647461e-01
-3.610458225011825562e-02
8.496287465095520020e-01
7.693356871604919434e-01
1.660210967063903809e+00
-9.059837460517883301e-02
1.199839234352111816e+00
8.935685753822326660e-01
-3.847889602184295654e-01
-1.209739521145820618e-01
-4.855790138244628906e-01
8.984475135803222656e-01
6.035540103912353516e-01
-8.455901145935058594e-01
-7.740717530250549316e-01
-6.613185405731201172e-01
5.541691184043884277e-01
6.290119886398315430e-01
3.850968554615974426e-02
1.112872481346130371e+00
1.127951890230178833e-01
6.480236053466796875e-01
3.593811988830566406e-01
1.684805452823638916e-01
9.728084802627563477e-01
5.533114671707153320e-01
2.060069292783737183e-01
5.502601265907287598e-01
1.056277632713317871e+00
5.391004681587219238e-01
-1.032998114824295044e-01
-1.467347979545593262e+00
6.465541124343872070e-01
2.641169130802154541e-01
-1.271898865699768066e+00
4.169561862945556641e-01
1.206647157669067383e+00
-6.680688858032226562e-01
5.674078464508056641e-01
-6.465533375740051270e-01
-5.252788662910461426e-01
-4.659768640995025635e-01
-3.594523966312408447e-01
-6.299180388450622559e-01
-9.791183471679687500e-01
6.796745210886001587e-02
2.445241957902908325e-01
2.238622456789016724e-01
-2.069363892078399658e-01
-8.336687684059143066e-01
2.942936420440673828e-01
-8.567488193511962891e-01
5.466125160455703735e-02
-1.053494811058044434e+00
-8.514149785041809082e-01
-3.335392475128173828e-01
1.001563295722007751e-01
-3.876035511493682861e-01
-2.530161142349243164e-01
-2.001338005065917969e-01
-2.423585653305053711e-01
-1.820467114448547363e+00
1.466963410377502441e+00
1.490272641181945801e+00
1.170962929725646973e+00
-4.435504078865051270e-01
4.338525235652923584e-02
3.143333792686462402e-01
2.185391038656234741e-01
-3.677922487258911133e-01
-3.849609792232513428e-01
-1.032477259635925293e+00
1.342305541038513184e+00
1.779471516609191895e+00
-2.752881646156311035e-01
-9.901782870292663574e-01
-1.623161584138870239e-01
9.780696630477905273e-01
3.899044394493103027e-01
1.590914726257324219e+00
-5.602115392684936523e-01
8.966835588216781616e-02
2.430688381195068359e+00
9.396528005599975586e-01
1.744924858212471008e-02
-7.015143632888793945e-01
2.432917356491088867e+00
-3.769688308238983154e-01
3.351167738437652588e-01
5.115550160408020020e-01
1.149164438247680664e+00
-7.404833436012268066e-01
9.465782642364501953e-01
-2.503069043159484863e-01
-1.961211562156677246e-01
-6.442148704081773758e-03
3.222909867763519287e-01
1.216351628303527832e+00
4.078083932399749756e-01
4.756413698196411133e-01
-8.937346339225769043e-01
-4.207185506820678711e-01
-2.250333726406097412e-01
1.011294126510620117e+00
4.450765848159790039e-01
-5.334261059761047363e-01
1.846972465515136719e+00
-2.544544219970703125e+00
-7.059524953365325928e-02
5.328441858291625977e-01
1.458005428314208984e+00
4.025653004646301270e-01
-6.793852448463439941e-01
-1.192705631256103516e+00
1.184322014451026917e-01
-1.378494620323181152e+00
-1.172391138970851898e-02
2.250548303127288818e-01
-7.234492897987365723e-01
6.747107505798339844e-01
-7.162622809410095215e-01
-8.846614956855773926e-01
-1.704757928848266602e+00
-1.815480470657348633e+00
-1.614144071936607361e-02
-1.019164681434631348e+00
1.413414716720581055e+00
9.705191850662231445e-01
-1.497203826904296875e+00
3.459991514682769775e-01
-3.647311329841613770e-01
1.939493536949157715e+00
-2.963540554046630859e-01
5.291688442230224609e-01
-8.245202898979187012e-01
8.606140017509460449e-01
-9.504256844520568848e-01
2.827956676483154297e-01
1.392344236373901367e+00
-7.819330692291259766e-01
6.513466238975524902e-01
1.091987013816833496e+00
2.604863941669464111e-01
1.246067583560943604e-01
1.286888718605041504e+00
1.244424819946289062e+00
1.972212076187133789e+00
-5.908563137054443359e-01
1.186752200126647949e+00
1.950621485710144043e+00
2.944088876247406006e-01
-1.789499282836914062e+00
-1.150168061256408691e+00
-1.009641647338867188e+00
2.214036703109741211e+00
-1.393143415451049805e+00
2.195532321929931641e+00
1.070382714271545410e+00
1.302001237869262695e+00
-6.040002703666687012e-01
1.214055269956588745e-01
1.951323270797729492e+00
2.303248882293701172e+00
2.256044149398803711e+00
-8.287333846092224121e-01
-2.766198396682739258e+00
-3.338248968124389648e+00
3.044280529022216797e+00
2.029798507690429688e+00
1.560055017471313477e+00
-8.001636713743209839e-02
2.942976236343383789e+00
3.186657428741455078e+00
-2.854070663452148438e-01
1.857249498367309570e+00
2.347205162048339844e+00
1.048411250114440918e+00
4.905570507049560547e+00
2.054798603057861328e-01
2.121914178133010864e-01
-3.236369192600250244e-01
3.237910941243171692e-02
3.791546821594238281e-01
-1.149119958281517029e-01
-6.139792203903198242e-01
5.521133542060852051e-01
8.943221569061279297e-01
6.945592761039733887e-01
1.373591646552085876e-02
-3.718732669949531555e-02
6.225772500038146973e-01
1.038456335663795471e-01
4.705241024494171143e-01
-5.450814366340637207e-01
6.689615249633789062e-01
-4.599175155162811279e-01
-8.722369074821472168e-01
-5.230249464511871338e-02
-4.483328461647033691e-01
4.397823512554168701e-01
1.346094161272048950e-01
-2.920215576887130737e-02
7.934433221817016602e-02
6.525044441223144531e-01
1.387769356369972229e-02
1.464367389678955078e+00
1.135707274079322815e-01
3.207126557826995850e-01
-2.367802150547504425e-02
-2.535056769847869873e-01
4.564685523509979248e-01
4.067933261394500732e-01
6.915734410285949707e-01
-2.156962826848030090e-02
-2.956221103668212891e-01
-1.601428538560867310e-01
1.385957933962345123e-02
-1.171237453818321228e-01
5.927881598472595215e-01
-6.605837345123291016e-01
1.441848725080490112e-01
5.055893659591674805e-01
3.649187386035919189e-01
-1.632630638778209686e-02
1.880444288253784180e-01
1.446325927972793579e-01
-5.560770034790039062e-01
-7.692500352859497070e-01
9.039617143571376801e-03
5.228822827339172363e-01
1.940204203128814697e-01
-4.053562283515930176e-01
4.390081763267517090e-01
-1.479021906852722168e-01
3.747692406177520752e-01
1.569027751684188843e-01
-1.908450126647949219e-01
-9.902306646108627319e-02
1.924625188112258911e-01
1.609407514333724976e-01
1.946298331022262573e-01
-2.225883603096008301e-01
-1.233311891555786133e-01
6.374604701995849609e-01
2.481596469879150391e-01
-7.846899032592773438e-01
4.712500143796205521e-03
1.237094283103942871e+00
-1.600773185491561890e-01
5.159233212471008301e-01
-5.326592177152633667e-02
1.700873225927352905e-01
-1.631476432085037231e-01
-5.837737917900085449e-01
-3.306217789649963379e-01
-1.956220483407378197e-03
1.539753526449203491e-01
-3.006145656108856201e-01
4.154087305068969727e-01
4.982580840587615967e-01
-5.615404844284057617e-01
-2.154774367809295654e-01
1.025192737579345703e+00
-1.044047772884368896e-01
3.205120861530303955e-01
4.380032420158386230e-01
3.341613113880157471e-01
-3.406181037425994873e-01
1.005296930670738220e-01
6.093917489051818848e-01
4.378381669521331787e-01
-2.170334458351135254e-01
-1.009115695953369141e+00
-1.453634619712829590e+00
8.807007074356079102e-01
-8.964487910270690918e-01
-4.797133207321166992e-01
4.458044469356536865e-01
-2.477242238819599152e-02
-5.233950018882751465e-01
-5.904399156570434570e-01
3.859036564826965332e-01
-1.649078354239463806e-02
1.884971628896892071e-03
5.279622077941894531e-01
-4.403825998306274414e-01
6.421426683664321899e-02
-6.917675137519836426e-01
-3.386914730072021484e-01
5.731221437454223633e-01
9.454180002212524414e-01
4.676352143287658691e-01
-3.957127332687377930e-01
-1.377765089273452759e-01
-8.270802348852157593e-02
2.296850532293319702e-01
-4.642614424228668213e-01
9.335321784019470215e-01
7.672928571701049805e-01
1.697187572717666626e-01
-7.760810665786266327e-03
5.365347266197204590e-01
7.389610409736633301e-01
4.749556779861450195e-01
-5.517612099647521973e-01
9.724839329719543457e-01
6.049072742462158203e-02
-4.312632977962493896e-01
1.517577290534973145e+00
-2.132569402456283569e-01
3.990953564643859863e-01
4.016776084899902344e-01
-2.452716529369354248e-01
1.791076064109802246e+00
3.301437795162200928e-01
1.527117848396301270e+00
-7.988989949226379395e-01
-1.061973094940185547e+00
3.318578600883483887e-01
4.691206514835357666e-01
-1.002647820860147476e-02
-6.434879899024963379e-01
1.557354927062988281e+00
1.871455013751983643e-01
5.274618864059448242e-01
-1.818020492792129517e-01
8.275290131568908691e-01
1.906534284353256226e-01
-1.176818041130900383e-03
1.231319382786750793e-01
8.560476899147033691e-01
3.250428438186645508e-01
5.305627584457397461e-01
1.005792915821075439e-01
-5.051785707473754883e-01
-9.621895104646682739e-02
5.854936689138412476e-02
7.039569020271301270e-01
-1.292895555496215820e+00
7.581601142883300781e-01
6.703888177871704102e-01
7.654979228973388672e-01
-2.846303880214691162e-01
5.164354443550109863e-01
-1.976340562105178833e-01
5.643566846847534180e-01
1.623188704252243042e-01
6.697237491607666016e-01
-6.237681508064270020e-01
-9.879514575004577637e-01
-2.493125498294830322e-01
-4.670581817626953125e-01
-4.062096774578094482e-01
6.557691097259521484e-01
-5.518361926078796387e-01
1.056869029998779297e+00
-8.149974942207336426e-01
-2.768482208251953125e+00
-1.976310759782791138e-01
-1.269611530005931854e-02
4.673175215721130371e-01
-1.638631582260131836e+00
1.064418911933898926e+00
1.347707748413085938e+00
7.965925931930541992e-01
1.821724772453308105e+00
4.754351079463958740e-01
-2.190274000167846680e-02
-6.197957396507263184e-01
-3.650606274604797363e-01
2.491840720176696777e-01
-1.652987599372863770e-01
-2.209334075450897217e-01
2.962152957916259766e-01
-3.278128057718276978e-02
-3.612885177135467529e-01
-1.262817382812500000e-01
1.327798962593078613e-01
-3.291587233543395996e-01
4.503969103097915649e-02
-5.506477355957031250e-01
2.697160243988037109e-01
1.249231100082397461e-01
4.265239834785461426e-01
-3.771216273307800293e-01
6.344541311264038086e-01
6.597524285316467285e-01
-4.023676514625549316e-01
1.191865205764770508e-01
-3.392762243747711182e-01
1.550521999597549438e-01
7.956561632454395294e-03
-8.990295976400375366e-02
-8.043605834245681763e-02
1.613275855779647827e-01
-2.295160889625549316e-01
-2.838543653488159180e-01
-8.920022100210189819e-02
-1.151490136981010437e-01
-1.944652646780014038e-01
-1.409419327974319458e-01
-3.294623792171478271e-01
-1.529336571693420410e-01
-3.281532227993011475e-01
4.607022106647491455e-01
2.011054381728172302e-02
-2.069606631994247437e-01
-4.554365295916795731e-03
-3.443362414836883545e-01
2.778260111808776855e-01
-1.054436117410659790e-01
2.236305624246597290e-01
-1.324894186109304428e-02
3.237236663699150085e-02
3.785622715950012207e-01
-6.165257468819618225e-02
1.748875081539154053e-01
2.068436890840530396e-02
-3.288275897502899170e-01
-1.335806697607040405e-01
1.948868185281753540e-01
3.243783116340637207e-01
1.489504575729370117e-01
5.163799524307250977e-01
-8.344548195600509644e-02
-1.018099561333656311e-01
4.333477616310119629e-01
-1.702724248170852661e-01
1.082920581102371216e-01
8.689540438354015350e-03
-2.751503288745880127e-01
3.148871064186096191e-01
3.402288258075714111e-01
-5.487756729125976562e-01
2.305708080530166626e-02
2.861185967922210693e-01
-4.085091650485992432e-01
-8.281364440917968750e-01
4.072962105274200439e-01
-3.998125791549682617e-01
-2.139305621385574341e-01
8.038517832756042480e-01
-5.592110753059387207e-01
-3.626024127006530762e-01
-5.130518078804016113e-01
-2.334377467632293701e-01
-1.074946746230125427e-01
2.884255051612854004e-01
6.341723352670669556e-02
-2.349225878715515137e-01
7.289660573005676270e-01
-1.149004921317100525e-01
-1.086698174476623535e+00
-5.205006599426269531e-01
-3.742000460624694824e-01
-2.577450871467590332e-01
3.453483805060386658e-02
-1.747842133045196533e-01
-2.838271483778953552e-02
-2.166544497013092041e-01
-4.149245321750640869e-01
2.051495164632797241e-01
5.005476474761962891e-01
3.524745702743530273e-01
-1.865470111370086670e-01
7.538258433341979980e-01
9.884473085403442383e-01
9.431183338165283203e-02
-1.490939557552337646e-01
-2.159729748964309692e-01
-4.252354800701141357e-02
2.157185673713684082e-01
-2.527084760367870331e-02
1.627371311187744141e-01
2.323159277439117432e-01
-1.807413622736930847e-02
-2.207173407077789307e-01
1.496723890304565430e-01
2.819521725177764893e-01
-4.143027663230895996e-01
-2.802096121013164520e-02
-8.923560380935668945e-02
-6.416412442922592163e-02
-1.441907882690429688e-01
-1.150002777576446533e-01
-6.601355224847793579e-02
-6.927006244659423828e-01
1.288836300373077393e-01
-5.226373672485351562e-01
6.909196972846984863e-01
-4.153481125831604004e-01
-5.904341815039515495e-04
-1.213271915912628174e-02
2.362516075372695923e-01
1.801082789897918701e-01
3.605338037014007568e-01
-8.412793278694152832e-02
-2.019032686948776245e-01
-6.294892430305480957e-01
-1.906237155199050903e-01
-1.147501617670059204e-01
5.605032444000244141e-01
2.489790618419647217e-01
2.896638512611389160e-01
-5.371240377426147461e-01
-3.034066259860992432e-01
2.760361433029174805e-01
-1.977206952869892120e-02
4.017653763294219971e-01
1.032608300447463989e-01
2.271252423524856567e-01
-4.198651909828186035e-01
4.320140779018402100e-01
-2.283997386693954468e-01
-4.841459095478057861e-01
1.302122231572866440e-02
5.720272660255432129e-01
-4.284317493438720703e-01
-6.913240998983383179e-02
2.316966652870178223e-02
-9.949806928634643555e-01
-1.539676189422607422e-01
-2.422609031200408936e-01
-1.260553747415542603e-01
-1.984483450651168823e-01
9.356654435396194458e-02
-4.136565029621124268e-01
1.570330858230590820e-01
-1.707815825939178467e-01
5.394508838653564453e-01
-3.839943110942840576e-01
-1.959772855043411255e-01
4.448939859867095947e-01
-5.730899572372436523e-01
1.146986037492752075e-01
-2.391426563262939453e-01
-4.688612818717956543e-01
-5.325154662132263184e-01
3.258497714996337891e-01
5.750643014907836914e-01
-1.196164414286613464e-01
-9.601132869720458984e-01
1.648010686039924622e-02
-1.499586343765258789e+00
8.585686087608337402e-01
-1.061192870140075684e+00
2.990481853485107422e-01
1.355332374572753906e+00
-5.613800883293151855e-01
-2.539829611778259277e-01
-2.329022437334060669e-02
7.811418771743774414e-01
-1.360122442245483398e+00
-1.103292822837829590e+00
-5.090689659118652344e-01
-2.403254985809326172e+00
2.271628975868225098e-01
-4.543893039226531982e-01
9.607643485069274902e-01
9.469413757324218750e-01
9.253153800964355469e-01
5.756722092628479004e-01
9.360222816467285156e-01
3.383067250251770020e-01
2.754316031932830811e-01
4.423514306545257568e-01
7.321504503488540649e-02
1.463629752397537231e-01
1.655344069004058838e-01
9.067918062210083008e-01
2.511631548404693604e-01
9.546675682067871094e-01
8.833497762680053711e-01
1.380730122327804565e-01
8.438477665185928345e-02
7.995650172233581543e-01
4.336394369602203369e-01
8.185299634933471680e-01
3.722492456436157227e-01
9.993542730808258057e-02
7.556908130645751953e-01
9.757900238037109375e-01
6.879335734993219376e-03
8.855185508728027344e-01
3.119133710861206055e-01
6.809484362602233887e-01
5.120083689689636230e-01
4.638167917728424072e-01
5.501306653022766113e-01
6.061691641807556152e-01
9.618905186653137207e-01
2.262496650218963623e-01
4.805482327938079834e-01
3.216944634914398193e-01
6.060318350791931152e-01
4.391818642616271973e-01
3.637332618236541748e-01
5.150120258331298828e-01
7.410961389541625977e-02
3.748334348201751709e-01
9.808886647224426270e-01
6.787527799606323242e-01
6.770598292350769043e-01
4.853645265102386475e-01
6.186939477920532227e-01
8.256934285163879395e-01
4.607889056205749512e-01
8.878470659255981445e-01
7.608941197395324707e-01
2.151408344507217407e-01
2.128068804740905762e-01
5.745244026184082031e-01
8.612270951271057129e-01
2.621886730194091797e-01
8.470162749290466309e-01
3.250569105148315430e-01
2.118921428918838501e-01
6.893661618232727051e-01
9.080167412757873535e-01
5.384859442710876465e-01
9.402728080749511719e-01
2.542869746685028076e-01
1.292820870876312256e-01
3.173155486583709717e-01
2.025325745344161987e-01
6.177368760108947754e-01
5.095887780189514160e-01
3.226206898689270020e-01
2.892222702503204346e-01
3.427057862281799316e-01
2.929568290710449219e-01
1.956405937671661377e-01
2.826254069805145264e-01
1.669708043336868286e-01
6.185539960861206055e-01
4.039031863212585449e-01
8.906399607658386230e-01
1.019793599843978882e-01
7.114304900169372559e-01
4.608933627605438232e-01
3.999978601932525635e-01
5.450345277786254883e-01
9.679662585258483887e-01
9.511106014251708984e-01
9.243075847625732422e-01
2.662196159362792969e-01
9.662746787071228027e-01
6.261954903602600098e-01
3.702661991119384766e-01
1.014604419469833374e-01
6.761021018028259277e-01
5.108320116996765137e-01
5.767033696174621582e-01
3.854043185710906982e-01
2.041134238243103027e-02
7.119153141975402832e-01
4.159501492977142334e-01
4.905848577618598938e-02
6.258088946342468262e-01
3.480406999588012695e-01
5.340709090232849121e-01
9.714044630527496338e-02
7.453458905220031738e-01
5.060524940490722656e-01
9.055252075195312500e-01
3.612291067838668823e-02
8.987860083580017090e-01
1.563068777322769165e-01
8.256416916847229004e-01
1.473562866449356079e-01
1.363123059272766113e-01
8.396200537681579590e-01
8.961422443389892578e-01
3.550521731376647949e-01
8.425449132919311523e-01
8.935372233390808105e-01
9.997434616088867188e-01
8.506968617439270020e-02
1.284300982952117920e-01
1.532275322824716568e-02
6.249409317970275879e-01
5.157057046890258789e-01
8.331050276756286621e-01
4.170618057250976562e-01
6.375638246536254883e-01
6.469833850860595703e-01
9.598331451416015625e-01
4.352571666240692139e-01
1.924571245908737183e-01
6.992883682250976562e-01
7.441048324108123779e-02
9.700409173965454102e-01
5.266184210777282715e-01
2.343049198389053345e-01
8.858687281608581543e-01
9.756950736045837402e-01
5.335114002227783203e-01
5.370587110519409180e-01
6.717007756233215332e-01
4.774979650974273682e-01
1.097224280238151550e-01
6.851032972335815430e-01
6.577093601226806641e-01
7.883093357086181641e-01
6.244329214096069336e-01
4.600301086902618408e-01
8.809273838996887207e-01
9.874385595321655273e-01
3.593305349349975586e-01
8.839341998100280762e-01
5.472159385681152344e-01
4.406634271144866943e-01
4.676477238535881042e-02
8.022465109825134277e-01
7.111406326293945312e-01
2.972925007343292236e-01
5.821104049682617188e-01
6.943948864936828613e-01
1.359530538320541382e-01
1.492349952459335327e-01
9.690732955932617188e-01
6.325820088386535645e-02
7.140313386917114258e-01
8.969700336456298828e-01
2.540172934532165527e-01
7.495462894439697266e-01
1.617155075073242188e-01
7.643778920173645020e-01
9.842696189880371094e-01
5.189715027809143066e-01
5.220917463302612305e-01
9.317459464073181152e-01
1.434382167644798756e-03
9.211112260818481445e-01
5.922459959983825684e-01
9.464609026908874512e-01
7.678481191396713257e-02
7.807309031486511230e-01
9.758739471435546875e-01
2.458551526069641113e-01
6.414684653282165527e-01
8.765874505043029785e-01
9.294703006744384766e-01
8.744631707668304443e-02
9.488108158111572266e-01
1.618696600198745728e-01
6.162788271903991699e-01
1.486883610486984253e-01
1.366322755813598633e+00
5.045498609542846680e-01
-8.428477644920349121e-01
2.569393515586853027e-01
