1.679005980491638184e+00
1.686370968818664551e+00
4.188581466674804688e+00
8.733210563659667969e-01
1.923215985298156738e+00
3.027937173843383789e+00
2.328512907028198242e+00
1.728682637214660645e+00
1.938412189483642578e+00
1.419421076774597168e+00
7.651909589767456055e-01
2.890515089035034180e+00
1.855878472328186035e+00
-3.319111168384552002e-01
-2.455272525548934937e-01
1.480447769165039062e+00
1.057206392288208008e+00
1.700104624032974243e-01
-8.383628726005554199e-02
5.844624042510986328e-01
-5.130801200866699219e-01
-2.805019617080688477e-01
1.191141530871391296e-01
-4.542585313320159912e-01
-1.935922503471374512e-01
2.568599395453929901e-02
-9.207474440336227417e-02
1.284566940739750862e-03
1.058322116732597351e-01
-1.121196821331977844e-01
-2.010566145181655884e-01
-3.939711153507232666e-01
-1.985847502946853638e-01
-1.533630341291427612e-01
-2.691541314125061035e-01
2.086561173200607300e-01
-7.993302941322326660e-01
1.018282413482666016e+01
1.318835353851318359e+01
1.330174446105957031e+01
1.388261890411376953e+01
1.547494029998779297e+01
1.491940784454345703e+01
1.676027488708496094e+01
1.784378242492675781e+01
1.977592468261718750e+01
2.342956542968750000e+01
1.915731620788574219e+01
2.511328506469726562e+01
1.583532810211181641e+00
-5.805732011795043945e-01
6.559509038925170898e-01
-6.172311902046203613e-01
1.227178797125816345e-01
8.801465034484863281e-01
1.035340785980224609e+00
-1.926444619894027710e-01
5.921247974038124084e-02
2.068870306015014648e+00
-1.135727643966674805e+00
-2.303773880004882812e+00
4.173237979412078857e-01
-9.420133233070373535e-01
-1.528345584869384766e+00
-2.817142009735107422e-01
6.291377544403076172e-01
-1.293869316577911377e-01
3.465049564838409424e-01
9.470034241676330566e-01
-1.129805326461791992e+00
-9.383152127265930176e-01
-1.494477748870849609e+00
6.775782108306884766e-01
5.256519913673400879e-01
-2.711298875510692596e-02
-4.973991811275482178e-01
1.696600168943405151e-01
4.876580089330673218e-02
-1.088421702384948730e+00
3.308466911315917969e+00
-3.995141685009002686e-01
1.452410340309143066e+00
1.728735327720642090e+00
-1.709838509559631348e-01
3.459402918815612793e-01
7.841474413871765137e-01
-1.699743151664733887e+00
-1.251419901847839355e+00
-1.811974883079528809e+00
1.503954529762268066e+00
2.377691507339477539e+00
6.017547100782394409e-02
-8.691887557506561279e-02
1.992413103580474854e-01
4.943905174732208252e-01
-1.097769856452941895e+00
-5.295540094375610352e-01
-6.772670745849609375e-01
6.663061380386352539e-01
-1.005486488342285156e+00
-4.610537290573120117e-01
-3.416900634765625000e-01
3.168578147888183594e-01
-2.252712249755859375e-01
4.345565102994441986e-03
1.735792607069015503e-01
2.658662758767604828e-02
2.020385414361953735e-01
2.923223495483398438e+00
6.310629844665527344e-01
-4.416366219520568848e-01
9.654188752174377441e-01
1.278949379920959473e+00
-2.972382307052612305e+00
-3.378808498382568359e-01
6.802896857261657715e-01
-1.105033040046691895e+00
-1.049871087074279785e+00
3.484070062637329102e+00
1.144529461860656738e+00
-4.690992236137390137e-01
-2.811043977737426758e+00
-1.238591313362121582e+00
1.765527576208114624e-01
-1.010281816124916077e-01
-2.022678613662719727e+00
-2.381173610687255859e+00
1.715360283851623535e-01
3.790247738361358643e-01
-1.003186225891113281e+00
6.034060120582580566e-01
1.157915368676185608e-01
-2.065015733242034912e-01
4.937299787998199463e-01
-1.538574993610382080e-01
4.237552285194396973e-01
6.569290161132812500e-01
-8.667114377021789551e-02
-5.717490315437316895e-01
1.877624690532684326e-01
9.403018355369567871e-01
5.421356111764907837e-02
-9.400653652846813202e-03
1.637542247772216797e-01
4.445967376232147217e-01
-1.462238878011703491e-01
2.076874822378158569e-01
-1.195947006344795227e-01
1.151804849505424500e-01
1.197623610496520996e-01
-2.338439702987670898e+00
1.227138519287109375e+00
1.827613636851310730e-02
-4.589339196681976318e-01
3.629241371527314186e-03
9.256131649017333984e-01
-6.947853565216064453e-01
3.806241452693939209e-01
-5.907235145568847656e-01
-1.133264780044555664e+00
-1.064224362373352051e+00
3.180142641067504883e-01
4.480613470077514648e-01
-2.522802352905273438e-01
7.139912247657775879e-02
2.349551916122436523e-01
-9.864989519119262695e-01
-2.366978079080581665e-01
-4.277927279472351074e-01
1.740197092294692993e-01
2.895501554012298584e-01
1.884839385747909546e-01
1.658613830804824829e-01
8.652334809303283691e-01
1.077213808894157410e-01
-2.838056981563568115e-01
1.294080913066864014e-01
3.075294792652130127e-01
3.976497352123260498e-01
-1.089550703763961792e-01
2.990793287754058838e-01
-1.260238438844680786e-01
1.540365219116210938e-01
4.206028580665588379e-01
9.713143110275268555e-01
-3.770613372325897217e-01
-9.355427026748657227e-01
4.987085163593292236e-01
2.015148699283599854e-01
1.073743700981140137e+00
1.639866083860397339e-01
6.740275025367736816e-01
1.819812208414077759e-01
4.752050042152404785e-01
-2.668789029121398926e-01
2.723500967025756836e+00
-5.410805344581604004e-01
-5.290753841400146484e-01
-6.262960433959960938e-01
-1.116970553994178772e-01
-1.078726798295974731e-01
4.217532873153686523e-01
5.043357610702514648e-01
-2.336916625499725342e-01
-9.232280850410461426e-01
-7.047465443611145020e-01
-5.368011444807052612e-02
2.640109360218048096e-01
-1.789744012057781219e-02
-4.786118492484092712e-02
-3.414537608623504639e-01
-6.838961690664291382e-02
-1.359420716762542725e-01
-1.086041778326034546e-01
-1.878468096256256104e-01
-2.542184889316558838e-01
9.010608196258544922e-01
-8.738366514444351196e-02
4.148252191953361034e-04
3.654110133647918701e-01
3.246203064918518066e-02
-2.354228794574737549e-01
1.083746459335088730e-02
1.751159578561782837e-01
-1.864614039659500122e-01
4.830535501241683960e-02
1.430383026599884033e-01
1.906443387269973755e-01
4.162236750125885010e-01
-5.830388069152832031e-01
-1.177917420864105225e-01
2.151727229356765747e-01
-2.141898125410079956e-01
-3.158377707004547119e-01
2.359402924776077271e-01
-1.014347299933433533e-01
6.686530709266662598e-01
8.908075094223022461e-01
-3.401493132114410400e-01
-1.786621063947677612e-01
-1.685273796319961548e-01
1.243941187858581543e-01
2.066524773836135864e-01
-4.287941455841064453e-01
1.805729120969772339e-01
3.180996477603912354e-01
1.129189804196357727e-01
8.605951070785522461e-02
-8.905249834060668945e-02
-5.111285299062728882e-02
-3.183130919933319092e-01
-2.142804907634854317e-03
1.041130498051643372e-01
3.279219865798950195e-01
2.907739877700805664e-01
1.183451861143112183e-01
1.631582342088222504e-02
3.053239881992340088e-01
-4.668939709663391113e-01
5.793824791908264160e-01
-4.251921176910400391e-01
-6.166283488273620605e-01
-7.583640813827514648e-01
4.903345704078674316e-01
4.139474332332611084e-01
-1.376977711915969849e-01
5.293411016464233398e-02
3.942703604698181152e-01
-4.613033831119537354e-01
2.605520784854888916e-01
2.519872188568115234e-01
-4.260021746158599854e-01
-4.782100021839141846e-01
-2.437540769577026367e+00
-1.099349483847618103e-01
2.528130710124969482e-01
3.797371685504913330e-01
-4.344560578465461731e-02
8.668428063392639160e-01
-3.580592572689056396e-01
-1.938396245241165161e-01
1.353779137134552002e-01
1.141473650932312012e+00
-6.542176473885774612e-03
1.332209561951458454e-03
2.800850488711148500e-04
7.377417758107185364e-03
4.406944848597049713e-03
8.071826770901679993e-03
-4.447699990123510361e-03
-4.866691306233406067e-03
3.994065336883068085e-03
8.031377568840980530e-03
9.673846885561943054e-03
2.818256150931119919e-03
-3.399852197617292404e-03
2.133504254743456841e-03
6.443195976316928864e-03
2.559301210567355156e-03
-7.641538977622985840e-03
-4.282446578145027161e-03
9.734944440424442291e-03
-1.363983028568327427e-03
1.484688255004584789e-03
5.448415176942944527e-04
-6.046939175575971603e-03
-6.685831584036350250e-03
1.980915840249508619e-05
9.804081171751022339e-03
-2.120163757354021072e-03
4.280265420675277710e-03
-6.481914781033992767e-03
-8.586076088249683380e-03
-6.847538053989410400e-03
-6.768839899450540543e-03
-4.327258560806512833e-03
7.341204909607768059e-04
5.464774090796709061e-03
7.606871426105499268e-03
2.747828839346766472e-03
7.052044849842786789e-03
1.959107350558042526e-03
3.876933129504323006e-03
7.435334846377372742e-04
7.784601766616106033e-03
-8.954671211540699005e-03
5.663673859089612961e-03
-7.096534594893455505e-03
-8.826031349599361420e-03
-8.820108138024806976e-03
-8.960575796663761139e-03
3.197217592969536781e-04
-1.900075585581362247e-03
9.992991574108600616e-03
-7.828599773347377777e-03
-3.452314063906669617e-03
9.956598281860351562e-03
-1.977712148800492287e-03
7.666715420782566071e-03
1.382771646603941917e-03
9.064817801117897034e-03
7.707744836807250977e-03
5.585711915045976639e-03
-9.363838471472263336e-03
9.252370335161685944e-03
3.927088982891291380e-04
-5.844179540872573853e-03
7.501956075429916382e-03
-5.516970530152320862e-03
-7.226813584566116333e-03
4.504785872995853424e-03
9.475777857005596161e-03
7.096375338733196259e-04
-1.104040071368217468e-03
-9.557776153087615967e-03
2.119766781106591225e-03
9.295930154621601105e-03
9.351829998195171356e-03
8.600575849413871765e-03
-6.306403316557407379e-03
2.459243172779679298e-03
1.125222802162170410e+00
7.740659117698669434e-01
-1.552673339843750000e+00
5.172209739685058594e-01
