1.798445940017700195e+00
4.253249645233154297e+00
1.958876252174377441e+00
4.005356788635253906e+00
1.832125544548034668e+00
2.146505594253540039e+00
2.320995092391967773e+00
2.563569307327270508e+00
2.845102071762084961e+00
-2.477220892906188965e-01
1.258267521858215332e+00
1.407181005924940109e-02
-3.787421882152557373e-01
5.472847223281860352e-01
-1.075505375862121582e+00
-3.414427116513252258e-02
2.922630786895751953e+00
8.223799057304859161e-03
-3.861774504184722900e-01
6.532068550586700439e-02
1.327555328607559204e-01
-1.892689615488052368e-02
-3.276933729648590088e-02
-7.478167302906513214e-03
-4.254763424396514893e-01
1.322307300567626953e+01
1.335883808135986328e+01
1.534077072143554688e+01
1.338218784332275391e+01
1.745957756042480469e+01
1.908996582031250000e+01
1.928690910339355469e+01
3.358965682983398438e+01
-1.404435873031616211e+00
-1.682697415351867676e+00
-5.171618461608886719e-01
3.051392316818237305e+00
-2.393701821565628052e-01
1.265176534652709961e+00
-7.877828478813171387e-01
-1.183185696601867676e+00
2.420569419860839844e+00
8.150476813316345215e-01
-2.024510860443115234e+00
-1.949476301670074463e-01
-1.958744287490844727e+00
8.247649073600769043e-01
2.857533216476440430e+00
-5.384200811386108398e-01
-4.433851242065429688e-01
-1.120713591575622559e+00
-3.294753432273864746e-01
4.341580271720886230e-01
-6.447929143905639648e-01
-2.205351352691650391e+00
3.534223735332489014e-01
1.042623758316040039e+00
3.976670205593109131e-01
2.235030233860015869e-01
1.224758267402648926e+00
-3.497785329818725586e-01
-1.600268483161926270e+00
3.539775371551513672e+00
2.866343259811401367e-01
-5.045446753501892090e-01
-5.057402610778808594e+00
1.104694128036499023e+00
-2.813076496124267578e+00
1.618571281433105469e+01
-3.617363274097442627e-01
6.770434379577636719e-01
-4.198513925075531006e-02
1.216978311538696289e+00
-3.236559629440307617e-01
-7.912254929542541504e-01
-1.120052710175514221e-01
6.629928946495056152e-01
-1.292188525199890137e+00
1.179554685950279236e-01
1.715565770864486694e-01
-2.207397222518920898e-01
1.867130279541015625e+00
-9.662141650915145874e-02
-2.206547975540161133e+00
4.881795346736907959e-01
-1.124742254614830017e-01
2.172011286020278931e-01
3.010300993919372559e-01
2.122107706964015961e-02
-1.047043278813362122e-01
-9.326008558273315430e-01
1.043328866362571716e-01
3.848469853401184082e-01
1.061824038624763489e-01
2.717173337936401367e+00
3.015733957290649414e-01
5.966449975967407227e-01
1.207765787839889526e-01
-1.772885560989379883e+00
6.371406912803649902e-01
-7.497403621673583984e-01
2.689977645874023438e+00
5.160549879074096680e-01
1.128891110420227051e+00
6.938927173614501953e-01
-1.346480939537286758e-02
1.142249107360839844e+00
2.560666501522064209e-01
-1.501771688461303711e+00
1.531863212585449219e-01
8.974282145500183105e-01
1.397897154092788696e-01
-6.338779330253601074e-01
8.663657903671264648e-01
-5.521813631057739258e-01
-1.203480362892150879e+00
2.611596882343292236e-01
-7.034099698066711426e-01
2.024182230234146118e-01
2.426778554916381836e+00
1.947581022977828979e-01
1.369392126798629761e-01
3.647907674312591553e-01
-1.873952150344848633e-01
1.050166562199592590e-01
5.055043101310729980e-01
2.719268321990966797e+00
-1.361488848924636841e-01
-4.989439547061920166e-01
-1.371380090713500977e-01
-2.304988861083984375e+00
-7.381426692008972168e-01
-4.541322588920593262e-01
7.460852861404418945e-01
6.032767295837402344e-01
-2.117555290460586548e-01
7.749838232994079590e-01
-3.504770696163177490e-01
-4.284316301345825195e-01
4.263837933540344238e-01
-5.483652949333190918e-01
-5.926080048084259033e-03
-8.533535525202751160e-03
4.058070015162229538e-03
-9.895457886159420013e-03
2.078865363728255033e-04
-1.335428212769329548e-03
-8.766101673245429993e-03
-9.561343467794358730e-04
-5.091815721243619919e-03
9.819701313972473145e-03
7.523902226239442825e-03
9.941129945218563080e-03
7.750028744339942932e-04
8.749658241868019104e-03
-5.126107484102249146e-03
5.573344416916370392e-03
2.201987896114587784e-03
8.030127733945846558e-03
-7.091914303600788116e-03
-8.308568969368934631e-03
-9.206539019942283630e-03
4.188304767012596130e-03
-5.176594015210866928e-03
-4.682879429310560226e-03
-4.271395970135927200e-03
6.260431371629238129e-03
6.308039883151650429e-04
3.879790892824530602e-04
-1.848443760536611080e-03
-9.342950768768787384e-03
5.741623230278491974e-03
1.112022437155246735e-03
2.784909680485725403e-03
9.936088696122169495e-03
-3.305459627881646156e-03
-4.014126490801572800e-03
7.120662331581115723e-01
1.364707112312316895e+00
-1.953577160835266113e+00
6.083005666732788086e-01
