1.713244080543518066e+00
-1.385465502738952637e+00
-7.030754089355468750e-01
4.561358451843261719e+00
1.505817055702209473e+00
3.761857271194458008e+00
1.889720439910888672e+00
2.271741390228271484e+00
3.066215515136718750e+00
1.665766119956970215e+00
-2.918378710746765137e-01
4.870142415165901184e-02
-4.281610846519470215e-01
1.746851086616516113e+00
3.681126832962036133e-01
2.562553286552429199e-01
1.371999830007553101e-01
-4.811726137995719910e-02
-1.230432316660881042e-01
-1.756046712398529053e-01
9.386588633060455322e-02
5.978450775146484375e-01
-6.323649883270263672e-01
3.602905273437500000e-01
-2.228843569755554199e-01
1.195448171347379684e-02
-2.261469513177871704e-02
-1.317591816186904907e-01
-2.654877603054046631e-01
1.963865160942077637e-01
-3.489099144935607910e-01
6.374117732048034668e-02
5.720445513725280762e-01
6.436916589736938477e-01
1.010843181610107422e+01
9.680688858032226562e+00
1.321783542633056641e+01
1.337245845794677734e+01
1.541979408264160156e+01
1.437827873229980469e+01
1.743111991882324219e+01
1.910661888122558594e+01
1.970432662963867188e+01
1.975549507141113281e+01
2.195179176330566406e+01
1.087008714675903320e+00
-4.250738918781280518e-01
3.063344359397888184e-01
-6.057987809181213379e-01
-1.112014502286911011e-01
3.177603185176849365e-01
-1.145886659622192383e+00
4.588060081005096436e-01
2.467308521270751953e+00
7.065766453742980957e-01
1.921724319458007812e+00
1.069978713989257812e+00
-2.394555136561393738e-02
-8.736197948455810547e-01
6.772422045469284058e-02
5.169758200645446777e-01
8.732116222381591797e-01
-3.862403035163879395e-01
-1.416685223579406738e+00
-2.847048282623291016e+00
-3.574642658233642578e+00
-1.561272263526916504e+00
7.637270092964172363e-01
-3.953902423381805420e-01
1.423456788063049316e+00
-9.005179405212402344e-01
4.585013985633850098e-01
-3.144056499004364014e-01
7.086884975433349609e+00
1.188765716552734375e+01
-1.340802311897277832e+00
7.247996926307678223e-01
-2.108853340148925781e+00
7.021747231483459473e-01
-6.576099991798400879e-01
1.266184210777282715e+00
-1.011010360717773438e+01
-1.853374099731445312e+01
1.302445530891418457e-01
-8.403799533843994141e-01
-8.087611198425292969e-02
-3.003915250301361084e-01
3.506689667701721191e-01
4.693302810192108154e-01
1.518121242523193359e+00
2.402435064315795898e+00
-2.348345994949340820e+00
1.529153823852539062e+00
-2.984166443347930908e-01
-1.087586164474487305e+00
3.264643907546997070e+00
1.112085103988647461e+00
-2.242993861436843872e-01
-1.941954255104064941e+00
2.247488737106323242e+00
-7.300045490264892578e-01
-7.281151413917541504e-02
4.191368222236633301e-01
-2.761336863040924072e-01
1.621804714202880859e+00
9.244719147682189941e-01
3.236268833279609680e-02
1.753484725952148438e+00
2.019763946533203125e+00
-3.095754981040954590e-01
5.968239307403564453e+00
6.903738975524902344e-01
-7.101747393608093262e-02
-1.556630581617355347e-01
2.147088944911956787e-01
2.161323130130767822e-01
-2.407471090555191040e-01
-3.876221477985382080e-01
4.657376110553741455e-01
8.913322687149047852e-01
-1.183032870292663574e+00
8.440116643905639648e-01
3.579649031162261963e-01
2.233737856149673462e-01
1.678558625280857086e-02
3.515622913837432861e-01
-3.864124119281768799e-01
-2.006130933761596680e+00
9.478135108947753906e-01
-7.325238585472106934e-01
1.967905402183532715e+00
-5.363609194755554199e-01
-2.525736987590789795e-01
7.002392411231994629e-01
-8.609639853239059448e-02
6.765906214714050293e-01
-1.103917509317398071e-01
9.605585783720016479e-02
-5.010482668876647949e-01
-6.745498180389404297e+00
6.518166065216064453e-01
8.667643368244171143e-02
1.325397938489913940e-01
-1.021313548088073730e+00
4.522714912891387939e-01
-5.206682160496711731e-02
-2.379591614007949829e-01
9.843051910400390625e+00
-2.027652263641357422e+00
5.054328441619873047e-01
2.742806077003479004e-01
-2.276063114404678345e-01
6.470751762390136719e-01
2.008491754531860352e-01
-7.407885789871215820e-01
1.969722658395767212e-01
5.015844106674194336e-01
7.906149029731750488e-01
-1.330261379480361938e-01
2.355081439018249512e-01
-4.619152843952178955e-01
1.270270645618438721e-01
-3.366942107677459717e-01
1.573649048805236816e-01
1.325875639915466309e+00
-9.717361330986022949e-01
9.182760119438171387e-01
2.446360290050506592e-01
-5.501997470855712891e-01
-3.805905580520629883e-01
-1.004777312278747559e+00
1.790080666542053223e+00
-8.676109313964843750e-01
2.677809298038482666e-01
2.144417047500610352e+00
-2.661079406738281250e+00
1.744759202003479004e+00
-9.016669392585754395e-01
2.884813547134399414e-01
3.343012928962707520e-02
6.819263100624084473e-02
-3.485850393772125244e-01
1.972298622131347656e-01
5.123514533042907715e-01
-8.615504503250122070e-01
-8.101563453674316406e-01
-9.797599911689758301e-01
-1.038249969482421875e+00
-1.742223501205444336e-01
-1.441898047924041748e-01
6.454769372940063477e-01
-3.027901239693164825e-02
-4.842541217803955078e-01
1.431381344795227051e+00
-4.072951674461364746e-01
5.839829444885253906e-01
2.014286756515502930e+00
-3.949634134769439697e-01
7.645185571163892746e-03
3.634161353111267090e-01
-4.382798448204994202e-02
6.269237995147705078e-01
-7.601557672023773193e-02
-2.023489773273468018e-02
8.978283405303955078e-02
-5.411015510559082031e+00
1.743747711181640625e+00
-3.939402699470520020e-01
-3.219196572899818420e-02
-8.965378403663635254e-01
1.084295585751533508e-01
-1.871510967612266541e-02
-1.598817855119705200e-02
8.440905570983886719e+00
-2.556398868560791016e+00
-2.329872995615005493e-01
4.537188112735748291e-01
9.442423284053802490e-02
1.226977333426475525e-01
4.442561045289039612e-02
-1.376254260540008545e-01
-1.876594573259353638e-01
-9.767379164695739746e-01
6.375710368156433105e-01
-3.088854551315307617e-01
-2.332443445920944214e-01
-1.099343657493591309e+00
1.400454193353652954e-01
-1.183493733406066895e-01
-3.758913278579711914e-02
-2.076836228370666504e-01
-9.663544893264770508e-01
6.465450674295425415e-02
2.153668254613876343e-01
2.467067092657089233e-01
5.633038878440856934e-01
4.638526588678359985e-02
-1.402472853660583496e+00
-1.125966429710388184e+00
-6.769654899835586548e-02
-5.736677050590515137e-01
1.146262526512145996e+00
-9.830812215805053711e-01
9.070271626114845276e-03
-9.522374719381332397e-03
-7.964594289660453796e-03
6.907520582899451256e-04
9.110596962273120880e-03
7.717858068645000458e-03
3.844450460746884346e-03
9.754824452102184296e-03
-9.793267585337162018e-03
-6.239023525267839432e-03
-1.035178545862436295e-03
-5.016549039282836020e-05
-9.944962337613105774e-03
-7.045439910143613815e-03
4.063223022967576981e-03
-5.334222689270973206e-03
-5.747422110289335251e-03
-1.871784450486302376e-03
4.867898765951395035e-03
6.517033092677593231e-03
1.588847604580223560e-03
1.656336011365056038e-03
-1.852653454989194870e-03
7.579401601105928421e-03
4.064117092639207840e-03
-8.905974216759204865e-03
5.931619554758071899e-03
-2.859804080799221992e-03
7.674922700971364975e-03
2.116504590958356857e-03
-6.783781573176383972e-03
3.566256724298000336e-03
-5.290481261909008026e-03
-3.756949154194444418e-04
8.927209302783012390e-03
3.674818901345133781e-03
2.557959873229265213e-03
-4.863135516643524170e-03
8.418306708335876465e-03
3.822341794148087502e-03
-4.376082681119441986e-03
2.327890833839774132e-03
3.579788608476519585e-03
-2.019479172304272652e-03
-4.872863646596670151e-03
3.279153490439057350e-03
-2.662462415173649788e-03
6.639021914452314377e-03
3.812761744484305382e-03
-7.431664969772100449e-03
6.543658673763275146e-03
-8.667258662171661854e-04
-3.963409690186381340e-04
1.571986213093623519e-04
8.908988907933235168e-03
9.741611778736114502e-03
-4.722064360976219177e-03
3.975856525357812643e-04
-8.816526271402835846e-03
3.246727166697382927e-03
-2.484912052750587463e-03
-8.517639711499214172e-03
-8.681719191372394562e-03
-4.313005600124597549e-03
-8.673838339745998383e-03
6.302508991211652756e-03
1.056561589241027832e+00
1.090469598770141602e+00
-1.899062514305114746e+00
6.989258527755737305e-01
