1.721769690513610840e+00
-1.488224387168884277e+00
-5.012844204902648926e-01
4.418275356292724609e+00
1.546592831611633301e+00
3.790653467178344727e+00
2.062335968017578125e+00
2.391903400421142578e+00
3.327192306518554688e+00
7.852683067321777344e-01
-1.778469085693359375e-01
2.150192856788635254e-01
-1.784341186285018921e-01
1.672165870666503906e+00
6.063303351402282715e-01
6.683196425437927246e-01
-6.637458503246307373e-02
3.216023445129394531e-01
-7.479646205902099609e-01
1.169532313942909241e-01
-5.749905705451965332e-01
5.214444994926452637e-01
1.178628921508789062e+00
2.639798820018768311e-01
-3.876839578151702881e-01
1.238729283213615417e-01
8.873578161001205444e-02
-2.900844812393188477e-01
-4.891566634178161621e-01
3.345977962017059326e-01
-4.719230830669403076e-01
3.713657259941101074e-01
-3.204466104507446289e-01
3.284197151660919189e-01
1.018929004669189453e+01
8.767323493957519531e+00
1.315313720703125000e+01
1.343835544586181641e+01
1.541691207885742188e+01
1.417167091369628906e+01
1.751205444335937500e+01
1.922435951232910156e+01
2.272064590454101562e+01
2.346254348754882812e+01
2.610331726074218750e+01
7.893482446670532227e-01
-1.357943296432495117e+00
-1.503500044345855713e-01
-6.980609893798828125e-01
-9.239821881055831909e-02
1.685883283615112305e+00
-1.387552022933959961e+00
1.696023106575012207e+00
1.929197192192077637e+00
2.347825318574905396e-01
1.353969693183898926e+00
-1.382420063018798828e+00
-5.239170193672180176e-01
-1.172354102134704590e+00
-5.744403600692749023e-01
8.766458630561828613e-01
2.175220727920532227e+00
-1.946781992912292480e+00
2.520385742187500000e+00
-5.395971298217773438e+00
-1.391362309455871582e+00
-1.347270965576171875e+00
1.135048508644104004e+00
-6.864228248596191406e-01
3.438822627067565918e-01
3.684418499469757080e-01
2.688851356506347656e-01
3.269444778561592102e-02
1.769523811340332031e+01
1.880042076110839844e+01
-2.365473031997680664e+00
1.760469317436218262e+00
-1.662422895431518555e+00
9.190478324890136719e-01
-1.879673600196838379e+00
1.562271595001220703e+00
-2.388460350036621094e+01
-2.936860466003417969e+01
1.624742150306701660e-01
-1.429601788520812988e+00
-1.599254901520907879e-03
-3.275918960571289062e-01
1.194584012031555176e+00
1.934211254119873047e+00
1.626597881317138672e+00
4.937598705291748047e+00
-3.842292547225952148e+00
3.482218265533447266e+00
-5.860482454299926758e-01
-2.235612154006958008e+00
4.976744174957275391e+00
1.272687435150146484e+00
-5.455197095870971680e-01
-3.252966403961181641e+00
7.448125362396240234e+00
4.082414805889129639e-01
3.396061062812805176e-01
2.158595800399780273e+00
-2.941232442855834961e+00
3.301752090454101562e+00
-4.350889682769775391e+00
-1.764225006103515625e+00
7.376261949539184570e-01
-1.124408841133117676e+00
2.063324451446533203e+00
7.344989299774169922e+00
3.881912827491760254e-01
4.839301705360412598e-01
-3.628459200263023376e-02
-3.988565132021903992e-02
-1.168101839721202850e-02
3.656518459320068359e-01
-3.975576758384704590e-01
5.212396383285522461e-01
-5.083001255989074707e-01
-5.577968955039978027e-01
5.882005691528320312e-01
8.076266050338745117e-01
6.231803297996520996e-01
-2.674866281449794769e-02
3.097952604293823242e-01
-9.107595682144165039e-01
-1.780863404273986816e+00
8.963720798492431641e-01
-1.968474984169006348e+00
1.459223628044128418e+00
-1.580928683280944824e+00
-2.900269925594329834e-01
7.384922504425048828e-01
-1.073547378182411194e-01
6.793732047080993652e-01
-3.159982860088348389e-01
-1.655626296997070312e-01
-8.673439025878906250e-01
-7.321246623992919922e+00
1.175019979476928711e+00
6.257223486900329590e-01
8.979088813066482544e-02
-8.943237662315368652e-01
5.014725327491760254e-01
4.599492996931076050e-02
-2.047448009252548218e-01
1.079561614990234375e+01
-1.884330630302429199e+00
4.042335450649261475e-01
5.571551918983459473e-01
-2.306903898715972900e-02
7.023000121116638184e-01
-2.352888137102127075e-01
-1.099394559860229492e+00
1.173183441162109375e+00
1.316362712532281876e-02
8.978126049041748047e-01
4.011396691203117371e-02
2.267988026142120361e-01
2.189209461212158203e-01
-1.964645028114318848e+00
-1.280135009437799454e-02
1.030319780111312866e-01
1.589161872863769531e+00
-2.360998630523681641e+00
1.703293204307556152e+00
4.394991099834442139e-01
-3.445739746093750000e-01
-6.085979565978050232e-02
-1.508295893669128418e+00
2.729387044906616211e+00
-9.419105052947998047e-01
-7.635220289230346680e-01
3.405557274818420410e-01
-1.285923480987548828e+00
-1.781054884195327759e-01
-5.280447006225585938e-01
8.619765937328338623e-02
5.847309157252311707e-02
2.948474586009979248e-01
1.094239056110382080e-01
-7.514919638633728027e-01
5.429520606994628906e-01
-1.248832583427429199e+00
6.715506315231323242e-01
2.560741305351257324e-01
-9.932473897933959961e-01
-2.799496948719024658e-01
-1.638587862253189087e-01
4.237695634365081787e-01
-2.587522566318511963e-01
1.529445797204971313e-01
7.948824167251586914e-01
-1.334183216094970703e-01
1.150651097297668457e+00
1.953726530075073242e+00
-1.859918683767318726e-01
-1.250346750020980835e-01
1.925878077745437622e-01
9.599334001541137695e-02
8.919982910156250000e-01
3.915982320904731750e-02
1.388686597347259521e-01
1.805519908666610718e-01
-6.467616558074951172e+00
1.583556294441223145e+00
-2.754875719547271729e-01
-1.858007013797760010e-01
-9.448626637458801270e-01
-1.948159188032150269e-01
-2.668061666190624237e-02
-7.765451818704605103e-02
1.029886817932128906e+01
-2.424136877059936523e+00
-1.399503797292709351e-01
3.761240839958190918e-01
-5.335128679871559143e-02
3.532126173377037048e-02
2.932154238224029541e-01
8.799836970865726471e-03
-3.714380860328674316e-01
-1.400108098983764648e+00
9.624585509300231934e-01
-1.017885684967041016e+00
-1.539051979780197144e-01
-1.848838210105895996e+00
4.547392949461936951e-02
-4.050775170326232910e-01
4.675692021846771240e-01
6.251807510852813721e-02
-5.830617547035217285e-01
1.954334080219268799e-01
-1.976374834775924683e-01
-4.915879666805267334e-01
-8.715195953845977783e-02
-3.198510706424713135e-01
-6.172208189964294434e-01
1.448494195938110352e-01
1.322184652090072632e-01
1.206881999969482422e+00
-5.869463086128234863e-01
4.026081264019012451e-01
9.070271626114845276e-03
-9.522374719381332397e-03
-7.964594289660453796e-03
6.907520582899451256e-04
9.110596962273120880e-03
7.717858068645000458e-03
3.844450460746884346e-03
9.754824452102184296e-03
-9.793267585337162018e-03
-6.239023525267839432e-03
-1.035178545862436295e-03
-5.016549039282836020e-05
-9.944962337613105774e-03
-7.045439910143613815e-03
4.063223022967576981e-03
-5.334222689270973206e-03
-5.747422110289335251e-03
-1.871784450486302376e-03
4.867898765951395035e-03
6.517033092677593231e-03
1.588847604580223560e-03
1.656336011365056038e-03
-1.852653454989194870e-03
7.579401601105928421e-03
4.064117092639207840e-03
-8.905974216759204865e-03
5.931619554758071899e-03
-2.859804080799221992e-03
7.674922700971364975e-03
2.116504590958356857e-03
-6.783781573176383972e-03
3.566256724298000336e-03
-5.290481261909008026e-03
-3.756949154194444418e-04
8.927209302783012390e-03
3.674818901345133781e-03
2.557959873229265213e-03
-4.863135516643524170e-03
8.418306708335876465e-03
3.822341794148087502e-03
-4.376082681119441986e-03
2.327890833839774132e-03
3.579788608476519585e-03
-2.019479172304272652e-03
-4.872863646596670151e-03
3.279153490439057350e-03
-2.662462415173649788e-03
6.639021914452314377e-03
3.812761744484305382e-03
-7.431664969772100449e-03
6.543658673763275146e-03
-8.667258662171661854e-04
-3.963409690186381340e-04
1.571986213093623519e-04
8.908988907933235168e-03
9.741611778736114502e-03
-4.722064360976219177e-03
3.975856525357812643e-04
-8.816526271402835846e-03
3.246727166697382927e-03
-2.484912052750587463e-03
-8.517639711499214172e-03
-8.681719191372394562e-03
-4.313005600124597549e-03
-8.673838339745998383e-03
6.302508991211652756e-03
1.639739155769348145e+00
1.014503955841064453e+00
-1.754368424415588379e+00
6.805803179740905762e-01
