7.770930290222167969e+00
1.690629959106445312e+01
1.737892341613769531e+01
1.544491004943847656e+01
5.320804595947265625e+00
7.186615467071533203e+00
1.306605243682861328e+01
1.547555828094482422e+01
2.054943275451660156e+01
8.693593025207519531e+00
2.649848699569702148e+00
-2.791957139968872070e+00
-4.560215950012207031e+00
-6.679164886474609375e+00
-6.648948669433593750e+00
9.043674468994140625e+00
6.466389179229736328e+00
-1.936064839363098145e+00
-1.088171482086181641e+01
7.410003185272216797e+00
-9.172245979309082031e+00
8.248892784118652344e+00
-6.224204540252685547e+00
9.657792091369628906e+00
-7.096377015113830566e-01
-5.599692821502685547e+00
3.653901219367980957e-01
-5.291836261749267578e-01
7.104824542999267578e+00
8.884645462036132812e+00
-2.799257278442382812e+00
1.924333125352859497e-01
1.293621158599853516e+01
1.033708810806274414e+00
4.073876440525054932e-01
1.399621105194091797e+01
5.711487293243408203e+00
1.152644920349121094e+01
-1.527111530303955078e+00
-8.506868362426757812e+00
1.720685005187988281e+01
-1.363715082406997681e-01
1.725274801254272461e+00
8.575572967529296875e+00
-4.616873741149902344e+00
-5.467611789703369141e+00
-5.171251773834228516e+00
9.934723377227783203e-01
-7.992572307586669922e+00
1.356538867950439453e+01
-5.135064125061035156e+00
1.668143844604492188e+01
-1.248451471328735352e+00
-2.055518865585327148e+00
-9.756231307983398438e+00
9.791290283203125000e+00
1.533574223518371582e+00
-5.109373092651367188e+00
-2.309214115142822266e+00
1.888148069381713867e+00
2.921706140041351318e-01
-2.194720983505249023e+00
3.199757575988769531e+00
-6.229623794555664062e+00
-4.201561927795410156e+00
3.892353296279907227e+00
3.850001811981201172e+00
1.108232617378234863e+00
2.811254262924194336e+00
-6.284966468811035156e+00
5.895521044731140137e-01
6.114177703857421875e+00
3.296175897121429443e-01
1.660645961761474609e+00
-2.411022186279296875e+00
-2.412553727626800537e-01
-1.525730013847351074e+00
-2.918565750122070312e+00
4.732753753662109375e+00
3.791113615036010742e+00
1.266295552253723145e+00
1.205083966255187988e+00
7.372826337814331055e-01
-3.119840621948242188e+00
-1.826149582862854004e+00
-2.641078233718872070e+00
2.451101541519165039e+00
1.477486729621887207e+00
-2.919173479080200195e+00
2.881201982498168945e+00
1.184392213821411133e+00
-4.050971031188964844e+00
-4.178355693817138672e+00
-2.570586442947387695e+00
9.010261893272399902e-01
-1.993042349815368652e+00
-6.253165602684020996e-01
5.695835113525390625e+00
3.309043645858764648e+00
2.927144527435302734e+00
-9.857006669044494629e-01
-6.938475966453552246e-01
-1.745557188987731934e+00
1.209388732910156250e+00
2.917271852493286133e+00
-2.038758754730224609e+00
-2.466107606887817383e+00
1.219756722450256348e+00
1.858870387077331543e+00
-1.146536111831665039e+00
7.227289676666259766e-02
-2.625290155410766602e-01
2.690524756908416748e-01
7.654425621032714844e+00
-1.151320338249206543e+00
1.812394708395004272e-02
2.151841402053833008e+00
-2.227224111557006836e+00
2.626612186431884766e+00
2.827815711498260498e-01
2.723246574401855469e+00
4.168514728546142578e+00
4.181517124176025391e+00
-3.701128005981445312e+00
-4.366853535175323486e-01
-1.603526830673217773e+00
3.274215698242187500e+00
-1.105159640312194824e+00
2.691179275512695312e+00
-2.758287429809570312e+00
-1.991895556449890137e+00
-2.233442544937133789e+00
-4.285942554473876953e+00
4.854145050048828125e+00
2.720641851425170898e+00
8.407348990440368652e-01
-8.962959051132202148e-01
2.613785862922668457e-01
-7.233808636665344238e-01
-1.490632057189941406e+00
5.067953467369079590e-01
-2.617065906524658203e+00
6.384633183479309082e-01
-2.146560907363891602e+00
-3.228363990783691406e+00
2.738911151885986328e+00
-1.645638704299926758e+00
-9.025810241699218750e+00
4.353116035461425781e+00
1.714227050542831421e-01
-8.267044425010681152e-01
1.167919039726257324e+00
3.315885066986083984e+00
-1.266297221183776855e+00
-2.422353506088256836e+00
5.678120851516723633e-01
-1.090122342109680176e+00
1.377141237258911133e+00
1.570901989936828613e+00
5.679165363311767578e+00
-1.227530360221862793e+00
-1.659231781959533691e-01
5.064084529876708984e-01
-3.826877772808074951e-01
-4.932087361812591553e-01
3.930444717407226562e+00
5.093992948532104492e-01
-2.326064825057983398e+00
4.746704578399658203e+00
-8.717263936996459961e-01
2.436187267303466797e-01
-1.721338391304016113e+00
-1.119395732879638672e+00
4.448473930358886719e+00
-1.026712179183959961e+00
-7.833014130592346191e-01
