2.180613517761230469e+00
-1.164924740791320801e+00
-5.893955826759338379e-01
5.008587837219238281e+00
3.594603776931762695e+00
1.926489591598510742e+00
1.966213822364807129e+00
3.521182060241699219e+00
2.570963799953460693e-01
-3.845963180065155029e-01
9.387862682342529297e-01
-1.627862602472305298e-01
2.005626074969768524e-02
-1.424121409654617310e-01
7.117700576782226562e-01
6.788791716098785400e-02
1.317683607339859009e-01
-1.499817252159118652e+00
1.297371864318847656e+00
-7.311224341392517090e-01
2.763321697711944580e-01
-9.345577657222747803e-02
-1.502164304256439209e-01
6.095970422029495239e-02
-1.323841661214828491e-01
-1.541238725185394287e-01
3.077003359794616699e-01
-1.319657087326049805e+00
9.228037834167480469e+00
1.048100566864013672e+01
1.328543853759765625e+01
1.528363323211669922e+01
1.553892230987548828e+01
1.749211120605468750e+01
1.916192245483398438e+01
2.026666831970214844e+01
2.357995033264160156e+01
-1.282471060752868652e+00
-7.730082273483276367e-01
-1.235816240310668945e+00
4.356208145618438721e-01
-7.703658938407897949e-01
-7.667432427406311035e-01
7.080089449882507324e-01
1.191424965858459473e+00
5.050097703933715820e-01
3.506885468959808350e-01
-3.976650238037109375e-01
3.459909558296203613e-01
-5.314372181892395020e-01
-9.769777655601501465e-01
1.497530817985534668e+00
4.579822421073913574e-01
-1.881737709045410156e+00
-8.235049247741699219e-01
-6.148802116513252258e-03
-7.520148903131484985e-02
-3.604508563876152039e-02
9.458651393651962280e-02
1.606054067611694336e+00
-6.763800382614135742e-01
-2.896046042442321777e-01
-1.589498996734619141e+00
-7.859932631254196167e-02
-3.870218098163604736e-01
-1.596123337745666504e+00
1.086281061172485352e+00
5.383512973785400391e+00
-3.206678152084350586e+00
1.465026378631591797e+00
5.268343925476074219e+00
-6.723734855651855469e+00
2.614349842071533203e+00
-1.406108260154724121e+00
-2.047821760177612305e+00
4.994820594787597656e+00
4.573542177677154541e-01
4.957306385040283203e-01
-3.441391944885253906e+00
1.525955557823181152e+00
-2.034772872924804688e+00
4.947340965270996094e+00
-1.036842614412307739e-01
2.546970844268798828e-01
7.861807942390441895e-02
3.439981639385223389e-01
2.143570333719253540e-01
-9.617267549037933350e-02
1.069214105606079102e+00
6.325703263282775879e-01
-8.262755274772644043e-01
-1.082228124141693115e-01
9.611239284276962280e-02
-3.157043457031250000e-01
9.538237750530242920e-02
-1.263551563024520874e-01
-1.650106459856033325e-01
-2.127207964658737183e-01
8.351875543594360352e-01
4.092365503311157227e-01
5.873905867338180542e-02
-1.112485378980636597e-01
2.773819863796234131e-01
2.856592237949371338e-01
-1.875877529382705688e-01
1.116712465882301331e-01
3.148516416549682617e-01
6.904366016387939453e-01
-2.155693322420120239e-01
1.415939331054687500e-01
1.104129552841186523e+00
2.161704003810882568e-01
-2.043852329254150391e+00
1.140620708465576172e+00
-2.461683154106140137e-01
-2.251012325286865234e+00
1.416341662406921387e+00
-6.730762124061584473e-02
5.420961380004882812e-01
2.375224232673645020e-01
-2.509491443634033203e-01
-2.537980377674102783e-01
-1.396806538105010986e-02
1.284167408943176270e+00
-1.140625327825546265e-01
3.280943632125854492e-01
9.197741746902465820e-01
-9.232311844825744629e-01
4.662578403949737549e-01
1.743225753307342529e-01
1.606715321540832520e-01
-1.822774708271026611e-01
2.221863716840744019e-01
-4.124045372009277344e-01
7.048475742340087891e-01
-3.994564414024353027e-01
-9.207021445035934448e-02
2.510538995265960693e-01
-6.574485450983047485e-03
-2.367013841867446899e-01
6.499683260917663574e-01
-8.007681369781494141e-01
1.180154383182525635e-01
9.499899148941040039e-01
3.085512518882751465e-01
-2.222972214221954346e-01
1.479708403348922729e-01
-1.380178183317184448e-01
1.126866936683654785e-01
-5.029357671737670898e-01
2.260209023952484131e-01
7.927191443741321564e-03
6.827304363250732422e-01
7.293177302926778793e-03
1.605230420827865601e-01
7.921654582023620605e-01
2.874593138694763184e-01
-1.791330695152282715e+00
5.063367486000061035e-01
-2.513406872749328613e-01
-2.054699897766113281e+00
2.549512386322021484e-01
-8.969186544418334961e-01
4.543045535683631897e-02
1.102482557296752930e+00
-5.317778587341308594e-01
4.786677658557891846e-01
-3.821163475513458252e-01
1.144250761717557907e-02
-1.157155513763427734e+00
6.114416718482971191e-01
-1.159608483314514160e+00
-8.845384232699871063e-03
-6.552864331752061844e-03
-4.545853473246097565e-03
8.102749474346637726e-03
-4.033069126307964325e-03
8.329580537974834442e-03
-5.773097742348909378e-03
2.679208701010793447e-04
6.793798413127660751e-03
9.184214286506175995e-03
9.480920271016657352e-04
6.138021853985264897e-05
-1.087025390006601810e-03
9.574331343173980713e-03
-4.504243843257427216e-03
9.141306392848491669e-03
1.733182114548981190e-03
9.517365135252475739e-03
-4.937327466905117035e-03
4.084683489054441452e-03
4.297120030969381332e-04
3.874427638947963715e-03
-3.307619597762823105e-03
-4.173683468252420425e-03
-3.675955580547451973e-03
-9.163426235318183899e-03
-7.590968627482652664e-03
-1.469229231588542461e-03
5.519219674170017242e-03
7.342386059463024139e-03
-7.482001557946205139e-03
9.714358486235141754e-03
-4.363856744021177292e-03
7.353531662374734879e-03
-7.420188281685113907e-03
4.982938058674335480e-03
-3.744633169844746590e-03
7.111510727554559708e-03
6.729866378009319305e-03
-1.840116805396974087e-03
9.010265581309795380e-03
-7.587842177599668503e-03
3.095493186265230179e-03
8.669167757034301758e-03
1.105805393308401108e-03
9.679503440856933594e-01
9.426603913307189941e-01
-2.146789789199829102e+00
6.756221652030944824e-01
