-5.516228313402807837e-01
-1.552834557067803045e+00
9.916777586131059197e-01
-3.048165806952183865e-01
-3.493511827082512178e-01
-1.570981378479860302e+00
-1.525538504067509502e-02
-8.899024013979304204e-01
9.821185153208199514e-01
-1.347134173586418848e+00
-9.846265217729981423e-01
-2.079454592743839481e+00
-5.054117229186064764e-01
-2.152911921835231890e-01
-1.410252589108339061e+00
7.645421339078749545e-01
-4.508009990722337545e-01
2.457980541166819299e-01
-7.370805874999870888e-02
-2.260300589092243684e-01
1.395571975696813238e-01
-8.248230013399013849e-01
-6.202106831721782010e-01
3.956546453181797318e-01
8.292516281486965735e-01
-4.902634007853625686e-01
-1.221861889119319589e+00
-2.365359760396434363e-01
5.716221791358226841e-03
-1.219033403766435208e+00
-6.368253418974552105e-01
-3.401624283716503383e-01
-7.270292399904405845e-02
-6.647369203393843629e-01
-6.631636353193990363e-01
-2.901772062226217197e-01
6.929906842477175921e-01
-1.297576550013717078e+00
-7.134826694583156215e-01
4.747136683424105774e-01
-2.755527069148237529e-01
7.150818864504768779e-01
-2.405778849835487065e-01
-7.786804218063873018e-01
-3.044900259561219569e-01
1.867529779024493797e-01
8.159520667106699987e-01
2.954814433026849430e-01
-2.702178919499290122e-01
8.193415419621420392e-01
-1.070042122701337695e+00
-1.710820494013553794e-01
3.384772393485679931e-01
-8.249372347792378601e-01
-1.330369023945855211e+00
-8.596125168165406061e-01
-1.029328326468074151e+00
-4.161358545137841536e-01
5.553360745822378819e-01
6.410094205902794329e-02
1.307286055673954950e+00
3.388331271833925906e-01
-1.101297621003380911e+00
-4.908969223718332442e-01
-1.874820859799795625e-01
-3.284308140351104022e-02
-1.785293144610307636e-01
7.371879092338452788e-02
-2.619583015600515652e-01
1.129925915221589999e-01
1.712445552931806947e-01
-8.244601741839853171e-01
1.093991981150997272e+00
4.419605591040019488e-01
-9.525917665570289294e-01
8.141833063942792714e-01
1.901669242798330328e-01
9.274613408816025917e-01
6.418693667600779973e-01
-3.746797464714310966e-01
-4.910734112142663976e-01
6.126445911876453321e-02
-3.612791437473226175e-01
-3.942283371764536692e-01
-1.006220224112883282e-01
-1.026648664387918020e+00
3.084717737398465220e-01
1.065629556296636249e+00
3.164638784150388684e-01
-9.270517740990066313e-01
-6.037000887773121827e-01
-5.559734396830594561e-01
5.794868791556769816e-01
-8.668234780990691224e-01
3.366434246525255580e-01
-3.295057190810476294e-02
-3.922446824223659867e-01
1.280588166799080489e-02
-5.967666314778152098e-02
-1.041149602052932943e+00
-1.011439710979804785e+00
-1.481329519099685355e+00
1.153693888153656699e+00
9.133903038448786260e-01
8.562734870903245810e-01
1.865233025665712085e-01
4.297328749563780748e-01
-1.458223761990518508e+00
3.821963359818131289e-01
-4.615420372456049969e-01
-4.517206630790159272e-01
1.858887450571026778e-01
-9.937135328662470846e-01
-5.705596921492160911e-01
5.064636291584997396e-01
-1.400180064701027849e+00
-1.056587620029308949e+00
-2.719692245482643322e-01
-9.101996392767838229e-01
-6.704244169430753075e-01
-6.687840187745999199e-01
7.157498114687441682e-01
-4.797958340608908800e-01
9.784964725301545374e-02
-4.048338617843484366e-01
6.886679997834790901e-02
3.438931988943949025e-01
6.955856235900963469e-01
-5.052373355038043412e-01
-6.263400025218854861e-01
-7.289993326126277262e-01
1.835872375364685227e-01
-3.756587000125337084e-01
-3.318429571208447726e-01
1.298888140815274705e-01
-1.852453685086124791e-01
5.658045686200789959e-01
-8.470521509655494219e-01
-4.879709069741682281e-01
-2.574376432595358866e-01
2.493053844489930282e-01
-6.623701263964562602e-02
-5.112154447385551803e-01
-1.342089864750011796e-01
2.210711921589424978e-01
7.168708004089253683e-01
6.528131883624000743e-03
-2.878957209176642440e-01
-1.340581969474415394e-02
-6.394983062663239792e-01
-6.218300099976223905e-01
2.062506563792103342e-02
1.720042527132640831e-01
7.513132665590720460e-01
1.992803154901657409e-02
-8.856152749311144712e-01
-5.489040896313698292e-01
3.701274207218445134e-01
7.293940534257187247e-01
8.237229524588637886e-02
4.239708301852800898e-01
9.229378303459187527e-02
-6.223515164662868360e-02
-8.498773538712905973e-02
-3.970695790966733973e-01
4.132648942709401391e-02
7.955596035212961770e-01
7.485966249398772199e-01
-6.599634206057455321e-01
1.744680216320050881e-01
8.071679519840255779e-01
-3.033120639979021149e-01
-8.427114598285219138e-01
8.011735805033451951e-01
-1.093504923399976070e+00
-1.024244117269658361e+00
-3.304952195734043863e-01
1.274439389312451709e+00
9.058622755617862232e-02
1.019448148352446681e+00
-3.169724796163309738e-02
6.217852185191646841e-01
1.041709675931590917e+00
3.145379882270675775e-01
-9.726140435619535785e-01
-1.227690377261166477e+00
6.252719537487388957e-01
-5.120699071086044496e-01
-6.811408807885265260e-01
-1.120776471765430715e+00
1.046836460286355575e+00
4.540422385632021940e-01
6.598465630965375528e-01
-4.709343628937583404e-01
-8.014050132431392859e-01
-1.908157724088344886e-01
1.134105314269860942e+00
2.510337801476135167e-01
-1.359749517611492653e-01
5.410084810965599678e-01
-1.896531338904439146e-02
-4.215629905669638355e-01
-1.142023206553707926e+00
7.544591597757791535e-01
-8.387650834725004501e-01
1.090915011635457676e-01
-5.826024979731172504e-01
1.274915553684761393e+00
3.591998278352381835e-01
1.479101295574111630e+00
4.598695179164712377e-01
3.464632873906902666e-01
-1.546274448675195035e-01
-3.140668225559064552e-01
4.830234477656112912e-01
4.913642330507447253e-01
1.123077841967472068e+00
4.999402201514664412e-01
-6.075875411536305615e-01
2.026012745301413176e-01
7.267273726024296998e-01
-5.308663978799812444e-01
-6.189136832467586613e-01
-4.360367229762622809e-01
-1.950380601472997133e-01
-4.995250483892265669e-01
-2.394141436248513333e-01
-6.063749022574524972e-01
-5.841962421147494089e-01
5.770006603744616269e-01
-5.889500319962486241e-01
6.728404860236496254e-02
-2.249324477524356214e-01
3.913664785817263514e-01
1.562343339221446747e+00
5.239181978587837962e-01
-6.969750241422669745e-01
-1.114606142093115676e-01
8.562940658113699088e-01
9.904851136502360598e-01
-9.035101990881577727e-01
-2.418969414579669186e-01
-5.229874497265386141e-02
1.746601381520312080e+00
-9.251337506510055597e-01
5.586713588879328451e-01
8.395153227389093864e-01
-5.329432380406189385e-01
3.191722822103384427e-01
-1.388564034069694197e-01
1.138974291828564050e-01
1.452998698613695849e-01
-3.413358771135149156e-02
1.092951018821799236e+00
-6.464530570954377664e-01
-2.521733689683338109e-01
5.174889245043591268e-01
9.558399522367184709e-01
2.779966538273710430e-01
4.168163444070230317e-01
-1.835440321017016777e-02
-6.927158453041607489e-01
5.374016859562327220e-01
1.525956121049265868e-01
-1.071657086612149312e+00
2.915351740597140751e-01
-7.475485407365193291e-01
-1.837018151364349094e-01
-3.695092546536696276e-02
2.371095806618235546e-01
4.309714002425751311e-01
-1.016130056114429747e+00
8.481046018115950824e-01
5.291003797933437891e-01
-7.039342191781143843e-01
4.698385466018892842e-01
2.570257232777448109e-01
-5.871011236729118954e-01
1.041835604707925134e+00
1.128711859138636225e-01
-1.834638933121597315e-01
-7.136375324852030078e-01
2.993022021750466610e-01
8.207751726838852235e-02
-2.832372019814571318e-01
1.315642461029355337e+00
3.716668721011735510e-01
4.173639596077784175e-02
