7.344757655115017540e-23
1.840708848889892169e+00
2.346334162195216511e+00
1.258606075513510669e+00
1.307005241683300900e+00
5.728471156822317889e-01
-1.285088549662396051e+00
2.741323082212565598e+00
8.429379169935315996e-01
-7.241309772928096189e-01
1.147071814635961529e+00
7.679990980869699779e-01
5.421094712800018645e-01
-7.081640723846437391e-01
9.881584039874512504e-01
6.029526936255221514e+00
6.800292872857228998e-02
7.756643011409292576e+00
-1.057819566206686268e+00
2.412340414090299756e+00
-5.237586587923027004e+00
-6.497987190908852684e-01
8.842342024933226297e-01
-2.897667429701953345e+00
-3.224961039812137997e+00
7.119900108274519746e-02
-1.111090852607677038e+00
-2.390277786104496816e+00
1.877636134498195553e+00
-1.871367271552732081e+00
6.703903765778972179e+00
-6.182787482912872196e-02
3.023691061914349776e-01
1.065666505119206575e-01
-1.730187295698203398e-01
-6.840826829412820220e-02
-1.367838472486264910e-02
3.757057440522227343e-01
2.987707311384859774e-03
9.183296057207913921e-02
-1.362867686272807022e-01
-1.435728227325977768e-01
-7.976243579701462749e-02
-1.758704766993932772e-02
4.768380684010037340e-02
2.735715270525118301e-02
-3.506452762595031469e+00
-5.310523017651618272e-01
2.163652150889840087e+00
-1.457206843027038401e+00
4.242406450309222365e-01
-1.483674751411622639e+00
2.616975832440575078e-01
1.719559973874106862e-01
1.764074987387418969e-01
1.860552503810214864e+00
-2.282929080043465397e-01
-1.880985449829626566e+00
-3.591977188075657357e-01
-2.417661045570919376e-01
-4.355654505417402150e-02
2.199662338292177333e-01
-3.444515725322460642e-01
-3.176953802105774577e-02
7.400612899399768019e-02
-1.701117275832159798e-02
-5.190278387232471341e-02
-2.210163578749975155e-01
-1.539130530051694735e-02
-1.258337351225867762e-01
-5.746988184402015420e-01
5.954743202927449339e-03
-1.863197596829014868e-01
-1.147796789340089330e+00
6.899358310645250514e-01
-5.597231600088161535e-02
-7.936760212691861271e-01
-2.161005865444717011e-01
-6.426273828958212198e-02
1.041924073407213935e+00
-1.929589935460232220e-01
2.962602862214249178e-01
9.178937322501879992e-01
1.166820144344963422e-02
4.698205345969260205e-01
-1.660870167842849465e+00
1.561447393041670018e-01
-6.075179331626779505e-02
-7.705184219349617281e-02
-1.480217725593087619e-01
3.115984748376409569e-02
6.051943796306310519e-01
-3.413020839404476980e-01
-1.168433825263778036e+00
7.487097989362026529e-02
-5.820763237258266276e-01
-1.569456078440123123e-02
-1.244979768970825434e-01
-1.774202390131459917e-01
-9.317854153563745467e-02
1.353513005728880156e-02
4.257389179322048495e-02
2.170250651832847377e-02
-4.542775322286400630e-02
2.988738567460287425e-03
1.513245040636306549e-01
-8.623644052471257648e-01
-8.807750115641217736e-02
-9.254749441799864362e-02
8.452989910318675637e-02
-2.041417948663151738e-01
-2.219209005896626563e-01
-2.173494065728572011e-01
1.806873774713709246e-01
3.244353423616677112e-01
-1.609187314373086708e-02
4.013286887005835385e-02
8.048743387716879305e-02
-8.865975797921697710e-02
-6.145171519204691013e-02
-1.659966065801222190e-01
-5.620322474978740879e-02
3.004610841567810497e-02
1.038512000379794749e-02
-1.205927190855185342e-02
7.140091095475334382e-02
-1.396052580173163804e-01
8.879549327249741664e-02
-4.109888285716713913e-02
-7.213675605246382128e-02
2.714505422903684684e-02
3.532434918631828236e-01
3.196205835794398986e-01
1.001387145693179992e-01
-1.956541360152629916e-01
-1.291355017144562023e-01
2.372500883997524096e-02
2.193437842597286899e-02
1.033133229037213274e+00
4.474512706167110832e-02
1.593180427880081518e-01
-2.859927547435812123e-01
-7.987802141002030287e-02
1.243276383009127573e-01
2.152504033311144344e-02
-1.748779469642197437e+00
1.881773643329661128e-01
-4.841196254237196683e-01
-3.845950080385256847e-02
2.371114456191486183e-03
-4.332158779459226450e-01
1.230892185854879362e+00
-3.797293124185594504e-01
-3.340037823136225714e-02
2.247053420350403341e-01
3.149335535653468576e-01
-3.888682853117532146e-01
9.708887724764407867e-01
2.054189857128917995e-01
-3.999500846622675021e-01
4.013378379780449534e-02
2.495645574513855880e-01
-1.047199550969282050e-01
-3.208976008728947060e-01
3.379286842500217047e-01
1.340017228591222853e+00
7.256786487059306623e+00
3.614772464008408209e-02
-2.839152341854574768e+00
7.610342668159798818e-02
-1.027188454180035349e+00
7.715418300084232461e-01
5.744492197577486525e-01
3.002435217034205572e-01
1.618737547026110946e+00
2.111784183021796490e+00
-3.475504140302114187e-01
-3.315946711766262656e+00
-2.857372615556561524e-01
-6.340277132091769463e-01
5.499151142097480349e-01
1.505090966409844411e+00
8.499540788445414385e-02
-3.714041699487486414e-01
3.330835902516977032e-01
4.302751761295387639e-02
4.729841833973138510e-01
7.842966591647593244e-01
6.989353318229653000e-01
2.617973533841305711e-01
1.032373936259350256e+00
3.711766629688330599e-01
1.645489194895262797e+00
1.611801310017608735e+00
1.959186295768344244e-01
-1.365024448624974962e+00
3.794101017131379372e-01
-2.556222771584841791e-01
-5.272847285991922872e-01
4.367231633245884925e-01
-2.632938394102326995e+00
2.533664300649178802e-01
1.644866029038998922e+00
4.042543056310759358e-02
2.408354030430056358e+00
2.826324995352795869e-02
-9.782584593201953949e-02
2.932821493626724396e-01
-9.975049464819871203e-02
-1.757555661009142511e-01
-3.396610557511986483e-02
-6.925964366425627072e-02
2.917174169004793649e-01
-1.259715216119711712e-01
-1.937683251288568331e-01
2.428901974062842584e-01
1.840025371681763833e+00
-1.650282767090432701e-01
-1.853439785473143947e-02
1.041830537647681944e-02
1.121251716712079877e-01
-4.833708810258107724e-01
-5.221469752058222058e-01
6.020570600599003397e-01
2.987797609054531622e-01
-1.871108897479557998e+00
1.162566151455763475e+00
3.440725145066338420e-01
-5.631644194754544808e-01
3.096792352450983277e-01
6.281009883457987497e-01
3.071948781871791309e-02
-3.133955395707864189e-01
-3.164478450296254186e-02
6.833776313592634377e-01
1.696707904566865099e-01
4.466206584152386527e-02
2.132236847826928516e-01
-3.086551454531313854e-01
1.628588605223805011e-02
4.769289029039856104e-02
2.454233840137807210e-01
2.323339537002467314e-01
2.494797273459334053e-01
6.800705953044958174e-02
-1.503092524037467348e-01
-1.226324271488674483e-01
3.232570629777007376e-01
-4.403230583346136595e-01
-5.329798022900763543e-01
1.240537149724220578e+00
-1.602774338447612856e-01
8.737526210101520530e-02
1.164333041305727567e+00
1.398050203518583501e-01
8.276536314738753841e-01
-2.806100588972358922e-01
2.109627030205602216e-01
-2.245038946682726522e+00
3.409147681436564548e-01
-1.159939189488752576e-01
1.614631747886088875e-01
-4.408667713813365641e-01
2.763794725139842035e-01
-1.057391606219134916e-01
2.980478691636862631e+00
5.107403373551462344e-01
1.919045163319652303e-01
5.228040295353857392e-01
1.313189014197023496e+00
5.379378886557812045e+00
5.036192294406435233e-01
-2.485932003991131261e-04
-7.554270527624541579e-04
