1.914572238922119141e+00
4.777227878570556641e+00
3.926176786422729492e+00
1.549842715263366699e+00
2.169530630111694336e+00
3.414508342742919922e+00
-6.615995168685913086e-01
8.548785448074340820e-01
-6.474125385284423828e-01
-5.343986153602600098e-01
1.191450119018554688e+00
-5.387380123138427734e-01
-2.981338500976562500e-01
-4.793054163455963135e-01
-2.723870277404785156e-01
-4.520187079906463623e-01
3.198838829994201660e-01
2.262453287839889526e-01
-6.864380836486816406e-01
1.330334091186523438e+01
1.528180694580078125e+01
1.031567192077636719e+01
1.727046012878417969e+01
1.910030174255371094e+01
2.271532058715820312e+01
-7.101157307624816895e-01
2.705399096012115479e-01
-4.038586094975471497e-02
2.069045901298522949e-01
-4.242358803749084473e-01
5.550234317779541016e-01
-5.257000327110290527e-01
4.903309792280197144e-02
-9.241761565208435059e-01
2.849339246749877930e-01
1.059231758117675781e+00
3.075571358203887939e-01
-6.267685294151306152e-01
-1.546941548585891724e-01
1.622635960578918457e+00
8.531529903411865234e-01
-1.288568228483200073e-01
-9.408798217773437500e-01
4.794411733746528625e-02
3.527011871337890625e-01
-4.960092067718505859e+00
5.677377581596374512e-01
-8.144247531890869141e-02
-2.595712840557098389e-01
6.602641940116882324e-02
-4.224833101034164429e-02
9.051941037178039551e-01
1.209656119346618652e+00
5.399767756462097168e-01
-4.517882764339447021e-01
2.446236908435821533e-01
-2.486856877803802490e-01
1.857054978609085083e-01
1.926745623350143433e-01
7.962114810943603516e-01
3.726227581501007080e-01
1.367255896329879761e-01
2.224510312080383301e-01
4.873248338699340820e-01
4.360328614711761475e-01
-1.009246110916137695e+00
1.500174283981323242e+00
1.286678165197372437e-01
-1.032383292913436890e-01
2.708612382411956787e-01
-2.026607841253280640e-01
3.825831711292266846e-01
-4.985330104827880859e-01
-5.375928282737731934e-01
-1.030321359634399414e+00
5.687279105186462402e-01
-3.087849915027618408e-01
1.438867092132568359e+00
-2.751262187957763672e-01
-1.002478674054145813e-01
-4.392908811569213867e-01
2.426490485668182373e-01
-3.166099190711975098e-01
-4.257348924875259399e-02
-6.654508113861083984e-01
-5.493116378784179688e-02
8.560912609100341797e-01
-1.212684869766235352e+00
-4.225114826112985611e-03
3.109926474280655384e-04
-2.341008279472589493e-03
5.830979440361261368e-03
-9.505923837423324585e-03
-4.788002988789230585e-04
-3.550755092874169350e-03
5.427016876637935638e-03
-8.961975574493408203e-03
8.032963611185550690e-03
-7.787698879837989807e-03
-8.476659655570983887e-03
-2.150286920368671417e-03
3.270492423325777054e-03
-5.687013734132051468e-03
1.815740950405597687e-03
5.073443520814180374e-03
3.286538645625114441e-03
7.885928265750408173e-03
-2.767383586615324020e-03
-9.357278235256671906e-03
1.435870647430419922e+00
9.500280022621154785e-01
-2.027943372726440430e+00
7.939493656158447266e-01
