1.045988941192626953e+01
1.543145370483398438e+01
1.005683231353759766e+01
1.156830024719238281e+01
1.178169441223144531e+01
1.543131351470947266e+01
1.543130302429199219e+01
1.543135643005371094e+01
1.543159008026123047e+01
1.287859344482421875e+01
1.548708820343017578e+01
1.543629455566406250e+01
1.543146228790283203e+01
1.291608238220214844e+01
1.053585529327392578e+01
1.071245288848876953e+01
3.588975667953491211e+00
8.215442657470703125e+00
3.889763832092285156e+00
4.340578079223632812e+00
9.271412849426269531e+00
-7.473317146301269531e+00
-3.953151702880859375e+00
-2.976651191711425781e+00
3.475665092468261719e+00
1.085867309570312500e+01
9.894635081291198730e-01
-1.356566429138183594e+00
1.138793110847473145e+00
1.761926293373107910e+00
4.948444843292236328e+00
-5.771135807037353516e+00
8.790139108896255493e-02
1.086566257476806641e+01
6.537758745253086090e-03
-5.427355766296386719e+00
3.061889111995697021e-01
-5.894326210021972656e+00
-5.981736183166503906e+00
-3.522744655609130859e+00
-3.341049671173095703e+00
4.052361249923706055e-01
-3.075700759887695312e+00
-2.643928527832031250e+00
-2.581474065780639648e+00
9.742615818977355957e-01
4.074581146240234375e+00
6.977757453918457031e+00
-3.074208259582519531e+00
5.097795486450195312e+00
2.622572779655456543e-01
-4.344599723815917969e+00
1.900814175605773926e-01
-8.170928955078125000e+00
-2.302836179733276367e-01
-1.402553796768188477e+00
1.189711332321166992e+00
1.319230794906616211e+00
1.127339458465576172e+01
2.701013803482055664e+00
-6.243108272552490234e+00
4.110270500183105469e+00
-6.918266773223876953e+00
-8.758929371833801270e-01
-4.319986343383789062e+00
7.304522037506103516e+00
-4.183764934539794922e+00
1.341663742065429688e+01
4.207907617092132568e-01
-6.079399958252906799e-02
6.145436286926269531e+00
-1.012418556213378906e+01
-7.005887985229492188e+00
5.904787063598632812e+00
2.366528987884521484e+00
4.448311328887939453e+00
-3.596766233444213867e+00
2.407827854156494141e+00
2.665449857711791992e+00
-1.278549790382385254e+00
4.821665585041046143e-01
7.592537879943847656e+00
1.012655258178710938e+01
8.604640960693359375e+00
-1.445033192634582520e+00
-3.276311397552490234e+00
3.022757768630981445e+00
7.470225691795349121e-01
-4.189430236816406250e+00
-4.162775039672851562e+00
-1.295739531517028809e+00
-2.189712524414062500e-01
1.213558673858642578e+00
7.823791980743408203e+00
-4.487900733947753906e+00
8.078401565551757812e+00
6.926457405090332031e+00
-1.809631705284118652e+00
-2.773030996322631836e+00
-7.261475563049316406e+00
5.175404071807861328e+00
4.515096545219421387e-01
1.683567523956298828e+00
-3.642664432525634766e+00
9.367970824241638184e-01
4.701716423034667969e+00
-9.728446006774902344e+00
-2.678800106048583984e+00
5.024380683898925781e-01
-2.244378805160522461e+00
-3.852556049823760986e-01
-5.130527973175048828e+00
6.492943286895751953e+00
1.013099670410156250e+00
-5.148857116699218750e+00
-6.122177124023437500e+00
4.904823303222656250e+00
-6.031224504113197327e-02
-3.246253430843353271e-01
-3.002892017364501953e+00
-2.360530853271484375e+00
3.672459602355957031e+00
5.466121673583984375e+00
8.139168739318847656e+00
6.300108909606933594e+00
-6.066682934761047363e-01
6.073170661926269531e+00
-9.155638813972473145e-01
1.651790499687194824e+00
1.211186504364013672e+01
6.721942424774169922e-01
2.063207149505615234e+00
1.429380774497985840e+00
8.859266638755798340e-01
-1.969355717301368713e-02
-5.645210146903991699e-01
-6.972776055335998535e-01
5.599890232086181641e+00
-4.005463600158691406e+00
2.581779003143310547e+00
-1.034978866577148438e+01
7.202309131622314453e+00
-6.589802503585815430e-01
-1.691882371902465820e+00
3.007334709167480469e+00
-2.281119346618652344e+00
-7.231353759765625000e+00
2.407862424850463867e+00
-7.002685546875000000e+00
3.638399600982666016e+00
-1.209815263748168945e+00
-1.802862882614135742e+00
2.194617033004760742e+00
-7.017987370491027832e-01
-1.044486761093139648e+00
2.168667793273925781e+00
-3.671431541442871094e+00
-2.091703891754150391e+00
4.246351242065429688e+00
-2.471432209014892578e+00
4.133896350860595703e+00
-9.345278143882751465e-01
-2.624800205230712891e-01
3.630033969879150391e+00
-1.997466802597045898e+00
-2.206532478332519531e+00
2.920043945312500000e+00
1.894517183303833008e+00
1.881163716316223145e+00
3.564617395401000977e+00
-1.830058574676513672e+00
4.436644554138183594e+00
-1.233000755310058594e+00
1.785435080528259277e+00
-8.831030726432800293e-01
-2.439353704452514648e+00
-2.660283565521240234e+00
-3.055590689182281494e-01
2.670312643051147461e+00
-7.847860455513000488e-01
2.427735328674316406e+00
3.143875598907470703e+00
2.499422788619995117e+00
-2.742396593093872070e+00
4.769856452941894531e+00
3.618122339248657227e+00
-3.459257125854492188e+00
2.207174539566040039e+00
2.501773595809936523e+00
2.140681982040405273e+00
1.476460456848144531e+00
3.493820726871490479e-01
-9.406720399856567383e-01
4.480815410614013672e+00
1.015579104423522949e-01
4.044970273971557617e-01
2.486468255519866943e-01
3.283135652542114258e+00
2.376651525497436523e+00
1.832538723945617676e+00
3.067296743392944336e+00
-1.057102799415588379e+00
-2.880681514739990234e+00
-1.571285724639892578e-01
4.192899540066719055e-02
-1.737970113754272461e+00
-1.416962027549743652e+00
-2.426089048385620117e+00
-1.198459148406982422e+00
8.806493282318115234e-01
-4.146282672882080078e+00
9.675177335739135742e-01
-9.519829154014587402e-01
1.702029109001159668e+00
4.210064411163330078e-01
-1.213193178176879883e+00
-5.536198019981384277e-01
3.349215269088745117e+00
-7.739768028259277344e-01
-2.625498533248901367e+00
-2.967989444732666016e+00
-2.282766819000244141e+00
2.285618305206298828e+00
-3.273188322782516479e-02
2.633406400680541992e+00
-3.005563616752624512e-01
3.429395437240600586e+00
4.777428880333900452e-02
3.265455961227416992e+00
-2.787979364395141602e+00
2.504658460617065430e+00
2.199819982051849365e-01
1.203009366989135742e+00
-2.161754131317138672e+00
-3.766651391983032227e+00
-4.306179285049438477e-01
3.641671895980834961e+00
-1.757878959178924561e-01
4.395492374897003174e-01
2.015852779150009155e-01
3.915691137313842773e+00
-1.343019962310791016e+00
-1.018593549728393555e+00
-3.289651155471801758e+00
3.983709812164306641e+00
2.110810041427612305e+00
-1.281021088361740112e-01
3.014074563980102539e-01
2.295413494110107422e+00
-1.470637321472167969e+00
1.100857973098754883e+00
4.353468418121337891e+00
-1.842992544174194336e+00
3.306788206100463867e+00
1.021553203463554382e-01
3.576181411743164062e+00
2.761577367782592773e+00
-1.660661458969116211e+00
-2.909628152847290039e-01
5.727779269218444824e-01
-2.645380735397338867e+00
7.248211652040481567e-02
-9.035121202468872070e-01
1.382972836494445801e+00
3.296883583068847656e+00
-3.206309080123901367e+00
1.212171435356140137e+00
-1.787464022636413574e+00
1.338504314422607422e+00
1.364042758941650391e-01
3.595269024372100830e-01
4.684029519557952881e-01
-2.846177816390991211e-01
-4.711048305034637451e-01
-1.318014740943908691e+00
-9.167459607124328613e-01
-1.124384284019470215e+00
-3.462702751159667969e+00
-2.723279714584350586e+00
3.651053667068481445e+00
2.527777910232543945e+00
-2.688599348068237305e+00
-1.357802271842956543e+00
4.068922519683837891e+00
-1.889906048774719238e+00
-9.295048117637634277e-01
3.613920927047729492e+00
2.686753511428833008e+00
2.293033361434936523e+00
-3.257707357406616211e-01
-4.099911153316497803e-01
2.441837310791015625e+00
-3.481380224227905273e+00
-1.362716317176818848e+00
3.500718832015991211e+00
-2.368331670761108398e+00
4.227334499359130859e+00
-9.217771887779235840e-01
-4.079594835638999939e-02
3.612205982208251953e+00
-1.340940833091735840e+00
-2.220649003982543945e+00
2.446541547775268555e+00
2.083242893218994141e+00
1.231918931007385254e+00
2.776406764984130859e+00
-5.983361601829528809e-01
3.699731826782226562e+00
-5.055193975567817688e-02
1.823981761932373047e+00
-3.250526189804077148e-01
-1.444059848785400391e+00
-2.735286235809326172e+00
4.165123701095581055e-01
2.983398675918579102e+00
-1.024982571601867676e+00
2.440380811691284180e+00
3.228397846221923828e+00
2.499718427658081055e+00
-2.669352293014526367e+00
4.633412361145019531e+00
3.828665256500244141e+00
-3.412334918975830078e+00
1.569456219673156738e+00
2.927708148956298828e+00
2.612112522125244141e+00
1.912313222885131836e+00
-1.812235414981842041e-01
-1.024687528610229492e+00
4.333558082580566406e+00
-3.714524805545806885e-01
-6.943573355674743652e-01
1.117344379425048828e+00
2.760879993438720703e+00
1.643339157104492188e+00
1.496319532394409180e+00
3.402577400207519531e+00
-8.790729641914367676e-01
-3.196570396423339844e+00
4.515970945358276367e-01
-2.965887188911437988e-01
-2.421674966812133789e+00
-8.652300834655761719e-01
-3.114249229431152344e+00
-2.040098428726196289e+00
6.168165802955627441e-01
-3.236660003662109375e+00
1.273034095764160156e+00
-8.634067177772521973e-01
1.722081065177917480e+00
-1.066234335303306580e-01
-1.468042850494384766e+00
-2.236250555142760277e-03
3.862248897552490234e+00
-3.477871119976043701e-01
-1.811527490615844727e+00
-2.992244005203247070e+00
-2.225280284881591797e+00
8.306645154953002930e-01
9.043315649032592773e-01
1.159910678863525391e+00
-8.050315380096435547e-01
2.922643184661865234e+00
1.750175803899765015e-01
2.474107265472412109e+00
-2.278468370437622070e+00
2.280035734176635742e+00
4.456224739551544189e-01
1.876582264900207520e+00
-2.666879415512084961e+00
-2.825251817703247070e+00
-1.925647407770156860e-01
3.332924842834472656e+00
4.098790884017944336e-01
4.966568052768707275e-01
3.009375929832458496e-01
4.111044883728027344e+00
-8.248968124389648438e-01
-1.110146045684814453e+00
-3.464282274246215820e+00
3.426549673080444336e+00
1.858481287956237793e+00
-2.508829236030578613e-01
2.062340080738067627e-02
1.195297479629516602e+00
-1.797901511192321777e+00
2.870511114597320557e-01
4.076098918914794922e+00
-1.328050136566162109e+00
2.763083696365356445e+00
-2.753806710243225098e-01
3.598273277282714844e+00
2.417860031127929688e+00
-1.091639280319213867e+00
-8.432294130325317383e-01
8.507784456014633179e-02
-2.148930311203002930e+00
-2.589217722415924072e-01
-7.288261651992797852e-01
1.838489294052124023e+00
3.744528055191040039e+00
-2.997459173202514648e+00
1.962602972984313965e+00
-4.466991126537322998e-01
7.613030672073364258e-01
8.764402270317077637e-01
-3.437574505805969238e-01
8.209072947502136230e-01
-1.792043298482894897e-01
-1.130377769470214844e+00
-1.787737369537353516e+00
-5.663146972656250000e-01
-1.294920206069946289e+00
-3.152441501617431641e+00
-3.196064472198486328e+00
2.584455490112304688e+00
2.453053951263427734e+00
-3.310934066772460938e+00
-1.130070805549621582e+00
2.870688676834106445e+00
-1.669446945190429688e+00
-1.521559953689575195e+00
3.551961421966552734e+00
2.933504343032836914e+00
-7.217984199523925781e-01
