1.023364734649658203e+01
1.544477272033691406e+01
9.877270698547363281e+00
1.080673885345458984e+01
1.200332736968994141e+01
1.554280281066894531e+01
1.544838333129882812e+01
1.545325183868408203e+01
1.544491195678710938e+01
1.302888584136962891e+01
1.555638122558593750e+01
1.589424896240234375e+01
1.553809833526611328e+01
1.329889106750488281e+01
9.419197082519531250e+00
1.049845504760742188e+01
3.626708745956420898e+00
8.497919082641601562e+00
3.875101804733276367e+00
3.683609008789062500e+00
8.743973731994628906e+00
-7.719392776489257812e+00
-3.920833587646484375e+00
-3.120848417282104492e+00
4.155049800872802734e+00
1.149932575225830078e+01
9.018076062202453613e-01
-1.531155467033386230e+00
3.784362971782684326e-01
1.727644562721252441e+00
4.968068122863769531e+00
-5.943143367767333984e+00
4.023272171616554260e-02
1.091639900207519531e+01
-3.749076128005981445e-01
-6.000820636749267578e+00
-1.584538072347640991e-02
-6.268097400665283203e+00
-5.960393428802490234e+00
-3.078112125396728516e+00
-3.048810005187988281e+00
5.235871672630310059e-01
-2.981033563613891602e+00
-2.879845857620239258e+00
-2.697657585144042969e+00
1.614410519599914551e+00
3.733245134353637695e+00
7.029688835144042969e+00
-2.443726301193237305e+00
5.632929801940917969e+00
3.968870937824249268e-01
-4.079886436462402344e+00
1.995901912450790405e-01
-8.443994522094726562e+00
-5.903462767601013184e-01
-1.676790118217468262e+00
1.259620666503906250e+00
1.637393474578857422e+00
1.154280948638916016e+01
2.574410200119018555e+00
-6.174674034118652344e+00
5.132738113403320312e+00
-6.254853248596191406e+00
-4.114418625831604004e-01
-4.480172157287597656e+00
7.991239070892333984e+00
-4.312743663787841797e+00
1.357947063446044922e+01
2.353313565254211426e-01
-3.561623096466064453e-01
6.834424018859863281e+00
-1.003467369079589844e+01
-6.554046630859375000e+00
6.191174507141113281e+00
2.142209291458129883e+00
4.863150119781494141e+00
-4.062427997589111328e+00
2.787628412246704102e+00
2.689116716384887695e+00
-1.917075514793395996e+00
1.448626816272735596e-01
7.894033432006835938e+00
1.073066806793212891e+01
8.942057609558105469e+00
-7.175101637840270996e-01
-3.744865894317626953e+00
3.110625743865966797e+00
1.405371546745300293e+00
-3.830177068710327148e+00
-4.400631427764892578e+00
-1.827619791030883789e+00
1.598510622978210449e+00
1.067864775657653809e+00
8.090358734130859375e+00
-5.179906845092773438e+00
8.336817741394042969e+00
6.818599224090576172e+00
-2.177291154861450195e+00
-2.770616531372070312e+00
-7.421387672424316406e+00
5.095870018005371094e+00
-9.108200669288635254e-01
2.184175491333007812e+00
-3.671873807907104492e+00
1.136544108390808105e+00
5.224874496459960938e+00
-9.874683380126953125e+00
-2.513475179672241211e+00
4.983665645122528076e-01
-2.639427423477172852e+00
-1.154079735279083252e-01
-5.117399215698242188e+00
7.056978702545166016e+00
1.423160791397094727e+00
-5.030520439147949219e+00
-6.176479339599609375e+00
4.807933330535888672e+00
-3.101278841495513916e-01
5.073066949844360352e-01
-3.169538497924804688e+00
-1.899616599082946777e+00
3.674013614654541016e+00
5.331223964691162109e+00
7.999889850616455078e+00
6.505628108978271484e+00
-3.309354186058044434e-01
6.611850738525390625e+00
-5.399739742279052734e-01
1.320960760116577148e+00
1.210373973846435547e+01
9.035212397575378418e-01
2.026546001434326172e+00
2.002781152725219727e+00
1.687815785408020020e+00
2.522153258323669434e-01
-1.290180683135986328e+00
-1.356019377708435059e+00
5.470055580139160156e+00
-4.728900909423828125e+00
2.729341983795166016e+00
-1.069193267822265625e+01
7.369201183319091797e+00
-8.862301707267761230e-01
-1.050773143768310547e+00
3.433583259582519531e+00
-2.491582155227661133e+00
-7.265981674194335938e+00
2.700465917587280273e+00
-7.219577312469482422e+00
3.234148740768432617e+00
-1.041397809982299805e+00
-1.543460369110107422e+00
2.214643955230712891e+00
-1.574781686067581177e-01
-1.155930519104003906e+00
1.882574796676635742e+00
-3.276183605194091797e+00
-2.184247970581054688e+00
4.815561771392822266e+00
-2.468267679214477539e+00
4.100197315216064453e+00
-5.905837416648864746e-01
-5.920723080635070801e-01
3.160279750823974609e+00
-2.497860908508300781e+00
-2.336910247802734375e+00
2.102373838424682617e+00
2.225034952163696289e+00
2.324038505554199219e+00
3.226242780685424805e+00
-2.544962406158447266e+00
4.840276241302490234e+00
-1.486773014068603516e+00
2.203059196472167969e+00
-1.360610246658325195e+00
-2.747746229171752930e+00
-2.689521312713623047e+00
-5.404407978057861328e-01
2.107400417327880859e+00
-1.159287571907043457e+00
2.175343513488769531e+00
2.371862649917602539e+00
2.777889251708984375e+00
-2.686171770095825195e+00
4.834005355834960938e+00
3.385068178176879883e+00
-3.429994106292724609e+00
1.830924987792968750e+00
2.593890666961669922e+00
2.173093318939208984e+00
1.602631330490112305e+00
5.051862001419067383e-01
-6.822839975357055664e-01
4.436638355255126953e+00
1.963785886764526367e-01
7.993854880332946777e-01
1.666010022163391113e-01
3.320473194122314453e+00
1.859105110168457031e+00
2.119336366653442383e+00
2.936165571212768555e+00
-7.823976874351501465e-01
-2.790475845336914062e+00
5.360403060913085938e-01
7.321818470954895020e-01
-1.430856823921203613e+00
-1.739236950874328613e+00
-2.699459314346313477e+00
-8.193812370300292969e-01
9.263805150985717773e-01
-4.059798240661621094e+00
8.082680702209472656e-01
-6.764604449272155762e-01
1.590716004371643066e+00
4.311202168464660645e-01
-1.398489952087402344e+00
-6.836078763008117676e-01
3.261504650115966797e+00
-5.832508802413940430e-01
-2.970580577850341797e+00
-3.192590236663818359e+00
-2.443268299102783203e+00
2.523366928100585938e+00
-3.319492340087890625e-01
3.356986999511718750e+00
8.397315442562103271e-02
3.630854368209838867e+00
1.207807511091232300e-01
3.420534610748291016e+00
-2.599785089492797852e+00
2.342581510543823242e+00
8.828244209289550781e-01
7.711313366889953613e-01
-2.056833744049072266e+00
-3.987843036651611328e+00
-8.213248252868652344e-01
3.299054145812988281e+00
2.071985751390457153e-01
1.345411688089370728e-01
5.063522458076477051e-01
3.749452590942382812e+00
-1.589144945144653320e+00
-8.935873508453369141e-01
-3.147475719451904297e+00
4.018301963806152344e+00
2.148472547531127930e+00
-2.211294919252395630e-01
5.405747294425964355e-01
2.269035577774047852e+00
-1.545467138290405273e+00
1.655229091644287109e+00
4.222155570983886719e+00
-1.857995390892028809e+00
3.280367374420166016e+00
7.257463932037353516e-01
3.461096286773681641e+00
2.649146795272827148e+00
-1.602341532707214355e+00
1.509110778570175171e-01
4.233720600605010986e-01
-3.201061964035034180e+00
1.603211760520935059e-01
-6.172342300415039062e-01
1.939661622047424316e+00
3.478287220001220703e+00
-2.413930177688598633e+00
7.535162568092346191e-01
-1.197824478149414062e+00
1.817655563354492188e+00
-5.108931101858615875e-03
1.604641914367675781e+00
9.311915636062622070e-01
-5.035876631736755371e-01
-3.995919823646545410e-01
-1.359932541847229004e+00
-6.911816000938415527e-01
-8.824061155319213867e-01
-3.337376117706298828e+00
-2.890262126922607422e+00
3.356734991073608398e+00
2.165875196456909180e+00
-2.474750757217407227e+00
-1.270388841629028320e+00
4.219075679779052734e+00
-1.931598544120788574e+00
-5.474910140037536621e-01
3.614036798477172852e+00
2.724018096923828125e+00
1.830609798431396484e+00
-6.632212400436401367e-01
-9.330865740776062012e-02
3.147042751312255859e+00
-3.304608345031738281e+00
-8.643382191658020020e-01
3.397814512252807617e+00
-1.972681403160095215e+00
4.308378219604492188e+00
-7.043180465698242188e-01
3.056334853172302246e-01
3.470763444900512695e+00
-1.481456041336059570e+00
-1.904579639434814453e+00
2.644559860229492188e+00
2.147507905960083008e+00
1.227061152458190918e+00
3.017370462417602539e+00
-2.964334487915039062e-01
3.797123908996582031e+00
-7.410231977701187134e-02
1.763832449913024902e+00
-2.329915612936019897e-01
-1.425606727600097656e+00
-2.743772029876708984e+00
4.962492287158966064e-01
2.679488420486450195e+00
-1.285362958908081055e+00
2.821126222610473633e+00
3.005795717239379883e+00
2.793412685394287109e+00
-2.728827476501464844e+00
4.088366508483886719e+00
3.748507022857666016e+00
-3.633720636367797852e+00
1.652223587036132812e+00
2.772862672805786133e+00
2.539600610733032227e+00
2.048922777175903320e+00
-8.708314895629882812e-01
-1.007878541946411133e+00
4.121991634368896484e+00
-5.924968719482421875e-01
-1.007137537002563477e+00
1.198568105697631836e+00
1.581478834152221680e+00
1.557003617286682129e+00
1.119088888168334961e+00
3.632826089859008789e+00
-1.266816377639770508e+00
-3.363976240158081055e+00
1.045948863029479980e+00
-3.829156160354614258e-01
-2.536377429962158203e+00
-1.583829879760742188e+00
-3.920167922973632812e+00
-2.642458200454711914e+00
7.938057184219360352e-01
-3.199482917785644531e+00
1.403984904289245605e+00
-7.739524245262145996e-01
1.745236635208129883e+00
-1.209916099905967712e-01
-1.610382080078125000e+00
4.937246143817901611e-01
3.913205623626708984e+00
-9.089744836091995239e-02
-1.932436943054199219e+00
-2.884350776672363281e+00
-2.460653305053710938e+00
9.939225316047668457e-01
8.061551451683044434e-01
1.425604939460754395e+00
-8.306908011436462402e-01
3.017166852951049805e+00
-1.672092080116271973e-01
2.519640922546386719e+00
-2.087459564208984375e+00
1.689805865287780762e+00
9.349230527877807617e-01
1.419143080711364746e+00
-2.653108119964599609e+00
-2.848622798919677734e+00
-3.970278799533843994e-01
3.097291946411132812e+00
1.432179689407348633e+00
3.273679316043853760e-01
6.985501646995544434e-01
4.131736755371093750e+00
-8.267856240272521973e-01
-7.644445300102233887e-01
-3.501255273818969727e+00
3.370089054107666016e+00
1.850003600120544434e+00
-5.115695595741271973e-01
1.901474199257791042e-03
9.745064973831176758e-01
-2.170539855957031250e+00
4.161098897457122803e-01
3.979700803756713867e+00
-1.330651283264160156e+00
2.830828189849853516e+00
-2.736189067363739014e-01
3.402390718460083008e+00
2.083323478698730469e+00
-1.075680851936340332e+00
-9.185640215873718262e-01
1.223838776350021362e-01
-2.571109294891357422e+00
-5.034294351935386658e-02
-6.247828602790832520e-01
2.258993387222290039e+00
3.909429550170898438e+00
-2.475627660751342773e+00
1.693298935890197754e+00
-1.090872883796691895e+00
5.360261201858520508e-01
1.733858942985534668e+00
-1.474023580551147461e+00
7.839941382408142090e-01
1.116904914379119873e-01
-1.136976361274719238e+00
-1.790726780891418457e+00
-6.572942137718200684e-01
-1.332075715065002441e+00
-3.048114776611328125e+00
-3.294970750808715820e+00
1.998084902763366699e+00
2.136904001235961914e+00
-3.121152400970458984e+00
-1.259148478507995605e+00
2.121868848800659180e+00
-1.546156406402587891e+00
-1.312512397766113281e+00
3.345990419387817383e+00
3.078886747360229492e+00
-7.125139236450195312e-01
