1.557176971435546875e+01
1.536517429351806641e+01
1.559613704681396484e+01
7.974653720855712891e+00
1.536522769927978516e+01
7.918373584747314453e+00
1.020231914520263672e+01
1.105455970764160156e+01
6.585105895996093750e+00
3.206997394561767578e+00
4.585277080535888672e+00
6.413555145263671875e+00
1.179821118712425232e-01
-1.012388420104980469e+01
-4.287537097930908203e+00
-5.453629493713378906e+00
1.940222859382629395e+00
-4.091041982173919678e-01
4.107697010040283203e+00
-2.099843025207519531e+00
8.599693298339843750e+00
4.303984344005584717e-01
-6.462888240814208984e+00
2.451589345932006836e+00
2.780017614364624023e+00
-2.404864311218261719e+00
4.745258808135986328e+00
-4.042395591735839844e+00
-5.456841468811035156e+00
8.483815938234329224e-02
-1.220545291900634766e+01
-4.410603046417236328e+00
1.261970424652099609e+01
1.162225627899169922e+01
-1.493134498596191406e+00
2.569403171539306641e+00
-2.019944906234741211e+00
-5.916141033172607422e+00
5.229687094688415527e-01
5.222222805023193359e+00
-9.152326583862304688e+00
5.733213424682617188e+00
4.408286571502685547e+00
-8.832233428955078125e+00
-2.029713392257690430e+00
-1.170242905616760254e+00
1.258210897445678711e+00
4.985983848571777344e+00
2.179471969604492188e+00
2.887098550796508789e+00
-2.214505195617675781e+00
1.079851388931274414e+00
-9.317246675491333008e-01
5.108309388160705566e-01
-1.281799077987670898e+00
7.803634405136108398e-01
2.489029884338378906e+00
-1.604851484298706055e+00
3.722456216812133789e+00
-7.791680097579956055e-01
4.203995764255523682e-01
5.912945270538330078e-01
2.526584148406982422e+00
-5.861715078353881836e-01
2.129535436630249023e+00
-2.471055269241333008e+00
3.202681303024291992e+00
-1.629743337631225586e+00
-1.343559980392456055e+00
1.398124456405639648e+00
-1.804785013198852539e+00
-3.445407629013061523e+00
3.176161646842956543e-01
6.530179977416992188e-01
-7.856320589780807495e-02
-2.960925102233886719e+00
4.763857841491699219e+00
4.460825920104980469e+00
5.776957035064697266e+00
-4.319941043853759766e+00
-1.448903203010559082e+00
1.637232899665832520e+00
1.100205540657043457e+00
4.215322494506835938e+00
6.654596924781799316e-01
1.463763952255249023e+00
-1.937625885009765625e+00
6.632202863693237305e-01
-2.002893447875976562e+00
-1.504801809787750244e-01
-1.384545445442199707e+00
1.569758772850036621e+00
2.631586790084838867e+00
7.303133606910705566e-01
1.719954609870910645e+00
4.020643830299377441e-01
1.452708363533020020e+00
1.383390426635742188e+00
2.379595994949340820e+00
-2.258988469839096069e-01
2.521434783935546875e+00
-2.436817884445190430e+00
2.796453237533569336e+00
-2.246448993682861328e+00
-6.575678586959838867e-01
1.241007089614868164e+00
5.695862174034118652e-01
-3.926864385604858398e+00
9.023444652557373047e-01
5.721101164817810059e-02
-2.123159915208816528e-01
-2.931060075759887695e+00
5.178742885589599609e+00
4.290008068084716797e+00
5.062099933624267578e+00
-3.886279106140136719e+00
-8.848778009414672852e-01
