2.196947097778320312e+00
4.433551132678985596e-01
5.058516502380371094e+00
3.980774879455566406e+00
1.826099157333374023e+00
3.629583597183227539e+00
-1.195318818092346191e+00
-7.928424477577209473e-01
7.252414245158433914e-03
9.458721876144409180e-01
-1.866268396377563477e+00
8.319368958473205566e-01
-2.619430780410766602e+00
7.495953887701034546e-02
4.272157251834869385e-01
-7.978015542030334473e-01
7.929416298866271973e-01
-9.505137801170349121e-01
9.278076887130737305e-01
9.706287384033203125e+00
1.330391979217529297e+01
1.534315299987792969e+01
1.708088493347167969e+01
1.912079429626464844e+01
2.462539482116699219e+01
3.041395664215087891e+00
-8.511040210723876953e-01
8.065212368965148926e-01
-1.476616621017456055e+00
1.224589228630065918e+00
-3.584202051162719727e+00
-7.917851805686950684e-01
-2.060712277889251709e-01
2.809420526027679443e-01
1.019466072320938110e-01
2.372947692871093750e+00
-5.027808547019958496e-01
-1.662298917770385742e+00
3.919561207294464111e-01
-2.890542268753051758e+00
4.773695945739746094e+00
-2.405346155166625977e+00
9.279147148132324219e+00
4.914882183074951172e-01
-5.004524707794189453e+00
1.534188270568847656e+01
1.859269142150878906e+00
1.949818134307861328e-01
3.091179132461547852e-01
-8.671419024467468262e-01
2.339172661304473877e-01
-2.672425508499145508e+00
5.252432227134704590e-01
4.210771620273590088e-01
2.301632910966873169e-01
-4.457871615886688232e-02
-3.794309496879577637e-01
4.165391921997070312e-01
5.697925090789794922e-01
3.849001228809356689e-01
8.920499682426452637e-01
-1.276159644126892090e+00
1.226574301719665527e+00
-3.291934728622436523e+00
-6.457843631505966187e-02
2.215247869491577148e+00
-2.242679119110107422e+00
-1.642600059509277344e+00
-1.410179883241653442e-01
1.129309087991714478e-01
1.076037406921386719e+00
-1.137382030487060547e+00
3.322705507278442383e+00
2.052305340766906738e-01
-2.563551068305969238e-01
-7.080356776714324951e-02
2.999071776866912842e-01
-5.082139372825622559e-01
2.478179633617401123e-01
2.724723219871520996e-01
-2.051949650049209595e-01
5.800952315330505371e-01
-9.247311949729919434e-01
1.293681710958480835e-01
-8.952014446258544922e-01
2.669931650161743164e-01
3.863457739353179932e-01
-3.468657016754150391e+00
4.977929871529340744e-03
9.018299751915037632e-04
3.166940994560718536e-03
1.290600164793431759e-03
7.056987960822880268e-04
-9.535701829008758068e-04
-3.575441194698214531e-03
9.772120043635368347e-03
4.794564563781023026e-03
9.172112680971622467e-03
-4.773210268467664719e-03
1.112891477532684803e-03
-8.328284136950969696e-03
-6.961411796510219574e-03
6.810210645198822021e-03
7.744877599179744720e-03
-6.118028890341520309e-03
5.321670323610305786e-04
1.471725641749799252e-03
5.528242792934179306e-03
-5.068500526249408722e-03
1.457980155944824219e+00
1.047392129898071289e+00
-2.172487735748291016e+00
7.519805431365966797e-01
