1.687371253967285156e+00
-1.322105169296264648e+00
-7.151947617530822754e-01
4.444883346557617188e+00
1.805238485336303711e+00
3.131239414215087891e+00
2.278328418731689453e+00
1.758897066116333008e+00
2.306330919265747070e+00
1.805632591247558594e+00
2.853910684585571289e+00
-2.757688760757446289e-01
8.984600007534027100e-02
3.025857210159301758e-01
-1.402982920408248901e-01
1.689191699028015137e+00
9.766912460327148438e-02
2.641662359237670898e-01
2.833781540393829346e-01
4.504820108413696289e-01
1.973752677440643311e-01
-2.997814714908599854e-01
2.363199740648269653e-01
-5.020029097795486450e-02
-1.112563833594322205e-01
1.230942606925964355e+00
2.681786660104990005e-03
2.227085083723068237e-01
-5.447860360145568848e-01
-1.260788887739181519e-01
-9.834194928407669067e-02
-3.511682748794555664e-01
-1.593474149703979492e-01
1.179730966687202454e-01
4.425288438796997070e-01
-1.546469777822494507e-01
-2.711891233921051025e-01
6.971162557601928711e-01
6.753021478652954102e-02
6.683659553527832031e-01
1.014511108398437500e+01
1.012024116516113281e+01
1.319045925140380859e+01
1.340556430816650391e+01
1.559366989135742188e+01
1.499061870574951172e+01
1.450175285339355469e+01
1.755274009704589844e+01
1.952957153320312500e+01
1.910656356811523438e+01
1.974523544311523438e+01
1.966691398620605469e+01
2.441850280761718750e+01
1.221557617187500000e+00
-1.312067359685897827e-01
2.128883749246597290e-01
-1.436291038990020752e-01
2.958941757678985596e-01
-1.677127182483673096e-01
-3.281127288937568665e-02
1.090639606118202209e-01
2.313322067260742188e+00
-7.871188223361968994e-02
1.428572893142700195e+00
-1.269042015075683594e+00
2.801956176757812500e+00
8.031828999519348145e-01
-8.528941869735717773e-01
-3.034237623214721680e-01
-7.384115457534790039e-01
1.394573211669921875e+00
2.863376855850219727e+00
1.680038124322891235e-01
-5.724977850914001465e-01
-2.314393520355224609e-01
1.068376302719116211e+00
1.844865083694458008e+00
-2.103391647338867188e+00
-3.694540262222290039e-01
-3.753587901592254639e-01
2.078291028738021851e-01
6.411445736885070801e-01
-1.646503567695617676e+00
-5.799077153205871582e-01
5.988517403602600098e-01
3.415726125240325928e-02
1.968827128410339355e+00
-1.475383281707763672e+01
3.540262937545776367e+00
-5.174646377563476562e-01
2.428918778896331787e-01
-9.609038829803466797e-01
1.714789748191833496e+00
1.043825745582580566e+00
-1.109584093093872070e+00
-4.529967531561851501e-02
-2.391703367233276367e+00
2.017644309997558594e+01
-6.668698310852050781e+00
7.878598570823669434e-01
-3.289691507816314697e-01
-2.023815393447875977e+00
-7.364953160285949707e-01
-6.631767153739929199e-01
2.271082997322082520e-01
-1.455781221389770508e+00
-5.244408845901489258e-01
3.402058839797973633e+00
-7.812250256538391113e-01
-2.700459361076354980e-01
-6.092574596405029297e-01
-7.250332236289978027e-01
3.856041431427001953e-01
1.138654232025146484e+00
9.493587017059326172e-01
9.096827507019042969e-01
4.201430797576904297e+00
1.402450680732727051e+00
7.579656839370727539e-01
-2.946179807186126709e-01
3.101511716842651367e+00
-8.182114601135253906e+00
-1.176497817039489746e+00
1.315041065216064453e+00
6.070520281791687012e-01
-8.231386542320251465e-01
-2.783727645874023438e-01
-1.876116514205932617e+00
-3.248088836669921875e+00
1.767414331436157227e+00
-3.075630068778991699e-01
-2.960560619831085205e-01
8.322157263755798340e-01
1.297332286834716797e+00
9.775240719318389893e-02
4.533288180828094482e-01
-5.566371083259582520e-01
1.212146639823913574e+00
1.043096780776977539e+00
-2.992642521858215332e-01
-1.561839878559112549e-01
-9.976090192794799805e-01
-3.350312709808349609e+00
1.051308250427246094e+01
8.119730651378631592e-02
2.259744703769683838e-01
-4.018314480781555176e-01
3.185770511627197266e-01
-4.693860933184623718e-02
3.845899701118469238e-01
1.040160432457923889e-01
-3.654741644859313965e-01
2.146338112652301788e-02
-9.025422930717468262e-01
-8.579123020172119141e-01
-3.558171391487121582e-01
-2.218941785395145416e-02
1.973395645618438721e-01
1.311600953340530396e-01
9.493558108806610107e-02
-7.907175272703170776e-02
2.526954412460327148e-01
-2.400774657726287842e-01
-1.630673408508300781e+00
4.035601615905761719e-01
7.772801518440246582e-01
1.409970760345458984e+00
-6.832228899002075195e-01
8.512941002845764160e-01
1.762779206037521362e-01
5.563690066337585449e-01
-1.096684783697128296e-01
1.943053305149078369e-01
1.679070293903350830e-01
-7.030970603227615356e-02
2.424754574894905090e-02
9.966531395912170410e-02
-6.903649806976318359e+00
5.694309473037719727e-01
-1.639833569526672363e+00
1.617424190044403076e-01
1.643965691328048706e-01
-3.747717738151550293e-01
-1.008210778236389160e-01
-2.768655419349670410e-01
5.312727391719818115e-02
-9.045224636793136597e-02
8.894576072692871094e+00
-1.576507806777954102e+00
6.355322599411010742e-01
1.228485032916069031e-01
2.808195352554321289e-02
3.515417277812957764e-01
4.340095818042755127e-02
2.829208076000213623e-01
2.014955133199691772e-01
-2.716649323701858521e-02
2.473094314336776733e-01
-4.065132141113281250e-01
3.898757696151733398e-01
6.144117712974548340e-01
7.475721836090087891e-02
-1.644747555255889893e-01
6.486079841852188110e-02
1.038290500640869141e+00
2.905450165271759033e-01
-5.293460562825202942e-03
-7.126338481903076172e-01
5.077993869781494141e-01
6.211534738540649414e-01
-3.819646239280700684e-01
-5.708161830902099609e+00
-1.058092117309570312e+00
4.391968846321105957e-01
1.133307665586471558e-01
5.222759246826171875e-01
1.181993260979652405e-01
-7.387091517448425293e-01
2.543570399284362793e-01
4.719628095626831055e-01
-3.103076219558715820e-01
-1.534580588340759277e-01
2.289250493049621582e-01
-5.551030039787292480e-01
-2.899234592914581299e-01
3.081436455249786377e-01
-3.296818435192108154e-01
-2.875067992135882378e-03
-6.488006711006164551e-01
3.460295498371124268e-01
-8.320069313049316406e-01
-1.339820265769958496e+00
2.397341877222061157e-01
1.107010364532470703e+00
3.047833681106567383e+00
-5.677616596221923828e-01
-1.140930205583572388e-01
-4.016566276550292969e-02
2.690305113792419434e-01
-3.067764937877655029e-01
-1.545303612947463989e-01
-9.521772712469100952e-02
5.518878698348999023e-01
-3.876408040523529053e-01
2.200597226619720459e-01
-1.209454774856567383e+00
-1.430646628141403198e-01
5.817794427275657654e-02
-2.201212495565414429e-01
3.586401343345642090e-01
-6.921602785587310791e-02
-3.734674751758575439e-01
1.972712278366088867e-01
-9.360637068748474121e-01
3.527474701404571533e-01
-8.101095557212829590e-01
6.000002622604370117e-01
2.308152914047241211e-01
-4.217376112937927246e-01
3.037888109683990479e-01
-1.414853185415267944e-01
1.235356703400611877e-01
-5.587074160575866699e-02
2.059233635663986206e-01
1.416569203138351440e-01
9.497086703777313232e-02
1.750455647706985474e-01
-6.229561939835548401e-02
-4.947206497192382812e+00
5.756901502609252930e-01
8.779785037040710449e-01
-3.832794725894927979e-02
6.556998938322067261e-02
-4.353930652141571045e-01
-3.254507184028625488e-01
-1.990303630009293556e-03
1.277693063020706177e-01
-7.187959551811218262e-02
8.029429435729980469e+00
-9.408980607986450195e-01
2.339001297950744629e-01
-5.045433528721332550e-03
2.588103897869586945e-02
5.378851294517517090e-01
1.381686478853225708e-01
2.356350272893905640e-01
2.409485401585698128e-03
1.249903589487075806e-01
5.733803510665893555e-01
-8.844889402389526367e-01
7.687652111053466797e-02
1.451376527547836304e-01
2.134897261857986450e-01
-1.743830591440200806e-01
1.660628318786621094e-01
6.302330493927001953e-01
-6.116791963577270508e-01
-9.644740819931030273e-02
-1.338504195213317871e+00
-3.262971639633178711e-01
3.235277235507965088e-01
-2.386146783828735352e-01
-3.396842956542968750e+00
1.172799229621887207e+00
3.068518042564392090e-01
-4.680894017219543457e-01
-1.188629195094108582e-01
1.520768404006958008e-01
-1.351398229598999023e+00
4.394993782043457031e-01
5.383848547935485840e-01
7.459238171577453613e-02
3.032836131751537323e-02
5.347614884376525879e-01
6.320444345474243164e-01
-2.431938610970973969e-02
2.022742927074432373e-01
-2.683348953723907471e-01
-1.723102480173110962e-01
-2.959332764148712158e-01
9.791865199804306030e-02
-8.095628023147583008e-01
-7.005310654640197754e-01
-1.907456964254379272e-01
6.966751813888549805e-02
-2.280580520629882812e+00
-3.106069052591919899e-03
6.861758884042501450e-03
9.770258329808712006e-03
-6.001976784318685532e-03
7.981806062161922455e-03
-9.862302802503108978e-03
-7.384044118225574493e-03
3.918606322258710861e-03
7.264457643032073975e-03
9.839602746069431305e-03
-1.440460793673992157e-03
1.364970696158707142e-03
1.916825422085821629e-03
-2.859855536371469498e-03
7.842330262064933777e-03
8.827607147395610809e-03
9.114870801568031311e-03
7.503503467887639999e-03
2.351160626858472824e-03
7.652764208614826202e-03
8.439343422651290894e-03
-7.176891434937715530e-03
9.763980284333229065e-03
-1.522285048849880695e-03
-5.124583840370178223e-03
1.632927596801891923e-04
9.740479290485382080e-03
6.251997314393520355e-03
7.386313285678625107e-03
7.715857587754726410e-03
5.268097855150699615e-03
-7.061255164444446564e-03
-7.768538314849138260e-03
-6.797772832214832306e-03
-9.750267490744590759e-03
-4.463534802198410034e-03
1.498376950621604919e-03
7.240451872348785400e-03
8.567999117076396942e-03
6.455170921981334686e-03
-4.978488199412822723e-03
6.288664415478706360e-03
8.670307695865631104e-03
-4.824755247682332993e-03
6.870229728519916534e-03
4.897420760244131088e-03
-7.173852995038032532e-03
7.215279154479503632e-03
3.735795617103576660e-03
-1.860667834989726543e-03
-4.065888933837413788e-04
1.160253654234111309e-03
-7.777149789035320282e-03
-5.235060583800077438e-03
2.335425699129700661e-03
2.451617736369371414e-03
7.950440049171447754e-03
7.096861023455858231e-03
7.540641352534294128e-03
-5.378430243581533432e-03
-7.206154521554708481e-03
-2.364480402320623398e-03
6.086339708417654037e-03
8.167706546373665333e-04
-7.029621046967804432e-04
-5.451362114399671555e-03
4.064624197781085968e-03
2.393713453784584999e-03
-8.769406005740165710e-03
-7.897825911641120911e-03
2.941026585176587105e-03
-3.831323003396391869e-03
-7.772916927933692932e-03
5.880319513380527496e-04
-1.610554987564682961e-03
7.083823904395103455e-03
5.603747442364692688e-03
9.053586050868034363e-03
7.592436391860246658e-03
9.782012552022933960e-03
7.908355444669723511e-03
-4.316308069974184036e-03
1.499479170888662338e-03
9.921412914991378784e-03
3.040999639779329300e-03
9.515312500298023224e-03
5.504847969859838486e-03
-7.107399869710206985e-03
-8.326230570673942566e-03
3.446064423769712448e-03
8.155130781233310699e-03
1.277920246124267578e+00
1.099128723144531250e+00
-1.870746374130249023e+00
7.228256464004516602e-01
