1.544581985473632812e+01
1.653153991699218750e+01
1.649895477294921875e+01
1.856509017944335938e+01
5.470290660858154297e+00
8.079429626464843750e+00
4.842656135559082031e+00
2.227228164672851562e+00
-1.603078722953796387e+00
1.551034450531005859e+00
1.031974673271179199e+00
6.616202831268310547e+00
-3.214365959167480469e+00
-1.164069890975952148e+00
-3.924000263214111328e+00
2.255253553390502930e+00
-2.339942693710327148e+00
5.896515846252441406e+00
-2.272847652435302734e+00
5.339688777923583984e+00
2.581626892089843750e+00
-8.929145336151123047e-01
-2.796720743179321289e+00
-3.487838804721832275e-01
-6.585101604461669922e+00
3.548382282257080078e+00
3.683052301406860352e+00
-1.157390308380126953e+01
5.637458801269531250e+00
2.924182891845703125e+00
-1.077681255340576172e+01
-4.274253845214843750e+00
6.221044063568115234e+00
-8.307433128356933594e+00
4.539266586303710938e+00
-3.554736614227294922e+00
5.015250205993652344e+00
-5.656405687332153320e-01
3.622379302978515625e+00
-2.167955875396728516e+00
4.773132324218750000e+00
-5.907259464263916016e+00
-3.047696113586425781e+00
-1.622620701789855957e+00
-5.574930831789970398e-02
4.380719661712646484e+00
-9.939146041870117188e-02
-2.119527578353881836e+00
5.624772548675537109e+00
-5.484147667884826660e-01
-5.116033554077148438e-01
5.986814498901367188e+00
7.996031284332275391e+00
-3.027668476104736328e+00
-3.397792279720306396e-01
-1.210226774215698242e+00
-2.110091894865036011e-01
-3.301390647888183594e+00
4.002319812774658203e+00
-2.444464445114135742e+00
-4.780492782592773438e+00
3.110059976577758789e+00
-2.642279863357543945e+00
1.010444760322570801e+00
-1.042319178581237793e+00
3.163025081157684326e-01
-1.218747440725564957e-02
-5.735422372817993164e-01
4.282889366149902344e+00
-4.082038879394531250e+00
1.121049523353576660e+00
1.701651096343994141e+00
-3.322196900844573975e-01
-1.018504977226257324e+00
1.448378413915634155e-01
3.258745193481445312e+00
2.991838566958904266e-02
-2.321180105209350586e+00
4.652212142944335938e+00
2.481499433517456055e+00
3.632212638854980469e+00
5.693953037261962891e-01
2.544308662414550781e+00
-4.761481285095214844e-02
-9.039951860904693604e-02
-2.304804563522338867e+00
-1.626005887985229492e+00
6.559768319129943848e-01
-1.403775453567504883e+00
2.849435567855834961e+00
4.522821009159088135e-01
1.413739085197448730e+00
