1.328090763092041016e+01
7.931336879730224609e+00
1.595347023010253906e+01
6.415625572204589844e+00
1.691542625427246094e+01
7.826470851898193359e+00
1.108017444610595703e+01
1.544525432586669922e+01
1.583324718475341797e+01
1.570296478271484375e+01
1.092002582550048828e+01
-3.368547201156616211e+00
6.174569606781005859e+00
1.192318916320800781e+01
2.446850776672363281e+00
1.883133172988891602e+00
-1.251750087738037109e+01
2.748413562774658203e+00
-5.763253211975097656e+00
5.355259180068969727e-01
-6.393773555755615234e-01
7.441909790039062500e+00
8.516363143920898438e+00
-1.030334568023681641e+01
-2.478081703186035156e+00
-8.243126869201660156e+00
-8.419658660888671875e+00
4.590566635131835938e+00
-4.016155004501342773e-02
5.723959445953369141e+00
-3.830846071243286133e+00
-5.879248619079589844e+00
1.131840705871582031e+01
4.537809371948242188e+00
3.205337047576904297e+00
-1.528695225715637207e-02
-3.230533838272094727e+00
9.148933410644531250e+00
-3.815840005874633789e+00
-6.659267544746398926e-01
5.713681221008300781e+00
-4.927582263946533203e+00
-9.252975463867187500e+00
5.061081051826477051e-01
-8.164385795593261719e+00
-4.202685654163360596e-01
-9.195158004760742188e+00
2.531828284263610840e-01
1.587892770767211914e+00
1.813947319984436035e+00
-3.318296074867248535e-01
-2.843564510345458984e+00
1.253492951393127441e+00
7.945305347442626953e+00
1.443227171897888184e+00
6.039936065673828125e+00
8.711835861206054688e+00
-8.182141304016113281e+00
6.066944599151611328e-01
1.034266233444213867e+00
-2.101654767990112305e+00
8.273221850395202637e-01
-4.993815898895263672e+00
1.144482731819152832e+00
2.005833864212036133e+00
-3.930428743362426758e+00
4.215173244476318359e+00
-2.869713306427001953e+00
2.168037891387939453e+00
-1.610625982284545898e+00
5.051239490509033203e+00
-6.564171910285949707e-01
2.645185708999633789e+00
-4.287931621074676514e-01
8.018144965171813965e-01
-1.071548581123352051e+00
2.094872951507568359e+00
7.147312909364700317e-02
-2.142433643341064453e+00
6.892958879470825195e-01
-2.606854677200317383e+00
1.552129626274108887e+00
5.768610477447509766e+00
1.426418185234069824e+00
1.525233626365661621e+00
-1.735073447227478027e+00
3.520309448242187500e+00
-3.246005773544311523e+00
2.430529117584228516e+00
3.490230083465576172e+00
2.029052734375000000e+00
-1.043936371803283691e+00
4.583714485168457031e+00
-1.968672394752502441e+00
3.803626537322998047e+00
4.472993850708007812e+00
3.088493585586547852e+00
4.034597575664520264e-01
-1.367370009422302246e+00
-2.770066022872924805e+00
2.609042882919311523e+00
2.229195594787597656e+00
2.906417369842529297e+00
-3.603288412094116211e+00
-2.729322314262390137e-01
-2.963620424270629883e+00
4.408689022064208984e+00
2.124345064163208008e+00
-2.903104305267333984e+00
-1.169382452964782715e+00
2.931445837020874023e+00
-4.970844745635986328e+00
2.859373092651367188e+00
3.106794834136962891e+00
-1.022373318672180176e+00
-2.118367671966552734e+00
1.009271070361137390e-01
-2.473244905471801758e+00
-1.477313995361328125e+00
-2.080983877182006836e+00
-4.470201015472412109e+00
2.613767385482788086e+00
-2.850445747375488281e+00
4.401269435882568359e+00
-1.576765179634094238e+00
5.487125873565673828e+00
-2.381189027801156044e-03
2.750612258911132812e+00
-3.862670063972473145e-01
-1.220077514648437500e+00
-2.347933769226074219e+00
1.264594912528991699e+00
2.120957136154174805e+00
-1.257029891014099121e+00
1.879726171493530273e+00
-3.039228916168212891e+00
2.567124366760253906e+00
5.076172828674316406e+00
5.120086669921875000e-01
6.982465386390686035e-01
-1.221691131591796875e+00
3.431015014648437500e+00
-2.500817298889160156e+00
2.180648088455200195e+00
3.098335266113281250e+00
6.126390099525451660e-01
-1.146021708846092224e-01
-7.233405113220214844e-01
-1.427913188934326172e+00
2.201701641082763672e+00
3.492236614227294922e+00
-9.346522092819213867e-01
1.610294222831726074e+00
-5.182914808392524719e-02
-2.195352315902709961e+00
2.759245157241821289e+00
2.153871059417724609e+00
1.730662822723388672e+00
-2.614023447036743164e+00
1.290333628654479980e+00
-2.893106698989868164e+00
4.866644859313964844e+00
-9.439163804054260254e-01
-9.071254134178161621e-01
1.441915512084960938e+00
2.763638257980346680e+00
-3.420942544937133789e+00
2.383853912353515625e+00
-2.127401590347290039e+00
-1.237968921661376953e+00
-1.239285707473754883e+00
-6.679697036743164062e-01
-3.181285142898559570e+00
-9.252565503120422363e-01
-3.674255013465881348e-01
-6.736612915992736816e-01
