1.369303798675537109e+01
7.230520248413085938e+00
1.611222648620605469e+01
4.960952758789062500e+00
1.667135429382324219e+01
7.265326976776123047e+00
1.129563331604003906e+01
1.544536399841308594e+01
1.622107505798339844e+01
1.560301971435546875e+01
1.183563804626464844e+01
-3.323314428329467773e+00
6.472763538360595703e+00
1.247946548461914062e+01
1.946701884269714355e+00
3.064608573913574219e+00
-1.219131469726562500e+01
3.700827598571777344e+00
-6.094247817993164062e+00
6.223595738410949707e-01
-9.065309166908264160e-01
8.448846817016601562e+00
8.879657745361328125e+00
-1.173427963256835938e+01
-1.979262948036193848e+00
-7.710003376007080078e+00
-8.398726463317871094e+00
4.497724533081054688e+00
-5.526750534772872925e-02
5.750689029693603516e+00
-4.572384357452392578e+00
-6.561297416687011719e+00
1.032566070556640625e+01
5.049425125122070312e+00
4.128500938415527344e+00
-2.210808038711547852e+00
-2.636011123657226562e+00
8.724833488464355469e+00
-3.883694171905517578e+00
-1.070013165473937988e+00
5.568162441253662109e+00
-4.480245113372802734e+00
-9.577420234680175781e+00
3.433204591274261475e-01
-6.509701728820800781e+00
-1.225443840026855469e+00
-8.526023864746093750e+00
9.187695384025573730e-01
1.446194767951965332e+00
1.398565173149108887e+00
-8.176842927932739258e-01
-2.555140256881713867e+00
1.359635472297668457e+00
7.719521522521972656e+00
1.990198612213134766e+00
5.742276191711425781e+00
7.198297977447509766e+00
-8.450811386108398438e+00
4.870843887329101562e-01
5.730329155921936035e-01
-2.386842727661132812e+00
5.974146723747253418e-01
-6.231456279754638672e+00
1.074477434158325195e+00
1.997499108314514160e+00
-4.077238082885742188e+00
4.066504478454589844e+00
-2.572925090789794922e+00
2.930169820785522461e+00
-3.330810546875000000e+00
4.309977531433105469e+00
-8.737712502479553223e-01
3.081664800643920898e+00
-1.045450568199157715e+00
8.184256553649902344e-01
-9.303852319717407227e-01
2.362467765808105469e+00
-5.155708789825439453e-01
-1.320518851280212402e+00
1.140930175781250000e+00
-2.436262130737304688e+00
7.511436939239501953e-01
6.275029659271240234e+00
1.195867061614990234e+00
1.261720657348632812e+00
-2.122974634170532227e+00
3.769470930099487305e+00
-3.245630741119384766e+00
2.047208309173583984e+00
5.068013668060302734e+00
1.410989880561828613e+00
-7.773547768592834473e-01
4.833422183990478516e+00
-1.699990510940551758e+00
4.012319564819335938e+00
4.420587062835693359e+00
3.374408483505249023e+00
-3.164698481559753418e-01
-1.501964688301086426e+00
-1.660111069679260254e+00
2.665346860885620117e+00
2.543165922164916992e+00
1.109763383865356445e+00
-2.275731325149536133e+00
-4.000711441040039062e-01
-2.892977952957153320e+00
5.734629631042480469e+00
2.230454444885253906e+00
-2.842817068099975586e+00
-1.050116062164306641e+00
3.833693265914916992e+00
-5.007997989654541016e+00
2.472973108291625977e+00
3.844666004180908203e+00
-1.246370553970336914e+00
-2.006192207336425781e+00
4.284822046756744385e-01
-2.874651193618774414e+00
-1.296594858169555664e+00
-1.996408820152282715e+00
-4.697118282318115234e+00
1.800573706626892090e+00
-2.521324157714843750e+00
5.253655910491943359e+00
-3.358622550964355469e+00
5.435750484466552734e+00
7.661613821983337402e-01
2.788489818572998047e+00
-1.238931417465209961e+00
-1.206753373146057129e+00
-2.388149023056030273e+00
1.054588079452514648e+00
2.141450881958007812e+00
-2.012083530426025391e+00
2.805092334747314453e+00
-2.896746873855590820e+00
2.079442739486694336e+00
5.472006320953369141e+00
4.549948871135711670e-01
2.867627739906311035e-01
-1.415436387062072754e+00
3.018783092498779297e+00
-2.621523618698120117e+00
1.864948630332946777e+00
4.304372787475585938e+00
1.308870911598205566e-01
-5.239205807447433472e-02
-6.933929324150085449e-01
5.203197002410888672e-01
1.864787220954895020e+00
2.237546205520629883e+00
-2.248201608657836914e+00
1.647258162498474121e+00
-1.073303073644638062e-01
-3.301636934280395508e+00
9.283231496810913086e-01
2.903299093246459961e+00
2.348589420318603516e+00
-2.948597431182861328e+00
1.062327742576599121e+00
-2.974168539047241211e+00
5.099685192108154297e+00
-1.145126223564147949e+00
-8.334868550300598145e-01
1.203756690025329590e+00
3.886496067047119141e+00
-2.644262075424194336e+00
7.359259724617004395e-01
-2.506174325942993164e+00
-1.153478741645812988e+00
-1.863666772842407227e+00
-4.433685541152954102e-01
-3.157987833023071289e+00
-6.079804897308349609e-01
-3.545585870742797852e-01
-8.023819923400878906e-01
