1.914323806762695312e+00
4.778174400329589844e+00
3.926420211791992188e+00
1.549325823783874512e+00
2.169245243072509766e+00
3.415181398391723633e+00
6.579706072807312012e-01
8.630723953247070312e-01
-6.471921801567077637e-01
-5.501490831375122070e-01
1.183312416076660156e+00
-5.371593832969665527e-01
2.964797616004943848e-01
-4.812810122966766357e-01
-2.736054062843322754e-01
-4.500182867050170898e-01
3.195967674255371094e-01
2.264542579650878906e-01
6.863549351692199707e-01
1.330287265777587891e+01
1.528143787384033203e+01
1.031509208679199219e+01
1.727103614807128906e+01
1.909992408752441406e+01
2.273934364318847656e+01
-7.104436755180358887e-01
2.712703347206115723e-01
-5.071464180946350098e-02
2.092708796262741089e-01
-4.263535439968109131e-01
-5.530710220336914062e-01
-5.249083042144775391e-01
4.295710474252700806e-02
-9.223446846008300781e-01
2.834212779998779297e-01
-1.067835450172424316e+00
3.093613982200622559e-01
-6.128763556480407715e-01
-1.545676738023757935e-01
-1.628234148025512695e+00
8.516459465026855469e-01
-1.259811371564865112e-01
9.386732578277587891e-01
4.645168781280517578e-02
-3.532615303993225098e-01
-4.967534065246582031e+00
5.652143955230712891e-01
-8.140014857053756714e-02
-2.701992094516754150e-01
7.316887378692626953e-02
-5.052843317389488220e-02
-9.220255613327026367e-01
1.219801425933837891e+00
5.570090413093566895e-01
-4.621128439903259277e-01
2.504915595054626465e-01
2.674844861030578613e-01
1.918335109949111938e-01
1.959046721458435059e-01
8.209717273712158203e-01
-3.703861832618713379e-01
1.435076892375946045e-01
2.205956727266311646e-01
-4.912320077419281006e-01
4.387973248958587646e-01
1.032725095748901367e+00
1.508283615112304688e+00
1.325214803218841553e-01
-1.022785976529121399e-01
2.861156463623046875e-01
-2.089297324419021606e-01
3.941104710102081299e-01
5.178108215332031250e-01
-5.475090742111206055e-01
-1.048535823822021484e+00
5.805866122245788574e-01
-3.154388964176177979e-01
-1.463970184326171875e+00
-2.806576490402221680e-01
-9.789533168077468872e-02
-4.690019190311431885e-01
-2.446313947439193726e-01
-3.230160176753997803e-01
-3.926953673362731934e-02
6.783688664436340332e-01
-5.653742328286170959e-02
-8.835521936416625977e-01
-1.222127676010131836e+00
8.727799868211150169e-04
-4.624571185559034348e-03
4.508884157985448837e-03
-5.116765853017568588e-03
-6.708618719130754471e-03
-5.800651386380195618e-03
9.280104190111160278e-03
-8.875192143023014069e-03
4.857987631112337112e-03
1.487747067585587502e-03
7.888569496572017670e-03
4.760604817420244217e-03
-8.352853357791900635e-03
-4.172890912741422653e-03
6.630677729845046997e-03
6.059324834495782852e-03
7.594648282974958420e-03
-8.752429857850074768e-03
1.945186988450586796e-03
-6.883930414915084839e-03
8.639490231871604919e-03
1.413414478302001953e+00
9.498312473297119141e-01
-2.026693582534790039e+00
7.945945858955383301e-01
