2.196282863616943359e+00
-7.689046859741210938e-01
-1.669299006462097168e-01
5.035262584686279297e+00
3.681081295013427734e+00
1.654356718063354492e+00
2.111615180969238281e+00
3.436735391616821289e+00
-6.380979716777801514e-02
-2.192201763391494751e-01
1.290212035179138184e+00
-4.558149576187133789e-01
1.520162969827651978e-01
1.399675607681274414e-01
-1.957539767026901245e-01
-8.511443734169006348e-01
1.082701802253723145e+00
2.358973264694213867e+00
-5.259364247322082520e-01
-4.823280870914459229e-02
2.927193641662597656e-01
-6.260967999696731567e-02
-5.072410106658935547e-01
-1.506536900997161865e-01
4.827038645744323730e-01
-1.830499917268753052e-01
-8.850111365318298340e-01
-3.930779099464416504e-01
1.040628147125244141e+01
9.169816017150878906e+00
1.329872894287109375e+01
1.537240028381347656e+01
1.529834365844726562e+01
1.759998321533203125e+01
1.919130706787109375e+01
2.060852813720703125e+01
2.747612190246582031e+01
1.071277379989624023e+00
4.931594133377075195e-01
-1.760386675596237183e-01
9.215912818908691406e-01
1.117217659950256348e+00
-1.178457379341125488e+00
-1.283797740936279297e+00
1.178718924522399902e+00
4.772211015224456787e-01
-4.929393529891967773e-01
1.555361270904541016e+00
-4.991298019886016846e-01
1.126126945018768311e-01
-1.129530072212219238e+00
2.693027555942535400e-01
1.560725569725036621e-01
-2.406143188476562500e+00
-8.391037583351135254e-01
-1.087794229388237000e-01
5.932164788246154785e-01
-3.828095197677612305e-01
-2.009905874729156494e-01
-2.054603099822998047e+00
1.828735709190368652e+00
8.876795172691345215e-01
-4.585326671600341797e+00
-8.847078680992126465e-01
-3.031440377235412598e-01
3.851348161697387695e+00
-1.714596897363662720e-01
1.103283405303955078e+01
2.793763764202594757e-02
9.951247572898864746e-01
-1.361463546752929688e+01
-4.700241088867187500e+00
7.864256501197814941e-01
-1.511660814285278320e+00
1.660114288330078125e+00
3.256464719772338867e+00
1.627688556909561157e-01
-7.937811017036437988e-01
-4.997788906097412109e+00
8.967343330383300781e+00
4.538085937500000000e+00
1.307066249847412109e+01
7.388712167739868164e-01
1.034460738301277161e-01
2.848705351352691650e-01
-4.273092448711395264e-01
-1.098401844501495361e-01
-6.551005244255065918e-01
8.511682748794555664e-01
-2.748188674449920654e-01
-3.063869178295135498e-01
1.437149755656719208e-02
-2.393601685762405396e-01
3.145343437790870667e-02
-2.592361867427825928e-01
8.276405930519104004e-01
-2.974757552146911621e-01
1.140027269721031189e-01
8.838621973991394043e-01
3.825428187847137451e-01
3.750039041042327881e-01
-3.293251097202301025e-01
-1.798171848058700562e-01
-3.703203201293945312e-01
3.359152078628540039e-01
-1.264343708753585815e-01
-8.436118811368942261e-02
2.010774850845336914e+00
5.253573656082153320e-01
3.511852025985717773e-01
-1.733586788177490234e+00
6.504976749420166016e-01
-4.569629192352294922e+00
-4.475044012069702148e-01
-2.876285910606384277e-01
5.138420581817626953e+00
6.197058558464050293e-01
5.795381665229797363e-01
5.915439128875732422e-01
-1.351270079612731934e-01
-1.399145007133483887e+00
-1.333944965153932571e-02
4.467118978500366211e-01
2.079112529754638672e+00
-3.062345504760742188e+00
-7.437667250633239746e-01
3.269865036010742188e+00
-8.497636914253234863e-01
-2.565512359142303467e-01
1.499161571264266968e-01
-2.816636860370635986e-01
-9.524674713611602783e-02
1.140698552131652832e+00
-2.486274689435958862e-01
6.191372871398925781e-01
-7.697656154632568359e-01
-3.438720107078552246e-01
-3.144187331199645996e-01
1.768481135368347168e-01
2.247845381498336792e-01
-3.618582338094711304e-02
1.596463173627853394e-01
2.591238170862197876e-02
9.183281660079956055e-01
3.487432897090911865e-01
-2.766260504722595215e-01
2.643426656723022461e-01
2.705152928829193115e-01
5.486956611275672913e-02
1.008248448371887207e+00
-6.490968465805053711e-01
-2.978154644370079041e-02
4.747321605682373047e-01
1.117042452096939087e-01
2.470954507589340210e-02
-8.425759673118591309e-01
6.536089777946472168e-01
-1.126285672187805176e+00
-6.632928550243377686e-02
1.486628353595733643e-01
1.510755538940429688e+00
4.466897342354059219e-03
-9.416407346725463867e-01
1.695916205644607544e-01
8.305748105049133301e-01
-2.049433141946792603e-01
3.314901888370513916e-01
-3.611176013946533203e-01
2.658908367156982422e-01
-1.620753765106201172e+00
3.938502073287963867e-01
-4.873911857604980469e+00
-8.885472081601619720e-03
5.582405254244804382e-03
-8.388439193367958069e-03
1.513048628112301230e-04
-3.108793869614601135e-03
-6.406958214938640594e-03
2.897594356909394264e-03
1.700373482890427113e-03
-9.591531939804553986e-03
9.055922739207744598e-03
-8.791303262114524841e-03
-4.618472419679164886e-03
5.158710759133100510e-03
1.412111334502696991e-03
-8.364528766833245754e-04
-3.485469846054911613e-03
8.692537085153162479e-04
4.067895002663135529e-03
4.066504072397947311e-03
-3.994911909103393555e-03
1.819932949729263783e-03
3.425410250201821327e-03
-2.238052198663353920e-03
6.066278088837862015e-03
3.033124841749668121e-03
2.370738424360752106e-03
-1.089555560611188412e-03
-8.048822171986103058e-03
6.493694148957729340e-03
7.612985558807849884e-03
-4.016411025077104568e-03
7.190062664449214935e-03
-2.399357967078685760e-03
-8.024959824979305267e-03
-1.650577527470886707e-03
2.387150656431913376e-03
8.106015622615814209e-03
2.780159004032611847e-03
-2.676107920706272125e-03
-7.990192621946334839e-03
9.488357231020927429e-03
-8.144408464431762695e-03
-6.210724823176860809e-03
5.485775414854288101e-03
7.821642793715000153e-03
9.044143557548522949e-01
8.262112736701965332e-01
-1.927116394042968750e+00
5.838847756385803223e-01
