2.108938598632812500e+01
1.542671203613281250e+01
8.993343353271484375e+00
1.693991088867187500e+01
4.178644180297851562e+00
7.514171600341796875e+00
2.598340749740600586e+00
4.793136119842529297e+00
-3.154222667217254639e-01
5.562863826751708984e+00
2.197540521621704102e+00
-2.029826402664184570e+00
2.313029170036315918e-01
5.378625392913818359e+00
5.790452957153320312e+00
1.288363933563232422e+01
6.570030212402343750e+00
-9.131432771682739258e-01
-2.420281648635864258e+00
2.429382562637329102e+00
-1.879131674766540527e+00
-9.044179916381835938e-01
3.276692926883697510e-01
-1.094416379928588867e+00
6.225736737251281738e-01
-1.811665892601013184e+00
-7.909973859786987305e-01
-5.841949582099914551e-01
-3.203283786773681641e+00
-7.794041156768798828e+00
-4.700513362884521484e+00
2.238433361053466797e+00
3.824944734573364258e+00
6.277985095977783203e+00
-2.096878051757812500e+00
3.974112987518310547e+00
-5.482885837554931641e-01
3.604836702346801758e+00
-1.855862498283386230e+00
-2.841219305992126465e-01
-4.321211576461791992e-01
1.179400444030761719e+00
7.585173845291137695e-01
-7.509132623672485352e-01
-2.488488435745239258e+00
-4.318378448486328125e+00
2.802016258239746094e+00
-1.118912100791931152e-01
1.251836121082305908e-01
-1.183994054794311523e+00
2.620442867279052734e+00
