1.571661663055419922e+01
1.633438682556152344e+01
1.725068664550781250e+01
1.115693092346191406e+01
8.539958000183105469e+00
1.883822250366210938e+01
1.521965599060058594e+01
6.958774566650390625e+00
1.288932323455810547e+01
1.544622898101806641e+01
1.579790306091308594e+01
9.214228630065917969e+00
-6.627988815307617188e+00
-5.296570777893066406e+00
8.288622856140136719e+00
9.901435852050781250e+00
-6.694163799285888672e+00
1.377231955528259277e+00
-8.285594940185546875e+00
6.226919174194335938e+00
-5.415282726287841797e+00
-2.370330095291137695e+00
1.983094215393066406e+00
-2.490926265716552734e+00
-3.673200130462646484e+00
-4.752368927001953125e+00
-2.719858407974243164e+00
5.718263626098632812e+00
4.143342971801757812e+00
5.361855983734130859e+00
5.589684486389160156e+00
-1.697957515716552734e+00
5.388872146606445312e+00
-1.106748771667480469e+01
-8.034567236900329590e-01
-5.225728511810302734e+00
9.656260490417480469e+00
-6.475145339965820312e+00
3.851569414138793945e+00
3.244258403778076172e+00
-9.042853355407714844e+00
3.506633758544921875e+00
-1.192580699920654297e+01
-2.349689006805419922e+00
-2.571155309677124023e+00
2.005047202110290527e-01
1.006284904479980469e+01
1.207363605499267578e+01
-4.058914184570312500e+00
5.093862056732177734e+00
8.861855506896972656e+00
-3.278988838195800781e+00
-7.767420768737792969e+00
-4.158442020416259766e+00
-8.097176551818847656e+00
-8.518913269042968750e+00
6.046207427978515625e+00
4.887156486511230469e+00
1.012354946136474609e+01
8.523061752319335938e+00
5.087176799774169922e+00
-2.190575122833251953e+00
5.228912830352783203e+00
-2.934661865234375000e+00
1.188356399536132812e+01
-5.113501071929931641e+00
8.370630264282226562e+00
4.161438941955566406e+00
-9.827074050903320312e+00
1.719018745422363281e+01
6.491372585296630859e+00
2.033583879470825195e+00
5.915919780731201172e+00
7.376221418380737305e-01
7.791137695312500000e+00
-1.028034496307373047e+01
-1.181753516197204590e+00
-4.974018037319183350e-01
4.083220005035400391e+00
-8.198240399360656738e-01
1.321973562240600586e+00
-3.614315986633300781e+00
-7.577720284461975098e-01
1.569615006446838379e+00
5.690046787261962891e+00
3.432034015655517578e+00
-1.060269847512245178e-01
7.496040463447570801e-01
-1.912899136543273926e+00
-7.229806184768676758e-01
-1.803259015083312988e+00
-2.411272287368774414e+00
5.792587399482727051e-01
-1.986615061759948730e+00
1.264375209808349609e+00
5.652055144309997559e-01
2.529832124710083008e+00
-1.419552922248840332e+00
-7.455331802368164062e+00
3.119626522064208984e+00
2.347631454467773438e+00
6.471747875213623047e+00
3.265509843826293945e+00
1.292530059814453125e+00
-3.701600074768066406e+00
-1.720874309539794922e+00
-4.784556865692138672e+00
-3.896394729614257812e+00
2.436089277267456055e+00
-1.572770833969116211e+00
-1.317207813262939453e-01
2.652115345001220703e+00
-1.798705577850341797e+00
1.733383536338806152e+00
-5.004959106445312500e+00
1.322694420814514160e+00
4.583981513977050781e+00
4.908308029174804688e+00
3.745303392410278320e+00
7.402417659759521484e+00
-7.682974338531494141e+00
-4.171614348888397217e-01
4.398831844329833984e+00
-2.695187568664550781e+00
-3.304008960723876953e+00
-2.049024105072021484e+00
6.962167024612426758e-01
2.906200170516967773e+00
-1.649811387062072754e+00
-1.108925819396972656e+00
1.785183310508728027e+00
-2.727046966552734375e+00
-1.240879058837890625e+00
-8.068388938903808594e+00
8.205654144287109375e+00
-3.708245277404785156e+00
3.681871652603149414e+00
-5.695528507232666016e+00
-4.078622341156005859e+00
4.342604637145996094e+00
3.420459479093551636e-02
3.289453744888305664e+00
4.107812881469726562e+00
3.485231876373291016e+00
-1.322623729705810547e+00
-1.411177277565002441e+00
1.100164175033569336e+00
-3.837510347366333008e+00
-1.860513210296630859e+00
-2.208416938781738281e+00
6.524797916412353516e+00
1.952330946922302246e+00
-5.331286191940307617e-01
-1.065107464790344238e+00
-4.366459846496582031e-01
1.948527693748474121e+00
5.837649703025817871e-01
2.257910490036010742e+00
-3.342010974884033203e+00
2.628853619098663330e-01
-2.823996782302856445e+00
-1.960635900497436523e+00
-5.429742932319641113e-01
7.882688939571380615e-02
-8.470866084098815918e-02
2.083953857421875000e+00
-1.332201249897480011e-02
-3.145953118801116943e-01
2.698615789413452148e+00
-2.456707239151000977e+00
3.851298689842224121e-01
-3.015638113021850586e+00
9.388999342918395996e-01
-2.756962537765502930e+00
1.047457695007324219e+00
7.039868235588073730e-01
9.295843243598937988e-01
3.926936626434326172e+00
-8.451614379882812500e-01
2.769324302673339844e+00
-1.881351232528686523e+00
-4.291535854339599609e+00
-8.621780276298522949e-01
1.580658674240112305e+00
3.998076200485229492e+00
3.167342662811279297e+00
-3.211239814758300781e+00
2.273904800415039062e+00
4.343740940093994141e-01
-1.258064746856689453e+00
5.449499607086181641e+00
-1.437469482421875000e+00
1.015298247337341309e+00
-4.143867194652557373e-01
6.528208255767822266e-01
-1.113140463829040527e+00
2.076385736465454102e+00
-8.148973584175109863e-01
-3.913021683692932129e-01
-5.439847469329833984e+00
3.182279825210571289e+00
2.927115745842456818e-02
-1.576215863227844238e+00
-1.347368717193603516e+00
-2.536602497100830078e+00
1.905084699392318726e-01
-1.627514064311981201e-01
8.015533089637756348e-01
3.801289081573486328e+00
2.559549808502197266e+00
