1.692988157272338867e+00
5.000045299530029297e-01
-1.544988602399826050e-01
-2.839042544364929199e-01
1.689845800399780273e+00
4.473283290863037109e+00
9.806761145591735840e-01
2.139954328536987305e+00
3.415117502212524414e+00
2.046627521514892578e+00
1.924458622932434082e+00
7.886326313018798828e-01
2.906918287277221680e+00
-2.366663515567779541e-01
5.671743154525756836e-01
4.914671182632446289e-02
-7.260375022888183594e-01
-1.631917953491210938e-01
1.060423493385314941e+00
4.571968913078308105e-01
3.048600852489471436e-01
-7.653074264526367188e-01
5.256540775299072266e-01
-7.059782743453979492e-02
5.765259861946105957e-01
1.769426763057708740e-01
6.800863146781921387e-01
-6.534832715988159180e-01
7.237102389335632324e-01
6.176258996129035950e-02
1.055725216865539551e+00
2.091097980737686157e-01
-7.756181359291076660e-01
-5.476286411285400391e-01
-1.294114887714385986e-01
-1.896100044250488281e-01
7.511230558156967163e-02
-6.841627508401870728e-02
-5.530314892530441284e-02
-2.131371945142745972e-01
-9.546180069446563721e-02
-2.041597068309783936e-01
8.394058793783187866e-02
6.421587467193603516e-01
-2.705689966678619385e-01
-4.096474647521972656e-01
7.235292434692382812e+00
4.530957698822021484e+00
6.800780773162841797e+00
1.031680965423583984e+01
1.324232101440429688e+01
1.367069625854492188e+01
1.467118263244628906e+01
1.544095706939697266e+01
1.713454437255859375e+01
1.842821311950683594e+01
2.043237304687500000e+01
1.932502174377441406e+01
2.534430503845214844e+01
2.660146903991699219e+01
3.145355224609375000e+01
-3.584811210632324219e+00
2.590832233428955078e+00
2.878314852714538574e-01
-2.235679626464843750e+00
7.738278508186340332e-01
-1.347270250320434570e+00
-1.279320120811462402e+00
1.024499654769897461e+00
-4.247673511505126953e+00
4.964967727661132812e+00
-3.298214912414550781e+00
-8.896762877702713013e-02
1.335178852081298828e+00
-3.765663385391235352e+00
-1.944699645042419434e+00
-1.231672382354736328e+01
9.529379010200500488e-01
-2.096304655075073242e+00
-2.952184714376926422e-02
6.899197578430175781e+00
-1.029615759849548340e+00
3.106865882873535156e-01
3.691076755523681641e+00
-1.115189552307128906e+01
-8.271945953369140625e+00
8.213263511657714844e+00
7.928707003593444824e-01
2.136543273925781250e+00
-4.101982593536376953e+00
7.464153766632080078e-01
6.896250247955322266e-01
-4.730857610702514648e-01
-8.224861621856689453e-01
1.505470275878906250e-01
1.282426416873931885e-01
-4.006083905696868896e-01
-3.165886998176574707e-01
-2.326379299163818359e+00
-9.302983433008193970e-02
3.059790134429931641e+00
-4.145791232585906982e-01
-3.140074014663696289e+00
8.808020949363708496e-01
-3.800578787922859192e-02
3.080421924591064453e+00
2.630221843719482422e-01
-1.554020643234252930e+00
-9.742098450660705566e-01
6.952665448188781738e-01
-4.115541577339172363e-01
2.234290838241577148e-01
-2.579464435577392578e+00
-3.008635282516479492e+00
-4.385280609130859375e+00
-5.871312320232391357e-02
-2.264359474182128906e+00
8.443790674209594727e-02
3.444078266620635986e-01
-3.232442140579223633e-01
-6.588012576103210449e-01
-6.523557901382446289e-01
1.798673272132873535e-01
2.845298528671264648e+00
1.212019920349121094e+00
1.409086942672729492e+00
5.055797576904296875e+00
1.098990082740783691e+00
-3.891289234161376953e-01
1.758999526500701904e-01
3.606044054031372070e+00
1.178367614746093750e+00
-4.071630001068115234e+00
-7.824607849121093750e+00
2.416789293289184570e+00
-4.307156562805175781e+00
4.277125895023345947e-01
-7.351607680320739746e-01
-1.141136050224304199e+00
1.217049956321716309e+00
3.677036762237548828e-01
-1.882764250040054321e-01
-1.768359422683715820e+00
-1.291297912597656250e+00
2.767992317676544189e-01
2.145571857690811157e-01
1.905975490808486938e-01
-1.024459123611450195e+00
6.858132481575012207e-01
4.740754365921020508e-01
7.162420749664306641e-01
-2.038125693798065186e-01
-7.830592393875122070e-01
-1.744979262351989746e+00
3.221912860870361328e+00
-2.491081953048706055e+00
-1.088926196098327637e+00
5.093322992324829102e-01
4.145396649837493896e-01
1.485705375671386719e+00
-6.317551612854003906e+00
-1.827522367238998413e-01
2.971667051315307617e+00
-1.605619490146636963e-01
1.384768366813659668e+00
1.218596220016479492e+00
7.330141663551330566e-01
1.385628581047058105e+00
-2.429887503385543823e-01
-5.820775508880615234e+00
-3.620656013488769531e+00
-2.048654317855834961e+00
1.026695370674133301e+00
-1.601122140884399414e+00
-8.105126768350601196e-02
-4.204197883605957031e+00
-1.198841810226440430e+00
2.949540138244628906e+00
4.123635888099670410e-01
2.521330356597900391e+00
6.932276248931884766e+00
2.376130819320678711e+00
-4.718210995197296143e-01
4.368269443511962891e-02
1.603537499904632568e-01
-3.189836740493774414e-01
1.488253116607666016e+00
-2.505965232849121094e-01
3.752568662166595459e-01
1.731776833534240723e+00
-1.448124885559082031e+00
3.011435747146606445e+00
-5.877676606178283691e-01
4.278593659400939941e-01
1.487545728683471680e+00
1.130318164825439453e+00
4.997927665710449219e+00
-5.963214635848999023e-01
-3.286280035972595215e-01
6.770504713058471680e-01
-3.970494985580444336e+00
-1.184340715408325195e+00
1.133463382720947266e+00
-1.349621057510375977e+00
3.841395616531372070e+00
-1.057587146759033203e+00
-7.620779871940612793e-01
-2.949352502822875977e+00
-3.297194242477416992e-01
-1.832231163978576660e+00
1.059088349342346191e+00
-2.987328469753265381e-01
-2.262556105852127075e-01
2.209066867828369141e+00
-4.258356988430023193e-01
2.431922107934951782e-01
1.973232775926589966e-01
-1.288829684257507324e+00
-1.146934986114501953e+00
1.197902560234069824e+00
2.440920352935791016e+00
1.122538924217224121e+00
-1.821148037910461426e+00
-2.933803796768188477e-01
2.358419746160507202e-01
-1.410148620605468750e+00
2.161904610693454742e-02
9.692112356424331665e-02
4.645604193210601807e-01
1.143603771924972534e-01
3.041454255580902100e-01
-2.992568910121917725e-01
-6.880584359169006348e-01
-1.011054158210754395e+00
1.107803702354431152e+00
-2.534548752009868622e-02
1.318899393081665039e+00
-1.949506402015686035e-01
5.414487048983573914e-02
9.610427916049957275e-02
-1.397369205951690674e-01
-5.037309601902961731e-02
1.732795536518096924e-01
7.225143313407897949e-01
1.020807385444641113e+00
-7.497644424438476562e-01
-5.121881484985351562e+00
3.143346905708312988e-01
-3.104489445686340332e-01
9.366689920425415039e-01
6.506276130676269531e-02
-1.299019902944564819e-02
9.488373994827270508e-01
-1.508453726768493652e+00
-4.677839279174804688e+00
2.303220748901367188e+00
4.107519984245300293e-01
1.654084920883178711e-01
5.317801833152770996e-01
-2.702210843563079834e-02
-2.989422082901000977e-01
-1.353221386671066284e-01
-1.476444751024246216e-01
2.822887301445007324e-01
-1.075254440307617188e+00
3.539403975009918213e-01
-1.012154072523117065e-01
8.322214335203170776e-02
-2.154584079980850220e-01
2.510801255702972412e-01
-1.597970277070999146e-01
3.126353323459625244e-01
4.263651967048645020e-01
4.151300489902496338e-01
-6.587925553321838379e-01
1.413144946098327637e+00
2.601441144943237305e-01
-3.782575428485870361e-01
-4.733217954635620117e-01
8.282966613769531250e-01
1.061402916908264160e+00
-7.301306724548339844e-01
-3.763532936573028564e-01
1.387385845184326172e+00
1.230913996696472168e+00
9.857550859451293945e-01
1.733593821525573730e+00
-2.778953313827514648e-01
6.330408453941345215e-01
-7.816917300224304199e-01
-1.906966418027877808e-01
5.862196087837219238e-01
1.650031208992004395e-01
9.758545160293579102e-01
-4.301806986331939697e-01
1.109559178352355957e+00
-4.152700006961822510e-01
1.698299497365951538e-01
-1.370293378829956055e+00
-1.091151595115661621e+00
-2.673648834228515625e+00
8.363915085792541504e-01
-1.264864057302474976e-01
6.404777169227600098e-01
1.195843443274497986e-01
-4.838632047176361084e-01
-1.176282882690429688e+00
1.168561577796936035e-01
-7.761181890964508057e-02
7.299965620040893555e-01
-7.181129455566406250e-01
7.757635712623596191e-01
-2.497449517250061035e-01
1.727659583091735840e+00
6.175860762596130371e-01
-6.295986771583557129e-01
1.638217449188232422e+00
-1.749031305313110352e+00
4.495136141777038574e-01
3.543110489845275879e-01
-6.529521942138671875e-01
-6.670742630958557129e-01
-4.858698546886444092e-01
-8.427528142929077148e-01
1.942579865455627441e+00
4.700966775417327881e-01
-2.091299057006835938e+00
1.357167959213256836e+00
5.277264118194580078e-01
2.492107897996902466e-01
5.857405811548233032e-02
-3.732536435127258301e-01
2.667771577835083008e-01
-2.943880856037139893e-01
-5.261486768722534180e-01
-1.279367655515670776e-01
5.207414031028747559e-01
-6.762936115264892578e-01
5.254090428352355957e-01
3.799173235893249512e-01
1.386047601699829102e-01
-1.452476438134908676e-02
3.660822510719299316e-01
-5.921269953250885010e-02
-3.168902546167373657e-02
-7.575870156288146973e-01
4.584314227104187012e-01
2.030640244483947754e-01
-3.313747048377990723e-01
2.939113676548004150e-01
1.101987734436988831e-01
1.312209367752075195e-01
-8.471514582633972168e-01
1.501754969358444214e-01
1.178587794303894043e+00
2.990694642066955566e-01
7.531546354293823242e-01
-2.259961515665054321e-01
-8.186626434326171875e-02
-1.137728914618492126e-01
2.791083157062530518e-01
-1.007275879383087158e-01
1.188456453382968903e-02
-3.132652342319488525e-01
-1.054227575659751892e-01
-3.984861075878143311e-01
-3.325943946838378906e+00
4.799120426177978516e-01
3.658449742943048477e-03
-4.795920848846435547e-01
-7.300627231597900391e-01
3.159247040748596191e-01
2.788782715797424316e-01
-1.595737576484680176e+00
-3.135344266891479492e+00
2.292539477348327637e-01
-2.809026241302490234e-01
2.114008218050003052e-01
2.766045331954956055e-01
-2.017978876829147339e-01
2.972237765789031982e-01
-1.957457326352596283e-02
1.604409962892532349e-01
1.205971837043762207e+00
-5.833729505538940430e-01
-1.008831337094306946e-01
-8.855950087308883667e-02
2.590854763984680176e-01
-3.272246569395065308e-02
1.090550422668457031e-01
-3.673537969589233398e-01
-3.239834681153297424e-02
5.757601857185363770e-01
6.110370159149169922e-01
-9.098632335662841797e-01
7.513518929481506348e-01
5.252683907747268677e-02
4.907501935958862305e-01
1.065817594528198242e+00
-9.719012379646301270e-01
1.933068871498107910e+00
-5.722461938858032227e-01
-5.669354200363159180e-01
-1.125382542610168457e+00
-7.755311727523803711e-01
-5.187165141105651855e-01
-6.718695908784866333e-02
-1.435499638319015503e-01
6.567209362983703613e-01
2.086608886718750000e+00
2.337969541549682617e+00
5.178364515304565430e-01
-4.732410609722137451e-01
-6.098018884658813477e-01
-9.337924122810363770e-01
9.070315361022949219e-01
-1.257364511489868164e+00
-4.636144638061523438e-01
-2.649807691574096680e+00
8.048107624053955078e-01
-3.441705226898193359e+00
-2.415476919850334525e-04
-4.525164142251014709e-03
-3.595802700147032738e-03
-7.749837357550859451e-03
-2.324450295418500900e-03
-2.812078455463051796e-04
-4.459599032998085022e-03
-1.279247691854834557e-03
9.033532813191413879e-03
5.386028904467821121e-03
2.958810189738869667e-03
1.474567456170916557e-03
-4.301402252167463303e-03
-5.541586317121982574e-03
-8.709400892257690430e-03
-3.292009467259049416e-03
-1.149444491602480412e-03
-1.028351951390504837e-03
-5.906495265662670135e-03
-7.145966868847608566e-03
6.342394743114709854e-03
2.072128234431147575e-03
-2.448658226057887077e-03
-8.651282638311386108e-03
-1.362837152555584908e-03
2.915925346314907074e-03
5.645755445584654808e-04
1.098046661354601383e-03
-9.873293340206146240e-03
-4.960763268172740936e-03
-1.528354012407362461e-03
6.159364245831966400e-03
-3.271042369306087494e-03
6.034879013895988464e-03
5.781820043921470642e-03
1.224444829858839512e-03
9.167530573904514313e-03
-1.174463424831628799e-03
-2.168232575058937073e-03
6.971706170588731766e-03
-4.922838415950536728e-03
-7.153180427849292755e-03
3.114905674010515213e-03
1.163517008535563946e-03
-1.358738285489380360e-03
-8.254379965364933014e-03
-8.134806528687477112e-03
7.445820607244968414e-03
4.834658000618219376e-03
9.446527692489326000e-04
9.707476943731307983e-03
-1.308702048845589161e-03
3.951100166887044907e-03
-1.523845596238970757e-03
8.604948408901691437e-03
-3.051609674002975225e-04
6.396322511136531830e-03
3.223062260076403618e-03
-9.658379480242729187e-03
1.885184086859226227e-03
-3.578810952603816986e-03
6.730835884809494019e-03
4.480688367038965225e-03
9.924265323206782341e-04
-6.301232613623142242e-03
6.728121545165777206e-03
5.888976156711578369e-03
3.932157065719366074e-03
1.239923993125557899e-03
-5.796273704618215561e-03
7.011444307863712311e-03
-9.139882400631904602e-03
6.255609914660453796e-03
-4.799181595444679260e-03
3.973177634179592133e-03
-2.037006197497248650e-03
-9.747333824634552002e-03
6.572043523192405701e-03
-8.322177454829216003e-03
-7.063550408929586411e-03
7.617424242198467255e-03
-2.557204570621252060e-03
-5.143140908330678940e-03
7.497933227568864822e-03
9.527270449325442314e-04
9.597864933311939240e-03
-7.310287095606327057e-03
6.844307761639356613e-03
3.268864005804061890e-03
-7.241329178214073181e-03
7.867526262998580933e-03
-6.841777823865413666e-03
-6.000837311148643494e-03
3.015757538378238678e-03
5.185657180845737457e-03
2.988896565511822701e-03
-9.243728592991828918e-03
8.956880308687686920e-03
7.788777817040681839e-03
7.358059519901871681e-04
7.473456207662820816e-03
-6.656817160546779633e-03
-4.139184020459651947e-03
6.032026838511228561e-03
-1.609625993296504021e-03
6.551716476678848267e-03
5.176599603146314621e-03
-6.847143638879060745e-03
-7.086385041475296021e-03
-5.304618738591670990e-03
1.587370992638170719e-03
-7.425941876135766506e-04
-2.075029537081718445e-03
-3.509718226268887520e-03
1.373697654344141483e-03
-4.121751990169286728e-03
-7.709135301411151886e-03
7.574310526251792908e-03
-7.781577296555042267e-04
6.758315488696098328e-03
1.120726227760314941e+00
8.315177559852600098e-01
-1.607934832572937012e+00
5.524915456771850586e-01
