2.166657209396362305e+00
4.625934123992919922e+00
1.962829709053039551e+00
3.712418556213378906e+00
1.605333209037780762e+00
2.036519527435302734e+00
2.310132265090942383e+00
2.602592945098876953e+00
-1.990106105804443359e+00
-3.678329586982727051e-01
1.364625215530395508e+00
-5.576857924461364746e-02
1.589027582667768002e-03
7.063148021697998047e-01
-8.076549172401428223e-01
-1.918453574180603027e-01
-1.345829486846923828e+00
2.222073078155517578e-02
-2.169228196144104004e-01
-4.314451944082975388e-03
-2.463573515415191650e-01
-1.643235385417938232e-01
-1.234612613916397095e-01
1.021407246589660645e-01
7.398682236671447754e-01
1.326476573944091797e+01
1.336501121520996094e+01
1.538146495819091797e+01
1.506369495391845703e+01
1.748171043395996094e+01
1.922328948974609375e+01
1.910825538635253906e+01
3.056031036376953125e+01
2.519527971744537354e-01
-1.525511622428894043e+00
2.848734334111213684e-02
4.258547127246856689e-01
-3.901874646544456482e-02
1.021514311432838440e-01
-3.097314238548278809e-01
4.748407840728759766e+00
1.354381322860717773e+00
9.077162295579910278e-02
-8.375008106231689453e-01
1.871912330389022827e-01
-6.188994646072387695e-01
4.249225258827209473e-01
-6.927550792694091797e+00
6.324309110641479492e-02
-9.528469443321228027e-01
-5.996294021606445312e-01
-2.445467747747898102e-02
1.886078715324401855e-01
5.953542590141296387e-01
5.897086858749389648e-01
-9.078905582427978516e-01
5.283898711204528809e-01
-2.182636260986328125e-01
8.461484313011169434e-01
1.332486629486083984e+00
-9.719052165746688843e-02
-8.087370395660400391e-01
-3.051532506942749023e+00
-1.263749748468399048e-01
3.630424439907073975e-01
3.652309179306030273e+00
-3.794109523296356201e-01
1.483698010444641113e+00
4.652958393096923828e+00
-1.421531736850738525e-01
6.589801907539367676e-01
-7.571163028478622437e-02
8.787871897220611572e-02
1.237395107746124268e-01
4.753774106502532959e-01
-2.264225780963897705e-01
5.578439235687255859e-01
-1.384532451629638672e+00
6.052171438932418823e-02
-4.250984191894531250e-01
-1.990205496549606323e-01
-9.602700173854827881e-02
3.922284543514251709e-01
1.229471206665039062e+00
2.171789556741714478e-01
1.518618017435073853e-01
-1.610504984855651855e-01
2.351301759481430054e-01
-1.219199746847152710e-01
-4.238687455654144287e-02
9.119846671819686890e-02
-5.772406235337257385e-02
-2.179379761219024658e-01
1.075742840766906738e-01
-1.947366446256637573e-01
1.415186226367950439e-01
1.360832899808883667e-01
2.809846401214599609e-01
9.201326370239257812e-01
-3.622063696384429932e-01
-1.240918710827827454e-01
-1.903063058853149414e+00
-3.997501432895660400e-01
-3.772449865937232971e-02
-1.540518164634704590e+00
-1.041850224137306213e-01
8.100891113281250000e-01
-1.228179857134819031e-01
2.174017727375030518e-01
2.732772827148437500e-01
3.451705276966094971e-01
-1.802316159009933472e-01
4.199638068675994873e-01
-4.582871496677398682e-02
4.136751964688301086e-02
-1.350200772285461426e-01
1.737245768308639526e-01
-2.280697226524353027e-01
3.444472551345825195e-01
-2.710715770721435547e+00
2.487262040376663208e-01
2.345322668552398682e-01
2.665093541145324707e-01
1.889995932579040527e-01
-4.002347588539123535e-02
-1.056603670120239258e+00
-5.369314178824424744e-02
3.908149898052215576e-01
-5.585241317749023438e-02
2.953864634037017822e-01
-3.203396201133728027e-01
-5.807336568832397461e-01
-6.916220486164093018e-02
2.198149710893630981e-01
-2.275006473064422607e-01
2.707166075706481934e-01
5.725455284118652344e-01
-4.575542211532592773e-01
3.684130609035491943e-01
9.901794046163558960e-02
9.549083709716796875e-01
2.939963480457663536e-03
9.153362363576889038e-03
7.739385589957237244e-03
3.207214875146746635e-03
3.931757528334856033e-03
8.612231351435184479e-03
-4.578560590744018555e-03
-8.917354047298431396e-03
-2.759713213890790939e-03
-7.923981320345774293e-05
-8.264279131253715605e-06
-3.316737478598952293e-03
-6.569403223693370819e-03
2.748590428382158279e-03
-5.489671137183904648e-03
9.654667228460311890e-03
-6.448972038924694061e-03
2.831614110618829727e-03
-6.692080292850732803e-03
8.814218454062938690e-03
9.787337621673941612e-04
6.212144624441862106e-03
7.272749673575162888e-03
-7.518143858760595322e-03
-1.931094448082149029e-03
-7.671300787478685379e-03
-2.281752647832036018e-03
5.553906317800283432e-03
2.202202100306749344e-03
-2.207272686064243317e-03
-6.024606525897979736e-03
-9.146410739049315453e-04
2.872696844860911369e-03
-2.786704339087009430e-03
9.858537465333938599e-03
6.424154154956340790e-03
2.991706728935241699e-01
8.939321637153625488e-01
-2.133713245391845703e+00
6.469638943672180176e-01
