2.175522804260253906e+00
1.769775897264480591e-01
-7.890760898590087891e-01
5.012332439422607422e+00
3.896058559417724609e+00
1.149744510650634766e+00
1.997335076332092285e+00
2.175851106643676758e+00
2.742392539978027344e+00
5.613356828689575195e-01
1.761388331651687622e-01
1.210302710533142090e+00
8.078528642654418945e-01
4.655909836292266846e-01
8.637035638093948364e-02
-1.569944322109222412e-01
-1.292197704315185547e-01
-1.791048198938369751e-01
2.031286507844924927e-01
-1.912569403648376465e+00
-2.233231365680694580e-01
1.477250605821609497e-01
-2.268088757991790771e-01
-1.284953206777572632e-01
-4.189019501209259033e-01
2.254960387945175171e-01
6.376057118177413940e-02
3.138462081551551819e-02
-1.783983260393142700e-01
1.192839741706848145e+00
5.597277283668518066e-01
9.867513656616210938e+00
9.925685882568359375e+00
1.328820705413818359e+01
1.542267417907714844e+01
1.405443572998046875e+01
1.756870079040527344e+01
1.902778816223144531e+01
1.925800132751464844e+01
2.217639732360839844e+01
2.521911621093750000e+01
2.170042395591735840e-01
5.289527028799057007e-02
-3.707710802555084229e-01
1.055758595466613770e+00
5.542885661125183105e-01
-4.031927883625030518e-02
-3.495698451995849609e+00
1.458353161811828613e+00
-1.731931805610656738e+00
-1.358363866806030273e+00
2.021426409482955933e-01
-1.233699679374694824e+00
3.969471156597137451e-01
6.059635877609252930e-01
5.008533596992492676e-01
2.231873422861099243e-01
-1.069488406181335449e+00
-4.627752602100372314e-01
-1.208217501640319824e+00
-7.732159495353698730e-01
1.264524906873703003e-01
6.644596457481384277e-01
7.094646245241165161e-02
4.290423393249511719e-01
-8.096145987510681152e-01
2.264953851699829102e+00
-5.378619432449340820e-01
-9.924048185348510742e-02
-2.352854251861572266e+00
-1.844740845263004303e-02
-2.031702518463134766e+00
9.703147411346435547e-01
-7.477541565895080566e-01
1.184054613113403320e+00
9.328193664550781250e+00
-3.405063867568969727e+00
8.380197525024414062e+00
-2.740967512130737305e+00
6.446242332458496094e+00
5.591375350952148438e+00
1.047476768493652344e+00
7.356528043746948242e-01
-1.270095467567443848e+00
-1.237991333007812500e+00
-5.045206069946289062e+00
-9.853628277778625488e-01
7.234558463096618652e-01
4.634380340576171875e+00
2.695299148559570312e+00
-1.422161459922790527e-01
-2.531757593154907227e+00
2.645194768905639648e+00
1.986851572990417480e+00
1.056187629699707031e+00
4.848844051361083984e+00
2.991630136966705322e-01
-7.224023342132568359e-02
5.793976411223411560e-02
-3.579868003726005554e-02
6.226596236228942871e-01
-6.050408482551574707e-01
-4.438677057623863220e-02
-4.743441641330718994e-01
8.556427955627441406e-01
9.285746216773986816e-01
1.985094696283340454e-01
2.505487203598022461e-01
-2.045713812112808228e-01
5.226470828056335449e-01
-2.697662450373172760e-02
4.911637306213378906e-01
4.338686168193817139e-01
-7.068774700164794922e-01
1.255351781845092773e+00
5.278469324111938477e-01
1.115190461277961731e-01
-3.840714097023010254e-01
1.266507655382156372e-01
1.029022634029388428e-01
-1.472960263490676880e-01
-6.373610496520996094e-01
1.452082395553588867e-01
3.486605286598205566e-01
2.115923643112182617e+00
2.818820774555206299e-01
-1.087052077054977417e-01
3.758570253849029541e-01
2.359973430633544922e+00
-6.778186559677124023e-01
-6.924668312072753906e+00
7.278595864772796631e-02
1.624249815940856934e-01
-6.635311245918273926e-01
-5.752918720245361328e+00
9.974905848503112793e-01
8.713507652282714844e-01
9.573687911033630371e-01
2.817077040672302246e-01
-1.164883732795715332e+00
5.992024391889572144e-02
-1.267312746495008469e-02
-8.808674812316894531e-01
8.466951847076416016e-01
-4.573432505130767822e-01
4.931512773036956787e-01
-5.466892123222351074e-01
-1.511384487152099609e+00
-3.265616655349731445e+00
-3.170744981616735458e-03
2.598477125167846680e+00
1.742026768624782562e-02
-1.593870222568511963e-01
5.736485123634338379e-01
-8.170926570892333984e-01
1.804626584053039551e-01
6.165645718574523926e-01
1.694478154182434082e+00
-1.053679466247558594e+00
-2.851762175559997559e-01
1.392590999603271484e-01
2.630455791950225830e-01
4.178537428379058838e-01
-4.691981971263885498e-01
-3.061419725418090820e-01
4.966198205947875977e-01
-6.621220707893371582e-01
4.812152385711669922e-01
-2.084730267524719238e-01
9.320268034934997559e-01
1.820657253265380859e-01
5.684973672032356262e-02
-1.597441434860229492e-01
-1.072859466075897217e-01
-9.320762008428573608e-02
-1.006992012262344360e-01
-1.470350623130798340e+00
5.402269959449768066e-01
-2.602301537990570068e-01
8.865584135055541992e-01
4.346955120563507080e-01
8.944363333284854889e-03
2.020595371723175049e-01
1.137570023536682129e+00
-5.661899447441101074e-01
-4.399128437042236328e+00
-8.765365481376647949e-01
8.947387933731079102e-01
-3.939149379730224609e-01
-5.077683448791503906e+00
-2.712953984737396240e-01
-1.475106835365295410e+00
-4.779181480407714844e-01
3.270149230957031250e-02
-5.389199852943420410e-01
6.298959851264953613e-01
2.477494001388549805e+00
-2.873612344264984131e-01
-1.386333703994750977e-01
2.337206900119781494e-02
4.327405393123626709e-01
2.655898332595825195e-01
-1.635773479938507080e-01
-1.926924228668212891e+00
9.790763854980468750e-01
-1.681001901626586914e+00
8.475964888930320740e-03
-1.034804270602762699e-03
1.782262988854199648e-04
9.305907413363456726e-03
-6.446289829909801483e-03
-1.818938180804252625e-03
9.092673659324645996e-03
-1.151478616520762444e-03
-7.589189917780458927e-04
-6.787209771573543549e-03
-2.284819725900888443e-03
-2.511447528377175331e-04
-4.768074490129947662e-03
3.662269795313477516e-03
7.118941750377416611e-03
-9.860502555966377258e-03
-7.316151168197393417e-03
-3.897489048540592194e-03
-9.562108898535370827e-04
-5.335275549441576004e-03
-3.381944261491298676e-03
-7.099287118762731552e-03
-2.857038634829223156e-04
-6.651264149695634842e-03
4.856590181589126587e-03
4.459454212337732315e-03
7.066035177558660507e-03
-4.438259173184633255e-03
8.800830692052841187e-03
1.488589798100292683e-03
-8.113699033856391907e-03
6.297487765550613403e-03
5.776597186923027039e-03
-9.488680399954319000e-03
9.987479075789451599e-03
-2.516962587833404541e-03
8.205649442970752716e-03
-2.189723076298832893e-03
-5.695754196494817734e-03
-7.278210017830133438e-03
-5.822953535243868828e-04
8.838935755193233490e-03
6.515906658023595810e-03
6.995500880293548107e-04
5.137722473591566086e-03
9.184296242892742157e-03
-4.582479596138000488e-03
1.754908007569611073e-03
-1.755018718540668488e-03
-6.249886937439441681e-03
3.959294408559799194e-03
3.028708975762128830e-03
5.684532690793275833e-03
8.880023844540119171e-03
-1.908274483866989613e-03
1.062241792678833008e+00
7.226163148880004883e-01
-2.001873493194580078e+00
4.784213304519653320e-01
