1.772858619689941406e+01
1.251184558868408203e+01
6.653178691864013672e+00
1.548364734649658203e+01
1.819488525390625000e+01
7.683221817016601562e+00
1.292092037200927734e+01
8.755536079406738281e+00
1.544431018829345703e+01
1.589522647857666016e+01
-2.594020128250122070e+00
7.336698055267333984e+00
-1.391570472717285156e+01
-6.873428225517272949e-01
-1.078801250457763672e+01
1.284719944000244141e+00
2.405061006546020508e+00
-6.614054679870605469e+00
8.918810844421386719e+00
-1.031420230865478516e+00
-3.234036207199096680e+00
-8.019998550415039062e+00
1.459078669548034668e+00
5.679656982421875000e+00
-8.065276145935058594e+00
1.891749954223632812e+01
-6.323735237121582031e+00
3.649444103240966797e+00
-5.061700820922851562e+00
-1.564384937286376953e+00
8.779073357582092285e-01
1.263391226530075073e-01
1.024474143981933594e+01
-5.830951929092407227e-01
-9.655409812927246094e+00
-4.830991268157958984e+00
-1.059233665466308594e+01
1.876912832260131836e+00
-1.090996384620666504e+00
2.424916505813598633e+00
-3.163557648658752441e-01
2.581141591072082520e-01
1.725090861320495605e+00
1.057822346687316895e+00
2.824191331863403320e+00
-7.752802848815917969e+00
6.270813941955566406e+00
1.210334014892578125e+01
5.366579532623291016e+00
-3.661216497421264648e+00
-1.906480908393859863e+00
-7.612675666809082031e+00
9.869624137878417969e+00
3.111593246459960938e+00
1.980415731668472290e-01
1.383624911308288574e+00
-6.628243446350097656e+00
-1.376709556579589844e+01
4.917522907257080078e+00
5.635119438171386719e+00
3.627173423767089844e+00
1.190271663665771484e+01
5.264784336090087891e+00
-6.901306152343750000e+00
5.408098220825195312e+00
5.987027287483215332e-01
-2.990699052810668945e+00
2.821982383728027344e+00
-5.034964084625244141e-01
-1.462157964706420898e+00
5.401459217071533203e+00
2.425998210906982422e+00
2.897304296493530273e+00
3.083851575851440430e+00
-2.107787370681762695e+00
-3.385723829269409180e-01
3.162119865417480469e+00
-7.887142300605773926e-01
2.437026262283325195e+00
-4.818990707397460938e+00
8.672953844070434570e-01
4.449169158935546875e+00
4.058667182922363281e+00
-7.783643901348114014e-02
-2.770828008651733398e+00
1.419991254806518555e+00
1.261848568916320801e+00
8.945745229721069336e-01
-9.802836179733276367e-01
1.955563426017761230e+00
1.877984762191772461e+00
-4.077051579952239990e-01
-1.998317837715148926e+00
7.173231244087219238e-01
1.370200887322425842e-02
-5.659360289573669434e-01
-1.406704306602478027e+00
-5.516648292541503906e-01
-8.368201255798339844e-01
-4.957932949066162109e+00
3.988088846206665039e+00
-4.191541194915771484e+00
2.203147888183593750e+00
-2.057543277740478516e+00
1.276453971862792969e+00
-1.233558297157287598e+00
-2.336233377456665039e+00
2.169284820556640625e+00
-3.067826509475708008e+00
3.948097467422485352e+00
3.500420972704887390e-02
-3.117539882659912109e+00
5.838727951049804688e+00
3.540016174316406250e+00
-3.668200492858886719e+00
3.379343032836914062e+00
-3.152851819992065430e+00
-2.269049167633056641e+00
-1.765964627265930176e-01
3.131502866744995117e+00
2.087946176528930664e+00
-3.193971633911132812e+00
3.677507638931274414e+00
9.252950549125671387e-01
9.856443405151367188e-01
2.758678913116455078e+00
-9.270096570253372192e-02
-3.248742967844009399e-02
1.917650997638702393e-01
-1.193458199501037598e+00
5.793414115905761719e-01
1.736104130744934082e+00
2.262023985385894775e-01
1.155246257781982422e+00
-3.943226575851440430e+00
-8.488355670124292374e-04
5.644212722778320312e+00
3.761139869689941406e+00
3.647498488426208496e-01
-2.205971956253051758e+00
-3.721343278884887695e-01
3.484490394592285156e+00
-9.058656096458435059e-01
-2.689140141010284424e-01
6.811836361885070801e-01
1.585268139839172363e+00
9.964109063148498535e-01
-1.132601872086524963e-03
4.005443453788757324e-01
-3.255518078804016113e-01
-1.539807859808206558e-02
4.241143465042114258e-01
-7.343527674674987793e-02
1.053946375846862793e+00
-3.049630641937255859e+00
3.525422811508178711e-01
-2.534547567367553711e+00
3.833535909652709961e-01
-5.719100832939147949e-01
2.678123235702514648e+00
1.249426722526550293e+00
-3.902602195739746094e-01
4.295727252960205078e+00
-7.828589081764221191e-01
2.793288946151733398e+00
-1.678274512290954590e+00
-1.973278641700744629e+00
4.168652534484863281e+00
4.293001651763916016e+00
-2.140201091766357422e+00
3.944377899169921875e+00
-3.924188613891601562e+00
-3.363088369369506836e+00
2.338815629482269287e-01
1.106197476387023926e+00
1.107961058616638184e+00
