1.779089355468750000e+01
1.190428447723388672e+01
5.660666942596435547e+00
1.548787593841552734e+01
2.057096290588378906e+01
7.036307811737060547e+00
1.379479026794433594e+01
7.597754478454589844e+00
1.544476890563964844e+01
1.580010128021240234e+01
-3.524270296096801758e+00
7.155217170715332031e+00
-1.448259067535400391e+01
-1.083121776580810547e+00
-1.349092292785644531e+01
7.717412114143371582e-01
1.463717699050903320e+00
-6.522600650787353516e+00
1.045924091339111328e+01
-9.876337647438049316e-01
-3.280590772628784180e+00
-7.121914863586425781e+00
1.636185407638549805e+00
7.522324562072753906e+00
-8.283835411071777344e+00
1.928518676757812500e+01
-6.974884510040283203e+00
2.668285846710205078e+00
-5.384518146514892578e+00
-1.531618952751159668e+00
8.194151520729064941e-01
-5.122622847557067871e-02
1.012808895111083984e+01
-1.747807413339614868e-01
-9.665421485900878906e+00
-4.312779426574707031e+00
-9.721013069152832031e+00
1.795185685157775879e+00
-9.323644638061523438e-01
2.506342887878417969e+00
-6.686437129974365234e-01
-1.406949609518051147e-01
1.956166744232177734e+00
1.033941507339477539e+00
1.628591656684875488e+00
-6.627602577209472656e+00
6.859717369079589844e+00
1.188615608215332031e+01
6.255967617034912109e+00
-7.544686317443847656e+00
-1.824156761169433594e+00
-7.765555858612060547e+00
9.981606483459472656e+00
3.774795055389404297e+00
1.104450941085815430e+00
2.635087013244628906e+00
-6.584266662597656250e+00
-1.507385349273681641e+01
5.854646205902099609e+00
5.554922580718994141e+00
1.891116857528686523e+00
1.268834877014160156e+01
7.073503971099853516e+00
-8.554616928100585938e+00
5.919439792633056641e+00
7.636928558349609375e-02
-3.063389539718627930e+00
2.427278518676757812e+00
-3.948984742164611816e-01
-1.920611619949340820e+00
5.562860488891601562e+00
2.840977430343627930e+00
2.945505142211914062e+00
3.885694980621337891e+00
-2.520358800888061523e+00
7.113885879516601562e-01
2.840590476989746094e+00
-8.697649240493774414e-01
3.398083209991455078e+00
-4.655043601989746094e+00
2.003763437271118164e+00
4.755823135375976562e+00
4.395011901855468750e+00
-8.508676886558532715e-01
-2.601140022277832031e+00
1.626345038414001465e+00
1.085436582565307617e+00
1.407747745513916016e+00
-1.109444141387939453e+00
1.953332901000976562e+00
1.337285518646240234e+00
-3.648871183395385742e-01
-2.080494642257690430e+00
3.352234363555908203e-01
-7.933061569929122925e-02
-6.665591001510620117e-01
-1.535389780998229980e+00
-5.100565552711486816e-01
-7.020123600959777832e-01
-4.683392524719238281e+00
4.108379840850830078e+00
-5.011384010314941406e+00
2.025846242904663086e+00
-1.999773502349853516e+00
9.486180543899536133e-01
-1.741393566131591797e+00
-2.687762022018432617e+00
1.672583818435668945e+00
-3.018862009048461914e+00
2.162198781967163086e+00
8.837974071502685547e-01
-2.789330720901489258e+00
5.519546985626220703e+00
2.917233228683471680e+00
-3.705522060394287109e+00
3.191660404205322266e+00
-1.905325531959533691e+00
-2.018376111984252930e+00
1.987182974815368652e+00
2.711239576339721680e+00
1.893195867538452148e+00
-3.749665260314941406e+00
3.704812526702880859e+00
1.070042133331298828e+00
2.179300546646118164e+00
2.477647304534912109e+00
-7.977773547172546387e-01
-3.487937450408935547e-01
3.059543967247009277e-01
-2.454154729843139648e+00
1.747625231742858887e+00
6.959604620933532715e-01
1.858884543180465698e-01
6.956390738487243652e-01
-3.521910667419433594e+00
5.186421871185302734e-01
6.414541721343994141e+00
3.661833524703979492e+00
3.978360071778297424e-02
-2.073183774948120117e+00
-3.148389756679534912e-01
3.333740472793579102e+00
-7.583019733428955078e-01
-4.209801554679870605e-01
5.420907735824584961e-01
1.419647693634033203e+00
1.954178690910339355e+00
7.551485300064086914e-02
4.187087416648864746e-01
-3.293509185314178467e-01
1.629253327846527100e-01
4.461867511272430420e-01
-2.154839485883712769e-01
7.883369326591491699e-01
-3.440747261047363281e+00
-1.007958035916090012e-02
-1.880698800086975098e+00
2.718968689441680908e-01
2.148119688034057617e+00
3.049946546554565430e+00
1.129451036453247070e+00
-6.952772140502929688e-01
4.261335849761962891e+00
-2.160353362560272217e-01
2.719144821166992188e+00
-1.325745224952697754e+00
-8.202132582664489746e-01
3.048198938369750977e+00
4.727127075195312500e+00
-1.926217317581176758e+00
3.950788497924804688e+00
-3.815488100051879883e+00
-3.320551395416259766e+00
1.903655886650085449e+00
-6.577106714248657227e-01
1.104447841644287109e+00
