8.963012695312500000e+00
1.544404315948486328e+01
7.615335941314697266e+00
1.556810760498046875e+01
1.720607185363769531e+01
8.085065841674804688e+00
1.379757976531982422e+01
1.901911735534667969e+01
4.955855846405029297e+00
2.011661911010742188e+01
1.721004867553710938e+01
9.798991203308105469e+00
-2.552952289581298828e+00
-8.660022735595703125e+00
-5.108175277709960938e+00
-1.035068154335021973e+00
1.099228668212890625e+01
3.472529649734497070e+00
2.642485141754150391e+00
7.999613761901855469e+00
-2.380834817886352539e+00
-3.137638092041015625e+00
-9.755928039550781250e+00
7.343628406524658203e+00
5.757436752319335938e+00
3.984828710556030273e+00
-5.019273757934570312e-01
9.428846359252929688e+00
6.108048915863037109e+00
-7.522307872772216797e+00
-4.410604000091552734e+00
-9.537875175476074219e+00
8.234880447387695312e+00
-5.818228244781494141e+00
2.310640335083007812e+00
3.415330410003662109e+00
-1.919586211442947388e-01
6.194116592407226562e+00
-1.181018924713134766e+01
1.292856407165527344e+01
1.206381988525390625e+01
1.269789457321166992e+00
3.809300184249877930e+00
1.773251724243164062e+01
8.324984550476074219e+00
2.235432624816894531e+00
-3.909706592559814453e+00
1.354267448186874390e-01
-2.729120850563049316e-01
-6.579410433769226074e-01
3.236748456954956055e+00
-1.192052721977233887e+00
-7.034399509429931641e-01
-1.365111231803894043e+00
-4.960550069808959961e-01
1.119294643402099609e+01
3.971032857894897461e+00
6.970249176025390625e+00
1.823745131492614746e+00
1.903876304626464844e+00
-2.785748958587646484e+00
1.632339835166931152e+00
8.236401557922363281e+00
9.110323786735534668e-01
-7.661454677581787109e+00
-2.131140232086181641e-01
-6.984665393829345703e+00
1.801082372665405273e+00
-7.289827823638916016e+00
-7.761229038238525391e+00
-3.779230594635009766e+00
8.309919357299804688e+00
-4.308984279632568359e+00
1.171971988677978516e+01
1.254063606262207031e+01
9.314935803413391113e-01
1.291366338729858398e+00
-8.200161933898925781e+00
-3.365771472454071045e-02
-9.426743507385253906e+00
-3.906604647636413574e-01
-3.465321302413940430e+00
-5.400485515594482422e+00
1.272112751007080078e+01
-8.157802581787109375e+00
-7.193810939788818359e+00
1.010883712768554688e+01
3.696633100509643555e+00
-6.807189941406250000e+00
7.729283332824707031e+00
1.090036988258361816e+00
4.248189449310302734e+00
-1.273804783821105957e+00
-9.815002679824829102e-01
5.509959220886230469e+00
-2.620497718453407288e-02
4.379275798797607422e+00
-2.779795408248901367e+00
-2.122604131698608398e+00
3.995730400085449219e+00
-2.549970448017120361e-01
-8.764760494232177734e-01
-4.239977836608886719e+00
3.278109073638916016e+00
1.411053776741027832e+00
-2.023283958435058594e+00
-1.635414958000183105e-01
1.764438509941101074e+00
-6.756896376609802246e-01
-3.456497669219970703e+00
6.399948000907897949e-01
4.097087860107421875e+00
1.260741710662841797e+00
8.560131788253784180e-01
4.398550689220428467e-01
-1.711057424545288086e+00
2.052298069000244141e+00
-2.568931102752685547e+00
4.569842338562011719e+00
2.427839279174804688e+00
1.799511551856994629e+00
3.477429866790771484e+00
-3.152114629745483398e+00
-1.855318903923034668e+00
-8.665975183248519897e-02
5.566742420196533203e-01
-7.058625221252441406e-01
1.841310977935791016e+00
-1.727293252944946289e+00
-7.951000928878784180e-01
1.243243694305419922e+00
7.344486713409423828e-01
-8.439607620239257812e-01
-1.059566020965576172e+00
1.393596172332763672e+00
1.257136225700378418e+00
3.035950422286987305e+00
1.542971014976501465e+00
-1.136445760726928711e+00
-1.369604349136352539e+00
-2.279505968093872070e+00
5.282816886901855469e+00
4.109854698181152344e+00
-2.649580001831054688e+00
-3.536234200000762939e-01
6.465824246406555176e-01
-2.339159727096557617e+00
2.334016323089599609e+00
-5.778121948242187500e-01
2.513868570327758789e+00
-4.391470432281494141e+00
2.944061279296875000e+00
-1.722050666809082031e+00
-4.261537551879882812e+00
3.632764101028442383e+00
2.184340000152587891e+00
-6.725654006004333496e-02
-3.482263565063476562e+00
3.551678895950317383e+00
-1.826656699180603027e+00
2.343754291534423828e+00
3.220266103744506836e+00
-7.180956602096557617e-01
-1.108142971992492676e+00
5.252433776855468750e+00
-3.733212232589721680e+00
4.066635608673095703e+00
2.498210191726684570e+00
1.264265060424804688e+00
3.709961414337158203e+00
-1.836129665374755859e+00
-2.981128394603729248e-01
4.817959785461425781e+00
-1.018111705780029297e+00
3.657918453216552734e+00
-1.040348768234252930e+00
-3.781912326812744141e+00
3.591336011886596680e+00
-6.283453106880187988e-02
-1.077993512153625488e-01
-5.451526641845703125e-01
4.064456939697265625e+00
-1.043503522872924805e+00
-1.161016821861267090e+00
2.222451925277709961e+00
2.255571633577346802e-01
-9.894425868988037109e-01
-1.806947588920593262e+00
1.332253932952880859e+00
1.021073102951049805e+00
1.282280564308166504e+00
6.217952966690063477e-01
-7.565914392471313477e-01
-3.924451351165771484e+00
2.048263311386108398e+00
-3.429499566555023193e-01
2.376202106475830078e+00
1.292076855897903442e-01
1.553614020347595215e+00
1.736637234687805176e+00
-2.721899747848510742e+00
-1.329263895750045776e-01
-1.053626537322998047e+00
6.833938360214233398e-01
1.422451138496398926e-01
-6.747354269027709961e-01
1.377543568611145020e+00
9.089143276214599609e-01
3.689426183700561523e-01
-7.525837421417236328e-01
-1.327550411224365234e-01
1.771159291267395020e+00
1.027305960655212402e+00
3.057598829269409180e+00
-2.128561258316040039e+00
3.462832450866699219e+00
-3.255578517913818359e+00
2.995901584625244141e+00
-1.458422422409057617e+00
2.244878768920898438e+00
2.736718654632568359e+00
-2.281812667846679688e+00
3.266697227954864502e-01
1.133045792579650879e+00
-2.010745286941528320e+00
1.888963222503662109e+00
2.877887189388275146e-01
4.797379493713378906e+00
-5.289761543273925781e+00
3.705462694168090820e+00
-4.158762454986572266e+00
-5.344088077545166016e-01
2.260030031204223633e+00
1.844743371009826660e+00
1.154363304376602173e-01
-2.719593942165374756e-01
-1.240962505340576172e+00
-1.026588201522827148e+00
2.419189512729644775e-01
6.605344772338867188e+00
-8.102521896362304688e-01
-9.630833566188812256e-02
2.845265150070190430e+00
-1.723649621009826660e+00
5.666862010955810547e+00
-8.558809757232666016e-01
-7.699675559997558594e-01
