9.979950904846191406e+00
1.544520282745361328e+01
9.339179039001464844e+00
1.568293285369873047e+01
1.621337509155273438e+01
1.015021324157714844e+01
1.308061027526855469e+01
1.678455924987792969e+01
6.383084774017333984e+00
1.632026672363281250e+01
1.550176906585693359e+01
1.155953598022460938e+01
-2.096004962921142578e+00
-7.687896728515625000e+00
-4.444221973419189453e+00
-9.505714774131774902e-01
1.078726768493652344e+01
2.654505252838134766e+00
2.449652194976806641e+00
9.130692481994628906e+00
-2.780439853668212891e+00
-3.966613054275512695e+00
-9.594701766967773438e+00
7.017365932464599609e+00
5.915327548980712891e+00
4.623603343963623047e+00
-5.623868703842163086e-01
6.861948490142822266e+00
4.115590095520019531e+00
-7.042596817016601562e+00
-3.806929349899291992e+00
-9.309786796569824219e+00
9.763623237609863281e+00
-5.290284156799316406e+00
1.102272152900695801e+00
5.873784065246582031e+00
9.727345705032348633e-01
6.970664501190185547e+00
-1.031460094451904297e+01
1.197978305816650391e+01
1.178565120697021484e+01
1.772977709770202637e+00
3.509020328521728516e+00
1.220583724975585938e+01
8.019069671630859375e+00
1.900832533836364746e+00
-4.819250106811523438e+00
1.987920701503753662e-01
-4.944272935390472412e-01
-8.789352178573608398e-01
3.067722797393798828e+00
-1.602390527725219727e+00
-1.466384768486022949e+00
-6.764603257179260254e-01
1.034346461296081543e+00
1.099399948120117188e+01
2.565049648284912109e+00
4.625455856323242188e+00
5.537314414978027344e-01
-1.153646349906921387e+00
-2.134799003601074219e+00
4.719481468200683594e+00
8.581166267395019531e+00
9.986532330513000488e-01
-8.823189735412597656e+00
4.258864820003509521e-01
-8.331513404846191406e+00
2.808802843093872070e+00
-7.003450870513916016e+00
-9.095911979675292969e+00
-6.860700130462646484e+00
4.771328926086425781e+00
-2.779305696487426758e+00
7.525667667388916016e+00
1.315483856201171875e+01
4.278962612152099609e+00
-4.918261766433715820e-01
-4.362856864929199219e+00
-1.344474077224731445e+00
-8.610612869262695312e+00
-2.249830402433872223e-02
-3.092648506164550781e+00
-6.116584300994873047e+00
1.222205638885498047e+01
-6.171065330505371094e+00
-6.465798854827880859e+00
6.441128253936767578e+00
5.009353637695312500e+00
-5.206820487976074219e+00
7.360793113708496094e+00
1.924036383628845215e+00
3.149805545806884766e+00
-3.852352127432823181e-02
-1.048346400260925293e+00
4.354234695434570312e+00
-9.917854070663452148e-01
4.358619213104248047e+00
-2.127571344375610352e+00
-2.375298261642456055e+00
3.978197813034057617e+00
-1.587895750999450684e-01
-8.915101289749145508e-01
-2.737687826156616211e+00
2.642863512039184570e+00
1.688587784767150879e+00
-2.547277927398681641e+00
1.864717602729797363e+00
1.510277748107910156e+00
-2.470369577407836914e+00
-3.361815690994262695e+00
8.458804488182067871e-01
3.930068254470825195e+00
2.854903936386108398e+00
5.699161291122436523e-01
5.259566903114318848e-01
-2.665194272994995117e+00
1.822694540023803711e+00
-3.090041875839233398e+00
3.744297742843627930e+00
1.760214924812316895e+00
2.493158340454101562e+00
3.097120761871337891e+00
-2.770433902740478516e+00
-1.820223093032836914e+00
-7.900528907775878906e-01
4.254983365535736084e-01
-3.047675788402557373e-01
1.457632303237915039e+00
-1.266528725624084473e+00
-4.737893342971801758e-01
1.436092734336853027e+00
7.788982987403869629e-01
-2.636699438095092773e+00
-2.363388389348983765e-01
3.222222805023193359e+00
1.015813827514648438e+00
1.687706351280212402e+00
3.252430438995361328e+00
-2.278025627136230469e+00
-5.200585722923278809e-01
-1.861081361770629883e+00
5.100003719329833984e+00
2.760522365570068359e+00
-3.391863107681274414e+00
-4.422654164955019951e-04
1.244395971298217773e+00
-2.598031282424926758e+00
6.874642968177795410e-01
1.243943423032760620e-01
3.416339874267578125e+00
-3.813949584960937500e+00
2.509265184402465820e+00
-2.354686498641967773e+00
-2.591378927230834961e+00
3.317433118820190430e+00
3.810252904891967773e+00
-5.005216598510742188e-01
-2.079741954803466797e+00
3.303501844406127930e+00
-2.010231494903564453e+00
2.872091531753540039e+00
3.376856803894042969e+00
-7.305515408515930176e-01
-5.757935643196105957e-01
3.775451183319091797e+00
-4.108033180236816406e+00
4.756996631622314453e+00
1.873258352279663086e+00
1.688350439071655273e+00
3.601423978805541992e+00
-2.295124977827072144e-01
-5.195241570472717285e-01
3.894777297973632812e+00
-1.381049871444702148e+00
3.262022972106933594e+00
-1.488908886909484863e+00
-3.551403284072875977e+00
3.926610708236694336e+00
6.653828024864196777e-01
2.812781035900115967e-01
-2.209375619888305664e+00
2.150253772735595703e+00
-6.031420230865478516e-01
-2.226835966110229492e+00
2.034406185150146484e+00
8.227034211158752441e-01
-2.122597217559814453e+00
-2.107800722122192383e+00
4.474384784698486328e-01
3.131654977798461914e+00
2.483936071395874023e+00
1.793891489505767822e-01
-8.917912840843200684e-01
-2.621716260910034180e+00
2.148277997970581055e+00
-2.374515056610107422e+00
3.771208047866821289e+00
-4.681328535079956055e-01
2.058522224426269531e+00
2.935328722000122070e+00
-2.130394697189331055e+00
-9.711518138647079468e-02
-1.035682559013366699e+00
6.037667393684387207e-01
9.602403640747070312e-02
1.688530892133712769e-01
1.436891436576843262e+00
1.504129886627197266e+00
2.831342816352844238e-01
-7.202737331390380859e-01
-1.468371987342834473e+00
1.258199810981750488e+00
2.450270175933837891e+00
2.027436733245849609e+00
1.143309235572814941e+00
3.252518415451049805e+00
-3.155336141586303711e+00
1.434701085090637207e+00
-1.542474150657653809e+00
4.301150798797607422e+00
2.451505184173583984e+00
-2.636922597885131836e+00
8.345345258712768555e-01
8.402650356292724609e-01
-2.363398075103759766e+00
4.856833517551422119e-01
2.489197552204132080e-01
3.878584861755371094e+00
-3.694565296173095703e+00
2.469563007354736328e+00
-2.018287420272827148e+00
-1.379973411560058594e+00
3.397648572921752930e+00
3.712951421737670898e+00
-9.634286165237426758e-01
-6.316565275192260742e-01
-1.092719674110412598e+00
-5.661636590957641602e-01
1.626503348350524902e+00
6.453516006469726562e+00
-9.041320681571960449e-01
9.339654934592545033e-04
1.973714947700500488e+00
-3.310161828994750977e+00
4.809778690338134766e+00
-1.263544440269470215e+00
-6.275978088378906250e-01
