1.686631798744201660e+00
-3.523876965045928955e-01
-4.490695893764495850e-01
-3.924844861030578613e-01
1.700190544128417969e+00
4.425084590911865234e+00
5.604581832885742188e-01
1.532687783241271973e+00
3.031705856323242188e+00
2.505809068679809570e+00
2.146816253662109375e+00
2.213225603103637695e+00
1.442279815673828125e+00
2.194980859756469727e+00
-7.023146152496337891e-01
-8.665346354246139526e-02
8.019948601722717285e-01
-4.467388391494750977e-01
7.256474494934082031e-01
8.488440513610839844e-01
7.618837803602218628e-02
1.193322893232107162e-02
2.365652024745941162e-01
3.167110383510589600e-01
-3.988714143633842468e-02
1.496831476688385010e-01
-3.159939870238304138e-02
2.515630125999450684e-01
-7.872754335403442383e-02
3.133779019117355347e-02
-5.234411731362342834e-02
3.204222321510314941e-01
6.166377067565917969e-01
-3.756968379020690918e-01
-2.658979296684265137e-01
-5.488250851631164551e-01
-2.196902334690093994e-01
-1.050769388675689697e-01
-5.668263882398605347e-03
-1.899184733629226685e-01
-4.210587963461875916e-02
-1.384076625108718872e-01
-1.375491619110107422e-01
-2.383395433425903320e-01
2.450593858957290649e-01
3.578206524252891541e-02
-8.089426755905151367e-01
-1.801282912492752075e-01
-5.372280478477478027e-01
5.883965969085693359e+00
7.557221412658691406e+00
8.095002174377441406e+00
1.031365108489990234e+01
1.323209762573242188e+01
1.350482940673828125e+01
1.412817573547363281e+01
1.560328388214111328e+01
1.495258331298828125e+01
1.739773368835449219e+01
1.875273895263671875e+01
1.964875793457031250e+01
1.944980430603027344e+01
2.443816566467285156e+01
2.706476783752441406e+01
2.810148620605468750e+01
1.921857446432113647e-01
1.213286399841308594e+00
-8.461199998855590820e-01
-7.652385830879211426e-01
-8.518365770578384399e-02
-5.744342803955078125e-01
1.223588064312934875e-01
1.418931961059570312e+00
-3.304755926132202148e+00
-1.996401548385620117e-01
3.061600327491760254e-01
-1.855184316635131836e+00
7.825496196746826172e-01
-7.047054767608642578e-01
-4.566702365875244141e+00
-1.472239017486572266e+00
-2.857351303100585938e+00
-5.277641117572784424e-02
-6.074609160423278809e-01
2.465455234050750732e-01
6.372558593750000000e+00
-5.129904150962829590e-01
2.731418371200561523e+00
-2.311767578125000000e+00
-1.299189567565917969e+00
-3.753888607025146484e+00
-2.935850620269775391e-01
6.779093265533447266e+00
1.751669764518737793e+00
-9.526615142822265625e-01
-2.086802959442138672e+00
6.280257701873779297e-01
7.041187882423400879e-01
-2.826343178749084473e-01
-4.592860341072082520e-01
-7.049152161926031113e-03
-2.378952503204345703e+00
1.153684139251708984e+00
1.346202135086059570e+00
-2.064273118972778320e+00
6.344605684280395508e-01
-5.847604870796203613e-01
-1.081441283226013184e+00
-1.048025250434875488e+00
9.816131591796875000e-01
9.990223646163940430e-01
-9.763465821743011475e-02
2.765878915786743164e+00
1.018601536750793457e+00
6.779362559318542480e-01
-2.143568992614746094e+00
1.210361253470182419e-02
-5.745011568069458008e-02
4.793175458908081055e-01
-1.729541271924972534e-01
4.840235412120819092e-01
-2.977150678634643555e+00
-3.330924510955810547e+00
-1.126281544566154480e-01
-2.221715927124023438e+00
-1.037354111671447754e+00
-4.446337521076202393e-01
7.314807772636413574e-01
6.687725186347961426e-01
-4.420995116233825684e-01
-9.769193530082702637e-01
1.281601190567016602e-01
2.291156500577926636e-01
7.550045251846313477e-01
7.928701639175415039e-01
5.130453586578369141e+00
2.833775043487548828e+00
5.922001004219055176e-01
-1.480269908905029297e+00
1.069340467453002930e+00
1.785062074661254883e+00
1.241470813751220703e+00
-4.439573764801025391e+00
2.379517793655395508e+00
-4.181153297424316406e+00
-8.606044650077819824e-01
1.433417558670043945e+00
-1.606083102524280548e-02
3.200983256101608276e-02
-1.754655003547668457e+00
1.707906246185302734e+00
-1.813857674598693848e+00
7.813396453857421875e-01
-3.097676515579223633e+00
-8.514330983161926270e-01
-3.813167810440063477e+00
-1.239802017807960510e-01
5.544301494956016541e-02
-1.420607417821884155e-01
-5.373693704605102539e-01
2.929072976112365723e-01
-7.339691519737243652e-01
4.176102578639984131e-01
-3.235291957855224609e+00
4.358072578907012939e-01
-1.401329040527343750e+00
3.315558433532714844e-01
-9.183424115180969238e-01
1.214714288711547852e+00
-8.500949740409851074e-01
3.161126971244812012e-01
1.582452356815338135e-01
8.580760955810546875e-01
-2.057889252901077271e-01
1.713483452796936035e+00
-1.301167845726013184e+00
4.066205769777297974e-02
1.030891612172126770e-01
2.396821260452270508e+00
-3.113334894180297852e+00
-2.657519817352294922e+00
-1.066907286643981934e+00
2.769106626510620117e+00
-4.772786200046539307e-01
-1.510619670152664185e-01
-1.150368332862854004e+00
1.882326245307922363e+00
1.500771522521972656e+00
-3.348257541656494141e-01
-8.081138134002685547e-01
2.733759582042694092e-01
-3.949131727218627930e+00
3.306687772274017334e-01
7.978568077087402344e-01
-6.301141977310180664e-01
-3.153482675552368164e+00
2.973129749298095703e-01
3.851108253002166748e-02
2.472097873687744141e+00
-6.518302559852600098e-01
2.791606187820434570e+00
9.605876207351684570e-01
4.878556430339813232e-01
-1.110022142529487610e-01
6.740905046463012695e-01
-2.889387607574462891e-01
-1.106223940849304199e+00
8.370962738990783691e-01
-8.756409883499145508e-01
2.090162515640258789e+00
-4.301795363426208496e-01
2.798594713211059570e+00
-6.546008586883544922e-01
-2.957176923751831055e+00
-5.279047489166259766e-01
1.385696291923522949e+00
2.311429262161254883e+00
1.706557154655456543e+00
-1.030538901686668396e-01
-2.209374010562896729e-01
-1.327384859323501587e-01
-1.832610845565795898e+00
-1.844953186810016632e-02
1.376370340585708618e-01
-2.254894673824310303e-01
3.644698858261108398e-01
3.050408959388732910e-01
2.843957662582397461e+00
-2.215029716491699219e+00
5.180492401123046875e-01
6.079269051551818848e-01
1.185011267662048340e+00
-1.254214197397232056e-01
-2.653078138828277588e-01
1.073711365461349487e-01
1.189637541770935059e+00
-1.091065526008605957e+00
1.193222165107727051e+00
-1.068089842796325684e+00
-1.031546235084533691e+00
9.403156638145446777e-01
-2.257122248411178589e-01
3.499459326267242432e-01
1.229338765144348145e+00
-1.313269853591918945e+00
-8.585762977600097656e-01
3.743900656700134277e-01
1.244677007198333740e-01
-1.213767170906066895e+00
5.548285841941833496e-01
-3.097750544548034668e-01
2.404943108558654785e-01
-1.169694289565086365e-01
2.684903144836425781e-01
4.401241242885589600e-01
-5.127645134925842285e-01
3.374150693416595459e-01
2.982037663459777832e-01
1.273228406906127930e+00
2.339156866073608398e-01
9.160524606704711914e-01
-1.244297027587890625e-01
3.787834942340850830e-02
1.509942263364791870e-01
-1.380628943443298340e-01
3.106169998645782471e-01
1.290424168109893799e-01
4.606640040874481201e-01
-3.982840478420257568e-01
-1.274175524711608887e+00
-6.472287178039550781e-01
-4.723536968231201172e+00
9.100131392478942871e-01
3.145313858985900879e-01
-6.901730895042419434e-01
-5.305202007293701172e-01
1.518557816743850708e-01
7.327743172645568848e-01
-1.220906019210815430e+00
1.673655033111572266e+00
2.885386943817138672e+00
4.161531448364257812e+00
-6.088301539421081543e-01
3.614920005202293396e-02
3.780729770660400391e-01
2.636539041996002197e-01
2.234201878309249878e-02
-3.522324860095977783e-01
-5.469751730561256409e-02
-9.278947860002517700e-02
7.290471196174621582e-01
-5.298836231231689453e-01
5.981990694999694824e-01
-2.136081904172897339e-01
-2.217035442590713501e-01
3.181071579456329346e-01
6.876455247402191162e-02
7.607973366975784302e-02
7.011427283287048340e-01
-1.279571950435638428e-01
7.339404225349426270e-01
5.809404253959655762e-01
2.392365187406539917e-01
3.624891042709350586e-01
-4.516711831092834473e-01
1.817748993635177612e-01
5.021984577178955078e-01
4.126263558864593506e-01
-6.890668869018554688e-01
3.844085037708282471e-01
-4.621620178222656250e-01
1.633289158344268799e-01
2.026380598545074463e-01
-3.150809407234191895e-01
-7.966865897178649902e-01
-4.910200834274291992e-01
1.851391553878784180e+00
-6.106471419334411621e-01
-1.405894041061401367e+00
6.282736659049987793e-01
7.296988368034362793e-01
2.089965581893920898e+00
7.615765333175659180e-01
3.662791848182678223e-02
-8.052574992179870605e-01
-1.016418337821960449e+00
-4.331260323524475098e-01
1.795538067817687988e+00
1.139420121908187866e-01
4.883030951023101807e-01
8.049040436744689941e-01
1.981018543243408203e+00
-7.316429018974304199e-01
-7.263736128807067871e-01
5.458924174308776855e-01
5.737987160682678223e-01
-9.620561599731445312e-01
9.774386286735534668e-01
5.648052692413330078e-01
2.152596265077590942e-01
9.971103072166442871e-02
-6.229594945907592773e-01
-9.134228825569152832e-01
3.165862858295440674e-01
-7.021657824516296387e-01
9.770019054412841797e-01
-5.582203269004821777e-01
1.851932644844055176e+00
1.339297056198120117e+00
-2.044330358505249023e+00
2.574571967124938965e-01
-8.649861216545104980e-01
-2.970978319644927979e-01
1.727763563394546509e-01
2.521474063396453857e-01
1.957144737243652344e-01
9.401909261941909790e-02
-3.896781504154205322e-01
3.875657021999359131e-01
-3.022050261497497559e-01
-2.907319664955139160e-01
8.466434478759765625e-01
-1.186225861310958862e-01
2.813935875892639160e-01
-1.739117145538330078e+00
5.556084681302309036e-03
-9.136723875999450684e-01
1.030025482177734375e+00
4.638076294213533401e-03
-1.557272970676422119e-01
-9.920015186071395874e-02
7.448722124099731445e-01
2.322876304388046265e-01
8.254805803298950195e-01
-5.208579897880554199e-01
-1.773127764463424683e-01
4.614555835723876953e-01
-3.911551460623741150e-02
6.675727367401123047e-01
-4.033285379409790039e-01
1.125361919403076172e+00
-1.383366882801055908e-01
-6.138777732849121094e-01
-5.793273448944091797e-02
-1.045062184333801270e+00
2.575720250606536865e-01
-2.040149420499801636e-01
5.155842006206512451e-02
1.068351343274116516e-01
3.762098401784896851e-02
-4.956189170479774475e-02
8.777393400669097900e-02
1.350606977939605713e-01
2.010691165924072266e-01
6.727055311203002930e-01
2.164417058229446411e-01
5.262823700904846191e-01
1.193625256419181824e-01
1.095539182424545288e-01
-4.010442495346069336e-01
6.971992552280426025e-02
-2.362747490406036377e-01
2.062524557113647461e-01
2.506910264492034912e-01
1.758100837469100952e-02
9.114491939544677734e-02
2.232769280672073364e-01
-2.374287366867065430e+00
1.941518485546112061e-01
1.863545477390289307e-01
-4.336395263671875000e-01
8.241346478462219238e-01
-1.321936249732971191e+00
1.233712553977966309e+00
-3.829969838261604309e-02
9.109238386154174805e-01
-2.904442548751831055e-01
6.156824827194213867e-01
-8.128268122673034668e-01
-1.526055335998535156e-01
2.498729825019836426e-01
2.642116546630859375e-01
-1.417865604162216187e-01
3.571351617574691772e-02
3.406681418418884277e-01
-3.520100116729736328e-01
-6.595329642295837402e-01
-2.512527704238891602e-01
4.219787120819091797e-01
-2.451851516962051392e-01
-9.451472759246826172e-02
1.183236837387084961e-01
-7.494887709617614746e-02
7.276439573615789413e-03
-3.488945960998535156e-01
1.238585591316223145e+00
-8.674303293228149414e-01
4.876424670219421387e-01
1.160460337996482849e-02
2.046531736850738525e-01
-5.346121788024902344e-01
-2.470589801669120789e-02
2.558492422103881836e-01
-2.558243870735168457e-01
4.679284393787384033e-01
7.569965124130249023e-01
-1.416909933090209961e+00
9.169072508811950684e-01
4.763762354850769043e-01
-2.810620069503784180e-01
-1.805236577987670898e+00
2.013565540313720703e+00
2.316605091094970703e+00
-5.429533720016479492e-01
-9.189343452453613281e-01
7.140029221773147583e-02
9.939470887184143066e-01
-2.128221273422241211e+00
-3.007187545299530029e-01
-1.804985255002975464e-01
-4.345906674861907959e-01
3.178792297840118408e-01
4.342710673809051514e-01
1.513669013977050781e+00
4.000440835952758789e-01
9.244968891143798828e-01
2.716885805130004883e-01
7.664062976837158203e-01
5.012226104736328125e-01
3.332940042018890381e-01
-1.781226754188537598e+00
-7.878625392913818359e-02
-1.734654664993286133e+00
-5.024596117436885834e-03
-4.999244119971990585e-03
-4.352802410721778870e-03
-5.563604645431041718e-03
-7.796443998813629150e-03
9.159134700894355774e-03
9.722807444632053375e-03
3.858963958919048309e-03
1.297958428040146828e-03
8.086780086159706116e-03
8.531388826668262482e-03
8.909513708204030991e-04
-1.555206370539963245e-03
1.299450086662545800e-04
1.703280955553054810e-03
-6.083084736019372940e-03
-9.531405754387378693e-03
-8.537178859114646912e-03
8.316596038639545441e-03
9.355217218399047852e-03
-3.575577633455395699e-03
8.654372766613960266e-03
6.207274273037910461e-03
-9.802032262086868286e-03
7.693246006965637207e-03
3.877592738717794418e-03
5.459335632622241974e-03
6.657511927187442780e-03
-5.164379719644784927e-03
8.084824308753013611e-03
2.408539643511176109e-03
6.084888242185115814e-03
5.414605606347322464e-03
8.646983653306961060e-03
-4.347875248640775681e-03
3.935563843697309494e-03
-8.827186189591884613e-03
1.747658359818160534e-03
-8.669141680002212524e-03
8.151704445481300354e-03
-4.420728422701358795e-03
-6.812395877204835415e-04
-4.249458725098520517e-04
6.721604615449905396e-03
4.394066520035266876e-03
4.058303777128458023e-03
-5.489895120263099670e-03
1.064325682818889618e-03
-3.589631523936986923e-03
2.345707034692168236e-03
7.327236235141754150e-03
7.719716988503932953e-03
-1.388326985761523247e-03
-7.595587987452745438e-03
-9.245907887816429138e-03
1.571970991790294647e-03
4.881709348410367966e-03
1.150418538600206375e-04
7.406736724078655243e-03
5.127998068928718567e-03
-9.528212249279022217e-03
-9.651364758610725403e-03
-2.083348575979471207e-03
-1.424320624209940434e-03
-5.673059262335300446e-03
-6.103464402258396149e-03
3.792656352743506432e-03
9.556670673191547394e-03
2.036435180343687534e-04
-8.733008988201618195e-03
-3.256309719290584326e-04
9.367953985929489136e-03
9.191436693072319031e-03
4.755378235131502151e-03
9.559653699398040771e-03
6.414178642444312572e-05
3.992876503616571426e-03
-5.800578743219375610e-03
-8.846366778016090393e-03
6.262823939323425293e-03
8.537999354302883148e-03
-3.011364489793777466e-03
-8.976568467915058136e-03
-3.476888174191117287e-03
-5.114381201565265656e-03
3.657598514109849930e-03
-5.678913090378046036e-03
-9.687452577054500580e-03
7.534690666943788528e-03
3.555292962118983269e-03
-3.479151288047432899e-03
7.729131262749433517e-03
5.787268280982971191e-03
-7.698881905525922775e-03
2.962127095088362694e-03
5.476424470543861389e-03
8.353044977411627769e-04
3.190925577655434608e-03
-8.419269695878028870e-03
-8.013937622308731079e-03
-7.720369379967451096e-03
-4.763903096318244934e-03
2.872521989047527313e-03
-2.805194118991494179e-03
-6.420281715691089630e-03
9.350479580461978912e-03
-7.372576510533690453e-05
9.027875028550624847e-03
6.332551129162311554e-03
-3.454968682490289211e-04
-2.188387559726834297e-03
6.742861121892929077e-03
-5.542366998270153999e-04
7.241829298436641693e-03
9.406451135873794556e-03
9.177571162581443787e-03
-6.264786235988140106e-03
1.873949193395674229e-03
-2.652262570336461067e-03
9.867712855339050293e-03
-3.542276564985513687e-03
1.297717913985252380e-03
4.985687788575887680e-03
-5.491544026881456375e-03
3.834183560684323311e-03
-2.854226157069206238e-03
-4.666585009545087814e-03
7.743183989077806473e-03
-2.927633002400398254e-03
-8.011735975742340088e-03
-9.088396094739437103e-03
-9.168301708996295929e-03
-4.254537052474915981e-04
7.039972580969333649e-03
5.465754307806491852e-03
7.008244749158620834e-03
1.279728293418884277e+00
8.045835494995117188e-01
-1.503069281578063965e+00
4.619812369346618652e-01
