2.179245471954345703e+00
3.632201999425888062e-02
5.024304389953613281e+00
3.345238208770751953e+00
2.276910066604614258e+00
1.911292314529418945e+00
3.555921077728271484e+00
5.143294930458068848e-01
-2.162636220455169678e-01
2.196913719177246094e+00
1.488489508628845215e-01
8.562448620796203613e-02
-1.868496239185333252e-01
5.076149702072143555e-01
4.054015278816223145e-01
-1.849461913108825684e+00
1.029924869537353516e+00
-2.743351459503173828e-01
-1.019531339406967163e-01
-2.792632877826690674e-01
-6.067438051104545593e-02
3.091474808752536774e-02
-3.100698888301849365e-01
2.777379751205444336e-01
-1.039663553237915039e+00
9.734700202941894531e+00
1.328846740722656250e+01
1.534124565124511719e+01
1.531777477264404297e+01
1.737878608703613281e+01
1.913604736328125000e+01
2.089282035827636719e+01
2.363650512695312500e+01
1.139736533164978027e+00
-8.476658910512924194e-02
2.994583249092102051e-01
-2.103335559368133545e-01
-5.407309532165527344e-01
-6.973821520805358887e-01
9.482663869857788086e-01
1.570967912673950195e+00
-7.631073594093322754e-01
-2.336376011371612549e-01
3.236557841300964355e-01
-4.780175685882568359e-01
-7.314055413007736206e-02
6.365291476249694824e-01
1.505516767501831055e-01
5.490285158157348633e-01
-2.203245878219604492e+00
3.445648550987243652e-01
-5.456083416938781738e-01
-4.155353069305419922e+00
-5.111576914787292480e-01
3.312204837799072266e+00
-1.883147001266479492e+00
7.783938050270080566e-01
4.790150642395019531e+00
-2.065189361572265625e+00
1.248736619949340820e+00
-1.045186638832092285e+00
3.273021578788757324e-01
1.923200845718383789e+00
2.621527314186096191e-01
4.579261839389801025e-01
-2.334567070007324219e+00
4.508024215698242188e+00
1.315863579511642456e-01
1.693674325942993164e+00
1.591892987489700317e-01
7.584480941295623779e-02
1.645749807357788086e-01
7.040982693433761597e-02
5.670747905969619751e-02
2.414685040712356567e-01
-2.029168009757995605e-01
1.379132717847824097e-01
5.415464639663696289e-01
1.572434045374393463e-02
-2.634479999542236328e-01
-7.485222816467285156e-02
2.956830263137817383e-01
4.368908107280731201e-01
7.765422463417053223e-01
-2.987216114997863770e-01
1.116562366485595703e+00
-2.910906374454498291e-01
-2.265969365835189819e-01
6.423507928848266602e-01
-5.090321302413940430e-01
-1.185347199440002441e+00
7.944650650024414062e-01
-2.258887141942977905e-01
-1.954083681106567383e+00
1.162952661514282227e+00
8.935084939002990723e-01
6.154556274414062500e-01
8.075122237205505371e-01
-1.450921654701232910e+00
-2.007645517587661743e-01
-2.508847415447235107e-01
1.113859176635742188e+00
-1.261608719825744629e+00
-4.486231207847595215e-01
1.443017005920410156e+00
3.960823714733123779e-01
1.804617494344711304e-01
-3.758570924401283264e-02
-1.446291804313659668e-01
-3.016535043716430664e-01
4.997167289257049561e-01
-1.490038335323333740e-01
-9.153537154197692871e-01
1.773498356342315674e-01
-6.960687041282653809e-02
7.028605788946151733e-02
1.572249233722686768e-01
3.184564709663391113e-01
-5.762546062469482422e-01
-3.446338176727294922e-01
1.740615218877792358e-01
4.914347529411315918e-01
-5.750802159309387207e-02
3.412513136863708496e-01
1.378597497940063477e+00
3.772083222866058350e-01
-9.181792736053466797e-01
5.919523239135742188e-01
-3.222909569740295410e-01
-1.043223857879638672e+00
5.236948132514953613e-01
-1.424850583076477051e+00
4.648094251751899719e-02
9.800677746534347534e-02
8.325712680816650391e-01
4.694448709487915039e-01
-2.363791614770889282e-01
1.228813529014587402e-01
-1.438526630401611328e+00
3.294093608856201172e-01
-3.420901596546173096e-01
1.789207221008837223e-03
7.059095893055200577e-03
1.049296581186354160e-03
1.600876799784600735e-03
-4.350740637164562941e-04
3.063787240535020828e-03
-8.269909769296646118e-03
-7.864292711019515991e-03
-9.044654667377471924e-03
2.194670960307121277e-03
-8.767160587012767792e-03
4.760323558002710342e-03
5.412190221250057220e-03
-3.322285367175936699e-03
1.425443217158317566e-03
7.084158714860677719e-03
1.932238577865064144e-03
5.897783208638429642e-03
-9.215520694851875305e-03
-9.929787367582321167e-03
8.924918249249458313e-03
-5.776902660727500916e-03
8.636744692921638489e-03
-7.278607226908206940e-03
-7.305573672056198120e-03
6.779249291867017746e-03
4.830126650631427765e-03
-7.067655678838491440e-03
-7.156275212764739990e-03
3.821693360805511475e-03
-8.168702945113182068e-03
9.160362184047698975e-03
9.440123103559017181e-03
1.600996241904795170e-03
7.898714393377304077e-03
2.672239206731319427e-03
6.140567660331726074e-01
9.907481074333190918e-01
-2.147581338882446289e+00
6.889433860778808594e-01
