2.177791595458984375e+00
5.030958652496337891e+00
3.607084274291992188e+00
1.808691143989562988e+00
1.827858924865722656e+00
2.200587034225463867e+00
2.861001491546630859e+00
-7.582278251647949219e-01
3.383437693119049072e-01
4.185651838779449463e-01
-1.211619853973388672e+00
5.440797209739685059e-01
-6.656895279884338379e-01
2.710190415382385254e-01
-1.670303702354431152e+00
-1.606453657150268555e-01
-2.501731216907501221e-01
8.495120331645011902e-03
2.806025184690952301e-02
-2.531842291355133057e-01
1.349917054176330566e-01
1.137117385864257812e+00
1.329587554931640625e+01
1.533296775817871094e+01
1.524301624298095703e+01
1.731245231628417969e+01
1.906873130798339844e+01
1.903258323669433594e+01
2.017209815979003906e+01
-8.008294701576232910e-01
-1.164528504014015198e-01
5.155663490295410156e-01
-7.285162806510925293e-02
-1.721146255731582642e-01
-1.163070201873779297e-01
2.443765997886657715e-01
-2.464421093463897705e-01
-1.507533311843872070e+00
-1.221562266349792480e+00
2.534724473953247070e-01
5.561207532882690430e-01
-1.708483815193176270e+00
4.248068332672119141e+00
2.342013865709304810e-01
-5.673803091049194336e-01
-5.739718079566955566e-01
5.858944892883300781e+00
1.598627448081970215e+00
-8.945295810699462891e-01
-1.921768933534622192e-01
2.511166632175445557e-01
9.183019995689392090e-01
-1.938648819923400879e-01
1.169752717018127441e+00
1.234878972172737122e-02
-9.878849387168884277e-01
5.267036437988281250e+00
4.892299771308898926e-01
-6.344104185700416565e-03
2.058444619178771973e-01
-1.458037495613098145e-01
4.996358454227447510e-01
-1.543684899806976318e-01
2.508268058300018311e-01
4.962654113769531250e-01
6.543006896972656250e-01
7.356549799442291260e-02
-2.793669104576110840e-01
-1.084048300981521606e-01
1.456591010093688965e+00
-1.355610728263854980e+00
-6.487328559160232544e-02
5.104812383651733398e-01
6.965537071228027344e-01
-4.106334686279296875e+00
1.084603145718574524e-01
5.244159698486328125e-01
-3.166691958904266357e-02
-2.827534638345241547e-02
4.273982942104339600e-01
1.142981369048357010e-02
-4.054189324378967285e-01
2.588351964950561523e-01
8.950371146202087402e-01
-2.364103078842163086e+00
2.472802102565765381e-01
-6.199909374117851257e-03
-3.172099590301513672e-01
1.698991805315017700e-01
1.182481348514556885e-01
-6.696800142526626587e-02
-3.273007869720458984e-01
-7.591640949249267578e-02
1.644903868436813354e-01
4.116270244121551514e-01
2.001719027757644653e-01
8.701439201831817627e-02
-1.435376286506652832e+00
-5.995910614728927612e-03
-3.189805150032043457e-01
5.863540247082710266e-02
-3.211285173892974854e-01
2.293551206588745117e+00
-6.337206959724426270e-01
-2.091818153858184814e-01
1.608135551214218140e-01
-1.022269278764724731e-01
-5.367521047592163086e-01
1.457487940788269043e-01
1.399430483579635620e-01
1.435592323541641235e-01
-5.149673819541931152e-01
1.651647925376892090e+00
-3.886775579303503036e-03
-2.575590042397379875e-03
6.805424112826585770e-03
1.982675166800618172e-03
-9.974092245101928711e-03
-6.919141393154859543e-03
-7.100504357367753983e-03
-1.117209903895854950e-04
-1.981794135645031929e-03
7.282885257154703140e-03
3.430192358791828156e-03
-1.432358287274837494e-03
-8.906379662221297622e-06
-4.315029829740524292e-03
6.138786207884550095e-03
-7.895960472524166107e-03
-3.947013057768344879e-03
7.592339534312486649e-04
1.501607825048267841e-03
3.711834782734513283e-03
-2.498141489923000336e-03
-4.730805754661560059e-03
3.895544912666082382e-03
-5.190797615796327591e-03
2.245306270197033882e-03
6.879336666315793991e-03
4.692078102380037308e-03
-8.804068900644779205e-03
7.219635844230651855e-01
1.018887519836425781e+00
-2.078023910522460938e+00
7.260348200798034668e-01
