2.182410717010498047e+00
5.025420665740966797e+00
3.616559267044067383e+00
1.807483911514282227e+00
1.861837863922119141e+00
2.146414756774902344e+00
2.878270387649536133e+00
-6.582786440849304199e-01
5.241317152976989746e-01
3.225309252738952637e-01
-1.414458870887756348e+00
3.741245269775390625e-01
-9.946951866149902344e-01
4.980879426002502441e-01
-1.232106328010559082e+00
-1.446550488471984863e-01
-4.172514379024505615e-01
4.242550581693649292e-02
1.078377664089202881e-01
6.415273994207382202e-03
6.393449008464813232e-02
1.156112313270568848e+00
1.329368495941162109e+01
1.534149646759033203e+01
1.525589847564697266e+01
1.732438278198242188e+01
1.920078468322753906e+01
1.900936508178710938e+01
2.049200248718261719e+01
-7.766122817993164062e-01
-4.033214226365089417e-02
5.188649892807006836e-01
-4.657376185059547424e-02
5.228308960795402527e-02
-3.769038915634155273e-01
9.712511301040649414e-02
-1.234090253710746765e-01
-1.710087537765502930e+00
-1.186682224273681641e+00
-5.092284679412841797e-01
1.092638254165649414e+00
-1.936605930328369141e+00
4.629578113555908203e+00
2.696387469768524170e-01
6.412891149520874023e-01
-1.274996638298034668e+00
6.495072364807128906e+00
1.453082323074340820e+00
-7.449046969413757324e-01
-2.022670954465866089e-01
8.283646106719970703e-01
1.428581953048706055e+00
-4.177246391773223877e-01
9.046071767807006836e-01
-6.725048273801803589e-02
-8.857635855674743652e-01
4.867434978485107422e+00
6.602989435195922852e-01
9.505320340394973755e-02
4.800098761916160583e-02
-2.614332437515258789e-01
5.302887558937072754e-01
-3.322092592716217041e-01
-1.732651740312576294e-01
4.711226522922515869e-01
1.214323639869689941e+00
1.453604847192764282e-01
-5.028294920921325684e-01
2.008942812681198120e-01
1.490814447402954102e+00
-3.417645215988159180e+00
-1.363575365394353867e-02
6.538597345352172852e-01
7.316073179244995117e-01
-5.169342517852783203e+00
1.877931058406829834e-01
5.551403760910034180e-01
-2.055197656154632568e-01
4.262564480304718018e-01
5.187402367591857910e-01
-2.951255738735198975e-01
-2.456454932689666748e-01
6.816892027854919434e-01
4.497186541557312012e-01
-3.570169925689697266e+00
6.780256330966949463e-02
-9.232325106859207153e-02
-8.988930284976959229e-02
1.104755997657775879e-01
5.072313547134399414e-02
1.598796695470809937e-01
-1.973515599966049194e-01
-1.366824507713317871e-01
-8.887010812759399414e-02
1.958084255456924438e-01
8.726659417152404785e-02
1.169187109917402267e-02
-1.075891494750976562e+00
1.151211023330688477e+00
-2.760211937129497528e-02
-7.623028010129928589e-02
-4.726911485195159912e-01
2.296921014785766602e+00
-5.993985533714294434e-01
-1.581642031669616699e-01
2.262481003999710083e-01
-1.305485665798187256e-01
-6.916495561599731445e-01
4.088692367076873779e-01
3.607948124408721924e-01
-1.752646416425704956e-01
-3.551141023635864258e-01
1.851386189460754395e+00
-3.886775579303503036e-03
-2.575590042397379875e-03
6.805424112826585770e-03
1.982675166800618172e-03
-9.974092245101928711e-03
-6.919141393154859543e-03
-7.100504357367753983e-03
-1.117209903895854950e-04
-1.981794135645031929e-03
7.282885257154703140e-03
3.430192358791828156e-03
-1.432358287274837494e-03
-8.906379662221297622e-06
-4.315029829740524292e-03
6.138786207884550095e-03
-7.895960472524166107e-03
-3.947013057768344879e-03
7.592339534312486649e-04
1.501607825048267841e-03
3.711834782734513283e-03
-2.498141489923000336e-03
-4.730805754661560059e-03
3.895544912666082382e-03
-5.190797615796327591e-03
2.245306270197033882e-03
6.879336666315793991e-03
4.692078102380037308e-03
-8.804068900644779205e-03
1.294605016708374023e+00
9.730920195579528809e-01
-2.026966571807861328e+00
6.808148026466369629e-01
