2.454604530334472656e+01
1.543222236633300781e+01
1.544369602203369141e+01
3.854235410690307617e+00
1.544384288787841797e+01
8.665204048156738281e+00
2.748081684112548828e+00
3.935119152069091797e+00
-6.834305286407470703e+00
-6.966445446014404297e+00
-6.446365833282470703e+00
-5.894543170928955078e+00
9.574315547943115234e-01
-4.831183433532714844e+00
2.068853139877319336e+00
3.755166292190551758e+00
-1.050690937042236328e+01
-2.596685409545898438e+00
6.239217281341552734e+00
1.264014244079589844e+01
-5.208297252655029297e+00
5.839848995208740234e+00
5.870035648345947266e+00
5.078750610351562500e+00
-3.890614509582519531e+00
3.255997657775878906e+00
5.729986190795898438e+00
3.220409154891967773e+00
2.116760730743408203e+00
4.419897079467773438e+00
-9.579941630363464355e-03
4.871187686920166016e+00
-9.197933197021484375e+00
3.134146451950073242e+00
-8.757865905761718750e+00
1.419081091880798340e+00
-1.771647334098815918e+00
4.642995297908782959e-01
-2.546730995178222656e+00
-1.582850068807601929e-01
1.726525187492370605e+00
9.588911533355712891e-01
-7.740695476531982422e-01
1.571316003799438477e+00
-1.414615869522094727e+00
-1.535024285316467285e+00
2.351069211959838867e+00
4.502225875854492188e+00
-1.385631561279296875e+00
-2.208068132400512695e+00
9.806671142578125000e-01
