1.570925521850585938e+01
1.554008674621582031e+01
1.114191341400146484e+01
1.634408187866210938e+01
9.145577430725097656e+00
1.621394729614257812e+01
1.395423507690429688e+01
1.544483757019042969e+01
8.702011108398437500e+00
9.148874282836914062e+00
1.619210243225097656e+01
1.116439723968505859e+01
9.631318092346191406e+00
1.557864570617675781e+01
-2.810157299041748047e+00
9.144358634948730469e-01
9.019830703735351562e+00
-2.683140277862548828e+00
-7.438264369964599609e+00
-3.566347360610961914e-01
2.758471667766571045e-01
1.849895477294921875e+00
2.006345748901367188e+00
4.118899822235107422e+00
6.063011169433593750e+00
-7.340504169464111328e+00
-2.381708860397338867e+00
9.458591043949127197e-02
1.893051385879516602e+00
-2.814159631729125977e+00
-7.525671124458312988e-01
3.165596961975097656e+00
-2.349925994873046875e+00
-1.099165081977844238e-01
8.439218401908874512e-01
1.257115483283996582e+00
3.658339023590087891e+00
1.776946187019348145e-01
2.389603614807128906e+00
-8.493446707725524902e-01
-8.609007596969604492e-01
-9.646086692810058594e+00
9.208477735519409180e-01
1.726994156837463379e+00
3.291810989379882812e+00
2.637699127197265625e+00
-6.598138213157653809e-01
-3.038583040237426758e+00
7.402097702026367188e+00
9.791520118713378906e+00
-4.473872184753417969e+00
3.806027650833129883e+00
1.895117044448852539e+00
-8.147922158241271973e-01
6.838353633880615234e+00
7.941421866416931152e-01
1.652384847402572632e-01
-3.516115903854370117e+00
1.528915166854858398e+00
-5.962368965148925781e+00
9.040879249572753906e+00
-1.175170898437500000e+00
-3.556635141372680664e+00
-2.461807489395141602e+00
4.870885372161865234e+00
-5.792749881744384766e+00
1.336006164550781250e+01
-3.137808740139007568e-01
-2.603895902633666992e+00
5.607918739318847656e+00
1.099711298942565918e+00
-2.794955015182495117e+00
1.678945660591125488e+00
8.084432601928710938e+00
2.666494607925415039e+00
1.040043830871582031e+00
-1.663386344909667969e+00
9.108934402465820312e+00
-5.265877246856689453e+00
1.353955149650573730e+00
8.876510620117187500e+00
8.169059753417968750e+00
-6.345313191413879395e-01
1.975208997726440430e+00
3.480194091796875000e+00
1.050736427307128906e+01
-7.393561303615570068e-03
-1.793966293334960938e+00
-5.876886844635009766e+00
9.247244834899902344e+00
-2.938570380210876465e-01
3.025896072387695312e+00
9.517519950866699219e+00
-4.006417751312255859e+00
-3.593426942825317383e+00
1.413161516189575195e+00
-1.110652732849121094e+01
-1.958589315414428711e+00
6.653801441192626953e+00
7.562929153442382812e+00
2.261807441711425781e+00
3.405685186386108398e+00
-3.283054828643798828e+00
-3.253425598144531250e+00
5.767173290252685547e+00
-1.187384605407714844e+00
-1.050996589660644531e+01
3.289001703262329102e+00
7.920348167419433594e+00
3.021835565567016602e+00
3.418488979339599609e+00
-4.582507610321044922e+00
3.126949548721313477e+00
2.384580135345458984e+00
-4.763751983642578125e+00
7.795531272888183594e+00
6.212591648101806641e+00
-2.274019002914428711e+00
3.985255956649780273e-01
5.413812637329101562e+00
8.374980688095092773e-01
-1.705217063426971436e-01
-1.558808326721191406e+00
-9.126052260398864746e-01
6.245377063751220703e+00
-1.069212555885314941e-01
2.104859650135040283e-01
4.090994358062744141e+00
-1.482138276100158691e+00
1.841602683067321777e+00
-1.685265898704528809e+00
-1.654731929302215576e-01
-1.167072057723999023e+00
-4.674606621265411377e-01
1.127256751060485840e+00
8.510818481445312500e-01
-1.848726868629455566e-01
2.252928018569946289e+00
4.263010978698730469e+00
5.681450963020324707e-01
1.133922934532165527e+00
1.136362791061401367e+00
1.357513666152954102e+00
-4.609936475753784180e-01
6.727756261825561523e-01
1.563517808914184570e+00
-4.991829097270965576e-01
-3.026646375656127930e-01
3.380434274673461914e+00
3.921763896942138672e+00
-2.308909177780151367e+00
-3.130831956863403320e+00
-1.466313123703002930e+00
-1.263035058975219727e+00
1.967193126678466797e+00
3.711913585662841797e+00
5.460441112518310547e+00
4.951953887939453125e+00
1.793994784355163574e+00
7.667185068130493164e-01
-2.452321529388427734e+00
-3.085005998611450195e+00
3.252503156661987305e+00
4.803769111633300781e+00
-4.113730788230895996e-02
2.171991348266601562e+00
6.945152282714843750e+00
-3.575136184692382812e+00
-2.493079423904418945e+00
-1.111787199974060059e+00
4.807787239551544189e-01
-1.307138919830322266e+00
3.105373144149780273e+00
-3.369913339614868164e+00
2.296018600463867188e+00
5.626948833465576172e+00
-1.018700480461120605e+00
3.703626155853271484e+00
-5.509315729141235352e-01
-2.635193586349487305e+00
1.867888212203979492e+00
2.506111145019531250e+00
-2.342074632644653320e+00
1.174141407012939453e+00
-2.014454603195190430e+00
3.505109071731567383e+00
-3.357683718204498291e-01
3.502783298492431641e+00
-9.782915115356445312e-01
4.230019092559814453e+00
1.669173598289489746e+00
4.768911838531494141e+00
-2.920683860778808594e+00
2.471076250076293945e+00
4.311444282531738281e+00
-6.160749867558479309e-02
3.363536894321441650e-01
3.639715015888214111e-01
5.125527381896972656e+00
2.281180858612060547e+00
-4.136159420013427734e-01
-2.748099327087402344e+00
4.621279239654541016e+00
-3.708769798278808594e+00
-6.976691484451293945e-01
2.646543741226196289e+00
2.713621616363525391e+00
6.694879055023193359e+00
-1.271592378616333008e+00
-2.814579963684082031e+00
-4.100260734558105469e-01
-1.378082275390625000e+00
1.268953561782836914e+00
6.627759337425231934e-01
-1.437956333160400391e+00
-3.182836771011352539e+00
4.059491634368896484e+00
-1.035565137863159180e+00
2.898389339447021484e+00
2.024002075195312500e+00
-8.470401763916015625e-01
-4.997065961360931396e-01
6.686461567878723145e-01
-6.882818341255187988e-01
4.874206542968750000e+00
7.456752657890319824e-01
-1.712380051612854004e+00
-7.347368448972702026e-02
-6.193646788597106934e-01
4.976029872894287109e+00
4.530563950538635254e-02
1.767246723175048828e+00
2.963634729385375977e+00
-1.327802181243896484e+00
1.139821410179138184e+00
-1.106749057769775391e+00
1.134550213813781738e+00
-6.577455997467041016e-01
-1.079322099685668945e+00
2.201158761978149414e+00
2.193890333175659180e+00
-6.611343622207641602e-01
1.459520101547241211e+00
-3.367244005203247070e+00
2.097254276275634766e+00
3.099984824657440186e-01
2.322694540023803711e+00
-2.566260814666748047e+00
4.162846133112907410e-02
-7.343696355819702148e-01
-1.280409574508666992e+00
-1.321614265441894531e+00
-1.905220985412597656e+00
3.208804130554199219e+00
2.904319763183593750e+00
-2.813231945037841797e+00
-1.089555621147155762e+00
-6.315775513648986816e-01
-1.995177984237670898e+00
2.859043836593627930e+00
3.756349563598632812e+00
4.144546985626220703e+00
5.025216579437255859e+00
5.933976173400878906e-01
-5.414525270462036133e-01
-2.380329370498657227e+00
3.607977628707885742e-01
2.306909561157226562e+00
5.124103546142578125e+00
-1.163797855377197266e+00
3.789603948593139648e+00
6.024058818817138672e+00
-1.043311595916748047e+00
2.844769954681396484e+00
-1.005031824111938477e+00
-2.359535694122314453e+00
2.409333944320678711e+00
4.761380672454833984e+00
-2.404520750045776367e+00
-5.738310217857360840e-01
5.343118667602539062e+00
-2.052326649427413940e-01
5.105978965759277344e+00
1.555805206298828125e+00
-2.926722288131713867e+00
2.854323148727416992e+00
1.911105394363403320e+00
3.153342306613922119e-01
1.880182743072509766e+00
-6.303218007087707520e-01
2.154395818710327148e+00
1.668529987335205078e+00
5.295551300048828125e+00
-4.367567062377929688e+00
3.043162107467651367e+00
3.775322735309600830e-01
5.678510665893554688e+00
-2.812278985977172852e+00
5.313277244567871094e+00
2.565439701080322266e+00
-4.161161422729492188e+00
1.467348337173461914e+00
-3.121685385704040527e-01
5.487050056457519531e+00
3.231482982635498047e+00
8.810625672340393066e-01
-1.085063934326171875e+00
1.514964580535888672e+00
-3.791560649871826172e+00
1.139468431472778320e+00
2.166920185089111328e+00
4.390087127685546875e+00
3.817811727523803711e+00
-1.013913750648498535e+00
-2.365956544876098633e+00
7.903453111648559570e-01
-5.927886366844177246e-01
1.935996174812316895e+00
4.250442981719970703e+00
-1.634482145309448242e+00
-2.809829473495483398e+00
3.524202346801757812e+00
5.757812261581420898e-01
2.562212944030761719e+00
2.232849597930908203e+00
-8.325540423393249512e-01
-8.925830125808715820e-01
-1.620707392692565918e+00
-1.610931277275085449e+00
-1.049815893173217773e+00
