1.708007693290710449e+00
1.663150787353515625e+00
4.348796367645263672e+00
9.644672870635986328e-01
1.615369200706481934e+00
3.187290430068969727e+00
2.050541400909423828e+00
1.671977162361145020e+00
1.493983864784240723e+00
1.953104257583618164e+00
2.307546377182006836e+00
1.038699030876159668e+00
1.491998791694641113e+00
-7.245717048645019531e-01
-2.447841763496398926e-01
-7.937341183423995972e-02
1.465511322021484375e+00
1.830461174249649048e-01
-1.259247809648513794e-01
1.137756258249282837e-01
4.276325404644012451e-01
7.121154069900512695e-01
4.920213520526885986e-01
1.939023137092590332e-01
-3.835611641407012939e-01
-4.981914460659027100e-01
-1.538778662681579590e+00
-1.567217558622360229e-01
-4.963990673422813416e-02
-2.144965380430221558e-01
4.973241686820983887e-02
-9.224366396665573120e-02
-1.923990547657012939e-01
-7.731292396783828735e-02
4.241869226098060608e-02
-1.076576299965381622e-02
-3.603887557983398438e-01
8.995612710714340210e-02
8.677981048822402954e-02
1.186653494834899902e+00
1.015129470825195312e+01
1.320692062377929688e+01
1.353631496429443359e+01
1.409073448181152344e+01
1.543624782562255859e+01
1.492147159576416016e+01
1.677043342590332031e+01
1.895227813720703125e+01
1.780265617370605469e+01
1.914752578735351562e+01
2.021656036376953125e+01
1.962846946716308594e+01
2.525298118591308594e+01
1.470125198364257812e+00
-2.562048435211181641e-01
3.215516209602355957e-01
-1.892904639244079590e+00
1.575805693864822388e-01
1.223165392875671387e+00
2.768696844577789307e-01
-6.648419499397277832e-01
-6.849734485149383545e-02
2.863603532314300537e-01
-9.663886390626430511e-03
-8.406814336776733398e-01
1.005735874176025391e+00
2.429408133029937744e-01
-1.644387006759643555e+00
-8.699719905853271484e-01
-3.844792954623699188e-03
3.633560538291931152e-01
-2.549511492252349854e-01
-6.980143785476684570e-01
-9.183605015277862549e-02
-3.155934810638427734e-02
-5.133316516876220703e-01
-4.844179451465606689e-01
6.947144865989685059e-01
2.210998296737670898e+00
3.140663802623748779e-01
-1.950346082448959351e-01
2.203802950680255890e-02
4.636290948837995529e-03
8.648014664649963379e-01
-4.071125686168670654e-01
-5.813549458980560303e-02
1.144934535026550293e+00
-2.164006978273391724e-01
-1.978827714920043945e+00
2.818225622177124023e+00
-1.688160747289657593e-01
-3.867461383342742920e-01
9.260225296020507812e-02
-9.881549477577209473e-01
2.053890228271484375e-01
4.765969216823577881e-01
-1.539955884218215942e-01
-1.155824363231658936e-01
-5.328494906425476074e-01
3.436878025531768799e-01
-4.042702913284301758e-01
3.484862744808197021e-01
3.898216411471366882e-02
-4.155167937278747559e-02
-5.084717869758605957e-01
-4.207966625690460205e-01
8.756359666585922241e-02
1.850204586982727051e+00
-4.296680390834808350e-01
-6.190395355224609375e-01
6.114704608917236328e-01
-1.450822949409484863e-01
-8.637140393257141113e-01
-1.656936556100845337e-01
-5.592386722564697266e-01
-1.286733269691467285e+00
-4.066538512706756592e-01
1.190921571105718613e-02
6.029019951820373535e-01
2.700839042663574219e-01
-6.068792194128036499e-02
1.547539830207824707e-01
1.623338088393211365e-02
8.659021854400634766e-01
-7.363241910934448242e-01
1.126172691583633423e-01
-1.245889186859130859e+00
-1.017523527145385742e+00
-1.049744009971618652e+00
7.585285305976867676e-01
9.342383742332458496e-01
5.824764966964721680e-01
-6.070942282676696777e-01
-1.436933875083923340e+00
-1.655362367630004883e+00
2.398565530776977539e+00
1.199625134468078613e+00
-7.213767766952514648e-01
-4.461826324462890625e+00
-9.067460298538208008e-01
3.721237778663635254e-01
1.878705739974975586e+00
-3.267167508602142334e-01
-5.660862326622009277e-01
1.125572770833969116e-01
3.222792744636535645e-01
-2.858441174030303955e-01
3.574774265289306641e-01
-1.097553223371505737e-01
-2.200842946767807007e-01
3.956927731633186340e-02
-2.205580621957778931e-01
3.217095732688903809e-01
3.762159943580627441e-01
1.205248311161994934e-01
1.222034543752670288e-01
3.930472135543823242e-01
2.966534793376922607e-01
7.473354935646057129e-01
6.809385120868682861e-02
3.662403300404548645e-02
1.262546777725219727e-01
2.200192213058471680e-01
-5.609296560287475586e-01
-1.399604603648185730e-02
1.260196566581726074e-01
-1.295955479145050049e-01
-1.974223181605339050e-02
2.819990217685699463e-01
-1.504778146743774414e+00
4.753853976726531982e-01
-1.176145598292350769e-01
-2.998562157154083252e-01
7.570151984691619873e-02
-6.324046105146408081e-02
9.235649369657039642e-03
4.249043017625808716e-02
1.341404169797897339e-01
-1.646401137113571167e-01
1.741798520088195801e-01
-7.385774254798889160e-01
1.630635559558868408e-01
3.378876149654388428e-01
9.773769974708557129e-02
3.166086375713348389e-01
-4.261764511466026306e-02
-2.964015863835811615e-02
-1.469160914421081543e-01
-2.150366269052028656e-02
-3.097337186336517334e-01
3.008553683757781982e-01
5.608046427369117737e-02
-5.644187703728675842e-02
-1.209974661469459534e-01
1.948964744806289673e-01
2.833701372146606445e-01
8.668801933526992798e-02
1.411812752485275269e-01
1.680431216955184937e-01
3.424845635890960693e-01
1.915582865476608276e-01
4.608245193958282471e-02
2.271117269992828369e-01
3.970067203044891357e-02
1.865032315254211426e-01
2.669285535812377930e-01
-7.824927568435668945e-01
3.586444258689880371e-01
-6.085719466209411621e-01
2.429098784923553467e-01
2.284942716360092163e-01
7.510390877723693848e-01
6.435614079236984253e-02
4.321192502975463867e-01
1.025354385375976562e+00
-1.117406189441680908e-01
-2.875881493091583252e-01
-8.156200647354125977e-01
-6.634380817413330078e-01
1.127446293830871582e-01
2.762085199356079102e-01
3.033808767795562744e-01
4.237573146820068359e-01
6.864373683929443359e-01
-2.585141658782958984e-01
9.223116636276245117e-01
-2.345621883869171143e-01
-8.168414235115051270e-01
-3.072281181812286377e-01
1.462406158447265625e+00
6.985514760017395020e-01
3.003234788775444031e-02
1.214447855949401855e+00
-2.854423411190509796e-02
7.530991435050964355e-01
-5.463897585868835449e-01
-2.126372605562210083e-01
-1.878227666020393372e-02
1.584749370813369751e-01
-1.003851890563964844e-01
-3.192794024944305420e-01
1.655590087175369263e-01
5.564444139599800110e-02
-8.523680269718170166e-02
-7.420479506254196167e-02
-5.326548591256141663e-03
3.465013951063156128e-02
-1.212401747703552246e+00
-4.932294040918350220e-02
2.048419415950775146e-01
1.190696656703948975e-01
-5.567610729485750198e-03
-1.129490733146667480e-01
1.468714326620101929e-01
2.070591151714324951e-01
1.164207011461257935e-01
2.636077255010604858e-02
-8.460426330566406250e-02
1.355220973491668701e-01
-2.531453073024749756e-01
-1.998389810323715210e-01
-2.087289243936538696e-01
-2.879412146285176277e-03
6.284747272729873657e-02
2.193935029208660126e-02
2.314068824052810669e-01
-9.850502759218215942e-02
-1.709611564874649048e-01
-5.997383221983909607e-02
1.378162503242492676e-01
-6.577146649360656738e-01
-5.818579792976379395e-01
-2.321386709809303284e-02
-8.215672522783279419e-02
2.474562078714370728e-01
-3.841664642095565796e-02
2.263371646404266357e-02
1.154276877641677856e-01
-2.180516272783279419e-01
1.798498332500457764e-01
9.027110785245895386e-02
-1.488616168498992920e-01
1.801925599575042725e-01
-1.915021091699600220e-01
-1.363781392574310303e-01
2.160422950983047485e-01
-7.793582230806350708e-02
-1.011097058653831482e-01
-2.746824361383914948e-02
-5.398218035697937012e-01
-4.781467840075492859e-02
8.511135727167129517e-02
6.894822418689727783e-02
-1.314049959182739258e-01
4.897458851337432861e-01
1.249711215496063232e-01
-1.212075203657150269e-01
5.405617356300354004e-01
-6.769286096096038818e-02
4.972827136516571045e-01
-4.290255010128021240e-01
-1.443766336888074875e-02
9.694187343120574951e-02
-2.685264050960540771e-01
-7.410298287868499756e-02
2.986381649971008301e-01
1.354613602161407471e-01
7.401217222213745117e-01
-6.467887163162231445e-01
8.324500173330307007e-02
6.822979450225830078e-01
-3.587590456008911133e-01
-5.598065257072448730e-01
-4.336911737918853760e-01
3.220663964748382568e-01
-1.439522951841354370e-01
7.604110240936279297e-01
-3.632450103759765625e-01
-9.919123649597167969e-01
1.143865510821342468e-01
1.578970313072204590e+00
1.247142076492309570e+00
3.378708288073539734e-02
3.192200139164924622e-02
-9.349745512008666992e-02
1.196126174181699753e-02
-6.171285640448331833e-03
4.606575239449739456e-03
-3.445937763899564743e-03
7.412450853735208511e-03
-6.283342954702675343e-04
-6.532914470881223679e-03
-7.867359556257724762e-03
-3.324175486341118813e-03
2.581700449809432030e-03
8.359691128134727478e-03
-2.144485479220747948e-04
5.567029118537902832e-03
-5.322302691638469696e-03
6.202328018844127655e-03
9.328332380391657352e-04
1.175079611130058765e-03
4.994346527382731438e-04
-3.477441496215760708e-04
8.619735017418861389e-03
-6.623280700296163559e-03
7.040012162178754807e-03
-9.920728625729680061e-04
9.722121059894561768e-03
-5.628363229334354401e-03
-7.815841585397720337e-03
-8.059589192271232605e-03
5.988385993987321854e-03
-6.185730453580617905e-04
8.290570229291915894e-03
2.229220699518918991e-03
3.097229055128991604e-04
-9.962586686015129089e-03
-4.463870543986558914e-03
1.682282541878521442e-03
-8.675782941281795502e-03
-6.959673017263412476e-03
-1.921773771755397320e-03
-8.234081789851188660e-03
-6.057053804397583008e-03
9.842810221016407013e-03
-1.990708522498607635e-03
7.390433922410011292e-03
4.937095567584037781e-03
-1.794807729311287403e-03
-4.268120508641004562e-03
-2.929031150415539742e-03
3.323039272800087929e-03
-3.225988242775201797e-03
6.229565013200044632e-03
4.710684530436992645e-03
-7.855528034269809723e-03
-9.171504527330398560e-03
7.528927526436746120e-04
9.235629811882972717e-03
-3.257649485021829605e-03
-2.176719950512051582e-03
-8.131593465805053711e-03
4.323261324316263199e-03
6.169287487864494324e-03
2.044353866949677467e-03
-3.819105913862586021e-03
4.840617533773183823e-03
6.844888441264629364e-03
-5.708712153136730194e-03
9.359036630485206842e-05
3.406420350074768066e-03
-3.117982298135757446e-03
2.505248703528195620e-04
-9.499638341367244720e-03
-4.047146998345851898e-03
3.047670004889369011e-03
-7.144637405872344971e-03
-4.072805400937795639e-03
-9.618693962693214417e-03
-6.154182483442127705e-05
-8.483136072754859924e-03
5.422232672572135925e-03
6.860108696855604649e-04
-2.329322975128889084e-03
-1.634617336094379425e-03
2.534372266381978989e-03
8.830307982861995697e-03
-7.159346714615821838e-03
1.761958934366703033e-03
-8.472902700304985046e-03
5.625152960419654846e-03
-6.303281057626008987e-03
-6.591118406504392624e-03
1.134390826337039471e-03
1.285431208088994026e-03
-9.017948061227798462e-03
1.025201678276062012e+00
7.750461697578430176e-01
-1.451072812080383301e+00
4.665022492408752441e-01
