1.712877154350280762e+00
1.286645174026489258e+00
-1.025038003921508789e+00
4.505147933959960938e+00
1.762869954109191895e+00
3.817855596542358398e+00
1.598530292510986328e+00
2.355038404464721680e+00
2.501849651336669922e+00
2.396621227264404297e+00
-2.681726217269897461e-02
3.385327458381652832e-01
1.018359899520874023e+00
1.323292493820190430e+00
-1.545504182577133179e-01
3.030887842178344727e-01
-6.731135398149490356e-02
4.181886017322540283e-01
6.277905404567718506e-02
1.170372962951660156e-01
-3.644304573535919189e-01
5.754815936088562012e-01
3.046381175518035889e-01
-6.317029595375061035e-01
-4.919423758983612061e-01
5.400587990880012512e-02
-1.244486495852470398e-01
1.223083026707172394e-02
-3.256378471851348877e-01
2.063442370854318142e-04
2.147643119096755981e-01
-2.696394026279449463e-01
-7.339075207710266113e-01
7.850520014762878418e-01
9.950518608093261719e+00
9.261435508728027344e+00
1.320273780822753906e+01
1.334618949890136719e+01
1.538002395629882812e+01
1.435399150848388672e+01
1.742795562744140625e+01
1.906985092163085938e+01
1.943722724914550781e+01
1.945812797546386719e+01
1.964848136901855469e+01
7.222490906715393066e-01
5.719356536865234375e-01
3.213083744049072266e-01
-1.288457214832305908e-01
-4.739502072334289551e-01
1.021633863449096680e+00
7.332234382629394531e-01
-4.829528927803039551e-01
-1.339756011962890625e+00
-3.310157299041748047e+00
-5.285325646400451660e-01
3.924229741096496582e-01
-1.224341869354248047e+00
-4.327903687953948975e-01
4.407957494258880615e-01
2.927110791206359863e-01
1.197503209114074707e-01
-7.296123504638671875e-01
-4.257371425628662109e-01
-2.145469903945922852e+00
1.863541245460510254e+00
4.647802561521530151e-03
-9.761003255844116211e-01
2.718185484409332275e-01
-2.324993312358856201e-01
5.965501070022583008e-01
4.060624539852142334e-01
1.712244749069213867e-01
1.376375007629394531e+01
1.335599660873413086e+00
7.476550340652465820e-01
2.863195836544036865e-01
-8.235825300216674805e-01
1.495833545923233032e-01
-2.086287975311279297e+00
1.019970893859863281e+00
-1.763664245605468750e+01
-1.101750612258911133e+00
4.978093132376670837e-02
-1.424236655235290527e+00
-1.127636551856994629e+00
2.662433385848999023e-01
4.850237369537353516e-01
6.239027976989746094e-01
2.940256297588348389e-01
2.357256412506103516e+00
4.362148046493530273e-01
-7.100213170051574707e-01
-2.753376066684722900e-01
-7.542607784271240234e-01
-3.236091852188110352e+00
1.072706222534179688e+00
5.772849321365356445e-01
-1.523840665817260742e+00
1.881673097610473633e+00
1.408536911010742188e+00
-3.242908120155334473e-01
-6.881479173898696899e-02
-1.369024991989135742e+00
-1.200618386268615723e+00
1.315605163574218750e+00
-7.576806098222732544e-02
-1.524689644575119019e-01
1.729371190071105957e+00
-1.734353601932525635e-01
2.084238454699516296e-02
9.209477156400680542e-02
-3.052785098552703857e-01
3.389261066913604736e-01
-5.772852897644042969e-01
1.012640297412872314e-01
-1.237468272447586060e-01
7.423586249351501465e-01
-8.908914327621459961e-01
8.838740736246109009e-02
1.581602334976196289e+00
-2.701396703720092773e+00
2.463701069355010986e-01
-3.103253543376922607e-01
6.490412950515747070e-01
3.827807307243347168e-01
-5.245561599731445312e-01
-7.944594621658325195e-01
-5.386242270469665527e-01
7.574106454849243164e-01
7.118735313415527344e-01
-1.087016344070434570e+00
6.576733291149139404e-02
5.372624397277832031e-01
-5.246813222765922546e-02
4.280464351177215576e-01
3.290984630584716797e-01
2.392594069242477417e-01
-2.123295366764068604e-01
-1.860984563827514648e+00
6.438571929931640625e+00
2.023422904312610626e-02
-1.515314634889364243e-02
-3.681616187095642090e-01
-2.719466686248779297e-01
3.354851901531219482e-02
-9.679758548736572266e-02
3.222973346710205078e+00
-9.345940589904785156e+00
4.817556738853454590e-01
3.075431287288665771e-01
-5.872447043657302856e-02
4.091532528400421143e-01
2.651324868202209473e-01
-8.874084800481796265e-02
-5.482985973358154297e-01
2.257108688354492188e-01
-2.402117103338241577e-01
-1.263916045427322388e-01
9.511701017618179321e-02
5.293138027191162109e-01
1.582686789333820343e-02
2.478438913822174072e-01
-9.957319498062133789e-02
4.007887840270996094e-01
-7.081268429756164551e-01
1.446608304977416992e+00
7.951104044914245605e-01
-2.115325927734375000e-01
7.918604016304016113e-01
-1.722022175788879395e+00
2.961094081401824951e-01
4.205378890037536621e-02
-3.309910371899604797e-02
9.479390084743499756e-02
4.225901067256927490e-01
1.412198066711425781e+00
-5.128535032272338867e-01
1.997410506010055542e-02
-1.311066467314958572e-02
2.319873869419097900e-01
-5.461374670267105103e-02
-3.812746405601501465e-01
-1.045986652374267578e+00
4.832675755023956299e-01
9.208404421806335449e-01
-8.032076358795166016e-01
-8.673326969146728516e-01
-3.638898432254791260e-01
8.730872720479965210e-02
2.730315029621124268e-01
-4.577346444129943848e-01
6.877113580703735352e-01
8.715521097183227539e-01
-8.880582451820373535e-02
-2.002061158418655396e-02
1.393298618495464325e-03
-1.327422738075256348e+00
-5.551691725850105286e-02
1.830725520849227905e-01
-3.224090114235877991e-02
2.183704376220703125e-01
-1.816905476152896881e-02
3.341093063354492188e-01
2.425586581230163574e-01
-1.980080962181091309e+00
5.034193992614746094e+00
-7.172071188688278198e-02
-4.994219914078712463e-02
-3.075041770935058594e-01
-2.796398401260375977e-01
-2.116405591368675232e-02
-1.051385626196861267e-01
2.347659826278686523e+00
-5.795485973358154297e+00
-1.055965423583984375e-01
1.976923495531082153e-01
4.091579318046569824e-01
-2.639160752296447754e-01
-1.444674432277679443e-01
1.878082305192947388e-01
3.694392144680023193e-01
-8.579720854759216309e-01
3.902684450149536133e-01
9.215675294399261475e-02
3.558856248855590820e-01
4.394019842147827148e-01
1.164762139320373535e+00
-4.143224060535430908e-01
-2.296410035341978073e-03
1.684792339801788330e-01
-3.434348404407501221e-01
-2.328467369079589844e-01
-3.626776337623596191e-01
2.767996191978454590e-01
1.000190451741218567e-01
8.805958032608032227e-01
-2.774110138416290283e-01
3.348224237561225891e-02
-5.346461758017539978e-02
-1.153282448649406433e-01
-1.053388565778732300e-01
-1.620577692985534668e+00
5.213266704231500626e-03
-5.885055754333734512e-03
-2.419793279841542244e-03
-5.389735568314790726e-03
5.856380797922611237e-03
2.480733441188931465e-03
-1.248533721081912518e-03
-4.986532963812351227e-03
-1.833545975387096405e-04
2.901036990806460381e-03
-9.893982205539941788e-04
1.459088874980807304e-03
-4.354528151452541351e-03
1.682516303844749928e-03
-7.503084372729063034e-03
9.278398007154464722e-03
-2.819117216859012842e-04
8.748090825974941254e-03
3.418513806536793709e-03
-5.447821458801627159e-04
-7.833557203412055969e-03
3.795584663748741150e-03
-3.799082711338996887e-03
4.305952228605747223e-03
6.102864164859056473e-03
1.194712604046799242e-04
-5.253954441286623478e-04
-2.820343477651476860e-03
3.075982909649610519e-03
2.954293042421340942e-03
-5.623795557767152786e-03
1.004264806397259235e-03
-2.865905407816171646e-03
9.175164625048637390e-03
-5.059387069195508957e-03
-4.612429183907806873e-04
-4.664966370910406113e-03
-5.969083285890519619e-04
-1.161473570391535759e-03
-4.374819807708263397e-03
-7.143987808376550674e-03
-1.235095434822142124e-03
-9.086155332624912262e-03
4.702433478087186813e-03
-1.292588654905557632e-03
6.496823858469724655e-03
-3.984811250120401382e-03
7.450378034263849258e-03
2.681225771084427834e-03
8.459126576781272888e-03
7.218638900667428970e-03
1.876849797554314137e-03
-9.367093443870544434e-03
-3.698579734191298485e-03
2.453040797263383865e-03
5.651527084410190582e-03
5.249013658612966537e-03
-4.098585341125726700e-03
-2.386242384091019630e-03
-9.954974055290222168e-03
6.399011239409446716e-03
-7.920690812170505524e-03
5.656582303345203400e-03
-4.019780550152063370e-03
2.015386475250124931e-03
-5.296921823173761368e-03
1.019359588623046875e+00
1.108462333679199219e+00
-1.864709854125976562e+00
7.361537814140319824e-01
