1.742514133453369141e+00
4.709057331085205078e+00
3.716830730438232422e+00
1.593299627304077148e+00
2.057798624038696289e+00
3.221106767654418945e+00
2.013787031173706055e+00
-2.041473865509033203e+00
5.401674509048461914e-01
1.157841682434082031e-01
-6.345956921577453613e-01
2.906103730201721191e-01
-1.049922823905944824e+00
7.165211439132690430e-01
-2.464595556259155273e+00
-6.815511733293533325e-02
5.602884292602539062e-02
-1.330551505088806152e-01
-3.700044155120849609e-01
9.652463346719741821e-02
-2.694898098707199097e-02
9.055332541465759277e-01
1.328976917266845703e+01
1.518357658386230469e+01
1.043753910064697266e+01
1.641736412048339844e+01
1.926084327697753906e+01
1.788574600219726562e+01
2.983940887451171875e+01
-7.701898217201232910e-01
-2.897534146904945374e-02
-6.584672927856445312e-01
3.382857143878936768e-02
3.877213895320892334e-01
-8.166739940643310547e-01
-1.157032728195190430e+00
-8.794472813606262207e-01
4.204299747943878174e-01
-5.529891848564147949e-01
1.990136504173278809e-01
5.779788494110107422e-01
-1.157821536064147949e+00
4.464291632175445557e-01
3.897320628166198730e-01
1.085613250732421875e+00
-7.903365492820739746e-01
3.019027471542358398e+00
-1.063363671302795410e+00
-2.315927892923355103e-01
-5.561289191246032715e-01
2.159212350845336914e+00
1.819041222333908081e-01
-8.938719630241394043e-01
4.198648929595947266e+00
2.175641655921936035e-01
-2.567840576171875000e+00
1.059354305267333984e+01
2.916534841060638428e-01
1.224699467420578003e-01
-2.253510802984237671e-01
-5.942334607243537903e-02
8.973700404167175293e-01
-9.539689421653747559e-01
9.139527082443237305e-01
3.323147296905517578e-01
1.004476189613342285e+00
-1.053803265094757080e-01
3.478941693902015686e-02
1.906242668628692627e-01
1.322510123252868652e+00
-1.084645390510559082e+00
-1.915205359458923340e+00
8.098755478858947754e-01
-2.624354064464569092e-01
-5.848509788513183594e+00
7.755781412124633789e-01
3.213847279548645020e-01
-4.595043063163757324e-01
1.013998389244079590e+00
-4.066829681396484375e-01
-2.413770556449890137e-01
-1.698857784271240234e+00
4.327977299690246582e-01
1.072745323181152344e-01
-3.856378555297851562e+00
4.109434485435485840e-01
-2.566384971141815186e-01
3.502195477485656738e-01
3.167311847209930420e-01
-6.446928381919860840e-01
1.194750547409057617e+00
-7.904121875762939453e-01
4.413248598575592041e-01
-1.350375294685363770e+00
3.836034238338470459e-01
4.651431366801261902e-02
-5.173278450965881348e-01
-1.359357595443725586e+00
9.587465524673461914e-01
1.962565422058105469e+00
-1.130044341087341309e+00
7.461921572685241699e-01
4.518512725830078125e+00
-8.899019658565521240e-02
-4.044226929545402527e-02
7.835462689399719238e-01
-1.821500182151794434e+00
6.704716086387634277e-01
7.858080267906188965e-01
-2.761614322662353516e-01
-3.530557453632354736e-01
7.412108182907104492e-01
2.682898521423339844e+00
1.166374771855771542e-03
4.494529683142900467e-03
6.873881444334983826e-03
-8.555013686418533325e-03
8.486493490636348724e-03
6.646263878792524338e-03
8.836818858981132507e-03
-8.851104415953159332e-03
2.792919054627418518e-03
8.134093135595321655e-03
2.335211029276251793e-03
-7.022199220955371857e-03
-4.139719530940055847e-03
2.132415305823087692e-03
-5.153948906809091568e-03
-3.008426167070865631e-03
4.439923446625471115e-03
2.339374274015426636e-03
2.989758737385272980e-03
-4.931156523525714874e-03
6.692745373584330082e-04
-8.516116940882056952e-05
-1.611994230188429356e-03
-6.455074530094861984e-03
9.673970751464366913e-03
-5.188557785004377365e-03
-2.878997242078185081e-03
-8.063202723860740662e-03
3.686671555042266846e-01
1.110975384712219238e+00
-2.006767034530639648e+00
7.881550192832946777e-01
