5.861738886137148885e-01
2.091548866885228009e+00
9.283780485021677631e-01
4.019394986185370833e+00
-1.891614924960743904e+00
9.732879754769829805e-01
2.493409259623616259e-01
1.415642637227896072e+00
8.685503779903752664e-01
-1.082143130865883124e-01
-7.246124160123404434e-02
5.065849767493134370e-02
1.492652260265445952e+00
1.088892784567526251e+00
-1.145897895406583489e+00
-6.191582698594538803e-01
-1.719697596925811034e+00
-3.661722504144965473e+00
-3.358712534404847405e-01
-7.050938045702530577e-01
5.631716918612121869e-01
-1.263597797077087859e-01
3.007638354188702304e-02
5.034016871520644587e-01
2.942860307231237593e-01
5.746199846085096180e-02
5.301569089443711746e-01
-8.669543219223349584e-02
-9.023030192701653185e-02
5.668512311261918457e-01
3.690742811541661283e-01
5.468330264423426623e-01
-4.473468974396082598e-01
1.803318188710017755e-01
7.847458365403175984e-01
4.782997380516531005e-01
-5.127150447731287919e-01
1.254180513713171463e-01
4.577516856383842536e-01
6.548421042530236380e-02
-1.057436411405082710e+00
8.337314854971600298e-02
1.814043382402287519e-01
-1.738024117531106472e-01
8.548693529531586899e-01
3.564606123153254424e-01
-2.518094766846947288e-02
3.878248052297740833e-01
5.355436129600833484e-01
1.453681393964426916e-01
1.523511467065153724e+00
-5.518359887601779201e-01
7.223656576074232172e-01
7.809482088805589362e-01
1.368539583200742538e+00
1.944509533037070415e-01
1.048331700937086275e+00
-8.506311161616332273e-01
1.426901611935526767e-02
8.199003508588598166e-01
8.874519311818936940e-01
-1.627707824637685263e+00
2.216782906074765247e+00
1.072143786164946100e+00
-8.318632426039877792e-02
-2.765998334881762943e-01
-2.831392820490831408e+00
-8.992263125676587254e-01
7.881367164532709912e-01
5.154468995370911077e-01
1.283186019662747035e-01
1.368534713285823434e+00
1.209460412174925947e+00
-1.777898329779949993e-01
-4.031064234331815932e-01
-3.827625742500762041e-01
1.173124011886838236e+00
-3.186876437910842949e-03
1.255090971553538104e+00
5.686600393230619721e-01
-1.383698682675107705e-01
1.393139333640614763e-01
1.157994659656057079e+00
6.307436150615823578e-02
1.615312163969921944e-01
1.031391350172507354e-01
3.884430415415986437e-01
2.262244695092818336e+00
3.461307299370430246e-01
-1.068080500141634470e+00
2.533518198245514608e-01
-2.879976348443155643e-01
-1.243559886836471451e+00
6.302338582519667609e-02
7.582889682024654965e-01
1.189831455203258281e+00
-2.661569382442122489e+00
1.364453832313321957e+00
-4.006912901406205485e-01
1.587932628555365655e+00
1.342889637387482793e+00
3.301260383499460271e-01
-1.682780176510086101e-01
2.215926562375419628e+00
6.624866368767081681e-01
-2.114149999445214423e+00
2.653853859008242555e+00
4.505069158912660687e-01
1.031628825620463319e+00
-1.294755037553988908e+00
-6.516907374438240565e-03
-8.860518336331258960e-01
1.330266477593192054e+00
1.335312005485891351e-01
1.789566590208104602e+00
-1.628291217884090258e-01
1.755311239470074280e+00
-5.334876844495624049e-01
-8.938087918161738976e-01
-6.785386717527879252e-01
1.853363736503134684e-01
1.194841255955663373e+00
9.672152164376823791e-01
2.026640834788832543e-02
-1.191199036753536999e+00
1.193326501508193971e+00
1.748977886640300738e+00
-2.624608456563669590e-01
-9.909075085964577645e-02
-1.348210069346946982e+00
2.134929670250400591e-01
-1.876331167420537127e-01
1.098764924112281965e-01
1.240732655879025259e+00
