1.698673248291015625e+00
-4.341473281383514404e-01
-1.620456874370574951e-01
-2.013122588396072388e-01
1.702066659927368164e+00
4.367520809173583984e+00
3.795896470546722412e-02
1.881974101066589355e+00
2.545783758163452148e+00
2.979435682296752930e+00
2.183122158050537109e+00
2.196714878082275391e+00
6.119306683540344238e-01
2.477836608886718750e+00
-3.779334723949432373e-01
6.116757988929748535e-01
1.334843933582305908e-01
-1.614677309989929199e-01
-9.565966129302978516e-01
8.389169573783874512e-01
-1.312917172908782959e-01
3.789119794964790344e-02
3.509074747562408447e-01
1.743722110986709595e-01
-5.476208329200744629e-01
6.924713850021362305e-01
-2.089570760726928711e-01
2.882317006587982178e-01
2.943357825279235840e-01
1.380095910280942917e-02
2.974833548069000244e-01
5.249367356300354004e-01
6.311605572700500488e-01
-8.352969884872436523e-01
5.653008222579956055e-01
-4.319252967834472656e-01
-1.783013641834259033e-01
8.400783687829971313e-02
6.641482561826705933e-02
-1.709538847208023071e-01
-7.590755075216293335e-02
-3.243288993835449219e-01
1.430064588785171509e-01
-3.783067464828491211e-01
-3.147888779640197754e-01
1.393932104110717773e-01
-6.574779152870178223e-01
-4.216179549694061279e-01
-8.360095024108886719e-01
4.128274440765380859e+00
6.882538795471191406e+00
7.744604110717773438e+00
1.020243453979492188e+01
1.320304489135742188e+01
1.335604381561279297e+01
1.410052776336669922e+01
1.580584430694580078e+01
1.509502601623535156e+01
1.753408813476562500e+01
1.889715194702148438e+01
2.152711486816406250e+01
1.948458290100097656e+01
2.729830169677734375e+01
2.938344383239746094e+01
3.078382301330566406e+01
-1.615031719207763672e+00
-1.927551746368408203e+00
1.180264234542846680e+00
-9.054610729217529297e-01
-3.408654630184173584e-01
8.914102315902709961e-01
2.121271371841430664e+00
1.233078956604003906e+00
-3.635621070861816406e+00
-1.151455760002136230e+00
-6.995031237602233887e-01
1.276710391044616699e+00
-2.447605431079864502e-01
4.124524593353271484e-01
-9.441934227943420410e-01
-4.214809894561767578e+00
-7.675151228904724121e-01
-1.549270033836364746e+00
-7.812907695770263672e-01
-7.534968852996826172e-02
7.442934036254882812e+00
1.501158475875854492e+00
5.153446674346923828e+00
-3.146723508834838867e+00
-4.461594581604003906e+00
7.249506950378417969e+00
3.911915719509124756e-01
-4.091351985931396484e+00
1.472721457481384277e+00
1.372328877449035645e+00
-7.629280090332031250e-01
-5.620907783508300781e+00
-6.950083971023559570e-01
-5.433493256568908691e-01
7.303776741027832031e+00
9.106447100639343262e-01
1.965309143066406250e+00
-3.745524585247039795e-01
-1.555833220481872559e-01
-4.110266208648681641e+00
-2.776221752166748047e+00
6.837087631225585938e+00
6.351155757904052734e+00
-1.450448393821716309e+00
-2.694757699966430664e+00
1.635246753692626953e+00
-6.618937104940414429e-02
4.429111480712890625e+00
2.791528701782226562e-01
2.647521972656250000e+00
-1.920617580413818359e+00
-1.204565167427062988e+00
2.289162427186965942e-01
6.901955604553222656e-01
-7.006011605262756348e-01
-6.745139956474304199e-01
-2.906470537185668945e+00
-2.903218030929565430e+00
8.088012784719467163e-02
-2.944344043731689453e+00
-1.540059208869934082e+00
-8.665911555290222168e-01
6.670918464660644531e-01
5.564321950078010559e-02
-4.162194430828094482e-01
-1.348327636718750000e+00
3.886851072311401367e-01
-3.940753936767578125e-01
8.442983031272888184e-01
-7.751883268356323242e-01
1.341201591491699219e+01
2.891755819320678711e+00
3.036825358867645264e-01
1.216077730059623718e-01
-8.667579889297485352e-01
2.363240480422973633e+00
4.652873992919921875e+00
-2.811255455017089844e+00
-4.169021606445312500e+00
-2.669460535049438477e+00
3.100523233413696289e+00
3.833155632019042969e+00
5.098163485527038574e-01
-1.001942992210388184e+00
-1.783728301525115967e-01
9.173249602317810059e-01
9.734347462654113770e-01
-1.057007074356079102e+00
1.282920122146606445e+00
-1.005465090274810791e-01
-1.761902093887329102e+00
-1.850007772445678711e+00
1.074894666671752930e+00
5.543255209922790527e-01
-1.254529118537902832e+00
7.229357957839965820e-01
7.116968631744384766e-01
-1.231162190437316895e+00
-2.903357267379760742e+00
8.335306048393249512e-01
-1.307765960693359375e+00
-2.958157658576965332e-01
1.464242637157440186e-01
1.632262349128723145e+00
-8.357987403869628906e-01
1.305857539176940918e+00
-9.812296032905578613e-01
8.746293783187866211e-01
-7.458748221397399902e-01
2.312529802322387695e+00
-2.347254514694213867e+00
-1.905460953712463379e+00
-2.429626286029815674e-01
2.525651454925537109e+00
-5.674921274185180664e-01
-4.839352130889892578e+00
9.042174816131591797e-01
3.618573427200317383e+00
3.747715353965759277e-01
3.056151419878005981e-02
-2.971095561981201172e+00
1.670143842697143555e+00
1.195339083671569824e+00
3.318763494491577148e+00
-2.798890829086303711e+00
1.753895640373229980e+00
-3.111791849136352539e+00
1.447473287582397461e+00
-2.492778539657592773e+00
1.089794278144836426e+00
2.551861524581909180e+00
2.992932498455047607e-01
2.380258321762084961e+00
4.160761356353759766e+00
-1.338471770286560059e-01
3.024707436561584473e-01
3.235254526138305664e+00
-1.308774828910827637e+00
-2.274475395679473877e-01
3.697772920131683350e-01
-4.039100408554077148e-01
4.799918651580810547e+00
3.466391563415527344e-01
3.063279986381530762e-01
1.393365502357482910e+00
-9.215134382247924805e-01
3.927729845046997070e+00
-1.627012968063354492e+00
-2.918883562088012695e+00
-2.546382188796997070e+00
-1.256774067878723145e-01
1.707758665084838867e+00
3.912804365158081055e+00
1.291980028152465820e+00
2.776023447513580322e-01
4.044257104396820068e-02
-3.750240087509155273e+00
-2.981956601142883301e-01
-1.532680869102478027e+00
1.926539063453674316e+00
1.540564417839050293e+00
-1.858484864234924316e+00
4.334276676177978516e+00
-1.600588798522949219e+00
-2.219597339630126953e+00
2.178537845611572266e+00
4.105978965759277344e+00
1.512772560119628906e+00
-1.968360543251037598e-01
6.696278452873229980e-01
-2.762170076370239258e+00
5.232579708099365234e-01
9.802907109260559082e-01
-9.807381629943847656e-01
-3.447448909282684326e-01
1.566504359245300293e+00
9.255432486534118652e-01
-2.546192407608032227e+00
-3.371216535568237305e+00
-6.798111796379089355e-01
2.222278118133544922e+00
-6.665661931037902832e-01
7.299314439296722412e-02
-3.158097982406616211e+00
6.193466782569885254e-01
-7.840440273284912109e-01
4.184128046035766602e-01
4.168476164340972900e-01
-4.331644475460052490e-01
5.328264832496643066e-01
-9.386627934873104095e-03
3.652209416031837463e-02
-6.808221340179443359e-01
2.258171796798706055e+00
2.626359164714813232e-01
1.381371855735778809e+00
7.104305177927017212e-02
-1.851792037487030029e-01
1.502874791622161865e-01
3.278999775648117065e-02
3.424295186996459961e-01
7.689474225044250488e-01
3.159674704074859619e-01
1.133003592491149902e+00
-2.337430864572525024e-01
-7.877793312072753906e-01
-1.544181156158447266e+01
1.184818148612976074e-01
7.373355627059936523e-01
-1.157560586929321289e+00
-1.260360121726989746e+00
6.388268619775772095e-02
-5.064480304718017578e+00
2.115322798490524292e-01
-3.052056789398193359e+00
-2.995196819305419922e+00
7.564271926879882812e+00
-5.873793959617614746e-01
5.985069647431373596e-02
3.588361740112304688e-01
1.768519054166972637e-03
-1.803649775683879852e-02
-2.873528562486171722e-02
-1.157017871737480164e-01
4.142038822174072266e-01
9.160966873168945312e-01
-8.636924028396606445e-01
9.647698402404785156e-01
-4.104074239730834961e-01
-3.775475919246673584e-01
8.065916895866394043e-01
-7.147644162178039551e-01
-4.982639849185943604e-01
1.431394577026367188e+00
3.197725117206573486e-02
6.324200034141540527e-01
8.583686947822570801e-01
5.074491500854492188e-01
1.761652082204818726e-01
-4.661853909492492676e-01
-2.635208070278167725e-01
-2.108808040618896484e+00
8.881703615188598633e-01
-6.917665004730224609e-01
3.713357746601104736e-01
-6.104028820991516113e-01
1.137822628021240234e+00
6.859624385833740234e-01
2.982810139656066895e-01
-1.288335680961608887e+00
-8.823276162147521973e-01
2.284882545471191406e+00
-1.343753457069396973e+00
-1.379694104194641113e+00
-9.099220037460327148e-01
1.368687152862548828e+00
8.283192515373229980e-01
2.197176694869995117e+00
-3.630155622959136963e-01
-1.064818859100341797e+00
1.979893893003463745e-01
2.025141939520835876e-02
1.363949775695800781e+00
2.234770357608795166e-01
7.592563629150390625e-01
9.415810704231262207e-01
-2.403042793273925781e+00
-6.309532523155212402e-01
1.346703886985778809e+00
8.783411383628845215e-01
-2.951198220252990723e-01
-3.836458683013916016e+00
2.381255388259887695e+00
-1.935463100671768188e-01
1.008138507604598999e-01
-6.850227713584899902e-02
-1.172799733467400074e-03
-2.985839545726776123e-01
-9.801679849624633789e-01
-3.527939021587371826e-01
3.792361915111541748e-01
-1.334488749504089355e+00
2.322468280792236328e+00
-1.128192305564880371e+00
-2.079783201217651367e+00
9.484820812940597534e-02
-1.184234693646430969e-01
-2.244370579719543457e-01
5.049461841583251953e+00
8.908310532569885254e-02
1.118907928466796875e+00
1.032361686229705811e-01
-2.956284999847412109e+00
-9.972954392433166504e-01
-2.645554304122924805e+00
6.658068299293518066e-01
1.913123011589050293e+00
3.780680298805236816e-01
1.276890754699707031e+00
-7.175381183624267578e-01
-9.640831947326660156e-01
-1.694178581237792969e+00
2.214815616607666016e+00
1.470138549804687500e+00
-8.362215012311935425e-02
5.537617206573486328e-01
6.261699795722961426e-01
-5.503429770469665527e-01
1.715355068445205688e-01
-5.220466852188110352e-01
2.287951856851577759e-01
1.252915501594543457e+00
5.969852805137634277e-01
-1.677580952644348145e+00
-4.033467769622802734e-01
6.931963562965393066e-01
-1.116980239748954773e-01
-5.201790928840637207e-01
-1.068766862154006958e-01
-1.544554352760314941e+00
2.938468158245086670e-01
-2.460469603538513184e-01
2.389983460307121277e-02
4.619677662849426270e-01
-7.615705728530883789e-01
-3.898127973079681396e-01
7.208354473114013672e-01
-9.784297347068786621e-01
-3.030130565166473389e-01
3.930018246173858643e-01
7.010032981634140015e-02
9.402245879173278809e-01
3.501421511173248291e-01
3.266129195690155029e-01
-3.152046501636505127e-01
8.668238669633865356e-02
-3.516203491017222404e-03
5.208400487899780273e-01
-3.913883492350578308e-02
-2.615047097206115723e-01
1.372323930263519287e-01
-5.903924703598022461e-01
-1.589796185493469238e+00
-5.533098578453063965e-01
1.799745798110961914e+00
-1.063511252403259277e+00
-1.742226630449295044e-01
3.489548861980438232e-01
-1.291833043098449707e+00
1.007577776908874512e-01
-1.101883172988891602e+00
-1.756950914859771729e-01
1.924605607986450195e+00
-9.353317618370056152e-01
7.166583836078643799e-02
3.061909042298793793e-02
7.586437463760375977e-02
-2.133985906839370728e-01
3.528661131858825684e-01
3.765689432621002197e-01
4.153049290180206299e-01
6.005229353904724121e-01
1.425791382789611816e+00
8.130294084548950195e-01
-3.833433687686920166e-01
-4.025832116603851318e-01
1.458163857460021973e-01
-1.215880215167999268e-01
1.501972600817680359e-02
7.573078870773315430e-01
8.716385960578918457e-01
-1.567656993865966797e+00
1.610970646142959595e-01
-2.036001300439238548e-03
5.719301104545593262e-02
-4.464806020259857178e-01
1.232960298657417297e-01
3.683537840843200684e-01
-4.819993078708648682e-01
1.036567926406860352e+00
7.701671719551086426e-01
-1.163265705108642578e+00
1.443883895874023438e+00
7.313621044158935547e-01
-4.708014130592346191e-01
7.102361917495727539e-01
1.097188830375671387e+00
2.208608627319335938e+00
-7.322364449501037598e-01
-1.652116298675537109e+00
-1.171757578849792480e+00
-8.033196330070495605e-01
-1.280449628829956055e+00
-5.801235437393188477e-01
5.223726034164428711e-01
-1.104218482971191406e+00
-3.684889078140258789e-01
7.961621880531311035e-01
1.561205506324768066e+00
1.502555847167968750e+00
7.461861968040466309e-01
5.761717557907104492e-01
-1.658178567886352539e+00
-4.057111963629722595e-02
1.103680849075317383e+00
-2.055514097213745117e+00
1.165941834449768066e+00
-4.323486328125000000e+00
8.885054267011582851e-04
-1.863594399765133858e-03
-9.421762079000473022e-04
8.091860450804233551e-03
-3.547802800312638283e-03
-6.185811012983322144e-03
-1.892574597150087357e-03
-9.917004033923149109e-03
6.171301007270812988e-03
-6.044396664947271347e-03
-9.906149469316005707e-03
-1.538332435302436352e-03
3.863792866468429565e-03
7.112735882401466370e-03
3.718436695635318756e-03
2.032423624768853188e-03
1.514783594757318497e-03
6.124347914010286331e-03
4.763253033161163330e-03
-7.168580777943134308e-03
-4.454094450920820236e-03
5.635861307382583618e-03
8.421576581895351410e-03
-4.746781662106513977e-03
2.047398826107382774e-03
-5.456334445625543594e-03
-7.038068026304244995e-03
-3.755983198061585426e-03
-8.244945667684078217e-03
2.812189050018787384e-03
-8.390204980969429016e-03
-1.859948737546801567e-03
8.195429109036922455e-03
1.219726866111159325e-03
8.404898457229137421e-03
-2.660197671502828598e-03
-5.745555274188518524e-03
6.777563830837607384e-04
5.299195181578397751e-04
-5.383935756981372833e-03
-8.471576496958732605e-03
3.731246688403189182e-04
1.569516723975539207e-03
4.199036397039890289e-03
7.897552102804183960e-03
-1.876083901152014732e-03
-6.313545629382133484e-03
4.046329762786626816e-03
6.012424826622009277e-03
2.137489151209592819e-03
7.416496518999338150e-03
9.483763016760349274e-03
-7.519494392909109592e-04
6.016890052706003189e-03
-7.052228320389986038e-03
-5.679322406649589539e-03
2.452192595228552818e-03
1.128028161474503577e-04
8.653715252876281738e-03
-5.071847699582576752e-03
-6.331692449748516083e-03
-3.667534794658422470e-03
2.989771310240030289e-03
7.952330633997917175e-03
9.841515682637691498e-03
2.110200235620141029e-03
1.150585012510418892e-03
1.201783539727330208e-03
8.781525539234280586e-04
-6.377589423209428787e-03
3.370647784322500229e-03
-9.586186148226261139e-03
5.476655438542366028e-03
8.691278286278247833e-03
3.009736305102705956e-03
-1.180190083687193692e-04
-3.005322534590959549e-03
-1.373765990138053894e-03
-1.378996297717094421e-03
-3.006945364177227020e-03
2.440257812850177288e-04
-1.611856278032064438e-03
-5.562791600823402405e-03
-3.042786847800016403e-03
1.983304275199770927e-03
-8.469301275908946991e-03
-6.271355785429477692e-03
-4.412809386849403381e-03
-7.489029318094253540e-03
-6.195080000907182693e-03
5.699541652575135231e-04
8.336697705090045929e-03
-8.860053494572639465e-03
-9.291420690715312958e-03
-8.085735142230987549e-03
-7.318202871829271317e-03
9.781761327758431435e-04
-7.129735313355922699e-03
-7.121863774955272675e-03
6.098504178225994110e-03
9.849320165812969208e-03
-2.557732863351702690e-03
-6.499750073999166489e-03
-7.345887832343578339e-03
2.506175078451633453e-03
3.333737608045339584e-03
1.328669954091310501e-03
-1.614264328964054585e-03
8.300451561808586121e-03
-9.587331674993038177e-03
-2.781576942652463913e-03
2.345182001590728760e-03
-8.650416508316993713e-03
-5.813805852085351944e-03
6.799813359975814819e-03
-2.536068670451641083e-03
9.538429789245128632e-03
-6.461890414357185364e-03
8.601755835115909576e-03
-1.238942262716591358e-03
5.311497952789068222e-03
-5.405363161116838455e-03
1.735039055347442627e-03
-4.754784516990184784e-03
5.589205306023359299e-03
8.839074522256851196e-03
7.022944279015064240e-03
5.165570415556430817e-03
5.708483513444662094e-03
7.482471992261707783e-04
-8.980220183730125427e-03
-5.046330392360687256e-03
-7.945254445075988770e-03
7.299128454178571701e-03
4.854370839893817902e-03
-8.056002669036388397e-03
1.717426300048828125e+00
7.215297818183898926e-01
-1.446972012519836426e+00
4.314019083976745605e-01
