1.699255228042602539e+00
-6.957677751779556274e-02
-4.002997577190399170e-01
5.858114361763000488e-01
1.700253963470458984e+00
4.488562583923339844e+00
2.395209819078445435e-01
1.617836475372314453e+00
3.128723382949829102e+00
2.129909992218017578e+00
2.018217563629150391e+00
2.019707918167114258e+00
1.604084968566894531e+00
2.484064102172851562e+00
-7.690631151199340820e-01
-5.792389512062072754e-01
-1.476418040692806244e-02
-5.357085466384887695e-01
9.942358732223510742e-01
-1.212328433990478516e+00
-8.112265914678573608e-02
4.043646752834320068e-01
-4.732877314090728760e-01
5.951833724975585938e-01
-1.997336298227310181e-01
-4.118700511753559113e-03
3.785358667373657227e-01
2.050975561141967773e-01
3.616600930690765381e-01
-1.363683640956878662e-01
7.493841648101806641e-01
-1.336394697427749634e-01
8.479778170585632324e-01
5.791687965393066406e-01
2.130037397146224976e-01
2.150327265262603760e-01
-1.121836528182029724e-01
-9.240587055683135986e-02
3.477852046489715576e-01
-2.024651467800140381e-01
-2.268424481153488159e-01
-1.226472705602645874e-01
-4.126441106200218201e-02
-2.864755094051361084e-01
-1.557758897542953491e-01
-1.736869104206562042e-02
-8.691654205322265625e-01
-5.706813931465148926e-01
-7.433313727378845215e-01
4.598269462585449219e+00
6.778467655181884766e+00
7.990255832672119141e+00
1.026312732696533203e+01
1.323547363281250000e+01
1.480941200256347656e+01
1.423259735107421875e+01
1.547100543975830078e+01
1.501289463043212891e+01
1.710686874389648438e+01
1.836482429504394531e+01
1.953573989868164062e+01
1.934071159362792969e+01
2.622502708435058594e+01
3.025962448120117188e+01
2.795000839233398438e+01
-1.694279670715332031e+01
3.181363105773925781e+00
-5.097118020057678223e-01
3.144432604312896729e-01
2.747021913528442383e+00
-1.213349151611328125e+01
2.013059854507446289e-01
-9.579165577888488770e-01
-5.759557723999023438e+00
7.466406345367431641e+00
-1.020963788032531738e+00
1.289289283752441406e+01
-1.087655544281005859e+01
4.776826858520507812e+00
-3.243344724178314209e-01
2.870347499847412109e+00
-1.945334315299987793e+00
-1.149268031120300293e+00
-7.886517792940139771e-02
9.187731146812438965e-01
4.403013706207275391e+00
-2.024643868207931519e-01
-3.553909659385681152e-01
1.119436860084533691e+00
-1.918511033058166504e+00
6.234419345855712891e+00
1.563614845275878906e+00
-5.164080858230590820e-01
4.288892745971679688e+00
-1.905172824859619141e+00
-5.504604578018188477e-01
1.239231705665588379e+00
-9.557974934577941895e-01
-6.102395057678222656e-01
1.479316830635070801e+00
-8.906136751174926758e-01
1.229048728942871094e+00
8.692332506179809570e-01
3.515353202819824219e-01
2.406559705734252930e+00
-6.626043468713760376e-02
-1.493910789489746094e+00
-1.669149249792098999e-01
1.441826969385147095e-01
-9.786795377731323242e-01
1.476686477661132812e+00
-6.446943283081054688e-01
5.144078254699707031e+00
5.509931445121765137e-01
-1.264022141695022583e-01
-4.596146345138549805e-01
-8.423471450805664062e-01
1.574630856513977051e+00
-5.271123051643371582e-01
-6.443131566047668457e-01
-1.187047839164733887e+00
-3.939970970153808594e+00
-3.816367387771606445e+00
-2.588729262351989746e-01
-3.748865365982055664e+00
-6.593936085700988770e-01
-5.621056556701660156e-01
9.659726023674011230e-01
5.428200364112854004e-01
-6.756361722946166992e-01
-5.568799972534179688e-01
-5.967415496706962585e-02
-6.248317956924438477e-01
1.676679849624633789e+00
-5.607648193836212158e-02
2.725507164001464844e+01
8.173965811729431152e-01
1.608410358428955078e+00
-9.874339699745178223e-01
-2.625314235687255859e+00
1.375117301940917969e+00
-3.652989864349365234e+00
9.112738370895385742e-01
-2.402712821960449219e+00
-2.210481405258178711e+00
-7.057446479797363281e+00
2.998496532440185547e+00
-1.458508968353271484e-01
-1.020968437194824219e+00
-3.274760842323303223e-01
1.301181197166442871e+00
1.205840468406677246e+00
-2.066900253295898438e+00
8.153825253248214722e-02
-2.250600814819335938e+00
-8.952162265777587891e-01
9.129855781793594360e-02
2.141694426536560059e-01
-3.394786715507507324e-01
-4.112959802150726318e-01
-2.715642154216766357e-01
2.175583988428115845e-01
-8.680990934371948242e-01
-2.172024726867675781e+00
1.856043189764022827e-01
-1.226981043815612793e+00
3.007272779941558838e-01
-1.770395994186401367e+00
4.146155416965484619e-01
-3.145750463008880615e-01
-6.241631507873535156e-02
9.133926779031753540e-02
-4.121522307395935059e-01
-4.198941886425018311e-01
1.848228335380554199e+00
-5.659915208816528320e-01
3.960865437984466553e-01
1.476052999496459961e+00
2.028856277465820312e+00
-6.524339318275451660e-01
-3.762404441833496094e+00
-5.136610940098762512e-02
1.585771560668945312e+00
-2.051064491271972656e+00
4.371162414550781250e+00
-6.068315505981445312e-01
1.697952747344970703e+00
9.781962037086486816e-01
4.747220516204833984e+00
-2.061216592788696289e+00
-1.164499148726463318e-01
-2.931768178939819336e+00
1.827333122491836548e-01
-5.462427139282226562e-01
-2.297256708145141602e+00
-1.439240932464599609e+00
-1.526429057121276855e+00
-6.838012337684631348e-01
8.415019035339355469e+00
1.187537193298339844e+00
1.879636645317077637e+00
9.029453277587890625e+00
-9.414125680923461914e-01
4.184021651744842529e-01
-8.949679136276245117e-01
-6.796953082084655762e-01
-1.162237405776977539e+00
9.500283598899841309e-01
-2.893697023391723633e+00
4.957313537597656250e+00
4.557829499244689941e-01
-1.194991469383239746e+00
-3.930906295776367188e+00
3.079344034194946289e+00
-7.185584306716918945e-01
6.701834797859191895e-01
-2.567175388336181641e+00
1.561871051788330078e+00
3.220495209097862244e-02
-1.848154067993164062e-01
-3.158340752124786377e-01
-2.092608690261840820e+00
1.231499295681715012e-02
-2.453056871891021729e-01
-2.640430331230163574e-01
1.728362798690795898e+00
-2.330301523208618164e+00
9.009590744972229004e-01
-3.526102006435394287e-01
-1.349796533584594727e+00
-1.303150653839111328e+00
1.419280841946601868e-02
-2.595539689064025879e-01
3.238607347011566162e-01
2.137216031551361084e-01
1.660080701112747192e-01
-7.190208435058593750e-01
-4.887262880802154541e-01
4.435978233814239502e-01
4.202418625354766846e-01
-1.445845067501068115e-01
3.819862008094787598e-01
4.536872506141662598e-01
1.305981278419494629e+00
-3.885400295257568359e-01
7.152763009071350098e-01
3.426420390605926514e-01
2.514927182346582413e-03
-2.201799392700195312e+00
1.601160466670989990e-01
-4.824295267462730408e-02
-3.049497008323669434e-01
1.397650316357612610e-02
-5.997862201184034348e-03
-7.262911647558212280e-02
3.939632475376129150e-01
9.480469673871994019e-02
1.114293098449707031e+00
-2.952613532543182373e-01
4.064471125602722168e-01
1.003472208976745605e+00
-1.501721143722534180e-01
1.303809136152267456e-01
7.933560013771057129e-02
-2.296861074864864349e-02
3.485454991459846497e-02
-3.287640959024429321e-02
4.894702881574630737e-02
6.512188911437988281e-01
-2.044483125209808350e-01
-3.538430035114288330e-01
-7.137697219848632812e+00
3.904237747192382812e-01
5.202254056930541992e-01
-1.175105452537536621e+00
-3.772771060466766357e-01
3.566783368587493896e-01
1.577520072460174561e-01
-6.344881057739257812e-01
-1.427361965179443359e+00
2.874471426010131836e+00
3.152063608169555664e+00
-2.039998471736907959e-01
1.287807226181030273e-01
4.566932916641235352e-01
5.306403711438179016e-02
2.805613577365875244e-01
-3.212058246135711670e-01
1.158151328563690186e-01
9.020794183015823364e-02
9.383161067962646484e-01
2.037706673145294189e-01
2.586767971515655518e-01
-2.599508166313171387e-01
-2.378416210412979126e-01
5.645909905433654785e-01
-3.850280120968818665e-02
1.041162386536598206e-01
8.874173462390899658e-02
-5.161348963156342506e-04
5.604489147663116455e-02
7.858873605728149414e-01
4.457097873091697693e-02
2.552284002304077148e-01
2.980504333972930908e-01
4.567697942256927490e-01
7.600175142288208008e-01
-1.482388079166412354e-01
-5.994024500250816345e-02
6.460718512535095215e-01
-7.607944607734680176e-01
5.083271265029907227e-01
-1.066718157380819321e-02
3.391111269593238831e-02
-1.535679101943969727e+00
-1.163012146949768066e+00
1.404227256774902344e+00
-7.640791535377502441e-01
-2.775442600250244141e-02
-4.194085597991943359e-01
1.277025461196899414e+00
9.315415620803833008e-01
1.405190348625183105e+00
-7.726024985313415527e-01
-1.289794683456420898e+00
1.167316079139709473e+00
6.897038817405700684e-01
9.572073817253112793e-01
6.546159386634826660e-01
2.868514060974121094e-01
5.527386665344238281e-01
3.525842428207397461e-01
1.405159831047058105e+00
1.461657881736755371e+00
-1.989110946655273438e+00
1.144113659858703613e+00
2.613826751708984375e+00
5.623393535614013672e+00
2.458551079034805298e-01
-9.755630791187286377e-02
-1.839633435010910034e-01
-1.581058800220489502e-01
1.994917511940002441e+00
-1.096528887748718262e+00
-3.436409235000610352e-01
2.064259290695190430e+00
-2.219186425209045410e-01
-1.606309175491333008e+00
-7.144623994827270508e-01
2.012552499771118164e+00
3.090629875659942627e-01
-1.211891531944274902e+00
1.220612883567810059e+00
2.578516483306884766e+00
-1.486491709947586060e-01
4.130045175552368164e-01
2.426937371492385864e-01
-4.615956172347068787e-02
-4.063912332057952881e-01
-1.138204485177993774e-01
-3.818607628345489502e-01
1.097998142242431641e+00
-2.377182483673095703e+00
3.599256575107574463e-01
1.248229742050170898e+00
-1.651273488998413086e+00
2.897774457931518555e+00
8.528075218200683594e-01
5.716941356658935547e-01
1.668212264776229858e-01
-1.328879147768020630e-01
-9.119641780853271484e-01
4.743706881999969482e-01
-6.465289592742919922e-01
-1.080774962902069092e-01
-5.164899826049804688e-01
-4.741415977478027344e-01
-7.340367436408996582e-01
8.197137117385864258e-01
-7.881593704223632812e-02
-1.341860741376876831e-01
-1.487335562705993652e-01
-7.340611815452575684e-01
4.296483695507049561e-01
-5.302524566650390625e-01
8.478660136461257935e-02
8.333756588399410248e-03
-4.772160351276397705e-01
-1.103074029088020325e-01
-2.355058640241622925e-01
3.543174639344215393e-02
3.230005800724029541e-01
-1.349404752254486084e-01
6.176177859306335449e-01
9.633266329765319824e-01
1.146402508020401001e-01
6.712685823440551758e-01
2.509051263332366943e-01
8.131792396306991577e-02
-1.367708742618560791e-01
8.101224899291992188e-02
-1.822252869606018066e-01
-4.275197535753250122e-02
1.046311184763908386e-01
-8.163537085056304932e-02
-6.760281324386596680e-01
2.535588741302490234e-01
-8.896722793579101562e+00
5.912997722625732422e-01
1.190386533737182617e+00
-1.273990273475646973e+00
-6.525415182113647461e-01
1.121243476867675781e+00
9.466779232025146484e-01
-8.284531831741333008e-01
5.767784714698791504e-01
2.473031997680664062e+00
1.570432305335998535e+00
-1.157930254936218262e+00
-3.771717846393585205e-02
2.279096990823745728e-01
9.076447784900665283e-02
-1.205150783061981201e-01
-3.187235891819000244e-01
3.762080669403076172e-01
-1.853577792644500732e-01
-9.572574496269226074e-01
-1.661313176155090332e-01
3.489200770854949951e-01
-2.226325124502182007e-01
1.687760800123214722e-01
1.297206431627273560e-01
-1.270199427381157875e-03
-4.149274826049804688e-01
-1.602983176708221436e-01
4.536426961421966553e-01
1.001226305961608887e-01
5.190579295158386230e-01
4.024731814861297607e-01
3.209866583347320557e-01
-1.287688165903091431e-01
-5.470453947782516479e-02
8.574101924896240234e-01
7.967929840087890625e-01
4.288604259490966797e-01
2.598214745521545410e-01
-7.755865454673767090e-01
5.201779007911682129e-01
2.185339480638504028e-01
-1.016122579574584961e+00
1.172512173652648926e+00
8.897733688354492188e-01
1.439798712730407715e+00
-2.792566083371639252e-04
-5.706062912940979004e-01
5.804420113563537598e-01
-2.667515993118286133e+00
-8.726065754890441895e-01
-1.572441458702087402e+00
6.098718643188476562e-01
2.319934032857418060e-02
9.886512756347656250e-01
-5.193418860435485840e-01
6.044355034828186035e-01
-6.293442100286483765e-02
-5.801828950643539429e-02
2.511739134788513184e-01
1.039495319128036499e-02
1.098335981369018555e+00
-8.712661266326904297e-02
-1.947857737541198730e+00
-9.229863882064819336e-01
-2.487972974777221680e+00
-7.562262937426567078e-03
-2.326372312381863594e-03
-7.355479989200830460e-03
6.693700794130563736e-03
-8.896508254110813141e-03
-2.116775431204587221e-04
8.815452456474304199e-03
7.481636479496955872e-03
3.984387032687664032e-03
-4.180072806775569916e-03
-2.727446611970663071e-03
4.551490768790245056e-03
-1.119183260016143322e-03
9.493294055573642254e-04
6.835619453340768814e-03
-5.783391650766134262e-03
-7.225519977509975433e-03
2.942111110314726830e-03
8.684277534484863281e-03
-4.820355214178562164e-03
8.793577551841735840e-03
-6.541456095874309540e-03
-7.939782924950122833e-03
-3.078206209465861320e-03
4.963587969541549683e-03
3.431588411331176758e-03
-8.134543895721435547e-03
6.641589570790529251e-03
-3.143393201753497124e-03
8.801662363111972809e-03
-9.918668307363986969e-03
2.583511406555771828e-03
-6.815417669713497162e-03
-9.028970263898372650e-03
9.075475856661796570e-03
-9.885619394481182098e-03
8.208023384213447571e-03
-9.912000037729740143e-03
-4.742093849927186966e-03
9.353371337056159973e-03
-8.484832942485809326e-03
-6.849618330306839198e-06
8.136992342770099640e-03
9.140806272625923157e-03
4.073959309607744217e-03
5.579957272857427597e-03
4.547914024442434311e-03
-4.589117132127285004e-03
-6.772339809685945511e-03
8.096298202872276306e-03
2.801160793751478195e-03
3.795712953433394432e-03
-5.941435229033231735e-03
-2.493112813681364059e-03
2.107025822624564171e-03
6.240732967853546143e-03
7.431947626173496246e-03
-8.418300189077854156e-03
6.153720896691083908e-03
-8.828175254166126251e-03
-4.299486521631479263e-03
-8.009432815015316010e-03
1.467382768169045448e-03
9.415184147655963898e-03
9.023088961839675903e-03
-5.867871921509504318e-03
3.201834624633193016e-04
2.010304015129804611e-03
-3.017334500327706337e-03
-6.584193091839551926e-03
4.969581961631774902e-03
-3.946250304579734802e-03
2.461443888023495674e-03
5.837535019963979721e-03
9.880959056317806244e-03
7.718950975686311722e-03
3.340766706969588995e-04
-1.105789095163345337e-03
-7.412111852318048477e-03
-5.258890334516763687e-03
3.882217453792691231e-03
-7.268329500220716000e-04
2.893377677537500858e-04
5.246865097433328629e-03
8.058755658566951752e-03
-3.538999240845441818e-03
6.706938147544860840e-03
5.981437396258115768e-03
-7.655723020434379578e-03
2.149232663214206696e-03
-4.339370061643421650e-04
-7.354469853453338146e-04
5.628834478557109833e-03
3.082372015342116356e-03
3.300846321508288383e-03
-9.032730944454669952e-03
-3.914607223123311996e-03
-8.091621100902557373e-03
-3.305794671177864075e-03
2.183391479775309563e-03
2.844832371920347214e-03
1.621431321837007999e-03
6.503396201878786087e-03
9.880548343062400818e-03
-1.039927126839756966e-03
1.820110599510371685e-03
5.937112495303153992e-03
2.715413691475987434e-03
5.974572151899337769e-03
-3.914815373718738556e-03
-8.686202578246593475e-03
-6.092715193517506123e-04
-2.857477966244914569e-06
-4.781889729201793671e-03
6.723135709762573242e-03
-4.985538776963949203e-03
-7.710131350904703140e-03
6.967912428081035614e-03
8.874145336449146271e-03
9.035472758114337921e-03
-3.607684746384620667e-03
6.955911405384540558e-03
-8.425733074545860291e-03
-6.374099291861057281e-03
-7.616300135850906372e-04
7.268917397595942020e-04
-9.655707515776157379e-03
-2.233771840110421181e-03
-6.351341493427753448e-03
2.523414092138409615e-03
7.101056631654500961e-03
-9.542536921799182892e-03
5.929486826062202454e-03
-5.449411924928426743e-03
8.500619791448116302e-03
3.579397744033485651e-04
1.062817931175231934e+00
7.887178063392639160e-01
-1.476227045059204102e+00
5.061536431312561035e-01
