1.097419261932373047e+01
1.601625633239746094e+01
1.556321048736572266e+01
1.544569873809814453e+01
1.619603919982910156e+01
1.214175128936767578e+01
9.683909416198730469e+00
9.929011344909667969e+00
7.948981761932373047e+00
1.544494056701660156e+01
7.700109004974365234e+00
1.633201980590820312e+01
-5.386755466461181641e+00
4.541003704071044922e+00
-1.638653755187988281e+00
1.191523456573486328e+01
-3.548389434814453125e+00
6.275587081909179688e+00
-7.851382732391357422e+00
4.370349407196044922e+00
2.831682443618774414e+00
-6.355592727661132812e+00
-5.385398864746093750e+00
3.852615118026733398e+00
5.496598243713378906e+00
2.897058427333831787e-01
3.616021156311035156e+00
3.945403337478637695e+00
1.209076976776123047e+01
9.494519233703613281e+00
-5.365008354187011719e+00
-4.590378761291503906e+00
2.166152000427246094e+00
-6.304897308349609375e+00
1.288317799568176270e+00
2.231684684753417969e+00
6.096730828285217285e-01
9.626654386520385742e-01
-3.266071796417236328e+00
-4.140042662620544434e-01
2.291139960289001465e-01
-1.435512542724609375e+00
-1.094953536987304688e+00
9.984063506126403809e-01
-1.703863620758056641e+00
2.052450418472290039e+00
4.889853477478027344e+00
2.528443574905395508e+00
-6.513237953186035156e+00
6.707971572875976562e+00
-4.433401107788085938e+00
-7.047810554504394531e-01
8.763443946838378906e+00
5.808224678039550781e+00
-1.732310295104980469e+00
-5.233739376068115234e+00
8.221271514892578125e+00
1.088782978057861328e+01
-1.130094909667968750e+01
6.396528720855712891e+00
-1.672197341918945312e+00
-3.849516868591308594e+00
5.369462966918945312e+00
-8.041538238525390625e+00
-9.860236167907714844e+00
3.970945119857788086e+00
5.971200466156005859e+00
-1.457215428352355957e+00
-8.252371788024902344e+00
-4.393453121185302734e+00
-4.516642570495605469e+00
3.446396827697753906e+00
7.358769178390502930e-01
-6.343525886535644531e+00
1.013671302795410156e+01
-4.052239418029785156e+00
-4.605827808380126953e+00
1.729388594627380371e+00
-5.084189891815185547e+00
-7.528811097145080566e-01
-3.987184762954711914e+00
4.434217453002929688e+00
-2.050744771957397461e+00
9.382118225097656250e+00
4.106451988220214844e+00
1.479997444152832031e+01
3.021539926528930664e+00
4.064077377319335938e+00
1.124179124832153320e+00
6.054046154022216797e+00
-3.949861526489257812e+00
-1.401623129844665527e+00
2.914625704288482666e-01
2.568297386169433594e-01
1.643949389457702637e+00
1.825917720794677734e+00
-1.658897042274475098e+00
5.149225711822509766e+00
-3.543555259704589844e+00
1.839224338531494141e+00
5.177517890930175781e+00
7.475200295448303223e-01
7.688465714454650879e-01
-8.117995858192443848e-01
-2.539706468582153320e+00
-1.176786422729492188e+00
3.500418424606323242e+00
3.058892488479614258e+00
3.691184043884277344e+00
2.722808599472045898e+00
-1.870888590812683105e+00
-1.570863485336303711e+00
-4.240586280822753906e+00
-9.004283547401428223e-01
-1.100497245788574219e-01
-1.771087765693664551e+00
2.476923465728759766e+00
-6.540762782096862793e-01
-6.218004971742630005e-02
2.343319654464721680e-01
1.712762117385864258e+00
-2.660622358322143555e+00
-1.749683499336242676e+00
-3.493081092834472656e+00
-1.253572106361389160e+00
3.437513589859008789e+00
4.209650039672851562e+00
7.065501064062118530e-02
-1.933796763420104980e+00
-1.443981528282165527e+00
2.824636936187744141e+00
4.037051200866699219e+00
-7.082113027572631836e-01
-3.118288993835449219e+00
3.820261478424072266e+00
2.698823690414428711e+00
2.132827281951904297e+00
3.650455951690673828e+00
-3.816624641418457031e+00
3.282298803329467773e+00
-2.411643743515014648e+00
3.243505716323852539e+00
3.856912851333618164e+00
1.972327589988708496e+00
-2.967200994491577148e+00
2.972021341323852539e+00
1.004842996597290039e+00
-1.386980533599853516e+00
-8.203529119491577148e-01
3.861593484878540039e+00
7.321488857269287109e+00
2.111767768859863281e+00
9.190475940704345703e-01
1.323294639587402344e+00
-4.325974464416503906e+00
7.446835041046142578e-01
-5.431710720062255859e+00
4.036790132522583008e-01
3.328894376754760742e+00
-1.040395379066467285e+00
-6.880661845207214355e-01
1.664179205894470215e+00
4.999906420707702637e-01
1.760878205299377441e+00
-4.286185264587402344e+00
-6.544618606567382812e-01
-1.718321204185485840e+00
-7.046530842781066895e-01
-3.549494504928588867e+00
-8.049848079681396484e-01
-5.804087519645690918e-01
1.534632205963134766e+00
2.363939285278320312e+00
1.974861860275268555e+00
-2.373367786407470703e+00
5.844419479370117188e+00
-2.472204923629760742e+00
3.994768381118774414e+00
4.052979946136474609e+00
-2.420451305806636810e-02
-7.460350990295410156e-01
-2.380970120429992676e-01
-3.664392948150634766e+00
-5.616108775138854980e-01
3.772654056549072266e+00
2.278808832168579102e+00
3.154119014739990234e+00
3.611989974975585938e+00
-1.297005891799926758e+00
-2.057669878005981445e+00
-3.741684198379516602e+00
-1.110560297966003418e+00
-5.302084684371948242e-01
4.353756606578826904e-01
-4.336253643035888672e+00
1.668661832809448242e+00
4.704307764768600464e-02
-1.484294295310974121e+00
-1.838078856468200684e+00
1.400360465049743652e+00
-1.996896415948867798e-01
-2.971595287322998047e+00
-1.527892351150512695e+00
3.584773540496826172e+00
4.264740467071533203e+00
-1.286909461021423340e+00
-1.622678399085998535e+00
-2.473224639892578125e+00
3.445949077606201172e+00
4.280082702636718750e+00
-1.615825653076171875e+00
-2.501201629638671875e+00
2.923385143280029297e+00
2.406634807586669922e+00
2.347051858901977539e+00
3.052275896072387695e+00
-1.210511922836303711e+00
2.786678552627563477e+00
-2.010300636291503906e+00
3.391750097274780273e+00
4.135759353637695312e+00
1.044383287429809570e+00
-1.991191387176513672e+00
2.770037889480590820e+00
6.544204354286193848e-01
-1.475925087928771973e+00
-2.641063690185546875e+00
3.524075269699096680e+00
4.391824245452880859e+00
1.913110017776489258e+00
2.057967424392700195e+00
-6.817291378974914551e-01
-4.570045471191406250e+00
-2.800477504730224609e+00
-1.751037955284118652e+00
5.787983536720275879e-01
3.301672458648681641e+00
-1.613600850105285645e+00
7.614631652832031250e-01
3.255176842212677002e-01
-2.114042758941650391e+00
4.378035068511962891e+00
-4.532396793365478516e+00
-3.062026500701904297e+00
-4.306060671806335449e-01
-8.648595213890075684e-01
-8.499171733856201172e-01
