1.164663219451904297e+01
1.533351421356201172e+01
1.533360958099365234e+01
1.533470630645751953e+01
1.141964626312255859e+01
1.109293365478515625e+01
1.547053909301757812e+01
1.129946327209472656e+01
1.533376312255859375e+01
1.045124435424804688e+01
1.533377742767333984e+01
1.184659099578857422e+01
1.533433628082275391e+01
1.238100624084472656e+01
4.792467117309570312e+00
-5.045728683471679688e+00
-7.694845199584960938e+00
-3.606096744537353516e+00
7.318448066711425781e+00
-8.312591552734375000e+00
2.055363208055496216e-01
6.769363403320312500e+00
3.983430624008178711e+00
4.888341426849365234e+00
1.504486680030822754e+00
-7.946213722229003906e+00
-5.999644756317138672e+00
1.328709506988525391e+01
-6.188613891601562500e+00
5.250159740447998047e+00
4.580409049987792969e+00
5.949693679809570312e+00
6.549283027648925781e+00
3.253034353256225586e-01
1.171745657920837402e+00
-6.511402606964111328e+00
5.212839603424072266e+00
-2.011179447174072266e+00
3.234701871871948242e+00
-6.051543354988098145e-01
8.820536613464355469e+00
-2.661633968353271484e+00
-1.673091173171997070e+00
8.632220625877380371e-01
6.291576385498046875e+00
-7.054867744445800781e-01
6.210834503173828125e+00
-6.151833057403564453e+00
-6.878939628601074219e+00
2.817861795425415039e+00
-4.094630241394042969e+00
-1.726280927658081055e+00
1.718815565109252930e+00
2.461390495300292969e+00
-8.255238533020019531e+00
-2.824866533279418945e+00
-9.715806245803833008e-01
-3.132649898529052734e+00
2.925689220428466797e+00
9.336836814880371094e+00
2.199945688247680664e+00
5.857406139373779297e+00
-3.568106889724731445e-02
4.179062843322753906e+00
-2.810269355773925781e+00
9.887980461120605469e+00
-3.720877766609191895e-01
1.170878052711486816e+00
-1.133514523506164551e+00
-1.351315259933471680e+00
-9.078059196472167969e+00
8.217629432678222656e+00
-6.287662982940673828e+00
8.134454727172851562e+00
3.321681022644042969e+00
8.657636493444442749e-02
-2.171569824218750000e+00
9.949605941772460938e+00
-2.679505586624145508e+00
6.813195228576660156e+00
1.319082498550415039e+00
2.866621732711791992e+00
6.794057369232177734e+00
2.148294687271118164e+00
-1.046472549438476562e+00
1.061984300613403320e+00
1.401376366615295410e+00
-6.993288993835449219e-01
-2.526363432407379150e-01
1.184519231319427490e-01
-8.976411223411560059e-01
-4.411751747131347656e+00
-7.639486789703369141e+00
6.780909061431884766e+00
1.063282775878906250e+01
-4.154552936553955078e+00
-9.783802986145019531e+00
-3.681676387786865234e+00
5.063311576843261719e+00
-6.889395713806152344e+00
7.071056842803955078e+00
4.175327301025390625e+00
-2.374580860137939453e+00
3.192000865936279297e+00
6.633222579956054688e+00
5.112544059753417969e+00
4.486993312835693359e+00
2.370129108428955078e+00
5.973808288574218750e+00
4.814898967742919922e+00
-4.484006881713867188e+00
-1.651771903038024902e+00
-3.962398767471313477e+00
5.240038394927978516e+00
-1.029637050628662109e+01
-1.024030780792236328e+01
2.587888002395629883e+00
2.763132095336914062e+00
3.618707418441772461e+00
-2.134191751480102539e+00
-2.651736736297607422e+00
1.845614194869995117e+00
2.738987922668457031e+00
2.868077278137207031e+00
3.479521036148071289e+00
-4.346626102924346924e-01
3.632897377014160156e+00
1.391806602478027344e+00
2.735207080841064453e+00
4.244605064392089844e+00
-1.121038675308227539e+00
1.343569636344909668e+00
-6.571669578552246094e-01
2.013648986816406250e+00
1.528437018394470215e+00
3.664839029312133789e+00
-1.090605258941650391e+00
-1.708799242973327637e+00
6.925592422485351562e-01
3.598083257675170898e-01
-1.619536161422729492e+00
8.617775440216064453e-01
1.712390661239624023e+00
2.020883798599243164e+00
2.505424499511718750e+00
-5.406031012535095215e-01
2.932371377944946289e+00
8.999525308609008789e-01
1.535272836685180664e+00
4.707769393920898438e+00
-6.327109783887863159e-02
-3.313210010528564453e+00
1.795514583587646484e+00
-3.893094062805175781e+00
1.969962596893310547e+00
-2.731538534164428711e+00
-6.230407357215881348e-01
1.816043972969055176e+00
-1.699743270874023438e+00
1.336163640022277832e+00
1.717151522636413574e+00
-1.136805489659309387e-01
3.808161973953247070e+00
-3.071481943130493164e+00
-3.004703521728515625e+00
2.500853061676025391e+00
3.901125669479370117e+00
-1.234595179557800293e+00
7.196754217147827148e-01
2.945525407791137695e+00
-4.073698043823242188e+00
-7.071822881698608398e-02
4.698241233825683594e+00
-1.707214593887329102e+00
1.437737107276916504e+00
-3.388550758361816406e+00
-3.323443174362182617e+00
1.449430286884307861e-01
3.178908348083496094e+00
-4.074655055999755859e+00
-4.448856413364410400e-01
2.043952941894531250e+00
4.615164756774902344e+00
-2.308358192443847656e+00
8.669651746749877930e-01
2.244166612625122070e+00
-1.902590513229370117e+00
-2.110321044921875000e+00
-1.856799483299255371e+00
-6.051054596900939941e-01
4.852079153060913086e-01
-8.231942653656005859e-01
-1.980293393135070801e-01
-8.920419812202453613e-01
1.728678941726684570e-01
-4.380703866481781006e-01
-2.186127185821533203e+00
1.890105009078979492e+00
1.293492913246154785e+00
-1.215032935142517090e+00
2.782985687255859375e+00
-2.436829328536987305e+00
-3.414912939071655273e+00
7.370531558990478516e-01
1.968682527542114258e+00
-3.074628353118896484e+00
3.546802043914794922e+00
2.100507497787475586e+00
7.757774591445922852e-01
-2.635159730911254883e+00
2.153212308883666992e+00
-1.932417750358581543e+00
5.457839012145996094e+00
-2.481841325759887695e+00
-2.769985914230346680e+00
-1.897633552551269531e+00
3.000522851943969727e+00
-1.444178819656372070e+00
-1.255344152450561523e+00
7.470311522483825684e-01
3.791932106018066406e+00
-9.923110008239746094e-01
4.556959629058837891e+00
5.516985058784484863e-01
-2.820629835128784180e+00
-2.356807470321655273e+00
2.367026090621948242e+00
2.069924831390380859e+00
2.242452144622802734e+00
2.171838521957397461e+00
8.751378059387207031e-01
3.481100320816040039e+00
1.946011424064636230e+00
2.824316024780273438e+00
3.783496379852294922e+00
-1.329458713531494141e+00
1.290891885757446289e+00
-7.455012202262878418e-01
1.250346064567565918e+00
-4.550189971923828125e-01
3.247601032257080078e+00
-5.616698861122131348e-01
-9.117230176925659180e-01
6.946474313735961914e-01
7.045339345932006836e-01
-2.787515401840209961e+00
1.437548041343688965e+00
3.253397941589355469e+00
2.850793600082397461e+00
3.607075214385986328e+00
-1.569899439811706543e+00
1.380098104476928711e+00
6.179679036140441895e-01
1.500619530677795410e+00
3.895683526992797852e+00
-3.241052329540252686e-01
-3.057151317596435547e+00
-1.996913254261016846e-01
-3.301780223846435547e+00
3.135365486145019531e+00
-2.312146425247192383e+00
1.180258750915527344e+00
2.045562505722045898e+00
-1.959088802337646484e+00
7.687745690345764160e-01
7.180013060569763184e-01
-2.807141840457916260e-01
3.678032875061035156e+00
-2.801564216613769531e+00
-3.181103944778442383e+00
2.151283740997314453e+00
3.963043212890625000e+00
-1.738897681236267090e+00
7.818548083305358887e-01
2.776374340057373047e+00
-3.092084407806396484e+00
-3.434189036488533020e-02
4.439047336578369141e+00
-7.278745770454406738e-01
1.675059318542480469e+00
-1.873715519905090332e+00
-2.755071878433227539e+00
-2.264705449342727661e-01
3.802380084991455078e+00
-3.835977315902709961e+00
7.121340632438659668e-01
9.525960683822631836e-01
4.199833393096923828e+00
-1.707924842834472656e+00
2.813614904880523682e-01
1.768620848655700684e+00
-2.519361257553100586e+00
-2.690413951873779297e+00
-4.884495437145233154e-01
-1.244941726326942444e-01
-2.256148755550384521e-01
-2.092281430959701538e-01
6.369507312774658203e-02
-3.593347668647766113e-01
3.486566841602325439e-01
-6.134748458862304688e-01
-1.942353248596191406e+00
1.345146298408508301e+00
2.075808525085449219e+00
-1.277440309524536133e+00
2.520337581634521484e+00
-2.142127037048339844e+00
-2.747892618179321289e+00
-6.870500445365905762e-01
2.778219461441040039e+00
-2.139249086380004883e+00
3.977934837341308594e+00
3.405546188354492188e+00
7.764543294906616211e-01
-3.312232494354248047e+00
1.694211721420288086e+00
-2.230293512344360352e+00
5.194706439971923828e+00
-2.684962511062622070e+00
-3.107544898986816406e+00
-2.344157934188842773e+00
1.328026652336120605e+00
-1.264924168586730957e+00
-9.823053479194641113e-01
1.150360226631164551e+00
4.024292469024658203e+00
-1.762479782104492188e+00
4.433386325836181641e+00
1.241946339607238770e+00
-6.335613727569580078e-01
