2.194736480712890625e+00
1.406766623258590698e-01
5.079429149627685547e+00
4.007221221923828125e+00
1.942328572273254395e+00
3.506226539611816406e+00
-2.945455312728881836e-01
-9.032779335975646973e-01
1.245794221758842468e-01
1.239138007164001465e+00
4.444000869989395142e-02
-6.125009059906005859e-01
-5.076103210449218750e-01
-2.903657197952270508e+00
-3.948258757591247559e-01
-7.260084897279739380e-02
-4.441308379173278809e-01
-3.225181400775909424e-01
9.371576905250549316e-01
-4.293331205844879150e-01
1.065054416656494141e+00
-2.971368730068206787e-01
8.878302574157714844e+00
1.330593967437744141e+01
1.538218688964843750e+01
1.744338798522949219e+01
1.914987373352050781e+01
2.682226753234863281e+01
2.473003005981445312e+01
-1.815727114677429199e+00
-2.039460182189941406e+00
3.253258168697357178e-01
3.085685491561889648e+00
-2.149776935577392578e+00
3.753223419189453125e+00
5.831297039985656738e-01
-8.476333022117614746e-01
1.822439432144165039e-01
2.764826416969299316e-01
7.119638323783874512e-01
3.214459419250488281e+00
-1.488125324249267578e+00
-8.335390090942382812e-01
-1.011690855026245117e+00
1.986708939075469971e-01
-1.821018338203430176e+00
-1.137801885604858398e+00
4.019706726074218750e+00
-1.251860141754150391e+00
8.651379585266113281e+00
9.681853294372558594e+00
3.755263984203338623e-01
-9.824469089508056641e-01
-4.230714321136474609e+00
1.895502662658691406e+01
1.736701393127441406e+01
1.352839374542236328e+01
8.940466046333312988e-01
4.477937221527099609e-01
3.126131892204284668e-01
-8.125095367431640625e-01
7.850290536880493164e-01
-1.754712015390396118e-01
-7.352976202964782715e-01
4.746776521205902100e-01
2.537423372268676758e-01
-5.343371629714965820e-01
-2.385593354701995850e-01
-1.648345291614532471e-01
4.784851074218750000e-01
4.939374029636383057e-01
5.800935626029968262e-01
4.092733263969421387e-01
-2.715895473957061768e-01
5.476690530776977539e-01
-4.159252047538757324e-01
7.687373161315917969e-01
-8.755206465721130371e-01
-1.237924218177795410e+00
5.204887595027685165e-03
6.402881741523742676e-01
1.470046520233154297e+00
-4.556230545043945312e+00
-2.392812490463256836e+00
4.289543926715850830e-01
6.089822649955749512e-01
-2.516564130783081055e-01
7.780166268348693848e-01
-9.241201281547546387e-01
-1.259637624025344849e-01
1.012560009956359863e+00
7.450388371944427490e-02
2.725372016429901123e-01
-2.714155614376068115e-01
4.129607975482940674e-01
-8.018343895673751831e-02
-5.789332389831542969e-01
8.530438691377639771e-02
3.749345839023590088e-01
-1.581253558397293091e-01
-9.511703625321388245e-03
8.616288900375366211e-01
5.367863178253173828e-01
-1.162079334259033203e+00
2.423626482486724854e-01
-3.561569452285766602e+00
-2.150408029556274414e+00
1.676600724458694458e-01
4.150779247283935547e-01
6.421619653701782227e-01
-6.521149158477783203e+00
-4.003153800964355469e+00
-3.145154237747192383e+00
-5.379259586334228516e-03
1.626910874620079994e-03
-6.337202154099941254e-03
3.586823120713233948e-03
-3.150804201140999794e-03
-3.787502879276871681e-03
3.854833077639341354e-03
9.134128922596573830e-04
-5.173339042812585831e-03
7.620174437761306763e-03
-5.346811842173337936e-03
-3.089888487011194229e-03
-2.459716750308871269e-03
6.953966803848743439e-03
-5.675128661096096039e-03
-9.381971322000026703e-03
9.228636510670185089e-03
-9.519362822175025940e-03
2.879413543269038200e-03
-3.757578786462545395e-03
9.214759804308414459e-03
-3.363820258527994156e-03
2.417017472907900810e-03
1.015968038700520992e-03
8.979522623121738434e-03
8.411816088482737541e-04
-3.705440554767847061e-03
5.889458581805229187e-03
1.767176508903503418e+00
1.022119760513305664e+00
-2.177591085433959961e+00
7.404352426528930664e-01
