1.724456071853637695e+00
1.432964086532592773e+00
7.981784343719482422e-01
4.399409770965576172e+00
1.939598083496093750e+00
3.793383359909057617e+00
1.745039224624633789e+00
2.387434720993041992e+00
9.335538744926452637e-02
3.407622575759887695e+00
-2.076469175517559052e-02
3.589131534099578857e-01
-3.225717544555664062e-01
-1.057687759399414062e+00
4.898164272308349609e-01
-6.531918793916702271e-02
-3.832687437534332275e-02
8.955949544906616211e-02
1.792296469211578369e-01
1.023276209831237793e+00
3.725374341011047363e-01
-4.073801636695861816e-01
4.493823647499084473e-01
-4.633798301219940186e-01
7.064057588577270508e-01
-3.117087669670581818e-02
4.224659502506256104e-02
-1.771698445081710815e-01
-2.609609067440032959e-01
-1.701137870550155640e-01
-1.370256245136260986e-01
-7.244244217872619629e-02
2.092342525720596313e-01
4.620529711246490479e-01
1.014052677154541016e+01
9.521344184875488281e+00
1.316902923583984375e+01
1.340355682373046875e+01
1.539329624176025391e+01
1.435186672210693359e+01
1.750766563415527344e+01
2.357745361328125000e+01
1.925537681579589844e+01
1.920198249816894531e+01
2.076253128051757812e+01
1.244016528129577637e+00
-2.640524208545684814e-01
-1.293642282485961914e+00
-1.632508337497711182e-01
4.434956014156341553e-01
1.282178878784179688e+00
5.812470912933349609e-01
1.342750072479248047e+00
6.691428273916244507e-02
-3.472239494323730469e+00
-1.839043617248535156e+00
1.671339392662048340e+00
-1.321389079093933105e-01
1.697244346141815186e-01
-5.414486676454544067e-02
2.360137552022933960e-02
-2.259342193603515625e+00
-2.086148738861083984e+00
1.753250002861022949e+00
5.150032520294189453e+00
2.314018964767456055e+00
-1.194715976715087891e+00
9.920793771743774414e-01
6.619145870208740234e-01
-1.034015059471130371e+00
-7.415068149566650391e-01
-1.693744778633117676e+00
-2.165867328643798828e+00
1.658527755737304688e+01
1.624132347106933594e+01
-2.215126514434814453e+00
-1.843838691711425781e-01
1.489832550287246704e-01
1.446986079216003418e+00
3.322800993919372559e-01
7.389591932296752930e-01
-1.847224998474121094e+01
-2.153528022766113281e+01
1.351370215415954590e-01
-1.501503944396972656e+00
-4.643865227699279785e-01
-2.197466850280761719e+00
-1.370372325181961060e-01
3.576808869838714600e-01
1.186789035797119141e+00
2.752696990966796875e+00
-1.357919931411743164e+00
4.581328392028808594e+00
7.640883922576904297e-01
2.416218072175979614e-01
3.872709989547729492e+00
1.141167521476745605e+00
-1.157346844673156738e+00
-7.880278825759887695e-01
3.398786306381225586e+00
-1.413644873537123203e-03
6.101257205009460449e-01
9.237655997276306152e-01
-1.315109580755233765e-01
3.386428117752075195e+00
2.189092934131622314e-01
-3.194885253906250000e-01
2.012166738510131836e+00
2.083153009414672852e+00
4.909360885620117188e+00
8.236457824707031250e+00
4.827056825160980225e-01
1.081614345312118530e-01
5.161838233470916748e-02
-3.181088864803314209e-01
-4.209024831652641296e-02
7.568051815032958984e-01
2.480451315641403198e-01
-6.005374789237976074e-01
-2.729916870594024658e-01
8.267245292663574219e-01
-7.945981025695800781e-01
3.731034100055694580e-01
-1.400263756513595581e-01
6.082853078842163086e-01
-3.736194968223571777e-01
2.542600035667419434e-01
3.041515052318572998e-01
-9.544661045074462891e-01
-7.166812568902969360e-02
-3.289076805114746094e+00
1.319085240364074707e+00
-1.666224002838134766e-01
5.704042911529541016e-01
-5.751076713204383850e-02
1.287542283535003662e-02
-2.128180302679538727e-02
1.366069316864013672e-01
1.476936936378479004e-01
-7.583162307739257812e+00
2.751586914062500000e+00
-7.696958631277084351e-02
5.299372673034667969e-01
-9.502251446247100830e-02
7.700604200363159180e-02
3.724216222763061523e-01
-2.700289189815521240e-01
1.014887046813964844e+01
-3.135260105133056641e+00
3.332444727420806885e-01
1.247455477714538574e-01
3.650111556053161621e-01
4.156048893928527832e-01
5.231177806854248047e-01
-1.180153489112854004e+00
2.612775564193725586e-01
4.256577193737030029e-01
8.783546090126037598e-02
-1.291679501533508301e+00
-6.803698539733886719e-01
-1.337706565856933594e+00
9.933524131774902344e-01
3.100885748863220215e-01
-4.842190146446228027e-01
1.179787591099739075e-01
8.956608772277832031e-01
4.730201661586761475e-01
-2.156907618045806885e-01
-4.672784805297851562e-01
-5.686484575271606445e-01
-9.778485894203186035e-01
4.042837321758270264e-01
-1.660910248756408691e+00
-3.926069438457489014e-01
4.770067214965820312e+00
-1.404274940490722656e+00
4.483882427215576172e+00
-6.498677134513854980e-01
1.943449378013610840e-01
-6.169779598712921143e-02
-8.845907286740839481e-04
4.702540338039398193e-01
-8.779609203338623047e-01
8.883206546306610107e-02
3.153077661991119385e-01
2.312718629837036133e-01
1.074128389358520508e+00
2.685104496777057648e-02
-3.375681042671203613e-01
1.954351812601089478e-01
-7.235323190689086914e-01
7.015326619148254395e-02
3.396282792091369629e-01
-1.010158285498619080e-01
-5.193930584937334061e-03
-5.078499913215637207e-01
-1.138094305992126465e+00
4.768458604812622070e-01
1.224757283926010132e-01
3.672934472560882568e-01
-4.387646317481994629e-01
3.318729996681213379e-01
-5.960645526647567749e-02
-1.314475238323211670e-01
3.395521342754364014e-01
-6.016839027404785156e+00
1.407241821289062500e+00
-4.560702741146087646e-01
-8.479290641844272614e-03
-1.607975512742996216e-01
-4.964748322963714600e-01
4.079730510711669922e-01
3.870227038860321045e-01
7.300312995910644531e+00
-1.689300656318664551e+00
-6.659233942627906799e-03
4.956907331943511963e-01
2.763503417372703552e-02
-3.402743339538574219e-01
-1.807654500007629395e-01
7.325897216796875000e-01
-9.058653712272644043e-01
-1.186265587806701660e+00
4.738770127296447754e-01
6.380674242973327637e-01
-8.705350570380687714e-03
-1.614757180213928223e+00
7.073040008544921875e-01
-5.670213103294372559e-01
-6.750462055206298828e-01
2.208226174116134644e-01
-2.867173433303833008e+00
9.884777665138244629e-01
-1.621213197708129883e+00
3.641888201236724854e-01
-1.467587113380432129e+00
1.187161207199096680e+00
-6.202059239149093628e-02
7.938843369483947754e-01
-2.877712547779083252e-01
-3.194063901901245117e+00
-1.979173183441162109e+00
-6.484099626541137695e-01
5.753327161073684692e-03
1.842666417360305786e-03
4.408809356391429901e-03
-9.374099783599376678e-03
-6.771236192435026169e-03
-4.112826194614171982e-03
-9.021619334816932678e-03
9.237826801836490631e-03
-4.386330489069223404e-03
-7.528656627982854843e-03
-8.990398608148097992e-03
-8.565445430576801300e-03
-4.046665970236063004e-03
3.497309517115354538e-03
-8.825770579278469086e-03
2.505844458937644958e-03
-6.014476530253887177e-04
-1.410726981703191996e-04
9.767874144017696381e-03
6.783561781048774719e-03
-9.483147412538528442e-03
3.833941649645566940e-03
5.747398827224969864e-03
5.385678261518478394e-03
9.316149167716503143e-03
5.160664208233356476e-03
-3.133915131911635399e-03
8.378120139241218567e-03
8.589818142354488373e-03
9.695633314549922943e-03
6.507092621177434921e-04
5.654523614794015884e-03
-3.292553359642624855e-03
2.960686106234788895e-03
-4.949469584971666336e-03
5.339701659977436066e-03
7.215103600174188614e-03
-7.031644228845834732e-03
-9.346329607069492340e-03
1.785811036825180054e-03
-4.676782991737127304e-03
-1.893275650218129158e-03
-9.507864713668823242e-03
1.590724801644682884e-03
5.349130835384130478e-03
-9.754657745361328125e-03
3.275282913818955421e-03
-1.048873295076191425e-03
-2.009416464716196060e-03
-8.731416426599025726e-03
4.041077103465795517e-03
-2.319901483133435249e-03
-2.972491085529327393e-03
-1.658480265177786350e-03
8.500049822032451630e-03
-7.203279528766870499e-03
8.249578997492790222e-03
-9.468305855989456177e-03
3.525147214531898499e-03
3.324270015582442284e-03
-8.534649387001991272e-03
1.426475500920787454e-04
5.746230483055114746e-03
-3.578203613869845867e-04
3.297140588983893394e-03
-3.443812252953648567e-03
1.391921877861022949e+00
1.008815526962280273e+00
-1.696025013923645020e+00
6.659250259399414062e-01
