1.691185116767883301e+00
5.463284254074096680e-01
1.414668411016464233e-01
1.473166346549987793e+00
4.492459297180175781e+00
1.910358309745788574e+00
2.948717594146728516e+00
2.342239618301391602e+00
1.769402384757995605e+00
2.356478452682495117e+00
1.385338068008422852e+00
3.057487726211547852e+00
1.980523914098739624e-01
-2.671309630386531353e-04
-8.029354363679885864e-02
-4.016433358192443848e-01
5.036503076553344727e-01
-4.237052202224731445e-01
1.316867768764495850e-01
2.626940608024597168e-01
4.121815264225006104e-01
-2.220918536186218262e-01
4.012270867824554443e-01
-3.597969710826873779e-01
1.693737655878067017e-01
1.758648157119750977e-01
4.610128402709960938e-01
-4.761830866336822510e-01
1.286053657531738281e+00
7.917425036430358887e-01
-2.800527811050415039e-01
-1.751077622175216675e-01
-9.088847786188125610e-02
-2.076973672956228256e-03
-2.214688956737518311e-01
-4.123499989509582520e-02
-8.105132728815078735e-02
2.041717804968357086e-02
-1.761910468339920044e-01
-3.657530620694160461e-02
3.719346225261688232e-02
-6.044915318489074707e-01
-9.737219810485839844e-01
7.390369892120361328e+00
1.017034053802490234e+01
1.015068054199218750e+01
1.318813419342041016e+01
1.344153022766113281e+01
1.565704536437988281e+01
1.499782943725585938e+01
1.493624973297119141e+01
1.757953643798828125e+01
1.919090270996093750e+01
1.926833152770996094e+01
1.991241455078125000e+01
1.935042190551757812e+01
2.204498481750488281e+01
-6.272691488265991211e-01
1.251510024070739746e+00
2.438067495822906494e-01
1.309204399585723877e-01
2.347340434789657593e-01
-1.800143271684646606e-01
-3.994676470756530762e-01
1.953560471534729004e+00
-4.270186126232147217e-01
-2.325983047485351562e+00
2.643882989883422852e+00
-5.340463519096374512e-01
1.563582539558410645e+00
2.853674590587615967e-01
8.536825776100158691e-01
1.467047482728958130e-01
-7.654082775115966797e-01
4.864734411239624023e-01
-8.770485520362854004e-01
2.227780580520629883e+00
-3.941321969032287598e-01
7.237726449966430664e-01
2.261941194534301758e+00
-2.918952465057373047e+00
-9.031766057014465332e-01
7.654680609703063965e-01
3.311004638671875000e-01
1.282204270362854004e+00
-6.230987906455993652e-01
-1.067582845687866211e+00
2.117537260055541992e+00
3.118480443954467773e-01
4.947526007890701294e-02
2.936761081218719482e-01
-2.556689083576202393e-01
-8.402200341224670410e-01
8.951584696769714355e-01
-1.682638287544250488e+00
-6.474730372428894043e-01
-9.217648506164550781e-01
3.922259211540222168e-01
-5.262991786003112793e-01
4.669820964336395264e-01
-9.122988581657409668e-01
3.967746496200561523e-01
-3.921521902084350586e-01
-6.255990266799926758e-02
7.535080313682556152e-01
1.674205017089843750e+01
4.858006834983825684e-01
-1.612058162689208984e+00
5.404217839241027832e-01
-3.294671177864074707e-01
6.408967971801757812e-01
-3.969990015029907227e-01
-1.060392618179321289e+00
6.370650529861450195e-01
-3.549381017684936523e+00
-2.124918937683105469e+01
3.582852333784103394e-02
2.228179216384887695e+00
-3.012181758880615234e+00
9.314137101173400879e-01
-1.659205675125122070e+00
-6.410283446311950684e-01
1.130939722061157227e+00
3.382960557937622070e+00
1.591649413108825684e+00
-1.337337255477905273e+00
3.637515306472778320e+00
-2.307568550109863281e+00
1.984028935432434082e+00
9.251710772514343262e-01
-2.049332380294799805e+00
-2.832950592041015625e+00
-1.861464619636535645e+00
-1.491656422615051270e+00
2.269713580608367920e-01
-1.791668653488159180e+00
1.628316789865493774e-01
3.069698810577392578e-01
2.788331985473632812e+00
4.570432186126708984e+00
2.235680967569351196e-01
2.085479974746704102e+00
5.270441174507141113e-01
-1.330195546150207520e+00
-1.808746576309204102e+00
2.651030778884887695e+00
2.077523231506347656e+00
6.580794453620910645e-01
-8.651760220527648926e-01
-1.027638316154479980e-01
-4.751706123352050781e-01
-1.665254592895507812e+00
1.426724433898925781e+00
6.765009760856628418e-01
-3.668748587369918823e-02
-8.837620615959167480e-01
1.263648033142089844e+00
-6.333793997764587402e-01
-1.261854290962219238e+00
-1.700056314468383789e+00
-3.579184770584106445e+00
2.827558279037475586e+00
-8.759512305259704590e-01
-5.294286608695983887e-01
-1.391240209341049194e-01
-1.391261667013168335e-01
3.822867870330810547e-01
-1.958223730325698853e-01
2.779749333858489990e-01
-1.585481315851211548e-01
-9.192872792482376099e-02
-1.110412716865539551e+00
-8.178530633449554443e-02
-2.528276443481445312e-01
1.347617268562316895e+00
5.870800614356994629e-01
-9.356787428259849548e-03
-8.375878632068634033e-02
3.740855455398559570e-01
-8.891251683235168457e-02
5.541946291923522949e-01
-5.021683573722839355e-01
-3.092181682586669922e-01
-3.088053464889526367e-01
1.665649861097335815e-01
3.893633484840393066e-01
2.308042496442794800e-01
-1.930078268051147461e-01
6.943463683128356934e-01
3.426052629947662354e-01
-1.731752008199691772e-01
5.265527963638305664e-02
-8.728287369012832642e-02
1.780610717833042145e-02
1.980993449687957764e-01
4.459374248981475830e-01
-5.673084259033203125e-01
1.768999695777893066e-01
-6.136310696601867676e-01
3.672426939010620117e-01
-5.977203324437141418e-02
9.280253946781158447e-02
4.480390548706054688e-01
1.172099784016609192e-01
6.934012472629547119e-02
-1.760307885706424713e-02
5.531067773699760437e-02
-9.899004548788070679e-02
1.651325523853302002e-01
5.695214748382568359e+00
-1.836973786354064941e+00
2.468552827835083008e+00
1.046341434121131897e-01
-2.170737087726593018e-01
1.010741516947746277e-01
-2.950536832213401794e-02
1.051203384995460510e-01
2.953822314739227295e-01
-7.425495982170104980e-02
-8.504683494567871094e+00
3.806401491165161133e+00
-3.687938451766967773e+00
-1.886436790227890015e-01
8.156557679176330566e-01
-3.900822103023529053e-01
4.560447931289672852e-01
5.928121209144592285e-01
-4.369953572750091553e-01
4.786568284034729004e-01
-5.463824868202209473e-01
1.275387287139892578e+00
-4.332426190376281738e-01
6.614790558815002441e-01
-3.117760717868804932e-01
-9.061637520790100098e-01
5.645568966865539551e-01
-9.022584557533264160e-01
6.212501525878906250e-01
-1.803587526082992554e-01
2.935292124748229980e-01
3.252487480640411377e-01
1.056021571159362793e+00
-3.901714980602264404e-01
2.929805755615234375e+00
-1.684550166130065918e+00
7.280391454696655273e-01
-1.154001429677009583e-01
4.207222461700439453e-01
6.085175275802612305e-01
5.360162854194641113e-01
-4.314766824245452881e-02
-1.691582500934600830e-01
7.838732600212097168e-01
-7.951432466506958008e-01
-1.339216113090515137e+00
-2.291156649589538574e-01
2.261976599693298340e-01
4.490948915481567383e-01
1.312728762626647949e+00
2.459439337253570557e-01
9.011404514312744141e-01
1.897463649511337280e-01
-1.791524291038513184e+00
-7.114636301994323730e-01
2.292191505432128906e+00
-6.448578238487243652e-01
4.211677908897399902e-01
-2.045526355504989624e-01
2.965714931488037109e-01
2.160332500934600830e-01
-1.388211250305175781e-01
-3.639217019081115723e-01
-1.908462494611740112e-01
2.382698953151702881e-01
2.098714262247085571e-01
-7.641030848026275635e-02
7.430622577667236328e-01
-4.783607125282287598e-01
1.698845386505126953e+00
9.833598136901855469e-01
-6.329908967018127441e-02
-1.752888038754463196e-02
-2.817769907414913177e-02
3.787073791027069092e-01
-1.757435202598571777e-01
4.029769003391265869e-01
-8.842827677726745605e-01
7.130298763513565063e-02
4.075273871421813965e-02
4.932161048054695129e-02
-2.524468302726745605e-01
5.910411477088928223e-01
3.823136687278747559e-01
1.073965504765510559e-01
-5.652074813842773438e-01
-2.662380784749984741e-02
1.684521585702896118e-01
-2.110715806484222412e-01
1.035037115216255188e-01
-2.126185446977615356e-01
1.377875171601772308e-02
1.815998256206512451e-01
2.208371311426162720e-01
-4.038355052471160889e-01
1.012391969561576843e-02
2.222416251897811890e-01
1.389009058475494385e-01
8.248931914567947388e-02
2.539892494678497314e-02
-1.143357157707214355e-01
-2.938565332442522049e-03
-1.039929240942001343e-01
1.880887001752853394e-01
4.183073714375495911e-02
5.485403537750244141e+00
-2.266134738922119141e+00
2.628803968429565430e+00
-1.446346845477819443e-02
-1.595153063535690308e-01
-4.738105088472366333e-02
-5.579764768481254578e-02
-2.824587561190128326e-02
2.543183863162994385e-01
-2.294785156846046448e-02
-5.258285522460937500e+00
2.739378929138183594e+00
-2.909981250762939453e+00
-3.924015164375305176e-01
5.878766775131225586e-01
1.009204983711242676e-02
4.133454859256744385e-01
8.315163850784301758e-02
-8.565940707921981812e-02
3.103646934032440186e-01
-4.041890203952789307e-01
-7.325863838195800781e-02
-1.103055000305175781e+00
6.753949522972106934e-01
-3.085128366947174072e-01
-5.497836470603942871e-01
4.297452569007873535e-01
-8.648076653480529785e-01
6.202813982963562012e-01
-3.119091391563415527e-01
-4.941867291927337646e-01
3.728911578655242920e-01
-2.408204972743988037e-02
2.079900167882442474e-02
1.077437043190002441e+00
-6.583909988403320312e-01
1.284676194190979004e+00
-6.078173518180847168e-01
-6.073745489120483398e-01
2.425643056631088257e-01
7.679749727249145508e-01
-3.453114330768585205e-01
3.815670609474182129e-01
1.518050488084554672e-02
4.356969296932220459e-01
6.749537587165832520e-01
1.131937026977539062e+00
4.721223413944244385e-01
-1.018493697047233582e-01
-3.807208836078643799e-01
-7.771888971328735352e-01
-2.019785195589065552e-01
1.926236391067504883e+00
-4.418573379516601562e-01
-3.177223727107048035e-02
-1.408617049455642700e-01
5.206646919250488281e-01
-1.528381228446960449e+00
2.477263333275914192e-03
-4.610658157616853714e-03
3.143265144899487495e-03
9.413456544280052185e-03
9.945702739059925079e-03
-3.850550157949328423e-03
-5.370905157178640366e-03
8.561007678508758545e-03
3.950744401663541794e-03
-1.447858754545450211e-03
8.067450486123561859e-03
-2.011717297136783600e-03
-3.756410907953977585e-03
8.717320859432220459e-03
-5.076246336102485657e-03
9.904500097036361694e-03
4.934102762490510941e-03
7.053684443235397339e-03
8.765104226768016815e-03
-3.738859202712774277e-03
4.626146052032709122e-03
9.435694664716720581e-03
6.542818155139684677e-03
8.987147361040115356e-03
8.635435253381729126e-03
-5.809643305838108063e-03
5.169967771507799625e-04
5.740690510720014572e-03
2.471728483214974403e-03
9.574815048836171627e-04
9.387413971126079559e-03
2.282213186845183372e-03
2.728195628151297569e-03
-1.194735639728605747e-03
4.677920136600732803e-03
8.353672921657562256e-03
8.801727555692195892e-03
5.431675352156162262e-03
7.527399808168411255e-03
6.571019068360328674e-03
3.921242430806159973e-03
-4.464259836822748184e-03
6.929563358426094055e-03
-5.782344378530979156e-03
-6.351452786475419998e-03
-7.588752079755067825e-03
6.960422731935977936e-03
3.544382983818650246e-03
-7.601589895784854889e-03
-9.121706709265708923e-03
-8.730244822800159454e-03
1.899752824101597071e-04
-3.659944981336593628e-03
9.432231076061725616e-03
-1.601196127012372017e-03
-8.955687517300248146e-04
8.627761155366897583e-03
6.100876256823539734e-03
-5.736619234085083008e-03
-9.977774461731314659e-04
-1.087076612748205662e-03
-7.941473275423049927e-03
-8.215038105845451355e-03
4.172841552644968033e-03
4.869320429861545563e-03
-3.398077562451362610e-03
9.787288494408130646e-03
7.296001538634300232e-03
5.938843823969364166e-03
-3.027778817340731621e-03
3.398855449631810188e-03
-4.662036895751953125e-03
-7.193299476057291031e-03
2.151203370885923505e-04
-4.481108859181404114e-03
9.079679846763610840e-03
3.674089908599853516e-03
8.587366901338100433e-04
-4.487892147153615952e-04
1.649212324991822243e-03
-9.021760895848274231e-03
-4.100027028471231461e-03
-1.860714983195066452e-03
-2.860993379727005959e-03
-2.933754352852702141e-03
5.794073920696973801e-03
-9.285251609981060028e-03
7.775987964123487473e-03
3.192761680111289024e-03
-2.121260389685630798e-03
5.098036490380764008e-03
6.645934656262397766e-03
-8.047962561249732971e-03
9.399192407727241516e-03
6.340772844851016998e-03
2.820746973156929016e-03
4.124831873923540115e-03
-8.811095729470252991e-03
-5.994232371449470520e-03
2.873194869607686996e-03
-5.995476618409156799e-03
8.978704921901226044e-03
-8.356196805834770203e-03
7.669497281312942505e-03
-8.815337903797626495e-03
1.271739721298217773e+00
1.059985518455505371e+00
-1.821231245994567871e+00
6.941714882850646973e-01
