1.712462306022644043e+00
1.308799982070922852e+00
8.930695652961730957e-01
4.527263164520263672e+00
1.755780816078186035e+00
3.660547971725463867e+00
2.072095632553100586e+00
2.324107646942138672e+00
5.333468914031982422e-01
3.345866203308105469e+00
-2.199341803789138794e-01
1.170081794261932373e-01
1.569249182939529419e-01
-8.393702507019042969e-01
1.526337146759033203e+00
3.255385458469390869e-01
-1.605983376502990723e-01
4.338029921054840088e-01
-7.831923663616180420e-02
-5.474846363067626953e-01
1.187937736511230469e+00
4.167742431163787842e-01
-7.102127075195312500e-01
-2.694177329540252686e-01
2.037840485572814941e-01
5.918928608298301697e-02
-2.095691710710525513e-01
-2.007591128349304199e-01
-2.131382077932357788e-01
-4.056348204612731934e-01
4.219416081905364990e-01
2.647456526756286621e-01
-3.882374465465545654e-01
-1.452029496431350708e-01
-4.684617221355438232e-01
1.033804893493652344e+00
2.176168560981750488e-01
1.020517539978027344e+01
9.845161437988281250e+00
1.317632484436035156e+01
1.343719959259033203e+01
1.546419525146484375e+01
1.462258815765380859e+01
1.756513023376464844e+01
2.027320289611816406e+01
1.922552108764648438e+01
2.106747055053710938e+01
1.989480400085449219e+01
2.403347396850585938e+01
7.962358593940734863e-01
4.984363913536071777e-01
2.981018647551536560e-02
2.219296991825103760e-01
6.068301796913146973e-01
-6.561704277992248535e-01
4.680047631263732910e-01
-1.936804413795471191e+00
-1.856957793235778809e+00
2.463227063417434692e-01
3.645349264144897461e+00
1.872840762138366699e+00
1.210565090179443359e+00
-7.414065003395080566e-01
-9.512804150581359863e-01
5.244955420494079590e-01
1.137943863868713379e+00
1.315180540084838867e+00
-2.932766079902648926e-01
-6.786704659461975098e-01
-6.379113793373107910e-01
-5.402889728546142578e+00
2.269770145416259766e+00
-2.333959579467773438e+00
2.690597772598266602e+00
-7.370480895042419434e-01
-1.242033839225769043e+00
-1.979522220790386200e-02
2.659157991409301758e+00
8.881550431251525879e-01
1.207730531692504883e+00
-1.623426055908203125e+01
2.579798363149166107e-02
-5.169876575469970703e+00
1.168514132499694824e+00
1.047452330589294434e+00
-5.953848958015441895e-01
-5.134267807006835938e+00
-6.384540349245071411e-02
5.153415203094482422e-01
2.107680511474609375e+01
1.322332024574279785e+00
5.470228791236877441e-01
-2.470414876937866211e+00
-4.562304913997650146e-02
-6.652793288230895996e-01
-8.942558765411376953e-01
2.851790189743041992e+00
-1.996010422706604004e+00
-3.231978178024291992e+00
2.831407308578491211e+00
-8.426783680915832520e-01
-7.789584994316101074e-02
9.733634591102600098e-01
-6.801097393035888672e+00
-9.650020599365234375e-01
1.374319195747375488e+00
1.169157385826110840e+00
-2.397956997156143188e-01
-6.542001962661743164e-01
1.172450304031372070e+00
-1.663938999176025391e+00
2.476668119430541992e+00
6.404974460601806641e-01
8.187151551246643066e-01
1.328152298927307129e+00
1.124439001083374023e+00
-2.992497920989990234e+00
8.716745674610137939e-02
-1.852491617202758789e+00
6.765519082546234131e-02
-1.139241933822631836e+00
7.516767978668212891e+00
-2.358266830444335938e+00
-2.139213323593139648e+00
-1.580596804618835449e+00
2.338794708251953125e+00
8.048707962036132812e+00
2.240474969148635864e-01
2.322786897420883179e-01
7.365541905164718628e-02
-3.343215286731719971e-01
2.319632023572921753e-01
4.925270080566406250e-01
2.653742134571075439e-01
-1.837199449539184570e+00
4.085470438003540039e-01
2.142763137817382812e+00
-1.268517017364501953e+00
-1.757342696189880371e+00
-7.412928938865661621e-01
1.681418344378471375e-02
2.534770965576171875e-01
1.458279043436050415e-01
-1.735353589057922363e+00
3.309833705425262451e-01
1.422510027885437012e+00
-2.441069334745407104e-01
-2.515513420104980469e+00
1.991735339164733887e+00
1.023546814918518066e+00
1.243178397417068481e-01
7.884187698364257812e-01
-1.098853871226310730e-01
2.230380922555923462e-01
1.454665977507829666e-02
4.372693598270416260e-01
-2.610245048999786377e-01
-7.059853076934814453e+00
2.003353595733642578e+00
2.725808143615722656e+00
-1.824576258659362793e-01
1.601993292570114136e-01
-8.128293156623840332e-01
-3.163427710533142090e-01
6.061940789222717285e-01
5.079969167709350586e-01
8.434652328491210938e+00
-3.631918668746948242e+00
-4.166056156158447266e+00
3.904021382331848145e-01
8.420523256063461304e-03
1.679455339908599854e-01
1.193089112639427185e-01
1.832017898559570312e-01
4.780055582523345947e-01
-5.761049985885620117e-01
6.320937275886535645e-01
1.215562462806701660e+00
3.530888855457305908e-01
-7.827779054641723633e-01
-6.570884585380554199e-02
-9.539185762405395508e-01
1.833835482597351074e+00
8.243357539176940918e-01
-1.666174530982971191e-01
-9.354819543659687042e-03
2.587398290634155273e-01
-1.391806721687316895e+00
-8.939797282218933105e-01
-1.277435541152954102e+00
1.261868834495544434e+00
-3.469721376895904541e-01
-3.900652751326560974e-02
-3.525167703628540039e-01
1.011911332607269287e-01
4.450142681598663330e-01
2.264570295810699463e-01
7.876430749893188477e-01
1.213390946388244629e+00
-2.103517055511474609e+00
-2.411881446838378906e+00
1.162942767143249512e+00
1.173044681549072266e+00
5.563982948660850525e-02
-4.331307411193847656e-01
-2.836164236068725586e-01
-4.175959527492523193e-01
-1.180871054530143738e-01
2.002480477094650269e-01
-8.430470526218414307e-02
-3.832890391349792480e-01
-1.697576344013214111e-01
1.260637044906616211e+00
-1.719353348016738892e-02
-4.405522719025611877e-02
-3.376371860504150391e-01
6.624516844749450684e-01
7.678662538528442383e-01
3.381509780883789062e-01
2.495791763067245483e-01
-4.308556914329528809e-01
9.630441069602966309e-01
1.889229416847229004e-01
7.206138372421264648e-01
1.467613428831100464e-01
1.785854399204254150e-01
1.097591400146484375e+00
6.545692682266235352e-01
-8.444401621818542480e-02
4.904079437255859375e-02
-1.076343059539794922e-01
5.411179065704345703e-01
-2.904046475887298584e-01
3.037242293357849121e-01
-1.969235986471176147e-01
-7.600554943084716797e+00
2.384566068649291992e+00
1.654686093330383301e+00
-1.127590909600257874e-01
6.979017704725265503e-02
-4.085565805435180664e-01
4.149223268032073975e-01
-5.752553939819335938e-01
4.349531829357147217e-01
1.115569019317626953e+01
-2.913271903991699219e+00
-2.495281696319580078e+00
-2.657420337200164795e-01
8.850564956665039062e-01
-5.898413434624671936e-02
3.727342188358306885e-01
4.751167446374893188e-02
-2.470536947250366211e+00
4.741173982620239258e-01
1.026131868362426758e+00
-1.525565624237060547e+00
1.500921100378036499e-01
3.850614428520202637e-01
-1.391582489013671875e-01
-4.408201947808265686e-02
-7.394727319478988647e-02
-8.788529038429260254e-02
-1.281124800443649292e-01
-5.333116650581359863e-02
1.075413823127746582e-01
2.891178429126739502e-01
6.392041444778442383e-01
3.350363671779632568e-01
-6.362702846527099609e-01
3.029119074344635010e-01
1.484637856483459473e+00
-3.325001150369644165e-02
4.511315524578094482e-01
-1.375900506973266602e-01
-6.929281949996948242e-01
-2.666328251361846924e-01
-1.618881821632385254e-01
6.390805721282958984e+00
-3.706206381320953369e-01
-3.040955305099487305e+00
1.459084510803222656e+00
8.661223053932189941e-01
-1.327441215515136719e+00
-4.676782991737127304e-03
-1.893275650218129158e-03
-9.507864713668823242e-03
1.590724801644682884e-03
5.349130835384130478e-03
-9.754657745361328125e-03
3.275282913818955421e-03
-1.048873295076191425e-03
-2.009416464716196060e-03
-8.731416426599025726e-03
4.041077103465795517e-03
-2.319901483133435249e-03
-2.972491085529327393e-03
-1.658480265177786350e-03
8.500049822032451630e-03
-7.203279528766870499e-03
8.249578997492790222e-03
-9.468305855989456177e-03
3.525147214531898499e-03
3.324270015582442284e-03
-8.534649387001991272e-03
1.426475500920787454e-04
5.746230483055114746e-03
-3.578203613869845867e-04
3.297140588983893394e-03
-3.443812252953648567e-03
6.663138512521982193e-03
5.903442855924367905e-03
4.773779772222042084e-03
9.751671925187110901e-03
-5.357316229492425919e-03
-4.021543078124523163e-03
-4.779688082635402679e-03
1.559605705551803112e-03
6.853230297565460205e-03
7.756036706268787384e-03
3.303656820207834244e-03
-3.457254264503717422e-03
-2.957826654892414808e-04
-2.400698373094201088e-03
-2.603006549179553986e-03
2.080592326819896698e-03
-3.260141937062144279e-03
-3.104800824075937271e-03
3.651708597317337990e-03
8.759921416640281677e-03
5.691286642104387283e-03
3.826056839898228645e-03
2.318165963515639305e-03
-5.156876519322395325e-03
9.001710452139377594e-03
-4.163002129644155502e-03
7.750188000500202179e-03
-3.702253568917512894e-03
7.792653515934944153e-03
9.413191117346286774e-03
-6.778358481824398041e-03
2.474340610206127167e-03
6.537483073770999908e-03
2.776463748887181282e-03
-6.608310155570507050e-03
-4.895802121609449387e-03
-1.677235937677323818e-03
3.055017674341797829e-03
-3.308271756395697594e-03
-7.463333313353359699e-04
3.838419448584318161e-03
-3.458727849647402763e-03
-1.594317582203075290e-04
-9.701030328869819641e-03
5.928970873355865479e-03
-1.492711366154253483e-03
-8.776639588177204132e-04
9.254323318600654602e-03
-6.454588379710912704e-03
2.894255565479397774e-03
-8.236851426772773266e-04
-9.684412740170955658e-03
1.357288122177124023e+00
1.064927339553833008e+00
-1.816874980926513672e+00
7.124696969985961914e-01
