1.731712460517883301e+00
-1.501591086387634277e+00
-1.854394674301147461e-01
4.444799423217773438e+00
1.512047290802001953e+00
3.854500770568847656e+00
1.939643025398254395e+00
2.277051687240600586e+00
3.403139352798461914e+00
7.870381474494934082e-01
7.422810196876525879e-01
-3.980913460254669189e-01
2.428421378135681152e-01
-1.671137213706970215e+00
1.839189380407333374e-01
5.527923107147216797e-01
-1.656602323055267334e-01
4.352944195270538330e-01
-1.124649569392204285e-01
-9.926931560039520264e-02
7.366001605987548828e-02
7.916831970214843750e-02
1.227895140647888184e+00
2.466060966253280640e-01
2.868574857711791992e-01
-1.970047056674957275e-01
1.252095401287078857e-01
1.030840165913105011e-02
-2.232602089643478394e-01
3.715200722217559814e-01
-4.900374710559844971e-01
-1.997205018997192383e-01
-2.383207976818084717e-01
4.911013543605804443e-01
1.024206829071044922e+01
9.502688407897949219e+00
1.317339706420898438e+01
1.337461090087890625e+01
1.539754295349121094e+01
1.415507507324218750e+01
1.746771240234375000e+01
1.923174285888671875e+01
2.216627311706542969e+01
2.200878715515136719e+01
2.387072372436523438e+01
8.694838285446166992e-01
5.936762690544128418e-01
6.337944865226745605e-01
6.380382776260375977e-01
2.501133456826210022e-02
-2.084127187728881836e+00
5.712928622961044312e-02
-5.151594877243041992e-01
-2.358454704284667969e+00
2.676455497741699219e+00
-1.484584569931030273e+00
1.706485390663146973e+00
1.042676806449890137e+00
-1.201666742563247681e-01
2.924624979496002197e-01
-1.657139182090759277e+00
4.930682480335235596e-01
-4.095481634140014648e-01
-1.993847787380218506e-01
-3.363560199737548828e+00
-6.039466261863708496e-01
5.403175354003906250e-01
-8.725851774215698242e-01
6.170361042022705078e-01
-1.916922926902770996e+00
1.017267256975173950e-01
-1.005127906799316406e+00
-4.974147081375122070e-01
8.962740898132324219e+00
1.028215122222900391e+01
4.387896358966827393e-01
-1.555363833904266357e-02
-9.579035639762878418e-02
1.007672309875488281e+00
2.005700170993804932e-01
1.308503627777099609e+00
-1.100016307830810547e+01
-1.807892990112304688e+01
1.025441884994506836e-01
-1.643170952796936035e+00
-8.754632472991943359e-01
2.134437114000320435e-01
-1.068334817886352539e+00
1.025190114974975586e+00
6.976361572742462158e-02
4.608428001403808594e+00
-1.506060957908630371e+00
8.717743158340454102e-01
2.684819936752319336e+00
-3.232390880584716797e+00
7.401983737945556641e+00
1.336452007293701172e+00
-1.019018292427062988e+00
-2.150097608566284180e+00
8.525097966194152832e-01
-1.196429133415222168e+00
3.024921119213104248e-01
1.194956064224243164e+00
-5.474408268928527832e-01
3.060992002487182617e+00
-3.019811630249023438e+00
4.947943091392517090e-01
2.137126922607421875e+00
-2.315673112869262695e+00
5.050454735755920410e-01
8.299509882926940918e-01
3.238698840141296387e-01
4.595702886581420898e-01
-1.592640131711959839e-01
5.080575942993164062e-01
4.337137639522552490e-01
-1.261430621147155762e+00
1.983356326818466187e-01
-3.926468193531036377e-01
8.007315993309020996e-01
1.248117685317993164e+00
-2.983345687389373779e-01
-1.660366654396057129e-01
-1.034306287765502930e+00
1.167950510978698730e+00
-2.139842212200164795e-01
1.375471234321594238e+00
-3.019563555717468262e-01
1.513640999794006348e+00
-1.892561674118041992e+00
-1.013057231903076172e+00
-8.397726416587829590e-01
2.807251922786235809e-02
5.839896202087402344e-01
-1.785261183977127075e-01
5.484718084335327148e-01
1.269263327121734619e-01
3.718082904815673828e-01
5.326198935508728027e-01
-7.810863494873046875e+00
7.966676354408264160e-01
-5.422950163483619690e-02
4.341382384300231934e-01
-1.013085484504699707e+00
-1.178130432963371277e-01
-2.829984724521636963e-01
2.386813014745712280e-01
1.252010536193847656e+01
-1.154917955398559570e+00
4.005282819271087646e-01
4.966764748096466064e-01
-1.835720837116241455e-01
7.833154797554016113e-01
7.034609317779541016e-01
-9.882378578186035156e-01
4.935223758220672607e-01
7.095048427581787109e-01
4.563662707805633545e-01
-3.497859835624694824e-01
-1.137515425682067871e+00
-2.467766284942626953e+00
-1.583250999450683594e+00
5.511550307273864746e-01
2.177586108446121216e-01
-4.103018343448638916e-02
6.426968425512313843e-02
8.208017349243164062e-01
4.684935808181762695e-01
-7.754666358232498169e-02
-9.682688713073730469e-01
-1.171189308166503906e+00
1.704234361648559570e+00
-7.197136282920837402e-01
1.496192574501037598e+00
-1.955708622932434082e+00
-1.061022996902465820e+00
1.668674051761627197e-01
-3.935088515281677246e-01
-7.152599096298217773e-01
5.885854363441467285e-01
-8.857181072235107422e-01
-7.252380847930908203e-01
1.645482420921325684e+00
-1.791292130947113037e-01
2.843024134635925293e-01
-5.430904403328895569e-02
-2.481270313262939453e+00
1.594952106475830078e+00
-1.632995307445526123e-01
-7.942450046539306641e-01
7.856736779212951660e-01
1.249924004077911377e-01
-1.390184521675109863e+00
-1.531437784433364868e-01
-1.149092793464660645e+00
4.827018380165100098e-01
6.419405937194824219e-01
5.363810658454895020e-01
-2.971919178962707520e-01
2.451733648777008057e-01
-3.105313777923583984e-01
8.189919590950012207e-01
-3.566168844699859619e-01
3.539016842842102051e-01
-5.516012907028198242e-01
-6.036053180694580078e+00
2.186456918716430664e+00
5.600401759147644043e-02
-2.447919100522994995e-01
-4.588734209537506104e-01
8.416381664574146271e-03
6.779872179031372070e-01
-9.011018276214599609e-02
8.602254867553710938e+00
-2.131603002548217773e+00
-6.013638153672218323e-02
2.058693915605545044e-01
4.261090457439422607e-01
-6.344633698463439941e-01
1.884891986846923828e-01
-2.131682038307189941e-01
-6.339670419692993164e-01
-1.740862131118774414e+00
6.287904828786849976e-02
3.745652362704277039e-02
-1.235295161604881287e-01
-1.178640604019165039e+00
-2.160983979701995850e-01
-8.758479952812194824e-01
3.286707699298858643e-01
6.162486597895622253e-02
-2.642802894115447998e-01
3.171149790287017822e-01
-2.108312249183654785e-01
-1.741761416196823120e-01
-4.030474424362182617e-01
-1.151493266224861145e-01
3.748278915882110596e-01
-7.920887470245361328e-01
-1.006268382072448730e+00
2.076991558074951172e+00
8.975453376770019531e-01
9.482777118682861328e-02
-9.751285542733967304e-04
1.828892709454521537e-04
7.041100412607192993e-03
4.602391272783279419e-03
7.376194000244140625e-03
-2.751734806224703789e-03
-4.169433304923586547e-05
-7.659151218831539154e-03
-4.397350363433361053e-03
9.478323161602020264e-03
-4.617161583155393600e-03
2.407024148851633072e-03
5.967805627733469009e-03
4.533754661679267883e-03
3.448417410254478455e-03
-8.729650638997554779e-03
-4.926757421344518661e-03
4.016770515590906143e-03
-2.236114349216222763e-03
-5.489431321620941162e-03
8.795881643891334534e-03
8.013240993022918701e-03
-1.876316382549703121e-03
-2.028243616223335266e-03
5.641876719892024994e-03
6.473813671618700027e-03
-5.773127195425331593e-04
7.939690724015235901e-03
7.516774814575910568e-03
-6.440618075430393219e-03
1.143093104474246502e-03
3.336050314828753471e-03
-4.755554720759391785e-03
7.830731570720672607e-03
7.580691017210483551e-03
-1.496101263910531998e-03
-5.758658517152070999e-04
-9.079569950699806213e-03
9.401027113199234009e-03
-6.009950768202543259e-03
-2.951406640931963921e-03
-9.636622853577136993e-03
-7.925923913717269897e-03
2.802242990583181381e-03
-7.172120269387960434e-03
6.199426949024200439e-03
-5.285514518618583679e-03
6.246533710509538651e-03
-5.528288427740335464e-03
8.265038952231407166e-03
-8.634149096906185150e-03
3.835907205939292908e-03
5.810106638818979263e-03
-6.756024900823831558e-03
-9.643447585403919220e-03
3.635700559243559837e-03
1.254952978342771530e-03
5.053360015153884888e-03
5.077233538031578064e-03
-5.432400386780500412e-03
-8.742996491491794586e-03
9.463947266340255737e-03
-3.881176235154271126e-03
2.731723943725228310e-03
4.602308385074138641e-03
-3.511070972308516502e-03
1.030996561050415039e+00
1.001191973686218262e+00
-1.668215751647949219e+00
6.789698600769042969e-01
