1.686408281326293945e+00
-7.853654026985168457e-01
6.436192393302917480e-01
4.591294765472412109e+00
1.645553708076477051e+00
3.359109401702880859e+00
1.745956063270568848e+00
1.609889030456542969e+00
2.280557870864868164e+00
2.549819469451904297e+00
2.149501800537109375e+00
3.310458064079284668e-01
2.206525951623916626e-02
1.287209838628768921e-01
9.693679213523864746e-01
1.728802800178527832e+00
5.254281163215637207e-01
-5.442973375320434570e-01
1.217969357967376709e-01
2.310269773006439209e-01
1.439328342676162720e-01
-1.787847578525543213e-01
7.141274213790893555e-02
6.975147128105163574e-01
4.465937912464141846e-01
9.458935260772705078e-01
-8.529202938079833984e-01
-2.860581874847412109e-01
-1.660089790821075439e-01
-1.723645031452178955e-01
-2.476385086774826050e-01
-1.451497226953506470e-01
-1.069726943969726562e-01
-4.813677072525024414e-01
1.356980055570602417e-01
-5.144737660884857178e-02
-2.249538600444793701e-01
-7.021078467369079590e-01
-7.853935360908508301e-01
2.361200153827667236e-01
1.002405261993408203e+01
9.971159934997558594e+00
1.327208137512207031e+01
1.057752227783203125e+01
1.550653457641601562e+01
1.450881671905517578e+01
1.501234722137451172e+01
1.751715469360351562e+01
1.905884933471679688e+01
1.951497268676757812e+01
1.970902442932128906e+01
2.253783988952636719e+01
2.379189491271972656e+01
1.247016310691833496e+00
-6.617916822433471680e-01
8.189210295677185059e-01
-2.791530787944793701e-01
9.416478276252746582e-01
-1.247719883918762207e+00
-9.769651889801025391e-01
2.136919736862182617e+00
-7.777974009513854980e-01
-2.512883663177490234e+00
-3.701371908187866211e+00
-1.652294039726257324e+00
-4.578709006309509277e-01
6.536735296249389648e-01
2.329537868499755859e-01
-4.557861685752868652e-01
-3.221410214900970459e-01
-1.870994329452514648e+00
-2.061681747436523438e+00
-8.585022091865539551e-01
-2.839744091033935547e-01
1.275913357734680176e+00
-2.001473188400268555e+00
4.068065583705902100e-01
-2.473726749420166016e+00
-7.746212482452392578e-01
8.645048364996910095e-03
4.314988851547241211e-02
-9.175775200128555298e-02
2.671356312930583954e-03
4.969906508922576904e-01
-4.839614033699035645e-01
5.246014893054962158e-02
1.517203569412231445e+00
-6.768434643745422363e-01
-7.608618140220642090e-01
-8.374643921852111816e-01
2.551333606243133545e-01
-6.076381206512451172e-01
-4.576294422149658203e-01
1.593132734298706055e+00
-1.552125215530395508e+00
-1.586591362953186035e+00
-8.209053039550781250e+00
1.955139636993408203e-01
-1.707561373710632324e+00
1.093021631240844727e+00
-1.077577710151672363e+00
-1.691106081008911133e+00
-3.658138215541839600e-01
-4.919683337211608887e-01
-8.790588378906250000e-01
-2.675954401493072510e-01
-2.341686487197875977e+00
-3.206737637519836426e-01
2.346949338912963867e+00
-9.770855307579040527e-01
-2.261516332626342773e+00
1.443473935127258301e+00
-6.529701948165893555e-01
-6.208337306976318359e+00
2.025087118148803711e+00
2.992162704467773438e-01
3.538585186004638672e+00
2.226982712745666504e-01
4.202530384063720703e-01
1.072861075401306152e+00
3.275979280471801758e+00
6.271718144416809082e-01
4.284210681915283203e+00
1.410659193992614746e+00
4.811545014381408691e-01
-1.895586490631103516e+00
1.984571933746337891e+00
-2.688754796981811523e-01
-2.453177690505981445e+00
-5.811600480228662491e-03
-9.403631836175918579e-02
-5.440499782562255859e-01
2.604604661464691162e-01
2.076628684997558594e+00
1.343645095825195312e+00
-5.450084805488586426e-02
-7.961016297340393066e-01
2.269100189208984375e+00
3.324017047882080078e+00
-6.265804290771484375e+00
2.587029457092285156e+00
1.764339804649353027e+00
-7.066868543624877930e-01
5.110870361328125000e+00
6.957899779081344604e-02
1.944780349731445312e-02
-1.419332027435302734e-01
-1.074921786785125732e-01
-4.723728001117706299e-01
-5.130307078361511230e-01
7.615117430686950684e-01
2.407555133104324341e-01
2.978621236979961395e-02
1.883708685636520386e-01
1.213524818420410156e+00
-1.279286295175552368e-01
4.209789335727691650e-01
-4.055520892143249512e-01
-4.408065229654312134e-02
-4.440886154770851135e-02
-1.441389322280883789e-01
4.087069630622863770e-02
1.453889846801757812e+00
4.423155263066291809e-02
-8.252161145210266113e-01
5.951820015907287598e-01
1.983868330717086792e-02
-5.980716347694396973e-01
8.164478540420532227e-01
4.178149700164794922e-01
-1.141040176153182983e-01
-5.064176023006439209e-02
4.224753007292747498e-02
1.815850138664245605e-01
-1.116436272859573364e-01
1.934882253408432007e-01
-9.665726125240325928e-02
9.560544043779373169e-02
1.278237700462341309e-01
-1.721956729888916016e-01
1.912425905466079712e-01
-8.830385804176330566e-01
5.438951849937438965e-01
1.531637787818908691e+00
-5.980687588453292847e-02
3.861151337623596191e-01
1.708586066961288452e-01
2.768018245697021484e+00
-2.949706017971038818e-01
1.392086625099182129e+00
2.281329035758972168e-01
3.934850692749023438e-01
-1.359690874814987183e-01
-1.291189938783645630e-01
3.124952614307403564e-01
4.639665186405181885e-01
-6.174867749214172363e-01
-3.912479057908058167e-02
7.313178777694702148e-01
-7.508722692728042603e-02
5.036533474922180176e-01
4.315611124038696289e-01
-7.374192774295806885e-02
-1.467011272907257080e-01
1.183155655860900879e+00
-6.182308197021484375e-01
-5.856840685009956360e-02
5.471064709126949310e-03
4.856162071228027344e-01
-3.279493451118469238e-01
1.058657169342041016e-01
1.254393160343170166e-01
2.083899736404418945e+00
-1.533587813377380371e+00
-3.231578171253204346e-01
1.955963522195816040e-01
2.364257276058197021e-01
1.391037851572036743e-01
-7.300522923469543457e-02
1.270182579755783081e-01
3.651148974895477295e-01
-3.584259748458862305e-01
7.249229401350021362e-02
-5.217899084091186523e-01
-2.855760455131530762e-01
6.793122291564941406e-01
-5.306755378842353821e-02
-4.872973263263702393e-02
-9.654474854469299316e-01
4.502492249011993408e-01
1.314519882202148438e+00
-6.127257347106933594e-01
1.019057109951972961e-01
4.212247729301452637e-01
-2.229787260293960571e-01
-4.831523299217224121e-01
2.647920250892639160e-01
-1.831879466772079468e-01
7.654546946287155151e-02
-6.250818967819213867e-01
6.006625294685363770e-01
1.372339606285095215e+00
-4.522188305854797363e-01
4.166516289114952087e-02
7.557745575904846191e-01
9.556372761726379395e-01
1.780108958482742310e-01
8.432109951972961426e-01
4.423855543136596680e-01
3.245424330234527588e-01
2.128856480121612549e-01
-4.990130662918090820e-02
-1.552097648382186890e-01
1.056842684745788574e+00
5.578402876853942871e-01
-3.997171223163604736e-01
5.325170159339904785e-01
2.364229261875152588e-01
1.739009618759155273e-01
2.067063599824905396e-01
3.307870030403137207e-01
-2.434623539447784424e-01
2.598042786121368408e-01
-1.492478549480438232e-01
-5.520311594009399414e-01
-1.774507611989974976e-01
1.583303809165954590e-01
1.964464411139488220e-02
-8.431564569473266602e-01
5.240291953086853027e-01
-3.834576904773712158e-01
3.780795335769653320e-01
-5.464391708374023438e-01
-9.759457409381866455e-02
1.570408105850219727e+00
-3.382676839828491211e-02
-1.387319117784500122e-01
5.035169720649719238e-01
2.201990365982055664e+00
-6.727207899093627930e-01
5.103417634963989258e-01
4.390726611018180847e-02
2.435228079557418823e-01
-1.875101923942565918e-01
7.179658114910125732e-02
8.706092089414596558e-02
9.869530051946640015e-02
3.112906217575073242e-02
3.022887706756591797e-01
-1.322733640670776367e+00
-7.557682394981384277e-01
-2.123290747404098511e-01
3.923102021217346191e-01
3.323837518692016602e-01
-2.952572405338287354e-01
1.194048166275024414e+00
-1.321947127580642700e-01
1.124556660652160645e+00
1.372910976409912109e+00
5.451712384819984436e-02
-4.976309835910797119e-01
1.243195831775665283e-01
2.149076312780380249e-01
-2.569617927074432373e-01
9.215254187583923340e-01
-7.160370051860809326e-02
-3.865951299667358398e-01
5.899571180343627930e-01
-4.161908328533172607e-01
1.341311186552047729e-01
8.642697930335998535e-01
3.572231829166412354e-01
-5.967690795660018921e-02
-3.112979047000408173e-02
3.356536626815795898e-01
-8.050922751426696777e-01
-2.035148739814758301e-01
9.427457302808761597e-02
4.299392700195312500e-01
4.978401958942413330e-01
-9.749599695205688477e-01
9.875651001930236816e-01
-2.050681412220001221e-01
-7.136967182159423828e-01
2.601281553506851196e-02
-1.377815842628479004e+00
-8.483070880174636841e-03
-9.659906849265098572e-03
-5.123923998326063156e-03
4.767560400068759918e-03
-3.060846356675028801e-04
-7.479902356863021851e-03
-1.023353077471256256e-03
9.371640160679817200e-03
-7.416973821818828583e-03
4.867715295404195786e-03
-4.869698546826839447e-03
-7.247196510434150696e-03
5.265608895570039749e-03
7.594283670186996460e-03
3.622093005105853081e-03
-1.811123685911297798e-03
5.620317533612251282e-03
-9.702167473733425140e-03
-5.975441075861454010e-03
-9.714177809655666351e-03
-1.546571264043450356e-03
-4.097613506019115448e-03
-6.249371916055679321e-03
7.906591519713401794e-03
-8.137957775034010410e-04
1.922328025102615356e-03
1.857676776126027107e-03
8.384315879084169865e-04
8.175396360456943512e-03
6.399004720151424408e-03
-5.389283876866102219e-03
8.925902657210826874e-04
6.317231804132461548e-03
7.485528942197561264e-03
6.323021836578845978e-03
-7.771292235702276230e-03
9.366898797452449799e-03
-5.346000194549560547e-03
-6.895729806274175644e-03
-4.897482693195343018e-03
-2.291968325152993202e-03
-9.394476655870676041e-04
6.564310286194086075e-03
5.334344226866960526e-03
4.269564058631658554e-03
-5.706536117941141129e-03
3.542721504345536232e-03
3.955267369747161865e-03
9.571549482643604279e-03
-5.881843389943242073e-04
3.035057336091995239e-03
-6.610886659473180771e-03
7.278263568878173828e-03
4.235773812979459763e-03
7.880304008722305298e-03
7.296765688806772232e-03
-7.710054982453584671e-03
7.124281837604939938e-04
-1.832979032769799232e-03
1.650202670134603977e-03
-4.044794011861085892e-03
-3.954455256462097168e-03
5.773326847702264786e-04
-8.077470585703849792e-03
-3.099975176155567169e-03
-7.677913643419742584e-03
-1.235254690982401371e-03
6.651483010500669479e-03
-1.120184315368533134e-03
3.665326861664652824e-03
-9.213095530867576599e-03
-6.344905123114585876e-03
-6.063140463083982468e-03
6.915950216352939606e-03
9.495050646364688873e-03
2.462537850078660995e-05
-7.896329276263713837e-03
1.768689719028770924e-03
1.401741174049675465e-03
8.746067062020301819e-03
-6.855099461972713470e-03
5.277507472783327103e-03
2.694081980735063553e-03
3.984873474109917879e-04
9.940561838448047638e-03
1.872902037575840950e-03
-8.540676906704902649e-03
6.021766923367977142e-03
-3.798664314672350883e-03
-8.183644153177738190e-03
-9.187047253362834454e-04
1.177856087684631348e+00
1.013626933097839355e+00
-1.816839456558227539e+00
6.838298439979553223e-01
