2.186587572097778320e+00
-8.797579407691955566e-01
-1.684274792671203613e+00
5.011764049530029297e+00
3.708767652511596680e+00
1.584772109985351562e+00
2.017881870269775391e+00
3.538428306579589844e+00
-6.125361919403076172e-01
6.396023035049438477e-01
2.189601182937622070e+00
-4.737929999828338623e-01
7.004127837717533112e-03
6.080722212791442871e-01
2.546741068363189697e-01
-1.800022460520267487e-02
-1.784843951463699341e-01
-1.577609926462173462e-01
-5.025476217269897461e-01
-4.365017712116241455e-01
1.149443387985229492e-01
-1.507594734430313110e-01
-1.293816566467285156e-01
-3.407024443149566650e-01
-1.463695913553237915e-01
-7.239080965518951416e-02
6.615787744522094727e-01
6.973645091056823730e-01
9.831393241882324219e+00
9.768187522888183594e+00
1.329045486450195312e+01
1.533451080322265625e+01
1.523168754577636719e+01
1.739332962036132812e+01
1.918154716491699219e+01
2.141111373901367188e+01
2.298403739929199219e+01
-5.292021632194519043e-01
2.278684079647064209e-01
-4.733049273490905762e-01
5.541900396347045898e-01
1.307412743568420410e+00
-3.886996209621429443e-02
-3.602528199553489685e-02
1.379256606101989746e+00
1.260446310043334961e+00
4.806938767433166504e-01
-5.913375616073608398e-01
-5.634379982948303223e-01
-4.226199388504028320e-01
-5.980649217963218689e-02
3.872516378760337830e-02
2.340405434370040894e-01
-1.691701292991638184e+00
-8.054459691047668457e-01
-1.635629869997501373e-02
1.987346112728118896e-01
-2.393601983785629272e-01
-2.681117877364158630e-02
6.368706226348876953e-01
1.522915482521057129e+00
-7.615845650434494019e-02
-2.371891736984252930e+00
1.241459131240844727e+00
-5.571120977401733398e-01
-2.074496030807495117e+00
-7.556170225143432617e-01
8.958318710327148438e+00
-6.363982200622558594e+00
3.054632186889648438e+00
2.504703760147094727e+00
1.142518329620361328e+01
2.435296058654785156e+00
-1.406284570693969727e+00
-1.959034562110900879e+00
-9.499840736389160156e+00
4.509207904338836670e-01
6.260934472084045410e-01
4.546082973480224609e+00
8.895748853683471680e-01
2.830226182937622070e+00
1.534284591674804688e+01
1.052193403244018555e+00
-4.354368448257446289e-01
-1.598821282386779785e-01
-3.099480569362640381e-01
-4.516496956348419189e-01
7.427258491516113281e-01
-5.169943571090698242e-01
8.843578100204467773e-01
4.548648595809936523e-01
-2.948590517044067383e-01
1.592555269598960876e-02
-6.290536373853683472e-02
-1.526329368352890015e-01
3.220503032207489014e-01
5.889179706573486328e-01
8.389004319906234741e-02
7.120471596717834473e-01
6.134712100028991699e-01
-7.503970712423324585e-02
3.663237765431404114e-02
2.685281932353973389e-01
-6.152915582060813904e-02
-6.670303940773010254e-01
2.521388828754425049e-01
4.034267365932464600e-02
7.566761374473571777e-01
-3.731507956981658936e-01
7.118816673755645752e-02
4.335871338844299316e-01
3.881215155124664307e-01
-2.973271369934082031e+00
2.530163526535034180e+00
-1.288633942604064941e+00
-9.373715519905090332e-01
-3.001139640808105469e+00
3.539630174636840820e-01
8.939666152000427246e-01
4.589550793170928955e-01
1.436822772026062012e+00
-1.285839825868606567e-01
2.195011638104915619e-02
-1.529325366020202637e+00
7.117639295756816864e-03
-2.017652034759521484e+00
-9.669082760810852051e-01
-4.396541714668273926e-01
3.783878684043884277e-02
7.233976721763610840e-01
-1.665866971015930176e-01
-2.372760921716690063e-01
-1.109913229942321777e+00
1.047941565513610840e+00
2.393186464905738831e-02
-1.237652778625488281e+00
-4.457468390464782715e-01
1.571089923381805420e-01
-4.023858904838562012e-01
1.585567295551300049e-01
2.755369544029235840e-01
-6.548818945884704590e-01
2.416949719190597534e-01
7.314898967742919922e-01
1.072998121380805969e-01
-1.513816267251968384e-01
-1.207894906401634216e-01
-2.121028676629066467e-02
2.613162994384765625e-01
-4.257814884185791016e-01
-3.758442103862762451e-01
3.268232345581054688e-01
5.811176300048828125e-01
1.252991855144500732e-01
3.289136588573455811e-01
8.470077514648437500e-01
1.519040465354919434e-01
-1.147649765014648438e+00
-1.007310152053833008e-01
-6.214143708348274231e-02
-7.748759984970092773e-01
-2.357132673263549805e+00
-1.261341214179992676e+00
5.053291469812393188e-02
1.105569958686828613e+00
1.369623184204101562e+00
2.876862883567810059e-01
-6.626189351081848145e-01
-5.635544061660766602e-01
-6.334297060966491699e-01
1.263357251882553101e-01
-2.854429960250854492e+00
6.039429572410881519e-04
9.393127635121345520e-03
-4.784442484378814697e-03
4.462974146008491516e-03
-8.743195794522762299e-03
6.753719877451658249e-03
5.775371566414833069e-03
-5.941847484791651368e-05
7.494415156543254852e-03
-9.074220433831214905e-03
-5.246854852885007858e-03
7.824967615306377411e-03
1.007932936772704124e-03
-4.786287900060415268e-04
3.480044193565845490e-03
-6.923539098352193832e-03
1.344655989669263363e-03
-5.260466714389622211e-04
-4.791066981852054596e-03
-9.706757031381130219e-03
-3.915714100003242493e-03
9.781153872609138489e-03
-8.415438234806060791e-03
-3.590354695916175842e-03
4.768496844917535782e-03
-6.376474630087614059e-04
-7.733774371445178986e-03
-5.533856805413961411e-03
7.799235638231039047e-03
-8.070407435297966003e-03
-8.952138014137744904e-03
-4.303317051380872726e-03
-1.500848215073347092e-03
7.837362587451934814e-03
9.319474920630455017e-03
8.806094527244567871e-03
-2.942007849924266338e-04
3.670149249956011772e-03
6.486147642135620117e-03
8.406380191445350647e-03
-4.513624589890241623e-03
6.682148203253746033e-03
1.727539696730673313e-03
-7.088607177138328552e-03
4.703006707131862640e-03
9.871991872787475586e-01
9.026623368263244629e-01
-2.032120227813720703e+00
6.654341220855712891e-01
