7.125946998596191406e+00
1.265502452850341797e+01
1.129836750030517578e+01
1.544764995574951172e+01
1.622548103332519531e+01
1.176502799987792969e+01
1.549030208587646484e+01
9.068269729614257812e+00
1.672655868530273438e+01
7.651905536651611328e+00
1.882598686218261719e+01
1.685532569885253906e+01
-5.208481311798095703e+00
-2.866258621215820312e+00
-3.116195917129516602e+00
-1.511986494064331055e+00
3.886180162429809570e+00
-2.369657009840011597e-01
6.499457359313964844e-01
-5.400106906890869141e+00
-4.766035556793212891e+00
-1.171205615997314453e+01
-1.067604923248291016e+01
4.481042385101318359e+00
-3.402536213397979736e-01
1.445603275299072266e+01
-9.735002517700195312e+00
2.909939289093017578e+00
-1.015333271026611328e+01
-1.828802466392517090e+00
1.313910102844238281e+01
-4.600606918334960938e+00
-1.282862663269042969e+01
3.036759614944458008e+00
1.818281412124633789e+00
-1.325806140899658203e+00
-3.461521387100219727e+00
-7.059105396270751953e+00
-8.284959793090820312e-01
-1.345992982387542725e-01
2.239568233489990234e+00
-1.897245526313781738e+00
1.495685386657714844e+01
-9.080785751342773438e+00
6.731094360351562500e+00
4.301229000091552734e+00
-2.759857416152954102e+00
-6.074686527252197266e+00
-8.576526641845703125e-01
-3.907290220260620117e+00
-3.211398363113403320e+00
9.376425743103027344e-01
8.956489562988281250e+00
1.148770713806152344e+01
8.712414503097534180e-01
7.201103687286376953e+00
1.207273960113525391e+00
8.756834983825683594e+00
5.045345306396484375e+00
-9.025593757629394531e+00
6.138677120208740234e+00
7.813689231872558594e+00
6.870481014251708984e+00
-6.980333328247070312e-01
-1.126408958435058594e+01
1.238873481750488281e+01
1.631173133850097656e+00
-4.246155261993408203e+00
-4.253468811511993408e-01
2.006352186203002930e+00
1.666522026062011719e-01
8.366219401359558105e-01
2.445834159851074219e+00
3.838472962379455566e-01
-5.544767975807189941e-01
3.929720878601074219e+00
7.391819000244140625e+00
1.152022457122802734e+01
3.932851314544677734e+00
2.719285726547241211e+00
-5.156425476074218750e+00
3.989799737930297852e+00
8.807597160339355469e+00
6.826086521148681641e+00
4.351558208465576172e+00
-1.724339246749877930e+00
2.983550786972045898e+00
-1.292221784591674805e+00
-4.716031074523925781e+00
4.942673206329345703e+00
3.225742578506469727e+00
-5.169360637664794922e-01
-1.636490345001220703e+00
-2.961840152740478516e+00
4.878352642059326172e+00
-3.412733078002929688e+00
-9.115675091743469238e-01
9.439988732337951660e-01
2.765645742416381836e+00
-1.503864884376525879e+00
-3.441145896911621094e+00
4.111691951751708984e+00
-2.463413238525390625e+00
-6.817287206649780273e-01
2.210137844085693359e+00
1.864301085472106934e+00
-3.869883537292480469e+00
5.443817377090454102e-01
4.383103370666503906e+00
-1.927597284317016602e+00
4.421804904937744141e+00
2.577201128005981445e+00
4.463954269886016846e-01
4.353763580322265625e+00
-3.294950246810913086e+00
2.497650623321533203e+00
4.062854766845703125e+00
1.917525053024291992e+00
-3.189809799194335938e+00
1.610120534896850586e+00
3.801287651062011719e+00
-1.404751986265182495e-01
9.426708817481994629e-01
-3.042761325836181641e+00
-2.566891670227050781e+00
5.305629730224609375e+00
1.167178988456726074e+00
-9.791275858879089355e-02
5.444123744964599609e+00
1.867154121398925781e+00
4.322563171386718750e+00
-1.666471660137176514e-01
-4.316441059112548828e+00
1.983780741691589355e+00
1.503540992736816406e+00
3.196745157241821289e+00
-1.264122486114501953e+00
2.116570472717285156e+00
5.182328820228576660e-01
-5.036812782287597656e+00
-3.956860303878784180e-01
9.162474274635314941e-01
3.645861148834228516e+00
6.012405395507812500e+00
-1.379130959510803223e+00
3.529527485370635986e-01
-3.357862234115600586e+00
-9.789137840270996094e-01
-1.171036243438720703e+00
8.769700527191162109e-01
8.974868804216384888e-02
-2.010657787322998047e+00
2.786346912384033203e+00
-2.309055328369140625e+00
-2.358343839645385742e+00
1.441462755203247070e+00
2.607758283615112305e+00
-2.558908224105834961e+00
8.580250144004821777e-01
-1.254757642745971680e+00
2.332806438207626343e-01
1.808394789695739746e+00
-9.703289866447448730e-01
2.704624414443969727e+00
-1.561597466468811035e+00
-2.398603916168212891e+00
5.896514654159545898e-01
1.244678422808647156e-01
6.266637705266475677e-03
2.883155822753906250e+00
1.608949542045593262e+00
-2.822791412472724915e-02
4.817842006683349609e+00
-3.797187805175781250e+00
7.328370809555053711e-01
-1.285732030868530273e+00
2.807666778564453125e+00
-8.239806294441223145e-01
-8.819110393524169922e-01
2.772690057754516602e+00
-3.108344078063964844e+00
-2.508776664733886719e+00
-1.359517693519592285e+00
-3.467429876327514648e-01
-3.172118186950683594e+00
-6.771417856216430664e-01
4.536159038543701172e+00
-1.880853414535522461e+00
1.852983355522155762e+00
4.628684997558593750e+00
1.354794144630432129e+00
2.630494356155395508e+00
-6.605905055999755859e+00
-1.755065679550170898e+00
5.491073608398437500e+00
-1.367076396942138672e+00
-4.200678318738937378e-02
-1.698415279388427734e+00
-6.247212886810302734e-01
2.481313943862915039e+00
6.137248277664184570e-01
-4.437382221221923828e+00
-3.501428365707397461e+00
5.429212093353271484e+00
-5.898242592811584473e-01
3.388273715972900391e+00
3.185930252075195312e+00
1.854588866233825684e+00
3.521537065505981445e+00
-3.265099227428436279e-01
-3.317861557006835938e+00
1.717407941818237305e+00
-2.023685216903686523e+00
3.064042806625366211e+00
-2.236266136169433594e-01
3.090246915817260742e+00
-5.489680171012878418e-01
-4.291742801666259766e+00
-3.813985288143157959e-01
-1.322811245918273926e+00
2.481811285018920898e+00
4.861466407775878906e+00
3.587976098060607910e-01
8.163374662399291992e-01
-1.572235584259033203e+00
-1.121413826942443848e+00
1.957207769155502319e-01
3.257928192615509033e-01
9.105409979820251465e-01
6.987490057945251465e-01
-2.353892326354980469e+00
-2.163418292999267578e+00
-9.961090087890625000e-01
6.651391386985778809e-01
4.424990177154541016e+00
-2.638152122497558594e+00
-7.613993287086486816e-01
-1.176221728324890137e+00
-2.438373327255249023e+00
3.200913429260253906e+00
-6.364685297012329102e-01
5.522462725639343262e-01
-1.122259616851806641e+00
-2.277615785598754883e+00
7.989288568496704102e-01
1.868697404861450195e+00
-1.071543931961059570e+00
