1.689933896064758301e+00
-7.317555546760559082e-01
7.521581649780273438e-01
4.484711647033691406e+00
1.878854155540466309e+00
3.086605548858642578e+00
2.216399908065795898e+00
1.738571882247924805e+00
2.234097242355346680e+00
2.382268428802490234e+00
2.490884780883789062e+00
-2.912685871124267578e-01
-1.685426533222198486e-01
1.184031516313552856e-01
4.266777038574218750e-01
1.642880201339721680e+00
1.743347048759460449e-01
-1.965917944908142090e-01
3.717711195349693298e-02
1.873447597026824951e-01
6.457357201725244522e-03
3.865283727645874023e-02
5.751902237534523010e-02
1.340011786669492722e-02
8.681669831275939941e-01
1.061311602592468262e+00
3.591855242848396301e-02
1.511025577783584595e-01
-7.868844866752624512e-01
-3.373693674802780151e-02
-1.058206409215927124e-01
-8.024611324071884155e-02
-1.251639574766159058e-01
-7.821000367403030396e-02
-1.747218705713748932e-02
9.167560189962387085e-02
-4.975990578532218933e-02
8.621255308389663696e-02
-5.548451542854309082e-01
-9.445154070854187012e-01
1.002741146087646484e+01
9.950984001159667969e+00
1.322240543365478516e+01
1.341085910797119141e+01
1.561004066467285156e+01
1.504803752899169922e+01
1.488265037536621094e+01
1.754609298706054688e+01
1.917755508422851562e+01
1.934552383422851562e+01
1.936330223083496094e+01
1.964314079284667969e+01
2.120729827880859375e+01
-7.241310477256774902e-01
-6.545030474662780762e-01
-8.517314195632934570e-01
8.165708929300308228e-02
-7.309477776288986206e-02
5.407246574759483337e-02
-8.334717750549316406e-01
6.427497416734695435e-02
3.593912720680236816e-01
6.084657907485961914e-01
4.706817150115966797e+00
-1.574040889739990234e+00
-4.730981588363647461e-02
1.001756310462951660e+00
-7.193276882171630859e-01
8.893546462059020996e-01
-6.557101011276245117e-01
5.577014684677124023e-01
-7.168308496475219727e-01
-5.353900194168090820e-01
8.978921771049499512e-01
-3.360670208930969238e-01
-6.082415580749511719e-01
2.847995996475219727e+00
-1.473194479942321777e+00
-4.069201946258544922e-01
-3.588009476661682129e-01
-2.773527801036834717e-01
-5.620636790990829468e-02
-3.354518711566925049e-01
7.512545585632324219e-02
-2.154580056667327881e-01
-1.195176392793655396e-01
7.652700424194335938e+00
-8.877237319946289062e+00
3.976989746093750000e+00
-4.730242192745208740e-01
6.266085803508758545e-02
4.418410360813140869e-01
7.377654910087585449e-01
5.157931447029113770e-01
-3.853190541267395020e-01
4.113651514053344727e-01
-1.160470390319824219e+01
1.148657035827636719e+01
-6.882808208465576172e+00
8.048436045646667480e-01
-9.114018082618713379e-01
-4.869898259639739990e-01
-1.017059564590454102e+00
-2.286232262849807739e-01
4.084907770156860352e-01
9.917884469032287598e-01
6.270691156387329102e-01
6.444061994552612305e-01
6.374818682670593262e-01
-7.769168615341186523e-01
-2.232182025909423828e-01
-4.834628403186798096e-01
1.901385635137557983e-01
9.340861439704895020e-01
-1.337044835090637207e+00
5.274009108543395996e-01
-1.212843731045722961e-01
-5.190418362617492676e-01
7.354592084884643555e-01
4.994538798928260803e-02
1.145894885063171387e+00
-3.308464288711547852e+00
1.326279401779174805e+00
1.295727133750915527e+00
3.772908449172973633e-01
-1.901692509651184082e+00
-1.006666719913482666e-01
2.255697697401046753e-01
-8.337955474853515625e-01
-1.931072771549224854e-01
-1.230513006448745728e-01
-4.927377700805664062e-01
2.145790606737136841e-01
1.124437212944030762e+00
1.237327933311462402e+00
4.153172671794891357e-01
-6.720376610755920410e-01
6.702533364295959473e-01
4.697767794132232666e-01
-6.651812195777893066e-01
1.069198250770568848e+00
3.423567056655883789e+00
-1.694517254829406738e+00
3.196162700653076172e+00
6.488854885101318359e-01
-4.459970444440841675e-02
-1.068098098039627075e-01
6.696893572807312012e-01
-4.657676443457603455e-02
3.135842680931091309e-01
3.570408821105957031e-01
-3.714220970869064331e-02
-9.811192750930786133e-02
-9.777912497520446777e-02
-1.050477504730224609e+00
-1.981146693229675293e+00
-1.554082989692687988e+00
-2.561745420098304749e-02
-2.245267666876316071e-02
-1.128333434462547302e-01
1.012646779417991638e-01
3.021709918975830078e-01
2.857213914394378662e-01
1.805953085422515869e-01
-4.451578259468078613e-01
-4.254954755306243896e-01
1.073977470397949219e+00
-5.272272825241088867e-01
3.893675804138183594e-01
1.605451107025146484e-01
3.494358658790588379e-01
5.035400856286287308e-03
3.353247418999671936e-02
-3.274343907833099365e-02
4.213370848447084427e-03
2.681137435138225555e-02
3.568109357729554176e-03
-5.203771114349365234e+00
-2.717650413513183594e+00
-2.571919202804565430e+00
-1.610939018428325653e-02
-2.226060256361961365e-02
4.391251597553491592e-03
-9.816756844520568848e-02
1.338072419166564941e-01
5.786176025867462158e-02
-5.183581635355949402e-02
6.759123802185058594e+00
3.474107503890991211e+00
4.150504112243652344e+00
1.916818469762802124e-01
1.950392723083496094e-01
-8.570478111505508423e-02
2.603078484535217285e-01
-1.396497786045074463e-01
-6.247074529528617859e-02
-9.933755397796630859e-01
-9.538624286651611328e-01
3.371008634567260742e-01
2.476017922163009644e-01
6.351270526647567749e-02
4.780169203877449036e-02
-8.365853875875473022e-02
1.462875306606292725e-01
-2.314607352018356323e-01
4.873404502868652344e-01
4.223150908946990967e-01
4.112544357776641846e-01
2.979033254086971283e-02
6.555321067571640015e-02
4.397306218743324280e-02
-2.063255310058593750e+00
-1.095809221267700195e+00
-3.229408860206604004e-01
2.341785877943038940e-01
1.893723756074905396e-01
4.136043787002563477e-01
-2.802441120147705078e-01
-7.432736754417419434e-01
3.712362945079803467e-01
3.200864791870117188e-01
-6.565702147781848907e-03
3.336676061153411865e-01
3.461746275424957275e-01
-3.152101337909698486e-01
7.618008647114038467e-03
-3.535105586051940918e-01
-1.826134622097015381e-01
-6.391353011131286621e-01
5.263305902481079102e-01
7.009525299072265625e-01
-3.596633672714233398e-01
1.447395324707031250e+00
-4.039333760738372803e-02
-2.767127156257629395e-01
-5.662192106246948242e-01
2.469111680984497070e-01
-1.963232457637786865e-01
5.548731423914432526e-03
-8.011154830455780029e-02
5.413563251495361328e-01
6.748853325843811035e-01
-5.935177206993103027e-02
-4.349209964275360107e-01
-1.473735272884368896e-01
-1.454938411712646484e+00
-6.215826869010925293e-01
-8.136532902717590332e-01
-3.461184203624725342e-01
1.463064253330230713e-01
2.651062905788421631e-01
1.157796476036310196e-02
-2.090388983488082886e-01
-1.921328455209732056e-01
5.599166750907897949e-01
1.577683091163635254e-01
-6.977061182260513306e-02
7.559033632278442383e-01
9.008027911186218262e-01
-1.868964433670043945e-01
6.133126094937324524e-02
3.013935685157775879e-01
6.060771271586418152e-02
-9.279084391891956329e-03
-3.020323626697063446e-02
-8.742858469486236572e-02
1.935809254646301270e-01
4.137407615780830383e-02
-2.872368097305297852e+00
-2.121221065521240234e+00
-1.699085950851440430e+00
-1.842427551746368408e-01
-1.151584908366203308e-01
-1.037882193922996521e-01
-3.555391356348991394e-02
2.901346236467361450e-02
1.327686607837677002e-01
-7.279881089925765991e-02
4.984691143035888672e+00
3.934784173965454102e+00
3.352923631668090820e+00
-4.637986794114112854e-02
1.701751351356506348e-01
1.762738227844238281e-01
1.751182377338409424e-01
-5.888039246201515198e-02
-2.151984535157680511e-02
-2.417829185724258423e-01
-6.230130046606063843e-02
-6.410464048385620117e-01
1.311618238687515259e-01
8.256956189870834351e-02
9.712536633014678955e-02
-7.941183866932988167e-04
2.171425074338912964e-01
1.885108798742294312e-01
8.366463780403137207e-01
-3.613111674785614014e-01
3.165406584739685059e-01
2.382946200668811798e-02
-9.256919473409652710e-02
-1.299917995929718018e-01
-9.714567661285400391e-01
-5.111197233200073242e-01
-1.027525424957275391e+00
-5.852951407432556152e-01
6.875731796026229858e-02
2.580966353416442871e-01
3.562769889831542969e-01
1.604471206665039062e-01
4.505028724670410156e-01
-2.258103787899017334e-01
1.760879158973693848e-01
2.993825376033782959e-01
6.700497865676879883e-01
-1.244991123676300049e-01
-9.445905685424804688e-02
-2.378695607185363770e-01
-6.736821681261062622e-02
4.249645024538040161e-02
2.053525894880294800e-01
4.687369763851165771e-01
-5.453829169273376465e-01
4.685230851173400879e-01
-6.743554770946502686e-02
-1.030703067779541016e+00
5.058354232460260391e-03
-2.717188792303204536e-03
-1.225671730935573578e-03
9.396210312843322754e-03
-7.728048367425799370e-04
5.772334523499011993e-03
8.050036616623401642e-03
-1.409006654284894466e-03
7.121491245925426483e-03
9.180934168398380280e-03
-5.674981977790594101e-03
-3.687941934913396835e-03
-8.350816788151860237e-04
8.019447326660156250e-03
-2.112250804202631116e-04
-6.533188570756465197e-05
-6.852488499134778976e-03
4.596166312694549561e-03
4.625427071005105972e-03
-3.868259489536285400e-03
-9.387895464897155762e-03
5.569630302488803864e-03
8.271836675703525543e-03
-4.305175971239805222e-03
8.165079168975353241e-03
-3.377587534487247467e-03
-5.235152784734964371e-04
-1.820805598981678486e-03
-1.105388510040938854e-03
-4.968871828168630600e-03
7.481641136109828949e-03
-9.915919043123722076e-03
-2.485236618667840958e-03
-5.478566046804189682e-03
1.748476410284638405e-03
-9.839579463005065918e-03
3.404466202482581139e-03
-4.049169830977916718e-03
4.832412116229534149e-03
1.846152939833700657e-03
-6.622802931815385818e-03
-2.938821911811828613e-03
-5.235322751104831696e-03
-8.971526287496089935e-03
7.657161448150873184e-03
3.991958219558000565e-03
2.818135544657707214e-03
-4.415681120008230209e-03
8.073058910667896271e-03
8.001178503036499023e-03
-7.471491117030382156e-03
-1.010428881272673607e-03
2.750642364844679832e-03
-9.811420924961566925e-03
5.917902570217847824e-03
5.970161873847246170e-03
9.976830333471298218e-04
-9.675065055489540100e-03
-5.044717341661453247e-03
8.538072928786277771e-03
1.117125968448817730e-03
3.731061238795518875e-03
-5.855003371834754944e-03
6.388496141880750656e-03
1.356476335786283016e-03
-9.750304743647575378e-03
7.571903988718986511e-03
9.189015254378318787e-03
-9.755142964422702789e-03
-6.697078701108694077e-03
-3.312447341158986092e-03
-6.486643105745315552e-03
2.406954066827893257e-03
2.986433217301964760e-03
-8.589391596615314484e-03
-9.759391658008098602e-03
-1.955243060365319252e-03
-9.665211662650108337e-03
8.703758008778095245e-03
-2.844790462404489517e-03
-3.165390575304627419e-03
-7.560477126389741898e-03
-9.211855009198188782e-03
8.119376376271247864e-03
-4.417318385094404221e-03
-8.546366356313228607e-03
8.275201544165611267e-03
-4.775640554726123810e-03
-3.695232095196843147e-03
8.043506182730197906e-03
4.456426016986370087e-03
9.984057545661926270e-01
1.178149580955505371e+00
-2.067939519882202148e+00
7.885823845863342285e-01
