1.633053064346313477e+00
-2.845421433448791504e-01
5.294455215334892273e-02
6.993559002876281738e-01
1.744580268859863281e+00
4.416905403137207031e+00
1.066430062055587769e-01
1.662524580955505371e+00
2.955755233764648438e+00
2.503857851028442383e+00
2.190011024475097656e+00
2.302897691726684570e+00
7.020109295845031738e-01
2.459180831909179688e+00
-5.196137428283691406e-01
-1.268941611051559448e-01
5.135112404823303223e-01
-1.080265343189239502e-01
-1.172910571098327637e+00
-1.000652790069580078e+00
-7.750538736581802368e-02
1.124726161360740662e-01
-1.005217313766479492e+00
4.772645831108093262e-01
2.933924272656440735e-02
-1.283268332481384277e-01
1.413818448781967163e-01
1.045174241065979004e+00
5.184034705162048340e-01
-7.136372923851013184e-01
-1.789856851100921631e-01
4.274268150329589844e-01
6.278504133224487305e-01
-1.932090148329734802e-02
-1.935820840299129486e-02
7.486616373062133789e-01
-3.194851055741310120e-02
-1.245922595262527466e-01
4.953402876853942871e-01
2.977958135306835175e-02
-2.223112136125564575e-01
-7.980141788721084595e-02
-2.125542759895324707e-01
-6.796128302812576294e-02
-1.289589852094650269e-01
-5.131211504340171814e-02
-4.695349037647247314e-01
9.346370100975036621e-01
-1.439718902111053467e-01
7.204085826873779297e+00
6.622095584869384766e+00
8.154253005981445312e+00
1.032640266418457031e+01
1.323478126525878906e+01
1.240831089019775391e+01
1.415100574493408203e+01
1.559635448455810547e+01
1.498612403869628906e+01
1.733898353576660156e+01
1.876746940612792969e+01
2.065690803527832031e+01
1.950874710083007812e+01
2.517717742919921875e+01
2.773033714294433594e+01
2.836077308654785156e+01
4.356839656829833984e+00
-5.381519794464111328e-01
-9.156229346990585327e-02
7.391747236251831055e-01
-5.183758139610290527e-01
-1.682093143463134766e+00
8.478185534477233887e-01
1.194749236106872559e+00
-1.891718029975891113e+00
-3.543610870838165283e-01
4.716274261474609375e+00
1.631832838058471680e+00
-3.282020568847656250e+00
5.138692378997802734e+00
5.711398124694824219e+00
-4.466684341430664062e+00
-1.260877037048339844e+01
7.127411365509033203e-01
2.626574993133544922e+00
-1.950437307357788086e+00
-7.344843387603759766e+00
1.047018170356750488e+00
-4.933234691619873047e+00
4.613850593566894531e+00
4.363349914550781250e+00
-1.587473750114440918e+00
2.775208711624145508e+00
-3.658593416213989258e+00
-8.245879173278808594e+00
1.975106120109558105e+00
2.306316614151000977e+00
-3.487940877676010132e-02
-1.018713951110839844e+00
-1.677157729864120483e-01
1.347400307655334473e+00
-1.654331982135772705e-01
-1.938438266515731812e-01
-1.036780923604965210e-01
3.915410339832305908e-01
-9.598678946495056152e-01
-7.692930847406387329e-02
2.664991021156311035e-01
1.418399661779403687e-01
2.873805522918701172e+00
-1.923666715621948242e+00
8.353396654129028320e-01
-5.904335379600524902e-01
4.832994341850280762e-01
5.661950111389160156e-01
7.725532054901123047e-01
-4.083025455474853516e-01
-1.335636854171752930e+00
2.795755624771118164e+00
-2.253708124160766602e+00
-6.116337776184082031e-01
4.955647468566894531e+00
4.346677303314208984e+00
-5.399257659912109375e+00
-4.011532366275787354e-01
-1.025749206542968750e+00
-1.095688462257385254e+00
-3.968254029750823975e-01
3.987059295177459717e-01
8.889487385749816895e-01
-1.250159502029418945e+00
-6.275038123130798340e-01
2.654198706150054932e-01
-4.017658233642578125e+00
-1.691254138946533203e+00
-1.069116219878196716e-01
-1.347708821296691895e+00
2.956009864807128906e+00
-9.413611888885498047e-01
-2.717669121921062469e-02
-1.650403857231140137e+00
7.996165752410888672e+00
2.580156564712524414e+00
-9.222494125366210938e+00
5.779416561126708984e+00
4.793152809143066406e+00
7.354336380958557129e-01
2.758518457412719727e+00
2.583512067794799805e-01
-1.046182513236999512e+00
-4.152719080448150635e-01
-1.124188899993896484e-01
-1.174683049321174622e-01
3.121110200881958008e-01
2.546388626098632812e+00
1.955228090286254883e+00
-2.006118059158325195e+00
-1.062965989112854004e+00
5.734217166900634766e-01
3.473260998725891113e-01
-1.079390645027160645e+00
1.831489682197570801e+00
-3.098037838935852051e-01
-1.337344050407409668e+00
1.682369828224182129e+00
-3.322883248329162598e-01
-1.341739654541015625e+00
-6.997359991073608398e-01
3.779062926769256592e-01
3.670807182788848877e-01
-9.082521796226501465e-01
1.115718483924865723e+00
-1.864067465066909790e-01
1.507592499256134033e-01
-1.977394342422485352e+00
4.050185203552246094e+00
-3.184527397155761719e+00
-2.325739145278930664e+00
2.640461921691894531e+00
-1.787588477134704590e+00
-2.692266404628753662e-01
-7.636111259460449219e+00
7.053801417350769043e-01
6.150244235992431641e+00
6.431372165679931641e-01
-2.323655605316162109e+00
-4.170310199260711670e-01
7.086238265037536621e-01
1.600071907043457031e+00
2.448275566101074219e+00
5.720628738403320312e+00
-1.726994395256042480e+00
-5.679499149322509766e+00
-1.359470844268798828e+00
1.551797389984130859e+00
-2.364305019378662109e+00
3.752165794372558594e+00
7.575199604034423828e-01
-1.185916543006896973e+00
-3.830926179885864258e+00
1.762311220169067383e+00
4.461480975151062012e-01
-2.477726936340332031e+00
-1.823804378509521484e+00
3.074313886463642120e-02
-2.604055106639862061e-01
1.774402111768722534e-01
-4.943640708923339844e+00
-8.527148962020874023e-01
-1.015103578567504883e+00
1.738193750381469727e+00
1.329448580741882324e+00
-1.535881042480468750e+00
1.417049646377563477e+00
1.778116583824157715e+00
-1.501012325286865234e+00
-6.618408560752868652e-01
-1.801174640655517578e+00
4.440736770629882812e+00
8.765893429517745972e-02
-1.127611994743347168e+00
2.842184901237487793e-01
2.455419301986694336e+00
-5.700349807739257812e-01
1.770940303802490234e+00
-1.913100242614746094e+00
9.275665879249572754e-02
-2.283379077911376953e+00
-2.170923709869384766e+00
3.850064516067504883e+00
-1.936537325382232666e-01
-5.508596897125244141e-01
-1.042826652526855469e+00
4.797784239053726196e-02
3.595075309276580811e-01
2.138105183839797974e-01
1.175641734153032303e-02
-2.669760882854461670e-01
5.981487035751342773e-01
-4.963214695453643799e-01
2.639934122562408447e-01
-3.564032614231109619e-01
1.244991421699523926e+00
1.476484656333923340e+00
2.126507759094238281e+00
-8.949291110038757324e-01
-3.820882737636566162e-01
-9.460411383770406246e-04
2.571187317371368408e-01
-2.147070646286010742e+00
4.279978275299072266e-01
-3.361099064350128174e-01
-8.917647600173950195e-02
9.212499856948852539e-01
-7.477058768272399902e-01
6.254061460494995117e-01
4.412412941455841064e-01
-2.953934110701084137e-02
-2.913487434387207031e+00
-2.840055525302886963e-01
4.567721486091613770e-01
9.142640829086303711e-01
-2.254507541656494141e-01
2.041261084377765656e-02
1.561272591352462769e-01
-3.016158044338226318e-01
-4.010145738720893860e-02
1.054316759109497070e-01
1.530586779117584229e-01
2.203694730997085571e-02
-6.414164304733276367e-01
8.689795434474945068e-02
-5.755815982818603516e+00
5.609433054924011230e-01
3.970258831977844238e-01
-4.192421734333038330e-01
-1.480532735586166382e-01
-1.525055050849914551e+00
2.429375648498535156e-01
1.631216883659362793e+00
-5.571041107177734375e+00
4.124195575714111328e+00
-4.298363208770751953e+00
-6.005177497863769531e-01
2.358390092849731445e-01
1.357087641954421997e-01
5.427281856536865234e-01
-4.777105748653411865e-01
2.121748775243759155e-01
3.923713564872741699e-01
-2.562594115734100342e-01
-1.769562363624572754e+00
1.076282978057861328e+00
7.721816897392272949e-01
-2.718164324760437012e-01
-1.083177849650382996e-01
9.503130614757537842e-02
-3.774386048316955566e-01
5.059176087379455566e-01
3.023594319820404053e-01
4.140749573707580566e-01
2.951741814613342285e-01
7.234516739845275879e-01
3.275076150894165039e-01
5.965784564614295959e-02
1.741797029972076416e-01
-2.362308325245976448e-03
7.911185175180435181e-02
3.556531369686126709e-01
-2.629875838756561279e-01
8.728222846984863281e-01
-9.555486440658569336e-01
1.136827945709228516e+00
5.372046828269958496e-01
3.225862085819244385e-01
-8.899553865194320679e-02
6.120321154594421387e-02
1.860863566398620605e+00
-1.201560497283935547e+00
-1.305756211280822754e+00
-1.436413168907165527e+00
-8.100113868713378906e-01
1.229851484298706055e+00
3.107734441757202148e+00
2.156869620084762573e-01
1.707682758569717407e-01
-2.809488773345947266e-01
2.020228385925292969e+00
1.635795831680297852e+00
1.270825862884521484e+00
1.115373253822326660e+00
6.667468547821044922e-01
3.948734104633331299e-01
2.801826894283294678e-01
9.190979599952697754e-02
-1.363610744476318359e+00
2.762691259384155273e+00
-1.191861987113952637e+00
2.067505121231079102e+00
-2.201680421829223633e+00
5.468225479125976562e-01
2.003213316202163696e-01
-5.838567018508911133e-01
1.387043237686157227e+00
9.332447499036788940e-02
-1.400702595710754395e+00
1.195015907287597656e+00
4.878219962120056152e-01
-1.271265029907226562e+00
6.547743082046508789e-01
3.334020078182220459e-01
-3.097074031829833984e+00
-3.607476711273193359e+00
-4.420667886734008789e-02
3.522339582443237305e+00
6.114175319671630859e-01
-1.138211965560913086e+00
3.544172048568725586e-01
7.813171148300170898e-01
-6.940030455589294434e-01
1.458964109420776367e+00
9.142483025789260864e-02
-1.520805597305297852e+00
-3.743039071559906006e-02
-1.210317611694335938e+00
5.492191314697265625e-01
1.807395458221435547e+00
6.849104166030883789e-01
1.688999831676483154e-01
2.597510218620300293e-01
-1.897425577044487000e-02
-4.262946918606758118e-02
-7.596802115440368652e-01
-5.306984186172485352e-01
4.124514162540435791e-01
-4.508554935455322266e-01
-2.913323342800140381e-01
-1.229407310485839844e+00
-1.206499338150024414e-02
5.791360735893249512e-01
1.844294518232345581e-01
-1.438332200050354004e+00
-4.902780055999755859e-01
-5.704265832901000977e-01
-1.194559410214424133e-01
-4.549393951892852783e-01
3.276905417442321777e-01
-6.130595803260803223e-01
2.923136651515960693e-01
1.831516623497009277e-01
-2.271747142076492310e-01
2.401771694421768188e-01
1.531924754381179810e-01
-1.986683726310729980e+00
5.260928273200988770e-01
-3.499453067779541016e-01
1.443300843238830566e-01
2.538541704416275024e-02
3.994632065296173096e-01
1.839961260557174683e-01
-2.397886216640472412e-01
-3.284359574317932129e-01
5.391678810119628906e-01
9.939083456993103027e-02
-5.906556546688079834e-02
6.159146428108215332e-01
7.759115099906921387e-01
3.292903900146484375e-01
-1.917405843734741211e+00
-4.048052430152893066e-01
2.697624862194061279e-01
-2.521504461765289307e-01
2.212380170822143555e-01
-3.054827451705932617e-01
-1.412056565284729004e+00
1.123118042945861816e+00
4.058736264705657959e-01
3.103742599487304688e+00
-5.195553898811340332e-01
-7.859109640121459961e-01
-1.268537342548370361e-01
4.003744125366210938e-01
2.001340687274932861e-01
3.691793978214263916e-02
-1.809395253658294678e-01
1.216315291821956635e-02
-6.575843691825866699e-01
2.906266152858734131e-01
-1.704846620559692383e-01
6.565691232681274414e-01
-4.855180978775024414e-01
-3.063456714153289795e-01
3.429081141948699951e-01
-3.385395109653472900e-01
8.821540325880050659e-02
8.481032252311706543e-01
-4.426621198654174805e-01
-2.335507422685623169e-01
6.052718758583068848e-01
2.531912624835968018e-01
1.576173007488250732e-01
-4.948069453239440918e-01
-4.279070496559143066e-01
2.432959228754043579e-01
2.294886857271194458e-02
1.521251946687698364e-01
7.532053589820861816e-01
-1.288063526153564453e+00
1.000267863273620605e+00
6.361500620841979980e-01
-2.357647180557250977e+00
9.686835408210754395e-01
1.130176305770874023e+00
2.701182603836059570e+00
-6.814709305763244629e-01
-1.647961616516113281e+00
8.553812503814697266e-01
-4.100396111607551575e-02
-8.636832237243652344e-01
-3.095832169055938721e-01
-2.288140058517456055e-01
-3.783735036849975586e-01
-1.097777128219604492e+00
-1.397176980972290039e+00
1.461126565933227539e+00
7.548469305038452148e-01
-6.062206029891967773e-01
1.459849327802658081e-01
-3.372236967086791992e+00
-9.364533424377441406e-01
3.442243337631225586e-01
-1.656029939651489258e+00
-9.490228891372680664e-01
-1.353729605674743652e+00
-4.356957972049713135e-03
-2.815207932144403458e-03
4.373989533632993698e-03
-5.031135398894548416e-03
9.068473242223262787e-03
9.889412671327590942e-03
4.290783777832984924e-03
-3.798068501055240631e-03
-5.013560876250267029e-03
-2.054210053756833076e-03
2.996237250044941902e-03
-1.012376858852803707e-03
6.598125211894512177e-03
-6.279708817601203918e-03
-6.689487490803003311e-03
-4.929197952151298523e-03
4.382761195302009583e-03
5.952547769993543625e-03
2.700150944292545319e-03
3.733506891876459122e-03
-7.976573891937732697e-03
4.504415206611156464e-03
9.807866998016834259e-03
-6.073796655982732773e-03
-5.461688153445720673e-03
-5.170085001736879349e-03
7.057090289890766144e-03
2.471129642799496651e-03
-4.447232931852340698e-03
6.863652262836694717e-03
-5.474977660924196243e-04
-4.429650958627462387e-03
-7.583246100693941116e-03
3.090422134846448898e-03
6.167880259454250336e-03
3.427272429689764977e-03
-5.212538409978151321e-03
7.984217256307601929e-03
-3.958540502935647964e-03
6.329531315714120865e-03
-8.129023946821689606e-03
-6.912080571055412292e-03
5.697133950889110565e-03
7.087943609803915024e-03
5.677750334143638611e-03
7.542029023170471191e-03
-3.197252750396728516e-03
-7.680190727114677429e-03
-1.719872117973864079e-03
4.718384239822626114e-03
-6.820251699537038803e-03
4.580651875585317612e-03
-7.065998855978250504e-03
-7.176627404987812042e-04
-5.026456434279680252e-03
7.576808333396911621e-03
-6.632314529269933701e-03
-6.422397214919328690e-03
2.807448618113994598e-03
7.701729889959096909e-03
3.475131525192409754e-04
2.817855915054678917e-03
6.443975027650594711e-03
2.908278955146670341e-03
-5.583580117672681808e-03
7.890143431723117828e-03
-6.847271695733070374e-03
-5.810562521219253540e-03
-2.553377416916191578e-04
-6.140879355370998383e-03
-7.178697735071182251e-03
6.190198939293622971e-03
3.294254187494516373e-03
5.530193448066711426e-03
9.479499422013759613e-03
5.592020228505134583e-03
-8.889842778444290161e-03
-3.295573405921459198e-03
-7.409990939777344465e-05
3.319774055853486061e-03
8.182262070477008820e-03
-3.556674811989068985e-03
9.863934479653835297e-03
-3.339485730975866318e-03
-3.074652515351772308e-03
8.380783721804618835e-03
5.962102208286523819e-03
-4.272311925888061523e-03
-2.451532753184437752e-03
7.037429139018058777e-03
6.949430797249078751e-03
-5.385451484471559525e-03
-2.448590239509940147e-03
6.848189514130353928e-03
-6.457634735852479935e-03
1.262456644326448441e-04
-2.472316147759556770e-03
8.622057735919952393e-03
5.996150430291891098e-03
-7.552237715572118759e-03
3.216674318537116051e-03
7.443914655596017838e-03
9.144574403762817383e-03
-6.472905632108449936e-03
-7.768983487039804459e-03
6.352617871016263962e-03
3.624515840783715248e-03
-5.301701370626688004e-03
6.549316924065351486e-03
-5.625840276479721069e-03
2.535892883315682411e-03
-1.782436971552670002e-03
9.516772814095020294e-03
1.893548615043982863e-04
5.203491542488336563e-03
-6.575239822268486023e-03
-3.693306585773825645e-03
-7.347476202994585037e-03
4.757511429488658905e-03
-9.485585615038871765e-03
6.643248721957206726e-03
5.024391226470470428e-03
1.497158431448042393e-03
4.395855590701103210e-03
-8.384568616747856140e-03
9.199094958603382111e-03
2.096163574606180191e-03
6.301808170974254608e-03
-1.638665329664945602e-03
4.131534602493047714e-03
-1.915644621476531029e-03
-6.122165825217962265e-03
-6.106879096478223801e-03
-7.122749462723731995e-03
1.105247763916850090e-03
-8.656816557049751282e-03
1.338335514068603516e+00
8.459445834159851074e-01
-1.541199564933776855e+00
4.768095314502716064e-01
