1.690557003021240234e+00
-2.430871725082397461e-01
9.978142380714416504e-02
4.141793847084045410e-01
1.692707300186157227e+00
4.441666126251220703e+00
6.966184377670288086e-01
1.587504029273986816e+00
3.030447483062744141e+00
2.340422391891479492e+00
2.130670547485351562e+00
2.165570020675659180e+00
1.417576551437377930e+00
2.346827745437622070e+00
-4.178235530853271484e-01
-2.728266417980194092e-01
5.446857213973999023e-01
-1.989327073097229004e-01
-5.368831753730773926e-01
-9.879916310310363770e-01
-1.103417500853538513e-01
9.014939516782760620e-02
-3.510912656784057617e-01
3.565360605716705322e-01
-2.906141243875026703e-02
-8.055508951656520367e-04
1.582159698009490967e-01
6.632328033447265625e-01
3.553777039051055908e-01
-4.310609698295593262e-01
-2.528613507747650146e-01
1.896210312843322754e-01
8.052052855491638184e-01
-1.056733503937721252e-01
2.306579798460006714e-01
6.978633999824523926e-01
-9.983219951391220093e-02
-1.125127747654914856e-01
1.816101074218750000e-01
-5.988023057579994202e-02
-1.824482381343841553e-01
-6.306359171867370605e-02
-1.555410772562026978e-01
2.603395655751228333e-02
-1.698454618453979492e-01
-4.470628872513771057e-02
-6.053492426872253418e-01
1.023252725601196289e+00
-5.816077440977096558e-02
5.923793315887451172e+00
7.052692890167236328e+00
7.904229640960693359e+00
1.028005981445312500e+01
1.323423671722412109e+01
1.345777893066406250e+01
1.425664806365966797e+01
1.553700828552246094e+01
1.500289440155029297e+01
1.724164962768554688e+01
1.863524436950683594e+01
1.972754859924316406e+01
1.939449501037597656e+01
2.465380668640136719e+01
2.677873802185058594e+01
2.750908279418945312e+01
-3.383754491806030273e+00
-1.737309813499450684e+00
9.538965821266174316e-01
1.462080050259828568e-02
-2.462714314460754395e-01
-6.417645215988159180e-01
1.400689244270324707e+00
6.918737292289733887e-01
-3.119730949401855469e+00
-6.904621720314025879e-01
4.041448593139648438e+00
2.889478445053100586e+00
-3.289831876754760742e+00
1.698369264602661133e+00
5.747072696685791016e+00
-2.973336219787597656e+00
-5.350920677185058594e+00
2.584172487258911133e-01
1.683249235153198242e+00
-7.427396774291992188e-01
-6.229788303375244141e+00
1.204060673713684082e+00
-1.863616824150085449e+00
2.657233953475952148e+00
2.195065975189208984e+00
-4.744054675102233887e-01
7.273509502410888672e-01
-3.784703969955444336e+00
-7.441713809967041016e+00
-3.905687332153320312e-01
1.704397559165954590e+00
5.542023181915283203e-01
-6.073722243309020996e-01
-2.395723015069961548e-02
5.552843809127807617e-01
-2.154684364795684814e-01
-1.843350827693939209e-01
-1.116048470139503479e-01
-2.403708733618259430e-02
-4.618108272552490234e-01
1.532426923513412476e-01
-1.583471000194549561e-01
1.655260175466537476e-01
1.367021441459655762e+00
-2.253395318984985352e+00
1.146592736244201660e+00
-4.262075126171112061e-01
1.630571365356445312e+00
4.188694357872009277e-01
2.395725399255752563e-01
-5.271819829940795898e-01
-5.722818374633789062e-01
1.224027991294860840e+00
-8.626139163970947266e-01
3.141227662563323975e-01
3.563844203948974609e+00
4.580526351928710938e+00
-4.164982318878173828e+00
-1.532843708992004395e-01
-2.005080699920654297e+00
-8.459461331367492676e-01
-1.572448015213012695e-01
3.895258903503417969e-01
4.184268712997436523e-01
-4.120068848133087158e-01
-9.813060760498046875e-01
1.639256626367568970e-01
-3.660657167434692383e+00
-1.439290165901184082e+00
9.573233127593994141e-02
4.740262508392333984e+00
1.841393470764160156e+00
-5.673801898956298828e-01
-1.370769888162612915e-01
-4.057011306285858154e-01
3.682864189147949219e+00
1.875257730484008789e+00
-5.548595905303955078e+00
6.984800815582275391e+00
3.212383985519409180e+00
9.525297880172729492e-01
2.268431425094604492e+00
6.315629929304122925e-03
-8.209859728813171387e-01
-1.446858942508697510e-01
-4.804187715053558350e-01
-4.423443377017974854e-01
5.149202942848205566e-01
1.468739032745361328e+00
9.304840564727783203e-01
-2.001924276351928711e+00
-3.294824361801147461e-01
2.002677321434020996e-01
5.479478091001510620e-02
-8.662030696868896484e-01
9.657801985740661621e-01
-1.972195804119110107e-01
-1.216433882713317871e+00
8.990717530250549316e-01
-6.834271550178527832e-01
-1.210399270057678223e+00
-4.854420125484466553e-01
9.605520218610763550e-02
1.743558943271636963e-01
-9.388207793235778809e-01
9.765570163726806641e-01
7.367439270019531250e-01
-4.198968708515167236e-01
-1.405068039894104004e+00
3.044384479522705078e+00
-1.347042083740234375e+00
-1.461040258407592773e+00
1.659906983375549316e+00
-1.280120849609375000e+00
4.108945727348327637e-01
-4.667706489562988281e+00
-1.630051016807556152e+00
4.400136470794677734e+00
-5.087194442749023438e-01
-2.882657289505004883e+00
-5.814284086227416992e-01
2.249235153198242188e+00
1.483491182327270508e+00
1.149304032325744629e+00
3.835124969482421875e+00
-1.817069649696350098e+00
-4.581401348114013672e+00
-1.401100903749465942e-01
1.836489588022232056e-01
-1.660348176956176758e+00
1.042863503098487854e-01
-3.662360608577728271e-01
-1.181450411677360535e-01
-2.416760206222534180e+00
-1.261145621538162231e-01
-6.702792644500732422e-01
2.457078933715820312e+00
-9.836792945861816406e-01
4.792337864637374878e-02
8.445187807083129883e-01
-1.555281430482864380e-01
-2.765973091125488281e+00
-7.807258367538452148e-01
-7.955371737480163574e-01
2.161196708679199219e+00
1.690211892127990723e+00
-2.062918186187744141e+00
1.103800415992736816e+00
1.710708022117614746e+00
-7.097836732864379883e-01
-1.689515113830566406e+00
-1.172554016113281250e+00
3.213359594345092773e+00
-3.242395818233489990e-01
-5.330068469047546387e-01
-3.921795189380645752e-01
1.744133591651916504e+00
-3.244860470294952393e-01
1.243300557136535645e+00
-1.300526618957519531e+00
1.304915547370910645e-01
-1.778153419494628906e+00
-2.232026815414428711e+00
3.163627386093139648e+00
-1.383640646934509277e+00
-1.287421703338623047e+00
-4.761896729469299316e-01
-1.770920306444168091e-01
2.660300433635711670e-01
3.918215259909629822e-02
-2.847521007061004639e-01
5.520797148346900940e-02
2.412660866975784302e-01
-5.039938688278198242e-01
7.119781970977783203e-01
-7.802068591117858887e-01
9.072343707084655762e-01
1.344546198844909668e+00
1.433084845542907715e+00
-1.131978154182434082e+00
2.376707047224044800e-01
1.491526365280151367e-01
1.582622081041336060e-01
-1.209755778312683105e+00
1.253226548433303833e-01
-2.110018730163574219e-01
1.530792415142059326e-01
7.232475280761718750e-01
-5.457845926284790039e-01
3.299559056758880615e-01
3.324361741542816162e-01
-2.165776342153549194e-01
-2.184023857116699219e+00
-1.354816835373640060e-02
2.329743653535842896e-01
1.207085251808166504e+00
-2.925503551959991455e-01
6.988930702209472656e-02
1.188551113009452820e-01
-2.230461686849594116e-01
-2.658473551273345947e-01
1.510471850633621216e-01
1.904934793710708618e-01
1.146545633673667908e-01
-1.001109838485717773e+00
-9.625480324029922485e-02
-4.783236980438232422e+00
5.282462239265441895e-01
3.203560113906860352e-01
-5.004832148551940918e-01
-6.977878212928771973e-01
5.358249321579933167e-02
-7.553555369377136230e-01
9.262667298316955566e-01
-2.905048131942749023e+00
2.323204994201660156e+00
-3.823714494705200195e+00
-4.130930006504058838e-01
1.952328830957412720e-01
1.996882110834121704e-01
5.048401951789855957e-01
-2.848466336727142334e-01
-3.203410655260086060e-02
1.942075639963150024e-01
-1.524466127157211304e-01
-1.449716329574584961e+00
1.202305555343627930e+00
5.115962624549865723e-01
-2.024474442005157471e-01
2.527377009391784668e-02
1.166744604706764221e-01
-2.705978788435459137e-02
5.104571580886840820e-01
3.805708512663841248e-02
-3.173591196537017822e-02
2.240808755159378052e-01
6.563000082969665527e-01
3.573035299777984619e-01
3.183000721037387848e-03
6.946558132767677307e-03
1.807280629873275757e-01
4.156263470649719238e-01
2.968665659427642822e-01
-1.670347750186920166e-01
8.567518591880798340e-01
-5.956140160560607910e-01
9.827463030815124512e-01
-6.538033485412597656e-02
5.775671005249023438e-01
-3.098843991756439209e-01
1.914788335561752319e-01
1.056726813316345215e+00
-7.770600318908691406e-01
-5.647116303443908691e-01
-1.031758308410644531e+00
-7.706421613693237305e-01
1.078191995620727539e+00
1.396696329116821289e+00
-2.026918381452560425e-01
-4.093544185161590576e-01
-1.026237607002258301e-01
1.032577991485595703e+00
1.195075988769531250e+00
1.028155684471130371e+00
1.123396039009094238e+00
7.476438283920288086e-01
1.489161998033523560e-01
-1.366823315620422363e+00
6.057414412498474121e-01
-1.936875462532043457e+00
2.549133777618408203e+00
-7.540748119354248047e-01
1.541502356529235840e+00
-1.364936590194702148e+00
2.829871773719787598e-01
1.889454126358032227e-01
-6.911689639091491699e-01
1.044397830963134766e+00
1.838103085756301880e-01
-1.102411031723022461e+00
1.204783201217651367e+00
1.289928793907165527e+00
-2.755824089050292969e+00
-2.388747781515121460e-01
9.474223852157592773e-01
-3.318676471710205078e+00
-2.449414253234863281e+00
2.842481136322021484e-01
2.890087842941284180e+00
9.332496672868728638e-02
-6.284293532371520996e-01
3.633649051189422607e-01
1.540237069129943848e+00
-3.847537338733673096e-01
1.033887028694152832e+00
-1.068402305245399475e-01
-8.780236840248107910e-01
-8.773440122604370117e-01
-9.673551321029663086e-01
1.942643523216247559e+00
1.312943577766418457e+00
-7.704701274633407593e-02
7.365372776985168457e-01
6.217785477638244629e-01
4.593477025628089905e-02
-5.264007672667503357e-02
-3.067842125892639160e-01
-4.497266411781311035e-01
2.562726140022277832e-01
-6.427943110466003418e-01
6.556122303009033203e-01
-1.530658841133117676e+00
3.263670504093170166e-01
4.249659553170204163e-02
-3.704677224159240723e-01
-6.345577836036682129e-01
-3.658537864685058594e-01
-4.871239960193634033e-01
-1.016949862241744995e-01
-6.850526928901672363e-01
3.944001495838165283e-01
-4.246252179145812988e-01
3.369554281234741211e-01
9.462440013885498047e-02
-1.457672119140625000e-01
1.894891262054443359e-02
1.469117850065231323e-01
-1.294718146324157715e+00
1.065895780920982361e-01
-3.085840344429016113e-01
1.630230695009231567e-01
3.881977498531341553e-01
2.268962711095809937e-01
1.414269804954528809e-01
-1.980012506246566772e-01
-3.189448714256286621e-01
3.599289059638977051e-01
1.972008198499679565e-01
-5.085023120045661926e-02
5.738800764083862305e-01
3.468867242336273193e-01
3.352362215518951416e-01
-2.027102470397949219e+00
-1.355068385601043701e-01
2.705380320549011230e-01
7.477502804249525070e-03
-2.173041254281997681e-01
4.925769865512847900e-01
-7.726249694824218750e-01
4.411987066268920898e-01
3.618811070919036865e-01
1.969945311546325684e+00
-1.708466857671737671e-01
-7.420783042907714844e-01
-7.790505886077880859e-02
2.545455694198608398e-01
1.707732826471328735e-01
-1.544244866818189621e-02
-1.566770523786544800e-01
1.315986514091491699e-01
-1.215946525335311890e-01
2.941121757030487061e-01
8.933923393487930298e-02
4.715791344642639160e-01
-3.673149347305297852e-01
-2.347550690174102783e-01
1.899629533290863037e-01
-3.301851749420166016e-01
1.913990676403045654e-01
9.776336550712585449e-01
-5.591449141502380371e-01
-3.221697509288787842e-01
6.232604980468750000e-01
2.285023629665374756e-01
6.732636690139770508e-02
-2.897551655769348145e-01
-2.361639440059661865e-01
-8.272773772478103638e-02
-7.314102351665496826e-02
2.989861667156219482e-01
5.848234295845031738e-01
-1.180714726448059082e+00
8.636332750320434570e-01
1.531549543142318726e-01
-2.010863065719604492e+00
1.270357370376586914e+00
1.051293492317199707e+00
2.323607206344604492e+00
-8.544493466615676880e-02
-1.034390568733215332e+00
5.679915547370910645e-01
-1.965638399124145508e-01
-3.699955940246582031e-01
-4.256110191345214844e-01
-3.365371227264404297e-01
-9.529171884059906006e-02
-8.406658172607421875e-01
-7.971411347389221191e-01
1.117556452751159668e+00
6.497935056686401367e-01
-1.587454229593276978e-01
-1.872866302728652954e-01
-1.532159805297851562e+00
-6.371057629585266113e-01
2.242089062929153442e-01
-2.314869463443756104e-01
-6.646210551261901855e-01
-1.284130811691284180e+00
-4.356957972049713135e-03
-2.815207932144403458e-03
4.373989533632993698e-03
-5.031135398894548416e-03
9.068473242223262787e-03
9.889412671327590942e-03
4.290783777832984924e-03
-3.798068501055240631e-03
-5.013560876250267029e-03
-2.054210053756833076e-03
2.996237250044941902e-03
-1.012376858852803707e-03
6.598125211894512177e-03
-6.279708817601203918e-03
-6.689487490803003311e-03
-4.929197952151298523e-03
4.382761195302009583e-03
5.952547769993543625e-03
2.700150944292545319e-03
3.733506891876459122e-03
-7.976573891937732697e-03
4.504415206611156464e-03
9.807866998016834259e-03
-6.073796655982732773e-03
-5.461688153445720673e-03
-5.170085001736879349e-03
7.057090289890766144e-03
2.471129642799496651e-03
-4.447232931852340698e-03
6.863652262836694717e-03
-5.474977660924196243e-04
-4.429650958627462387e-03
-7.583246100693941116e-03
3.090422134846448898e-03
6.167880259454250336e-03
3.427272429689764977e-03
-5.212538409978151321e-03
7.984217256307601929e-03
-3.958540502935647964e-03
6.329531315714120865e-03
-8.129023946821689606e-03
-6.912080571055412292e-03
5.697133950889110565e-03
7.087943609803915024e-03
5.677750334143638611e-03
7.542029023170471191e-03
-3.197252750396728516e-03
-7.680190727114677429e-03
-1.719872117973864079e-03
4.718384239822626114e-03
-6.820251699537038803e-03
4.580651875585317612e-03
-7.065998855978250504e-03
-7.176627404987812042e-04
-5.026456434279680252e-03
7.576808333396911621e-03
-6.632314529269933701e-03
-6.422397214919328690e-03
2.807448618113994598e-03
7.701729889959096909e-03
3.475131525192409754e-04
2.817855915054678917e-03
6.443975027650594711e-03
2.908278955146670341e-03
-5.583580117672681808e-03
7.890143431723117828e-03
-6.847271695733070374e-03
-5.810562521219253540e-03
-2.553377416916191578e-04
-6.140879355370998383e-03
-7.178697735071182251e-03
6.190198939293622971e-03
3.294254187494516373e-03
5.530193448066711426e-03
9.479499422013759613e-03
5.592020228505134583e-03
-8.889842778444290161e-03
-3.295573405921459198e-03
-7.409990939777344465e-05
3.319774055853486061e-03
8.182262070477008820e-03
-3.556674811989068985e-03
9.863934479653835297e-03
-3.339485730975866318e-03
-3.074652515351772308e-03
8.380783721804618835e-03
5.962102208286523819e-03
-4.272311925888061523e-03
-2.451532753184437752e-03
7.037429139018058777e-03
6.949430797249078751e-03
-5.385451484471559525e-03
-2.448590239509940147e-03
6.848189514130353928e-03
-6.457634735852479935e-03
1.262456644326448441e-04
-2.472316147759556770e-03
8.622057735919952393e-03
5.996150430291891098e-03
-7.552237715572118759e-03
3.216674318537116051e-03
7.443914655596017838e-03
9.144574403762817383e-03
-6.472905632108449936e-03
-7.768983487039804459e-03
6.352617871016263962e-03
3.624515840783715248e-03
-5.301701370626688004e-03
6.549316924065351486e-03
-5.625840276479721069e-03
2.535892883315682411e-03
-1.782436971552670002e-03
9.516772814095020294e-03
1.893548615043982863e-04
5.203491542488336563e-03
-6.575239822268486023e-03
-3.693306585773825645e-03
-7.347476202994585037e-03
4.757511429488658905e-03
-9.485585615038871765e-03
6.643248721957206726e-03
5.024391226470470428e-03
1.497158431448042393e-03
4.395855590701103210e-03
-8.384568616747856140e-03
9.199094958603382111e-03
2.096163574606180191e-03
6.301808170974254608e-03
-1.638665329664945602e-03
4.131534602493047714e-03
-1.915644621476531029e-03
-6.122165825217962265e-03
-6.106879096478223801e-03
-7.122749462723731995e-03
1.105247763916850090e-03
-8.656816557049751282e-03
1.487378597259521484e+00
7.988951206207275391e-01
-1.535682678222656250e+00
4.746702313423156738e-01
