1.551808476448059082e+00
1.224856972694396973e+00
1.512308001518249512e+00
3.894236087799072266e+00
1.319341659545898438e+00
2.192860841751098633e+00
2.755396366119384766e+00
2.426282167434692383e+00
1.790942907333374023e+00
1.969535470008850098e+00
2.339202165603637695e+00
2.084083080291748047e+00
8.530651926994323730e-01
6.865399479866027832e-01
1.394670844078063965e+00
-3.627130091190338135e-01
1.841666549444198608e-01
-5.671588331460952759e-02
1.899070620536804199e+00
-3.860735595226287842e-01
-3.636204078793525696e-02
1.861527413129806519e-01
6.594492793083190918e-01
9.213187098503112793e-01
-8.853420615196228027e-01
3.059900403022766113e-01
6.412328481674194336e-01
5.588379129767417908e-02
1.585796117782592773e+00
1.285208314657211304e-01
-2.061203420162200928e-01
-9.453084319829940796e-02
-4.030787944793701172e-01
-7.992343045771121979e-03
-2.069846540689468384e-01
3.967186808586120605e-02
-4.715390875935554504e-02
1.397822201251983643e-01
-1.407987028360366821e-01
4.805333167314529419e-02
-2.853553295135498047e-01
-6.665043532848358154e-03
-8.832304477691650391e-01
9.337103843688964844e+00
1.095727348327636719e+01
1.313251686096191406e+01
1.358118820190429688e+01
1.402279472351074219e+01
1.553741931915283203e+01
1.502369117736816406e+01
1.678252220153808594e+01
1.788580322265625000e+01
1.903440475463867188e+01
1.959229087829589844e+01
2.246239662170410156e+01
2.822407341003417969e+01
3.071088027954101562e+01
1.328149437904357910e+00
-5.505159497261047363e-01
6.332745552062988281e-01
-1.972745209932327271e-01
1.132033020257949829e-01
-1.725435107946395874e-01
-8.666595220565795898e-01
-7.063438892364501953e-01
-1.484939306974411011e-01
1.100505590438842773e+00
-3.482367694377899170e-01
-8.698712289333343506e-02
-1.235209107398986816e+00
-5.252155065536499023e-01
5.713497400283813477e-01
-3.768295645713806152e-01
4.462846219539642334e-01
-4.525806009769439697e-01
2.745050191879272461e-01
-3.235393464565277100e-01
8.174065947532653809e-01
6.513316035270690918e-01
-4.533354640007019043e-01
-3.183471858501434326e-01
2.151059061288833618e-01
-2.471122980117797852e+00
1.972636103630065918e+00
5.463230609893798828e-01
-1.448480963706970215e+00
-9.778541922569274902e-01
-1.677357852458953857e-01
4.551123976707458496e-01
4.578317999839782715e-01
-1.554534792900085449e+00
-4.236678183078765869e-01
9.253019690513610840e-01
-7.931717485189437866e-02
-4.392790496349334717e-01
2.407777458429336548e-01
1.471039891242980957e+00
2.094701230525970459e-01
5.251675844192504883e-02
-5.787305533885955811e-02
-4.026384949684143066e-01
1.393369674682617188e+00
-6.291140913963317871e-01
2.060569673776626587e-01
4.851921200752258301e-01
1.132093548774719238e+00
2.127021312713623047e+00
1.909309267997741699e+00
-1.487049013376235962e-01
-3.721914589405059814e-01
-4.761212468147277832e-01
7.710032165050506592e-02
-9.960435563698410988e-04
2.407652586698532104e-01
-5.421052500605583191e-02
-1.052009820938110352e+00
-2.038350582122802734e+00
-2.005530521273612976e-02
1.457367837429046631e-01
3.840249776840209961e-01
-2.923761606216430664e-01
2.270648628473281860e-01
-9.929218292236328125e-01
-1.717534065246582031e-01
-9.941988587379455566e-01
-2.462674379348754883e+00
-9.253014326095581055e-01
-6.842648386955261230e-01
3.778300881385803223e-01
4.028462991118431091e-02
-1.224446296691894531e+00
2.228632569313049316e-01
-8.063247799873352051e-01
1.337190628051757812e+00
-3.007098734378814697e-01
9.072005748748779297e-01
-1.157332181930541992e+00
1.593631148338317871e+00
2.346630096435546875e-01
1.078057646751403809e+00
4.503582715988159180e-01
3.512440025806427002e-01
1.211175084114074707e+00
-1.507898688316345215e+00
1.237456798553466797e+00
-1.095133781433105469e+00
3.112126827239990234e+00
-9.928239136934280396e-02
2.307859957218170166e-01
-2.129405498504638672e+00
-9.489185810089111328e-01
9.187040328979492188e-01
5.616866350173950195e-01
2.055840492248535156e-01
1.954556107521057129e+00
8.360236883163452148e-01
1.315816640853881836e+00
1.713224649429321289e+00
1.444138526916503906e+00
1.910189390182495117e+00
-1.815836280584335327e-01
-2.676345407962799072e-01
-1.669774353504180908e-01
2.771269381046295166e-01
-2.037620693445205688e-01
-1.099224463105201721e-01
2.365972995758056641e-01
2.528536021709442139e-01
7.552887499332427979e-02
2.406954467296600342e-01
1.005923986434936523e+00
-4.834458827972412109e-01
-3.391895294189453125e-01
7.708806991577148438e-01
9.321001917123794556e-02
8.032142519950866699e-01
2.224115431308746338e-01
2.624164819717407227e-01
-6.382296234369277954e-02
-1.338183581829071045e-01
2.663540840148925781e-01
-3.713912665843963623e-01
-6.187657117843627930e-01
-2.900800481438636780e-02
5.921328067779541016e-01
4.791047871112823486e-01
-1.141456365585327148e-01
-6.427896767854690552e-02
-1.215267330408096313e-01
2.124157547950744629e-01
7.973560094833374023e-01
3.133936524391174316e-01
2.698301337659358978e-02
-1.445159614086151123e-01
4.944952949881553650e-02
-9.788575768470764160e-02
3.294645249843597412e-02
-8.080526441335678101e-02
2.241760343313217163e-01
8.854480832815170288e-02
1.386825442314147949e-01
-9.736103415489196777e-01
-4.637003317475318909e-02
-9.253460913896560669e-02
-8.321056142449378967e-03
-9.373498708009719849e-02
-1.714220643043518066e-01
4.920122623443603516e-01
3.611543178558349609e-01
-1.487906098365783691e+00
-1.812872409820556641e+00
-6.264312267303466797e-01
-3.679545819759368896e-01
4.063181877136230469e-01
-1.513639986515045166e-01
4.213808774948120117e-01
-3.898434638977050781e-01
1.492492556571960449e-01
-1.626127362251281738e-01
6.728197932243347168e-01
2.059463709592819214e-01
2.919476926326751709e-01
4.801608622074127197e-01
-6.597486883401870728e-02
-7.646306767128407955e-04
2.343565374612808228e-01
1.192714050412178040e-01
8.101785928010940552e-02
1.957575790584087372e-03
-8.651992678642272949e-01
5.351099967956542969e-01
6.154694557189941406e-01
-2.102610915899276733e-01
3.345150351524353027e-01
4.047764837741851807e-01
4.649735391139984131e-01
9.110145270824432373e-02
7.491057515144348145e-01
5.600937008857727051e-01
1.179907172918319702e-01
-1.179711520671844482e-01
6.667477488517761230e-01
-5.568479299545288086e-01
-2.454267740249633789e-01
-3.927468061447143555e-01
-5.984076261520385742e-01
-1.534574292600154877e-02
-5.688996315002441406e-01
8.852983713150024414e-01
7.059168219566345215e-01
5.403965115547180176e-01
-5.636308789253234863e-01
1.243114590644836426e+00
-6.968723535537719727e-01
8.302610516548156738e-01
-1.745931953191757202e-01
3.275774717330932617e-01
6.727415323257446289e-01
-1.077704429626464844e-01
-8.219183683395385742e-01
4.418690204620361328e-01
3.548038601875305176e-01
-2.961412370204925537e-01
2.354141473770141602e-01
-3.203676044940948486e-01
6.645657867193222046e-02
-1.757406145334243774e-01
-2.131322175264358521e-01
-9.077481925487518311e-02
9.733520448207855225e-02
3.837525844573974609e-02
-7.942083477973937988e-02
-2.659984230995178223e-01
-4.834754858165979385e-03
9.930726885795593262e-02
-4.790750145912170410e-01
6.252662837505340576e-02
1.767711192369461060e-01
-8.604983240365982056e-02
1.203351654112339020e-02
-1.905120015144348145e-01
-2.428799867630004883e-01
-7.607512921094894409e-02
-8.916167169809341431e-02
1.287932842969894409e-01
-1.612174659967422485e-01
5.401431024074554443e-02
1.837554126977920532e-01
-4.799892753362655640e-02
-2.786970436573028564e-01
4.280138015747070312e-02
1.235825568437576294e-01
3.148848190903663635e-02
3.793964684009552002e-01
-9.958626329898834229e-02
6.096079479902982712e-03
1.076783835887908936e-01
7.276777178049087524e-02
3.766848705708980560e-03
-1.276694685220718384e-01
1.238167062401771545e-01
1.810683310031890869e-01
-7.829280942678451538e-02
1.346016824245452881e-01
-4.458858370780944824e-01
-2.295675128698348999e-01
2.479917183518409729e-02
-7.979489862918853760e-02
-7.001011818647384644e-02
1.054234877228736877e-01
4.973648190498352051e-01
-2.505556643009185791e-01
-4.388180673122406006e-01
2.011307179927825928e-01
6.273224353790283203e-01
7.368562817573547363e-01
3.973312079906463623e-01
-2.189475148916244507e-01
9.960339218378067017e-02
4.062981158494949341e-02
-2.780328989028930664e-01
1.540197432041168213e-01
1.953136175870895386e-01
-1.287255883216857910e-01
-1.407238095998764038e-01
-2.704172432422637939e-01
1.441723387688398361e-02
6.050851196050643921e-02
-2.689617276191711426e-01
-4.166710972785949707e-01
3.815846443176269531e-01
1.487567722797393799e-01
-1.781859844923019409e-01
-3.969672024250030518e-01
5.487148761749267578e-01
7.324449419975280762e-01
3.565532565116882324e-01
6.700893640518188477e-01
-4.427081048488616943e-01
-3.130064308643341064e-01
9.192004054784774780e-02
-1.278320699930191040e-01
6.611153483390808105e-01
-2.598383128643035889e-01
4.769165515899658203e-01
-4.426790177822113037e-01
-3.903505625203251839e-03
1.651880443096160889e-01
4.201370179653167725e-01
-2.765958309173583984e-01
-1.211705729365348816e-01
1.521025300025939941e-01
2.016973495483398438e-01
-1.014305427670478821e-01
-3.261938393115997314e-01
1.650367081165313721e-01
-6.724750399589538574e-01
-8.200209736824035645e-01
5.180488228797912598e-01
3.013851493597030640e-02
4.598911479115486145e-02
1.271950364112854004e+00
-5.192444324493408203e-01
-9.347595274448394775e-02
5.416426062583923340e-01
-6.737832427024841309e-01
-5.841068625450134277e-01
-7.566618174314498901e-02
5.981115698814392090e-01
-3.362048864364624023e-01
-7.873896360397338867e-01
-1.194449782371520996e+00
-1.495685428380966187e-03
4.351203329861164093e-03
8.372989483177661896e-03
-8.205461315810680389e-03
-1.929726684466004372e-03
-8.324390277266502380e-03
-1.439674175344407558e-03
-2.439943840727210045e-03
1.870162552222609520e-03
-1.699315034784376621e-03
9.134516119956970215e-03
-8.178725838661193848e-03
1.928143668919801712e-03
4.860931541770696640e-03
-5.260775797069072723e-03
-5.458947736769914627e-03
1.907325116917490959e-03
9.416249580681324005e-03
4.525574389845132828e-03
-9.963220916688442230e-03
1.789373578503727913e-03
2.309573581442236900e-03
4.329612711444497108e-04
-2.156356349587440491e-03
-3.631008323282003403e-03
3.757216734811663628e-03
-5.416433792561292648e-03
-4.855230450630187988e-03
-9.472447447478771210e-03
6.449771113693714142e-03
-4.094299860298633575e-03
-4.534287378191947937e-03
6.569004035554826260e-04
5.997384898364543915e-03
9.242256172001361847e-03
-3.533743321895599365e-03
-7.763760630041360855e-03
8.460795506834983826e-03
-6.205732002854347229e-03
8.020728826522827148e-03
6.641380488872528076e-03
4.591488977894186974e-04
3.260175231844186783e-03
6.463285535573959351e-03
5.099145346321165562e-04
-2.096992917358875275e-03
2.063263673335313797e-03
-5.334167741239070892e-03
-7.000710465945303440e-04
4.403809085488319397e-03
9.482949040830135345e-03
-8.663901127874851227e-03
-4.704012826550751925e-04
1.396772568114101887e-03
2.805447438731789589e-03
2.625165740028023720e-03
3.828362096101045609e-03
-2.853349142242223024e-04
3.044118406251072884e-03
-7.549026980996131897e-03
6.441161036491394043e-03
7.737404666841030121e-04
7.824695669114589691e-03
2.278490923345088959e-03
7.633441709913313389e-04
-2.808095887303352356e-03
2.785963471978902817e-03
-5.127407144755125046e-03
-1.560663338750600815e-03
-3.432793309912085533e-03
2.525413874536752701e-03
5.774620804004371166e-04
-7.261416874825954437e-03
9.496221318840980530e-03
8.838274516165256500e-03
3.883223282173275948e-03
-9.332787245512008667e-03
3.581627737730741501e-03
5.284270271658897400e-03
-5.979473236948251724e-03
6.565968506038188934e-03
4.718025680631399155e-03
-8.432325907051563263e-03
-3.199111437425017357e-03
-9.638464078307151794e-03
2.130045089870691299e-03
-1.836139475926756859e-03
-4.289156291633844376e-03
3.033444518223404884e-04
7.764868438243865967e-03
6.121669430285692215e-04
-8.598100394010543823e-03
-6.165876518934965134e-03
-1.904931559693068266e-04
3.267460502684116364e-03
-5.767484195530414581e-03
1.801100792363286018e-03
5.473572760820388794e-03
-9.240538813173770905e-03
1.937177497893571854e-03
-6.453722249716520309e-03
-7.738809101283550262e-03
4.411585628986358643e-03
2.671529655344784260e-04
8.247599005699157715e-03
1.969786524772644043e+00
6.362572908401489258e-01
-1.166044950485229492e+00
4.643157124519348145e-01
