6.339455127716064453e+00
1.553955268859863281e+01
1.553598690032958984e+01
1.566792964935302734e+01
1.766979598999023438e+01
1.076382637023925781e+01
1.692129135131835938e+01
6.159310340881347656e+00
8.225709915161132812e+00
1.209538269042968750e+01
9.546040534973144531e+00
8.266886711120605469e+00
1.544501113891601562e+01
1.625519180297851562e+01
-4.969605207443237305e-01
1.521184444427490234e+00
1.675642728805541992e+00
5.244841575622558594e+00
9.748084068298339844e+00
3.219905376434326172e+00
7.183511853218078613e-01
6.966844558715820312e+00
-2.037311315536499023e+00
-6.234432697296142578e+00
-5.664175033569335938e+00
-1.375519990921020508e+00
1.306376171112060547e+01
-6.617972850799560547e+00
-1.554194185882806778e-02
3.983579277992248535e-01
1.799367189407348633e+00
4.106285572052001953e+00
-7.774754762649536133e-01
1.332374364137649536e-01
-1.203731060028076172e+01
-4.477726936340332031e+00
8.246771812438964844e+00
1.056206130981445312e+01
5.717880249023437500e+00
8.468833565711975098e-01
1.565586447715759277e+00
2.044964313507080078e+00
-1.900651931762695312e+00
6.259295940399169922e-01
8.031616210937500000e-01
6.645365953445434570e-01
2.444445610046386719e+00
-1.084755301475524902e+00
-1.195813894271850586e+00
5.157210230827331543e-01
8.430094718933105469e-01
4.135376513004302979e-01
7.128699421882629395e-01
2.404703140258789062e+00
-6.280519485473632812e+00
-1.101906418800354004e+00
4.797394752502441406e+00
-3.848163127899169922e+00
1.495415592193603516e+01
-3.727535963058471680e+00
9.372558593750000000e+00
5.991261005401611328e-01
1.545265197753906250e+00
3.553993701934814453e+00
1.999067187309265137e+00
-1.075851440429687500e+01
6.724639415740966797e+00
-7.334861755371093750e+00
-1.106108903884887695e+00
-1.080038833618164062e+01
-1.116421413421630859e+01
8.806919097900390625e+00
2.159365415573120117e+00
1.394068151712417603e-01
-6.631873607635498047e+00
8.274108886718750000e+00
1.905655145645141602e+00
-2.175317525863647461e+00
1.694898033142089844e+01
-5.201519489288330078e+00
-3.302428245544433594e+00
3.974877119064331055e+00
9.640935897827148438e+00
1.696677088737487793e+00
-5.715680599212646484e+00
-7.437811374664306641e+00
-7.418670177459716797e+00
-1.015115737915039062e+00
-9.406607627868652344e+00
4.602131843566894531e-01
8.466545104980468750e+00
4.920433998107910156e+00
3.752122879028320312e+00
-2.378175735473632812e+00
-6.530931472778320312e+00
-2.905055522918701172e+00
-3.547716856002807617e+00
-5.049006462097167969e+00
3.292000055313110352e+00
3.684293985366821289e+00
-8.004306554794311523e-01
6.600431919097900391e+00
5.526646614074707031e+00
5.223852634429931641e+00
-4.177961051464080811e-01
8.680216073989868164e-01
3.279285669326782227e+00
4.700894355773925781e+00
4.022105216979980469e+00
1.072730064392089844e+00
-8.172825813293457031e+00
-8.614789962768554688e+00
-6.451177120208740234e+00
-4.797894954681396484e+00
-6.159108161926269531e+00
8.314623832702636719e+00
4.972005367279052734e+00
-5.059540271759033203e+00
2.186813831329345703e+00
-1.642780423164367676e+00
4.124363899230957031e+00
-1.519305944442749023e+00
-5.210820198059082031e+00
7.086781263351440430e-01
8.654372096061706543e-01
1.452601313591003418e+00
5.757107138633728027e-01
-2.713993072509765625e+00
1.186587095260620117e+00
1.033856153488159180e+00
2.038374662399291992e+00
1.612984895706176758e+00
4.033924579620361328e+00
8.979771137237548828e-01
1.600803732872009277e+00
-3.603364706039428711e+00
4.027032852172851562e+00
6.999871730804443359e-01
-5.390766859054565430e-01
4.245183467864990234e+00
-2.106834411621093750e+00
-6.333201378583908081e-02
1.792949795722961426e+00
-1.259314537048339844e+00
-4.484609067440032959e-01
-4.230384349822998047e+00
-1.539022564888000488e+00
-3.578991862013936043e-03
1.262562990188598633e+00
-1.479831099510192871e+00
-3.308419883251190186e-01
8.266286849975585938e-01
1.103658080101013184e+00
9.113482236862182617e-01
-5.599810481071472168e-01
1.836090922355651855e+00
1.390558123588562012e+00
-1.091855049133300781e+00
-5.089464664459228516e+00
5.403718948364257812e+00
-5.547928333282470703e+00
3.390399694442749023e+00
-7.554560899734497070e-01
-1.573324084281921387e+00
2.280859708786010742e+00
2.613218784332275391e+00
-1.434985280036926270e+00
3.365344047546386719e+00
-3.052358627319335938e-01
7.109653353691101074e-01
-1.512781858444213867e+00
3.150023937225341797e+00
1.487265706062316895e+00
4.229387283325195312e+00
-1.708843231201171875e+00
2.687048673629760742e+00
-1.093033552169799805e+00
-8.470504760742187500e+00
3.550795316696166992e+00
-1.700973808765411377e-01
-4.104656696319580078e+00
-1.866486519575119019e-01
-4.160952568054199219e+00
4.099215030670166016e+00
4.271815299987792969e+00
4.045190334320068359e+00
1.239458441734313965e+00
-1.670115590095520020e+00
9.395443797111511230e-01
1.757418036460876465e+00
-2.152109384536743164e+00
9.539969563484191895e-01
-2.708304166793823242e+00
1.118682980537414551e+00
-6.732618808746337891e-01
2.139499902725219727e+00
-3.507068157196044922e+00
-8.764221668243408203e-01
-1.162084460258483887e+00
-2.254528284072875977e+00
7.293823957443237305e-01
4.580781459808349609e+00
1.087235569953918457e+00
7.945298552513122559e-01
-2.415131330490112305e+00
2.999915122985839844e+00
5.520538806915283203e+00
3.387807130813598633e+00
-3.420556485652923584e-01
-2.352915048599243164e+00
5.621738910675048828e+00
3.289719581604003906e+00
-2.024148464202880859e+00
2.501408338546752930e+00
1.192774415016174316e+00
-3.686946868896484375e+00
1.119301676750183105e+00
2.086966991424560547e+00
2.327872991561889648e+00
-1.148294448852539062e+00
2.424071311950683594e+00
3.152701377868652344e+00
2.531095266342163086e+00
-2.609215259552001953e+00
-2.586151123046875000e+00
4.025880336761474609e+00
5.551663637161254883e-01
-1.640630960464477539e+00
3.068884909152984619e-01
1.279708147048950195e+00
6.443259239196777344e+00
-5.326151847839355469e-01
2.251902818679809570e+00
-2.889379978179931641e+00
-2.522315740585327148e+00
3.527518033981323242e+00
6.282426357269287109e+00
6.100966334342956543e-01
-1.492631584405899048e-01
-1.215462207794189453e+00
6.308600306510925293e-01
2.093165397644042969e+00
2.988372564315795898e+00
6.254729270935058594e+00
4.563555717468261719e+00
1.157849788665771484e+00
-3.066788911819458008e+00
6.446313261985778809e-01
-2.084907293319702148e+00
3.112916946411132812e-01
-4.229526519775390625e+00
-5.156183838844299316e-01
3.281398117542266846e-01
-4.343990981578826904e-01
1.185344219207763672e+00
-5.249531269073486328e-01
5.517807006835937500e-01
-7.687738537788391113e-01
-4.972590208053588867e-01
8.276048302650451660e-01
-1.240269660949707031e+00
-8.421510457992553711e-01
1.515977501869201660e+00
-3.413855314254760742e+00
-1.015288308262825012e-01
-1.583564758300781250e+00
5.346410274505615234e+00
-5.867812316864728928e-03
-7.218765616416931152e-01
2.559159278869628906e+00
3.445811986923217773e+00
-3.813928127288818359e+00
3.915922045707702637e-01
1.893410563468933105e+00
8.317450881004333496e-01
-4.223364353179931641e+00
-1.265664100646972656e+00
5.189990401268005371e-01
-1.051129549741744995e-01
3.613848924636840820e+00
-8.850993514060974121e-01
1.036808192729949951e-01
-2.498893737792968750e+00
3.415894031524658203e+00
2.779683331027626991e-03
1.057224571704864502e-01
8.919544816017150879e-01
-9.716191887855529785e-01
4.523384571075439453e+00
1.147872447967529297e+00
4.505278110504150391e+00
2.277888298034667969e+00
-3.644633054733276367e+00
1.747492551803588867e-01
2.216414213180541992e+00
-5.371561050415039062e+00
1.504706144332885742e+00
6.522990465164184570e-01
-3.180039405822753906e+00
-4.035962581634521484e+00
5.496984481811523438e+00
-1.424441695213317871e+00
-1.749567508697509766e+00
4.093305394053459167e-02
-3.428616225719451904e-01
4.173152446746826172e-01
7.674739360809326172e-01
1.942773222923278809e+00
-2.395977258682250977e+00
-1.256886482238769531e+00
7.375703811645507812e+00
2.646951198577880859e+00
-8.140554428100585938e-01
6.288793563842773438e+00
-2.746767282485961914e+00
4.407826423645019531e+00
4.653542041778564453e+00
-4.657238721847534180e-01
-4.718553066253662109e+00
-9.066382646560668945e-01
-5.145030021667480469e-01
3.167843103408813477e+00
-1.383010149002075195e+00
3.244989514350891113e-01
-4.600470542907714844e+00
6.722880840301513672e+00
1.541699290275573730e+00
4.170340061187744141e+00
-5.523645401000976562e+00
-1.335091233253479004e+00
