2.169602632522583008e+00
-9.670094251632690430e-01
2.987143397331237793e-01
5.010817050933837891e+00
3.560219526290893555e+00
1.907115936279296875e+00
2.069534301757812500e+00
2.147276639938354492e+00
2.763842344284057617e+00
3.859679773449897766e-02
3.300985395908355713e-01
8.872355222702026367e-01
2.155648469924926758e+00
1.792927533388137817e-01
4.057696163654327393e-01
-2.806981503963470459e-01
1.253317445516586304e-01
4.673755466938018799e-01
8.601907640695571899e-02
-1.352165341377258301e+00
-1.048504784703254700e-01
-1.725785136222839355e-01
-1.044046759605407715e+00
-1.893959492444992065e-01
-1.781619489192962646e-01
-6.491604726761579514e-03
1.616668999195098877e-01
-3.136969804763793945e-01
-1.526543796062469482e-01
4.150323271751403809e-01
8.032340407371520996e-01
9.902676582336425781e+00
1.007091903686523438e+01
1.329395866394042969e+01
1.533751392364501953e+01
1.527206993103027344e+01
1.748876190185546875e+01
1.922290611267089844e+01
1.914060211181640625e+01
2.042216873168945312e+01
2.519432830810546875e+01
-1.221217393875122070e+00
7.045345753431320190e-02
-6.943999528884887695e-01
1.820206761360168457e+00
-5.714063644409179688e-01
-3.183871805667877197e-01
-5.464640259742736816e-01
1.761472463607788086e+00
3.166353464126586914e+00
7.529932260513305664e-01
-2.316058427095413208e-02
-9.460352361202239990e-02
-4.123992919921875000e-01
-1.323485970497131348e-01
-2.328192591667175293e-01
1.285277605056762695e+00
-1.709169626235961914e+00
-8.490878343582153320e-01
-3.823671042919158936e-01
-7.456404566764831543e-01
-1.307664215564727783e-01
5.171228647232055664e-01
-3.464890271425247192e-02
-4.331590831279754639e-01
2.398124784231185913e-01
1.923793673515319824e+00
-1.105024933815002441e+00
5.704563856124877930e-01
-3.556198358535766602e+00
-6.091011762619018555e-01
-5.138032436370849609e-01
3.958931565284729004e-01
-6.196867465972900391e+00
2.506580591201782227e+00
8.490363121032714844e+00
-5.613089203834533691e-01
1.810135841369628906e-01
-2.103458791971206665e-01
1.285612392425537109e+01
-9.276922941207885742e-01
1.376929640769958496e+00
-6.554652750492095947e-02
-1.096269965171813965e+00
1.322757005691528320e+00
-2.398449659347534180e+00
-5.542248114943504333e-02
1.190838813781738281e-01
6.667335033416748047e-01
2.692207813262939453e+00
1.407854855060577393e-01
-1.071269631385803223e+00
1.261584281921386719e+00
1.418242740631103516e+01
-1.501084446907043457e+00
3.217673540115356445e+00
1.135951280593872070e+00
-7.117833197116851807e-02
1.360183656215667725e-01
-1.160077378153800964e-01
-1.051061972975730896e-01
-3.237559199333190918e-01
-2.662648260593414307e-01
-2.817275524139404297e-01
-2.564952671527862549e-01
-2.469700872898101807e-01
5.879507586359977722e-02
9.314300864934921265e-02
-3.400888293981552124e-02
8.380587399005889893e-02
-3.060418069362640381e-01
-6.708630826324224472e-04
1.166224360466003418e+00
1.316005736589431763e-01
5.586938858032226562e-01
4.916865527629852295e-01
-7.760037481784820557e-02
6.865014135837554932e-02
-1.762075871229171753e-01
4.845284670591354370e-02
1.191621422767639160e-01
-8.098234534263610840e-01
-4.962518215179443359e-01
-1.969289034605026245e-01
1.733175873756408691e+00
-9.082385897636413574e-02
-6.151226162910461426e-02
9.613932669162750244e-02
2.818219661712646484e+00
1.061349868774414062e+00
-3.946881532669067383e+00
8.931742906570434570e-01
-9.572093933820724487e-02
-2.818627357482910156e-01
-5.701340675354003906e+00
-4.005593299865722656e+00
-1.033095195889472961e-01
3.506439626216888428e-01
9.508560299873352051e-01
4.019695222377777100e-01
7.391539216041564941e-01
2.477164566516876221e-01
-3.723920285701751709e-01
-1.609099656343460083e-01
-1.050187587738037109e+00
3.579102754592895508e-01
4.985671639442443848e-01
-1.412777543067932129e+00
-3.823944807052612305e+00
-3.806939601898193359e+00
8.684445619583129883e-01
-4.939338564872741699e-01
-8.567525446414947510e-02
2.883388996124267578e-01
-3.454585969448089600e-01
3.746033310890197754e-01
1.086681365966796875e+00
-1.643542647361755371e-01
-7.028920650482177734e-01
-7.168739438056945801e-01
1.248291507363319397e-01
-1.735659539699554443e-01
-1.583136022090911865e-01
4.186859130859375000e-01
6.857906281948089600e-02
1.925989985466003418e-01
-1.216674327850341797e+00
4.610860049724578857e-01
8.552513718605041504e-01
8.975194394588470459e-02
2.103602290153503418e-01
-2.907865494489669800e-02
-3.064645528793334961e-01
3.146949410438537598e-01
1.605459004640579224e-01
5.903836339712142944e-02
-5.205096006393432617e-01
3.281586766242980957e-01
-6.970141828060150146e-02
1.182559132575988770e+00
-5.740166828036308289e-02
6.787671893835067749e-02
1.485175192356109619e-01
1.386735081672668457e+00
5.988736152648925781e-01
-3.122978448867797852e+00
2.958098351955413818e-01
7.205069530755281448e-03
2.456405311822891235e-01
-3.366757154464721680e+00
-2.954671382904052734e+00
-4.294483065605163574e-01
-2.097582630813121796e-02
-5.437927246093750000e-01
6.971502304077148438e-02
1.118031620979309082e+00
-2.058135867118835449e-01
6.133277416229248047e-01
-1.582624912261962891e-01
-9.279216527938842773e-01
-2.003766149282455444e-01
5.477945506572723389e-02
1.149146676063537598e+00
-4.321846961975097656e+00
-2.310518026351928711e+00
-5.683734416961669922e+00
9.051377885043621063e-03
3.604899626225233078e-03
-7.601296063512563705e-03
1.426845323294401169e-03
6.409770343452692032e-03
3.532618051394820213e-03
8.502803742885589600e-03
-6.203322671353816986e-03
-4.484539851546287537e-03
4.275174811482429504e-03
8.935170248150825500e-03
9.424848482012748718e-03
9.160833433270454407e-03
-2.579898340627551079e-03
1.276074443012475967e-03
6.942632026039063931e-04
7.887239567935466766e-03
6.661616265773773193e-03
8.963428437709808350e-03
3.280304372310638428e-03
3.239662386476993561e-03
7.224570494145154953e-03
8.640487678349018097e-03
3.436386352404952049e-03
2.044588327407836914e-03
-1.199243590235710144e-03
-9.021807461977005005e-03
-1.234445604495704174e-03
-1.032738015055656433e-03
-2.027594484388828278e-03
5.738536361604928970e-03
7.415407337248325348e-03
-4.428195301443338394e-03
-5.166043993085622787e-04
5.602709716185927391e-04
1.798197976313531399e-03
1.161222695372998714e-03
-1.192561234347522259e-03
-8.806401863694190979e-03
-7.160133216530084610e-03
6.189906271174550056e-04
-9.461789391934871674e-03
5.572357680648565292e-03
-4.120956175029277802e-03
7.693281397223472595e-03
2.692331559956073761e-03
-2.433003246551379561e-04
3.080627880990505219e-03
-3.796838456764817238e-03
-9.131822735071182251e-03
-2.022179542109370232e-03
-1.993194222450256348e-03
-6.180047988891601562e-03
-6.740148644894361496e-03
-9.588703513145446777e-03
8.739700913429260254e-01
8.402146100997924805e-01
-2.120180606842041016e+00
5.851276516914367676e-01
