2.161018610000610352e+00
4.618355751037597656e+00
1.970810651779174805e+00
3.094529628753662109e+00
2.081105470657348633e+00
1.589064121246337891e+00
2.015200138092041016e+00
2.326496839523315430e+00
2.597619771957397461e+00
-2.093693733215332031e+00
-3.602622449398040771e-01
1.463289618492126465e+00
-1.724810004234313965e-01
1.958548873662948608e-01
7.250637561082839966e-02
4.542464613914489746e-01
-7.971276640892028809e-01
-2.147904038429260254e-01
-1.389129161834716797e+00
7.964144647121429443e-02
-2.246095687150955200e-01
1.121220365166664124e-02
-2.717141807079315186e-01
-2.637839615345001221e-01
-6.850690394639968872e-02
-1.043803542852401733e-01
1.089118421077728271e-01
6.209787726402282715e-01
1.326322937011718750e+01
1.337445449829101562e+01
1.545154285430908203e+01
1.521300983428955078e+01
1.511156272888183594e+01
1.747621726989746094e+01
1.920769309997558594e+01
1.911140823364257812e+01
3.119531440734863281e+01
2.397244870662689209e-01
-1.509600639343261719e+00
4.908443987369537354e-02
-2.111476808786392212e-01
5.308898091316223145e-01
-2.237164974212646484e-01
1.758027374744415283e-01
2.562051452696323395e-02
4.875417232513427734e+00
1.315037965774536133e+00
1.123559996485710144e-01
3.012294769287109375e-01
-8.502987027168273926e-01
4.280941188335418701e-01
-6.686009168624877930e-01
-3.290338814258575439e-02
-7.088735580444335938e+00
4.883971810340881348e-01
-1.726403832435607910e-01
-8.948763608932495117e-01
3.389360383152961731e-02
-4.555785357952117920e-01
3.351916670799255371e-01
1.023641824722290039e+00
-9.525291919708251953e-01
3.955969512462615967e-01
-6.491275876760482788e-02
-3.396548032760620117e-01
-4.297910332679748535e-01
1.482844799757003784e-01
-2.174553573131561279e-01
-1.430517673492431641e+00
5.091817378997802734e-01
1.714658886194229126e-01
-4.190940558910369873e-01
1.355415105819702148e+00
4.779189527034759521e-01
-1.121389627456665039e+00
-2.423556089401245117e+00
-2.667785435914993286e-02
1.798482239246368408e-01
3.637407302856445312e+00
-3.136390075087547302e-02
1.464765906333923340e+00
5.268584251403808594e+00
-8.919855952262878418e-02
7.224291563034057617e-01
6.657758355140686035e-02
-2.625956535339355469e-01
3.007558882236480713e-01
5.991728976368904114e-02
2.984102368354797363e-01
-2.116737514734268188e-01
4.414654672145843506e-01
-1.477931857109069824e+00
5.561258271336555481e-02
4.618073813617229462e-03
-5.182151794433593750e-01
-1.110118851065635681e-01
-6.946782767772674561e-02
1.897322684526443481e-01
1.498395681381225586e+00
2.220840007066726685e-01
2.378071397542953491e-01
2.467244863510131836e-02
-1.651514023542404175e-01
2.497738599777221680e-01
-3.466714546084403992e-02
1.311786025762557983e-01
2.913618683815002441e-01
-8.787298202514648438e-02
-2.002591937780380249e-01
1.774204522371292114e-01
1.477563008666038513e-02
1.149957895278930664e+00
3.752639889717102051e-01
1.513001769781112671e-01
7.539767771959304810e-02
8.966907858848571777e-02
-5.110645890235900879e-01
2.543167471885681152e-01
1.567849069833755493e-01
3.822537064552307129e-01
7.592864036560058594e-01
-3.999521732330322266e-01
-1.512464284896850586e-01
-2.274290800094604492e+00
-5.334203839302062988e-01
-6.693938970565795898e-01
-1.292094111442565918e+00
-1.483910381793975830e-01
7.540329694747924805e-01
-8.590279519557952881e-02
-8.686480671167373657e-02
3.028772175312042236e-01
2.079542279243469238e-01
2.264541536569595337e-01
-2.335785925388336182e-01
2.022102028131484985e-01
-1.571637019515037537e-02
-9.524103254079818726e-03
2.316579073667526245e-01
-2.030538618564605713e-01
2.349540591239929199e-01
-8.483711630105972290e-02
1.440763175487518311e-01
-3.114963769912719727e+00
2.623472921550273895e-02
7.665225118398666382e-02
1.697662621736526489e-01
1.223630011081695557e-01
1.917430907487869263e-01
9.663354605436325073e-03
-8.607959151268005371e-01
1.728576421737670898e-01
-9.711948223412036896e-03
2.540744841098785400e-01
3.896724283695220947e-01
4.070270955562591553e-01
-4.343758821487426758e-01
2.726926803588867188e-01
1.747604757547378540e-01
-1.313350051641464233e-01
-7.510451972484588623e-02
3.537163734436035156e-01
-7.020757198333740234e-01
-2.182881385087966919e-01
1.597433090209960938e-01
-3.113089203834533691e-01
2.831325232982635498e-01
6.216294765472412109e-01
-1.431171745061874390e-01
4.264727532863616943e-01
3.811614811420440674e-01
1.523165106773376465e+00
-3.538106102496385574e-03
7.428464945405721664e-03
-5.687318742275238037e-03
4.698903765529394150e-03
-2.687618136405944824e-03
6.032051984220743179e-03
5.654711741954088211e-03
4.027107730507850647e-03
2.455531619489192963e-03
-1.263470912817865610e-04
6.810754071921110153e-03
4.241939634084701538e-03
-1.121820416301488876e-03
-9.379303082823753357e-03
-2.735204761847853661e-03
4.614435601979494095e-03
-4.886685637757182121e-04
-3.111660713329911232e-03
2.817608648911118507e-03
-7.475893478840589523e-03
-6.570694968104362488e-03
4.741729702800512314e-03
-7.459412328898906708e-03
-2.607002388685941696e-03
2.086680149659514427e-03
-7.937910966575145721e-03
6.047483533620834351e-03
8.911064825952053070e-03
9.580776095390319824e-03
7.624644786119461060e-03
2.553638536483049393e-03
8.609730750322341919e-03
4.495799075812101364e-03
4.333557561039924622e-03
-9.178428910672664642e-03
-1.210364513099193573e-03
-4.358604550361633301e-03
-3.300080541521310806e-03
-8.329459466040134430e-03
5.216983146965503693e-03
1.854489382822066545e-04
3.220948390662670135e-03
2.606288762763142586e-03
-2.581463428214192390e-03
-1.065196935087442398e-03
3.168397247791290283e-01
9.000113606452941895e-01
-2.153898954391479492e+00
6.569599509239196777e-01
