3.269249889923832031e-01
-8.117184230940509559e-01
2.589563530239161970e+00
5.411498701055316829e+00
6.610431383667150218e-01
-6.097185379410645367e-02
-4.129033509809101887e-01
8.969549889174724955e-01
5.918407908948335461e-01
-3.999152557840422451e-01
3.614915220969924792e-02
7.088710785468370634e-01
9.997722887889618493e-01
7.586283886242539687e-01
1.010571433766880745e+00
-1.043985327949049413e+00
-5.138823429174420587e-01
1.681549143160578241e+00
-1.396375792109297576e-01
1.020800798825682865e+00
1.005145707705804359e+00
1.521313829144734564e+00
7.263196798371531759e-01
-2.823144752255651646e+00
2.282649823213910023e-01
-6.873170832210938608e-01
8.754498094405898101e-01
7.502668492644691156e+00
-2.564452732451336647e+00
-1.553351754019475894e+00
-5.196739167731069031e+00
9.605472107607054832e-01
-4.077452310913615818e+00
-1.209179491594602363e+00
4.772045056780334360e-02
-6.473416329316100670e-01
-1.028945532001278140e+00
6.888894537934583950e-02
-1.899181968692383871e+00
5.901868942393739131e-02
3.351534533694441181e-02
7.735831430789445740e-02
9.416303617858604591e-01
-3.068931827483703412e+00
-1.101139777424720467e+00
2.356519195086705487e+00
-6.172932137984935563e-01
4.829891238336500692e+00
-5.197406584125349838e+00
6.904116890243290339e-01
-1.155082340350087888e-01
1.373660125340381288e-01
1.265460058957773803e+00
1.326762856005005764e+00
1.509805048790618498e+00
1.225310293436391085e+00
-2.842582389501090989e-01
-7.490128364134073236e-01
2.557476146024413755e+00
-9.466909234905220016e-02
1.711680048605782600e-01
-5.214803673043010290e-01
1.420511991261687312e-02
5.177004778905273108e-01
3.335395255587561558e-02
4.237230149521968303e-01
-8.671233376116553870e-01
-3.497309058270921256e-02
-2.003498393455853954e-01
8.384601631532238031e-01
5.409910239381556796e-01
9.387019672818996963e-01
1.326102127248101059e+00
-6.648290891262111924e-01
9.763512121710971048e-01
4.396087939642243647e-01
-3.439297842712448761e-01
-8.419590773978830045e-01
-2.105770012402068680e-01
3.874104542394819495e-01
-4.469097379923549496e-01
2.639303846029075057e-02
-2.669662133911834129e-02
-3.224224971812567619e-01
1.370510268042539059e-01
-2.423674801080643038e-01
-3.726773011276091757e-02
-6.842889096713441477e-01
1.929442287652743115e-01
-1.219435940122085421e-01
6.174313713753788561e-03
2.463318071930775122e-01
-7.620629978545415129e-02
1.210398532535146288e-01
1.678709657661102472e+00
-7.934748328853554744e-01
-2.019859078924037377e+00
-4.548008343524510555e-01
1.111480936677064824e+00
1.835958150489902518e+00
-2.093592547484635358e-01
-8.911743087179559153e-02
1.479905268641822924e-01
1.390548440034841127e+00
-2.287122289789859236e-02
8.436073326480632018e-01
4.942676673625820828e-05
-2.520406990755185150e-01
3.786755802877086463e-01
6.117615298915025646e-01
-2.962231072829022566e-02
-7.190588412117704387e-01
-1.798464277104188519e-02
-6.087490827790277281e-01
1.456270719063564645e+00
1.951341481028946723e-01
-1.979879288372558555e-01
6.809750758275670002e-01
-7.155335723724384200e-01
2.012201106418100682e+00
2.339955488797379690e+00
-1.075399101659555878e+00
-2.357175911448500527e-01
6.180222395019039361e-01
-2.313822507805023479e-02
9.755335853252182776e-01
6.101595849739355204e-01
2.792141040192210322e-01
2.237429575813846758e-02
8.132280441404333704e-01
7.705915535529179738e-01
3.205175097417001240e-01
5.847603698726784316e-01
3.165475753166640538e-01
-4.417507401880468865e-02
9.206075965714998199e-01
1.393176085894265448e-01
-6.216792700108229042e-01
3.462036178084618054e+00
-2.756504563840015187e+00
-5.619359244911525941e-01
6.179384484235213026e-01
1.379608557464068630e+00
1.552541180032639856e+00
1.055853227224138546e+00
-3.906703160301696620e-01
-6.058298592975153163e-01
1.146471804742280887e-01
5.034706510100663834e-01
4.933372801309263700e-01
-9.333260648123561376e-01
-1.875192684399880627e-01
4.975260070933431589e-01
-4.998156912622651049e-01
1.020488944710484791e+00
1.283976080390774488e+00
1.485979085446070158e+00
1.082359688814838128e+00
-1.057240078727420318e+00
-1.152956647800075674e+00
2.474340391678641282e+00
1.101537387385334688e+00
1.230556799745583296e+00
1.872682722206660877e+00
-2.527071784326733184e-01
-6.442079069699748750e-01
-2.317132861433424118e-01
1.152747586110490552e+00
7.510606009899045699e-01
-1.163419845723552726e+00
-1.136457929771953618e-01
1.284771682985092478e-01
-1.553253854696090563e-01
4.590952236038868817e-01
9.646414340023355960e-01
1.307147355123664978e+00
1.432841111999053840e+00
6.034225354201164793e-01
-1.519846485328479213e+00
6.674100282174101340e-01
1.631235576622298566e+00
-1.197568600041688747e+00
9.453268000091878953e-01
1.329915199717276675e+00
4.653017120289927311e-01
3.878325978465310686e-01
3.833113099582935446e-01
1.557009062371493391e+00
6.112079507170511405e-01
5.049540506781321492e-01
1.491763777911436772e-01
-4.597632854781627532e-01
1.771123836097322213e-01
5.204270568233848593e-01
4.824991490730319299e-01
2.190454158385168437e+00
-8.440123189786479241e-01
-4.304474946103395983e-01
-3.968797978462570986e-01
5.653694276123942819e-01
8.093896265695460501e-01
-3.490979329687214361e-01
-1.014897232820660411e-01
3.438237219945112777e-01
9.095962948319720187e-01
4.417333015009023423e-01
1.649277716881853095e+00
1.756331098694586534e-01
-7.523542905028028915e-01
-7.012909994686686299e-02
-5.329838465185151586e-01
1.074997491969371249e-01
1.939192230802808004e+00
2.295011723339619447e-01
-1.868486388830847000e-01
2.329956433130292714e-01
1.084906353364005538e+00
-5.390928821034095542e-01
-4.232130316881059506e-02
6.218355527683507855e-01
5.913005194182295865e-01
6.444079515172720374e-01
2.957094288472360333e+00
-1.837169979182575741e-01
-9.728111716717636748e-01
1.234865817742880845e+00
-8.360834346991223853e-01
5.794557767454632247e-01
1.321517722698904107e+00
-4.662714462498380175e-01
1.627172772381061616e+00
3.983025559028899321e-01
9.875787917687224304e-01
2.073511896686563438e-01
1.122562423620421912e+00
-6.053527668723008848e-01
-1.358332070730000063e-01
-2.193416054126679504e-01
9.968680452581511753e-02
-1.072310798216054156e-01
7.774768894763800509e-02
7.653293436634164282e-01
-4.520271710143616284e-01
3.898606990902814040e+00
-8.046324700188430823e-01
-3.879620012058107026e-01
-6.289626077291275985e-01
2.392006074101517971e-02
-4.599076334265028709e-01
-3.175683719339312816e-01
-2.138159632412160449e-01
-8.408133477199702943e-01
-5.091763824561367224e-01
4.642227615258303075e-01
7.064690390724333025e-01
5.718610955031093734e-01
5.493961594082423794e-01
-7.555954269443712068e-01
5.502328244871820262e-01
-5.186758487773834858e-01
3.279904453460587010e-01
7.749132487984081719e-01
-1.533457014267344265e+00
9.206108552399568101e-02
1.249450566200455137e+00
-2.860246113043012350e-01
-3.758291586449669097e-01
9.500029056989874876e-01
5.533192128910808805e-01
9.671137864605888756e-01
-6.013046598262803549e-02
3.707449818580643153e-01
4.307035362111779481e-02
8.328051375440668203e-01
-8.331058937238808859e-01
1.053270114291516082e-02
9.654309658193466204e-01
9.591243493988056701e-02
1.494768197385829278e-01
7.726034666456009781e-01
-2.794916247445201618e-01
1.253785272982905208e-01
-1.453498830439550749e-01
-2.581511787052519213e-02
-1.713477003603804810e-02
6.974530245040916343e-01
1.587330676355027392e-01
7.836246789925970235e-01
-5.443107982240394382e-02
-7.830082227324285105e-02
3.323071443400144598e-01
-2.360757679599786996e-01
2.930410264206547155e-01
2.495733035867994110e-01
1.174259054648664202e+00
-1.227156327602477948e+00
2.346001865086876081e-02
4.301985942782058925e-01
1.889402700212086325e-02
-2.077395059549037859e-01
1.395219668918563194e+00
6.030344617314387090e-01
2.024821475984206476e+00
2.572829005128199342e-01
5.062654460832793912e-01
-2.227322902781493086e-01
2.789283235013116369e-01
-1.970177421137427609e-01
1.566960510352892522e+00
-3.101903288344328713e-01
3.088276155042788407e-01
5.283243960372506765e-01
-4.653078323427954910e-01
-2.608120415383116120e-01
2.157263541780977956e-01
-9.825841393922175870e-02
1.998188003108764266e-01
2.875948391133924531e-01
5.394471575218041659e-01
6.264825826855392465e-01
-1.992883569723383486e-01
2.393207469419479649e-01
-3.158189464556199200e-01
-4.751536984865481483e-01
1.438940200409492443e+00
-3.106392598468941668e-01
9.349575731622968844e-01
9.479783317185741520e-01
-2.167344615769249971e-01
1.533839564826351143e-01
-1.164515614838114999e-01
3.095985512709078513e-01
-4.168468223726889271e-02
-7.364441859801679202e-01
1.982426643794996390e-01
-3.868715161851404294e-01
-4.913271338484082595e-01
-7.474379043783276888e-01
5.176299302936455682e-01
-9.996130162719181200e-01
5.339864715670038578e-03
-4.315165747479903779e-01
1.732321166507461596e+00
-8.843073824894472079e-02
9.691707814737855475e-01
1.640309464226980651e+00
7.150109814470017033e-01
2.467237983525265577e+00
-1.083642906912574144e+00
7.551670960219549755e-01
2.550589882194025382e-01
-9.765450961008880215e-01
7.874643336971319796e-01
-1.320342934947717151e+00
2.100562060954865307e-01
-1.472151888033038869e+00
-1.923546601879153606e-01
1.643037754592167499e+00
1.328294992873945590e+00
-8.778093768207593239e-01
-4.915511945191352039e-01
1.461970392245740324e+00
4.031011972965200529e-01
2.396254656075325062e+00
2.350046432670134688e+00
8.317013158624907421e-01
5.400078911739836229e-01
1.253006863334924947e+00
3.139661878535487949e-01
-8.664371122075118503e-01
-4.350257788254260904e-01
9.753368273073022010e-01
5.311776043831817340e-01
9.407538595999411779e-01
1.013540977565047907e+00
1.003263388758077301e+00
-8.063413122552152146e-01
6.985869216224760425e-02
3.917969998797781739e-01
-1.708907812853860675e-01
5.498431223199714557e-01
8.338030869156710656e-01
6.758264030987165549e-01
2.612473165293167920e-02
8.091635065257309911e-01
5.710011702832331476e-02
3.351640946885943440e-02
1.765139570002714486e-01
7.497604332659258963e-01
8.630260744354854852e-02
5.534622727710036827e-01
7.311623162932894271e-01
1.109308713310880323e+00
3.061615471330811356e-01
-5.263219693021484874e-02
4.263410814485567579e-01
6.448349886228653460e+00
-1.295252242478033944e+00
-2.261921835728817054e-01
-2.792457189825758301e-01
-8.217241070576496442e-01
1.037582127355848982e+00
-7.793856286768242603e-01
8.974836656259053136e-01
8.234677924885138722e-01
2.106706789096275401e+00
1.073461109819571657e+00
9.089835221665267806e-01
-7.755666271243020216e-01
7.545640855919109047e-01
1.485575489303814223e+00
-1.448496680965226553e-02
2.104316198463511145e-01
-2.394375110784303928e-01
-9.977645425093975562e-02
2.193418932013549760e+00
-1.066112398816387419e+00
-5.228942931678978168e-01
-6.828760798017694533e-01
5.402542869908292245e-01
8.380675006586011389e-01
-1.094685384862222666e+00
9.276780824241217527e-01
1.290707451333890310e+00
-1.548388806577329357e-01
6.858076464071438672e-01
7.286592630348185384e-01
2.049169160659402023e-01
5.607901774996983946e-01
8.224467727742417189e-01
4.391117407203939949e-01
9.908715238035586959e-01
-9.359710384539190464e-01
2.056526666006307791e-01
5.619411462018317760e-01
7.629875733904217805e-01
5.335372938729139314e-01
4.373586227511230828e-01
2.220028363154242790e+00
-3.159981380483513069e-01
-4.091079196257664252e-01
3.563310086663102005e+00
-9.984380315505392289e-01
1.154899147540867421e+00
-8.311579372391587617e-01
-4.242014266392664101e-01
1.022415587590082137e-01
-1.569920041056028337e+00
5.741058261527556272e-01
-1.825015411258770648e+00
4.589751951419477116e+00
7.551422106556471281e-01
3.631670828369904402e+00
1.366031014104903019e+00
9.636133842236753455e-02
-8.331627544075445035e-01
-2.688926912723119123e-01
7.065969504850052596e-01
-6.713336473894446765e-01
6.048178968966012592e-01
4.307389623163611625e-01
-9.959372098691438024e-01
3.348824655032871078e+00
5.748159145927248526e-01
4.549972066627339107e-02
3.547823316466630628e-01
-1.323785528599668859e-01
9.971208807909788252e-01
8.986527082419550894e-01
3.972529780347175077e+00
9.509134672705265023e-01
2.184340085662379138e+00
1.426721921008859084e+00
-6.778187165372334677e-02
-1.773201648477256809e+00
-1.006065017642838594e-01
1.278739286138505848e+00
8.269247607460546989e-01
5.847690920006610726e-01
2.146524826760919935e-01
-9.068474879368850772e-01
-2.242991521982157010e+00
-8.952205502397223569e-01
1.017352379088803271e+00
-1.197813007672440477e+00
-2.639539048284144651e-01
-1.833242883039355009e+00
-1.265359142217609811e+00
3.228975305990780531e-01
-3.221861837126743233e-01
-2.518496453165012805e-01
-9.320722686398139611e-01
-2.273153442801824908e-01
-9.835869632476852420e-01
-1.974163549701760667e+00
1.328582920060666028e+00
-3.140412592463817099e+00
-2.121858814287403749e+00
3.263018687802341500e-01
-1.313392330600559044e+00
-1.621509001260075911e+00
4.945085392875165908e-01
-4.912518921273552053e-01
6.185132632893360766e-02
5.967012824774360624e-02
-3.076707922739121415e-01
-5.878742036129717130e-01
4.426080326456489911e-02
4.135442146699643828e-01
1.925018471202293857e-01
2.321609256590103157e-02
-1.464589219321593028e+00
-1.041497346819585168e+00
1.294186794022694986e+00
-7.969591275922446871e-02
1.285954017676448569e+00
-1.277446986980618648e+00
9.463950850560879369e-01
-4.292898059198991811e-01
6.636778522627200250e-01
7.071620062069619017e-01
2.642295079218447487e-02
8.763955135280783182e-01
1.214595266367287929e-01
2.046104125106853910e+00
-1.003482418815112576e+00
6.643338561776301887e-01
1.396319889818948834e+00
3.807327469197069547e+00
1.698322812611118282e+00
1.047801038058513656e+00
-8.863674696152222809e-01
1.263982452003452384e+00
-4.689811157535473396e-01
4.885011731155579073e-01
7.541573584670957509e-01
-1.122897558042807165e-01
-3.068363440377392948e-01
-4.578721921402745254e-01
1.122881682215492338e+00
-7.313124897565427274e-01
1.255061595708791389e+00
8.612422664372382242e-01
9.918107088649092962e-01
3.930045549738032662e-01
-5.506854796087324797e-03
7.454088483886275318e-01
3.238434579080988196e-01
3.622809594564836977e-01
1.050767228430276701e+00
2.809458328249557213e-01
1.068485310039933162e-01
8.181862584069315991e-01
6.402390833990466712e-01
-7.763750186004564346e-01
2.889698255184147135e-01
-7.636558534813051025e-02
1.229011090017656238e-01
-6.470855874545814457e-01
-3.884720989849609896e-01
-2.690062939295875116e-02
-5.534075698166224244e-01
1.918560236659029083e+00
7.318781544599186617e-01
2.162230202970130577e+00
1.067920337998422786e+00
1.280302150953537499e+00
-1.346329682584321619e+00
5.235315933450560566e-01
-6.948873341615969812e-01
-2.593708359037453781e-01
1.399753823932446961e+00
4.177853859335013409e-01
-1.908625529124802211e-01
1.891011679378975074e+00
1.780221399420904016e-01
-1.071216667432910885e+00
6.981011283578536508e-01
1.317776790535671427e+00
-6.521448890685258570e-01
9.921643043772659931e-01
6.275244715142236362e-01
-5.717013160746112904e-02
3.134900168878392290e-01
6.096518958351185846e-01
1.804264055045721737e-01
3.680464705730810415e-01
6.602278768997503489e-02
6.645849296943362461e-02
3.959396048838201287e-01
-2.405598086543078162e-01
1.701270997075640112e-01
-8.823530791664285777e-01
1.331116430531080530e+00
6.100740356249766405e-01
2.825207382887603202e+00
1.793904121693324916e-01
-1.653879440870834383e+00
6.789003878513097945e-01
2.758786845981724412e-01
-1.088852407089984764e+00
1.704859510381867116e+00
1.076994063318138073e+00
7.057490803456262229e-01
3.362959786288952646e-01
6.133612864420282529e-01
-2.071387088859684700e-01
7.034707986931936219e-01
-1.153989115411050204e+00
1.159522786447892306e+00
1.907649283885907709e-01
9.748012287163552170e-01
5.039935686164201734e+00
1.409778299185787009e+00
-3.767977141628456872e-01
5.691550729027323730e-01
1.147241347583238258e-01
4.268642438047354215e-02
4.803415588732834474e-01
-5.446255199318947304e-02
1.044472380175926141e+00
-4.625528297237406328e+00
7.798635043347664775e-01
-1.211335566530222341e+00
1.913711909676002187e-01
8.230585017544431725e-01
-1.104550771519588803e+00
3.163289049068870096e+00
-3.353543250874811699e-02
-1.605833446981364265e-01
1.487769720288487418e+00
-4.747608486121739357e-01
-5.085157890479657938e-01
2.905436270986983871e+00
3.568509550027438304e-01
8.951951730764725612e-01
1.022910208940261932e-02
6.967255241135428268e-01
7.842660790740586529e-01
-1.991836865172745386e+00
-2.333346202239270362e-01
7.539269732001581126e-01
-1.666573830840079484e+00
8.113714457883914877e-01
-1.323303792281450564e+00
-3.323854009373649054e-01
-3.114375208275368401e-01
1.326494373020014050e+00
8.864167034689318658e-01
3.908590214284156095e-01
-6.270086349941139670e-03
-3.245241947469168064e-03
