1.668374061584472656e+00
1.662098526954650879e+00
4.382915496826171875e+00
5.296371579170227051e-01
1.795397758483886719e+00
3.085939645767211914e+00
2.256648778915405273e+00
2.256260871887207031e+00
2.433252573013305664e+00
1.528542041778564453e+00
1.886755347251892090e+00
-2.390888482332229614e-01
7.824096083641052246e-01
-1.724988520145416260e-01
1.425564527511596680e+00
3.915601372718811035e-01
-2.534367442131042480e-01
5.466839075088500977e-01
4.981256723403930664e-01
6.701381206512451172e-01
-3.915334939956665039e-01
-9.988316893577575684e-01
-8.579157590866088867e-01
1.893697232007980347e-01
-1.371587514877319336e-01
-1.089365258812904358e-01
1.594059728085994720e-02
-3.276293277740478516e-01
-2.730616033077239990e-01
6.362064182758331299e-02
-2.948766648769378662e-01
2.184551358222961426e-01
8.050778508186340332e-02
8.362739682197570801e-01
1.014530563354492188e+01
1.322908401489257812e+01
1.319546985626220703e+01
1.401540374755859375e+01
1.548594951629638672e+01
1.503361797332763672e+01
1.726539802551269531e+01
1.885383987426757812e+01
1.953174781799316406e+01
1.953653907775878906e+01
2.568879127502441406e+01
1.519143819808959961e+00
1.053969934582710266e-01
-6.959885358810424805e-01
-2.080529481172561646e-01
-5.342035889625549316e-01
1.418503522872924805e+00
7.442537546157836914e-01
-2.022466063499450684e-01
8.455474376678466797e-01
-1.811960339546203613e+00
-1.987082481384277344e+00
-1.387933827936649323e-02
-7.323417663574218750e-01
-1.473510980606079102e+00
2.283458411693572998e-01
3.247106969356536865e-01
4.530544877052307129e-01
-1.555752754211425781e+00
1.161888539791107178e-01
1.066735029220581055e+00
-4.196552038192749023e-01
6.682592630386352539e-01
6.499032378196716309e-01
-3.449214994907379150e-01
-3.729274272918701172e-01
-1.096983790397644043e+00
3.079576492309570312e+00
-9.957153201103210449e-01
-2.290753364562988281e+00
3.609373867511749268e-01
2.756193399429321289e+00
-5.180301070213317871e-01
8.845634013414382935e-02
1.284803897142410278e-01
-6.236397624015808105e-01
1.414978981018066406e+00
-2.199767589569091797e+00
2.412555962800979614e-01
3.615304231643676758e-01
-1.872567236423492432e-01
1.834598481655120850e-01
-6.434584408998489380e-02
-1.606385231018066406e+00
4.380562901496887207e-01
-2.228139489889144897e-01
-1.252694368362426758e+00
-5.060431957244873047e-01
2.540031820535659790e-02
6.695786714553833008e-01
-1.294215917587280273e-01
4.407791197299957275e-01
-8.589222282171249390e-02
2.438732624053955078e+00
1.110578626394271851e-01
-1.993527770042419434e+00
5.109719634056091309e-01
-3.522144794464111328e+00
-7.167150378227233887e-01
4.694967269897460938e+00
-2.164988517761230469e+00
1.596354365348815918e+00
1.296449780464172363e+00
3.669383749365806580e-02
-7.021798610687255859e+00
-5.292553305625915527e-01
-3.724284648895263672e+00
5.500496625900268555e-01
1.813126206398010254e-01
-2.494054883718490601e-01
1.024991750717163086e+00
-1.965004801750183105e-01
-3.735279664397239685e-02
9.266716986894607544e-02
-2.156565338373184204e-01
7.891163975000381470e-02
-1.171264648437500000e-01
2.798912525177001953e-01
5.828015208244323730e-01
7.111512422561645508e-01
-2.292708307504653931e-01
1.124491468071937561e-01
5.713218078017234802e-02
2.607232332229614258e-01
1.949266344308853149e-01
-3.647436201572418213e-02
1.079029869288206100e-02
-8.554509282112121582e-01
-3.131109476089477539e+00
1.506082177162170410e+00
-1.494302898645401001e-01
-4.545439481735229492e-01
9.701967984437942505e-02
-2.542691230773925781e-01
-7.509189248085021973e-01
-4.606249928474426270e-01
1.491908192634582520e+00
-8.135455250740051270e-01
6.968319416046142578e-02
1.553177982568740845e-01
4.973931238055229187e-02
-5.424972176551818848e-01
1.451224565505981445e+00
7.992748618125915527e-01
-1.007990002632141113e+00
3.703650236129760742e-01
2.576015293598175049e-01
-1.718080341815948486e-01
5.643482208251953125e-01
-1.454065889120101929e-01
2.885089814662933350e-01
-1.724670082330703735e-01
3.326536417007446289e-01
-5.321726948022842407e-02
-2.350684702396392822e-01
2.812366783618927002e-01
2.135685384273529053e-01
5.596964806318283081e-02
3.979544937610626221e-01
-4.886186718940734863e-01
1.043744444847106934e+00
3.410693705081939697e-01
3.898470103740692139e-01
1.480235219001770020e+00
-9.595995545387268066e-01
-8.775273561477661133e-01
2.082405835390090942e-01
3.339157998561859131e-01
7.100565433502197266e-01
-5.982216000556945801e-01
7.230873703956604004e-01
5.473195109516382217e-03
1.036023139953613281e+00
-1.017783284187316895e+00
1.204056851565837860e-02
4.995837807655334473e-02
-2.047935277223587036e-01
7.467362284660339355e-02
3.060049712657928467e-01
7.329769432544708252e-02
-2.381736785173416138e-01
-1.165466979146003723e-01
-1.051887944340705872e-01
-1.306696385145187378e-01
-1.094881892204284668e-01
-2.038329988718032837e-01
3.628630042076110840e-01
4.151963070034980774e-02
-1.851866394281387329e-01
-1.298785656690597534e-01
4.498167634010314941e-01
-1.881070137023925781e-01
-3.601384460926055908e-01
3.427518904209136963e-01
1.744700312614440918e+00
-7.925301194190979004e-01
2.372796088457107544e-01
1.061137765645980835e-01
6.466991901397705078e-01
-1.317939877510070801e+00
1.268348336219787598e+00
1.090542912483215332e+00
-9.665910005569458008e-01
-2.930668294429779053e-01
-1.126330159604549408e-02
7.076019793748855591e-02
-2.325785811990499496e-03
1.374578177928924561e-01
-5.124502182006835938e-01
3.528653085231781006e-02
1.493056714534759521e-01
-2.361917346715927124e-01
1.049341633915901184e-02
-8.793677389621734619e-02
5.490353330969810486e-02
4.534374475479125977e-01
-3.863424062728881836e-01
-5.480790138244628906e-01
1.220337077975273132e-01
4.719116389751434326e-01
-3.148554265499114990e-02
-8.325800299644470215e-01
3.132285773754119873e-01
-5.221270918846130371e-01
2.031026966869831085e-02
-7.658066749572753906e-01
8.436152338981628418e-02
6.144226789474487305e-01
-4.456766545772552490e-01
1.315066695213317871e+00
-1.914964765310287476e-01
-1.031359553337097168e+00
6.923382282257080078e-01
-3.340699970722198486e-01
7.273129373788833618e-02
-6.401291489601135254e-02
1.675673127174377441e+00
-4.219189286231994629e-01
-7.082188725471496582e-01
6.705652922391891479e-03
-7.333968300372362137e-03
-4.698904231190681458e-03
-3.842528909444808960e-03
-6.994706112891435623e-03
-8.738712407648563385e-03
-8.265849202871322632e-03
-8.457466959953308105e-03
-8.226488716900348663e-03
-2.766719844657927752e-04
-4.557997453957796097e-03
3.829344641417264938e-03
6.913750898092985153e-03
-2.721544122323393822e-03
2.590747317299246788e-03
7.012931630015373230e-03
5.846371059305965900e-04
6.926401518285274506e-03
-1.195309567265212536e-03
4.122237209230661392e-03
6.235179957002401352e-03
-4.355252720415592194e-03
-7.227722089737653732e-03
1.153643126599490643e-03
3.314706496894359589e-03
6.434322567656636238e-04
-3.255653136875480413e-04
-2.993575762957334518e-03
2.796823857352137566e-03
-4.888833700533723459e-06
5.980321206152439117e-03
-8.517607784597203135e-05
4.215134307742118835e-03
-4.217444453388452530e-03
4.888267721980810165e-03
3.313938388600945473e-03
1.222194696310907602e-04
3.940190654247999191e-03
9.108474478125572205e-03
3.882524091750383377e-03
9.797643870115280151e-03
-1.166572677902877331e-03
1.947132172062993050e-03
-4.218159883748739958e-04
-8.674373850226402283e-03
-6.227885838598012924e-03
2.339281607419252396e-03
-7.975037209689617157e-03
-8.856056258082389832e-03
-3.225273918360471725e-03
4.887139890342950821e-03
-4.691561043728142977e-04
5.473638884723186493e-03
-7.176098879426717758e-03
8.099284023046493530e-03
-2.313358709216117859e-03
-5.617809947580099106e-03
6.298458320088684559e-04
8.878996595740318298e-03
6.484581623226404190e-03
9.027546271681785583e-03
-3.197388025000691414e-03
9.303172118961811066e-03
-4.057281767018139362e-04
-8.878438733518123627e-03
-2.603565109893679619e-03
1.488796234130859375e+00
9.013748764991760254e-01
-1.609672427177429199e+00
5.734037756919860840e-01
