1.146047878265380859e+01
7.605616092681884766e+00
1.108905506134033203e+01
8.612596511840820312e+00
8.488140106201171875e+00
1.047745800018310547e+01
1.544737625122070312e+01
1.544454288482666016e+01
1.618481636047363281e+01
1.243353462219238281e+01
1.553984642028808594e+01
1.549538707733154297e+01
1.547840404510498047e+01
1.557536220550537109e+01
2.586139202117919922e+00
9.290220141410827637e-01
8.707664489746093750e+00
1.816165328025817871e+00
6.891523838043212891e+00
8.829068183898925781e+00
-1.035367012023925781e+00
8.546292304992675781e+00
-4.283267974853515625e+00
-1.050564098358154297e+01
-7.224727153778076172e+00
-7.783234596252441406e+00
3.361972808837890625e+00
4.489885866641998291e-01
-2.795052766799926758e+00
8.957466125488281250e+00
-2.031513929367065430e+00
6.792773246765136719e+00
-5.119755268096923828e+00
-1.701694965362548828e+00
-3.184742927551269531e+00
-7.277930259704589844e+00
-1.936967849731445312e+00
4.118370532989501953e+00
8.627459526062011719e+00
5.639792442321777344e+00
2.890002489089965820e+00
-8.074328422546386719e+00
2.376872777938842773e+00
-3.324017286300659180e+00
-7.128286838531494141e+00
-2.065122127532958984e+00
-4.117963790893554688e+00
-1.013728237152099609e+01
8.267691731452941895e-01
6.398351192474365234e+00
-8.693989753723144531e+00
-2.814511060714721680e+00
1.570832252502441406e+00
-1.093747094273567200e-02
-4.049470424652099609e+00
7.140061855316162109e+00
5.144902229309082031e+00
2.046142101287841797e+00
3.574045419692993164e+00
-7.296433925628662109e+00
6.191179752349853516e+00
-3.641681671142578125e+00
-1.096640968322753906e+01
-1.124486088752746582e+00
-3.824166357517242432e-01
-3.816767215728759766e+00
8.264049530029296875e+00
-2.450597733259201050e-01
-1.012763404846191406e+01
-1.028199005126953125e+01
-2.689007759094238281e+00
7.312550544738769531e+00
1.397371411323547363e+00
-1.836299777030944824e+00
5.753895282745361328e+00
-4.269198894500732422e+00
1.057844734191894531e+01
-3.194060564041137695e+00
9.040470123291015625e+00
-2.309555768966674805e+00
5.815217494964599609e+00
-8.073622703552246094e+00
1.551155328750610352e+00
4.508472442626953125e+00
5.147695541381835938e+00
1.963652253150939941e+00
-1.041392922401428223e+00
5.161817550659179688e+00
5.468554496765136719e-01
1.802439332008361816e+00
-6.093623638153076172e-01
8.996518254280090332e-01
5.624892115592956543e-01
6.420324325561523438e+00
3.041119098663330078e+00
-4.687300026416778564e-01
7.383648395538330078e+00
-3.014431238174438477e+00
2.299232959747314453e+00
-2.105612516403198242e+00
-3.683288097381591797e+00
-2.450380086898803711e+00
3.133468627929687500e+00
1.772283554077148438e+00
-3.004993677139282227e+00
1.118319129943847656e+01
4.141397178173065186e-01
3.668078660964965820e+00
-1.072882786393165588e-01
2.539626598358154297e+00
-1.254582166671752930e+00
1.006752014160156250e+00
-3.132020950317382812e+00
4.826075553894042969e+00
-8.496862053871154785e-01
1.912518143653869629e-01
7.341891765594482422e+00
-7.918365001678466797e-01
2.087699651718139648e+00
-1.115039587020874023e+00
3.285998344421386719e+00
3.673720121383666992e+00
-4.187251567840576172e+00
2.772652149200439453e+00
2.347468137741088867e+00
3.087307214736938477e+00
-1.197637200355529785e+00
-1.357802152633666992e+00
-2.816492080688476562e+00
2.835772752761840820e+00
2.679597854614257812e+00
-1.508372902870178223e+00
-6.539707779884338379e-01
-1.799240350723266602e+00
-1.243879914283752441e+00
-2.686842441558837891e+00
2.169071674346923828e+00
-2.447440862655639648e+00
-5.575746297836303711e-01
3.574762582778930664e+00
3.351225376129150391e+00
-1.974808275699615479e-01
1.457794308662414551e+00
2.682628393173217773e+00
4.754964351654052734e+00
-1.780045866966247559e+00
2.736959695816040039e+00
1.972072005271911621e+00
-3.752980947494506836e+00
4.229632377624511719e+00
-9.067012667655944824e-01
3.245421409606933594e+00
-2.722787141799926758e+00
-2.592905521392822266e+00
3.260375738143920898e+00
3.951172232627868652e-01
2.102060556411743164e+00
8.175541162490844727e-01
9.902567267417907715e-01
-3.055255115032196045e-01
-8.632798194885253906e-01
1.866290211677551270e+00
-2.620370864868164062e+00
-1.944251298904418945e+00
4.121609687805175781e+00
4.102606773376464844e+00
8.283470869064331055e-01
4.700580596923828125e+00
-1.458790302276611328e+00
-1.836159944534301758e+00
9.865194559097290039e-01
5.336017012596130371e-01
-1.094276428222656250e+00
5.005113601684570312e+00
-1.232550024986267090e+00
8.558202385902404785e-01
2.180166244506835938e+00
-3.263511180877685547e+00
8.086711764335632324e-01
-2.332700490951538086e+00
2.783938646316528320e+00
3.328532457351684570e+00
1.801706433296203613e+00
6.398520469665527344e-01
-3.088665485382080078e+00
-2.770752906799316406e+00
1.684682965278625488e-01
-1.096584439277648926e+00
9.718834757804870605e-01
-2.102824926376342773e+00
1.208457708358764648e+00
3.294440031051635742e+00
-4.706694483757019043e-01
-1.640401721000671387e+00
1.345689058303833008e+00
-5.980873107910156250e-01
-1.466322302818298340e+00
3.366791605949401855e-01
3.744682788848876953e+00
-2.690151691436767578e+00
5.153241157531738281e-01
-1.867684721946716309e-01
4.951103627681732178e-01
-2.202688455581665039e+00
-1.861490726470947266e+00
-9.085465073585510254e-01
-1.066743373870849609e+00
3.702126026153564453e+00
2.195981293916702271e-01
1.769141674041748047e+00
-1.284062147140502930e+00
3.889804840087890625e+00
-1.065751791000366211e+00
6.349680572748184204e-02
-2.545473814010620117e+00
2.328053951263427734e+00
1.878438353538513184e+00
-9.895034879446029663e-02
-1.580647826194763184e+00
-2.697740554809570312e+00
-5.577260851860046387e-01
-1.162366867065429688e+00
-5.510951280593872070e-01
-1.404411077499389648e+00
-1.082713127136230469e+00
9.144185781478881836e-01
4.300703525543212891e+00
-3.670211553573608398e+00
4.029325485229492188e+00
3.158579587936401367e+00
1.801996827125549316e+00
-1.240442037582397461e+00
-2.315304428339004517e-01
-1.885986685752868652e+00
1.502369999885559082e+00
2.056711196899414062e+00
-2.745916128158569336e+00
4.962504208087921143e-01
-2.807163476943969727e+00
-8.423174023628234863e-01
-3.016208648681640625e+00
3.255843400955200195e+00
-1.779805064201354980e+00
-1.372126579284667969e+00
3.366451740264892578e+00
2.935016155242919922e+00
4.061096608638763428e-01
1.577654123306274414e+00
2.603015184402465820e+00
3.252719640731811523e+00
-1.988528370857238770e-01
2.374826431274414062e+00
2.218541145324707031e+00
-3.368373632431030273e+00
3.518305540084838867e+00
-1.839876025915145874e-01
2.650665760040283203e+00
-2.206730127334594727e+00
-7.090731859207153320e-01
2.256693124771118164e+00
4.858646988868713379e-01
2.290036439895629883e+00
-6.332107186317443848e-01
1.231643080711364746e+00
5.754650235176086426e-01
-1.407842636108398438e+00
1.306919097900390625e+00
-2.127026796340942383e+00
-8.245630264282226562e-01
4.210286140441894531e+00
3.344935417175292969e+00
-2.119775302708148956e-02
3.470602512359619141e+00
6.871263384819030762e-01
-2.344692230224609375e+00
3.557936251163482666e-01
3.800131678581237793e-01
-1.039381027221679688e+00
4.674188613891601562e+00
-1.163276314735412598e+00
1.801726102828979492e+00
2.843400478363037109e+00
-1.225741267204284668e+00
-1.117950201034545898e+00
-1.531380891799926758e+00
2.626208305358886719e+00
2.745765209197998047e+00
1.677295804023742676e+00
2.893023788928985596e-01
-3.005605697631835938e+00
-2.478500366210937500e+00
8.108582496643066406e-01
5.315328240394592285e-01
1.328708767890930176e+00
-1.508760929107666016e+00
-5.499630570411682129e-01
2.077965497970581055e+00
3.421013355255126953e-01
-1.136237502098083496e+00
3.728705346584320068e-01
-9.977601766586303711e-01
-1.413078546524047852e+00
4.050309658050537109e-01
3.352067470550537109e+00
-2.321768045425415039e+00
1.063335180282592773e+00
-1.335358172655105591e-01
5.290475487709045410e-01
-1.065524697303771973e+00
-7.599163055419921875e-01
-1.659710764884948730e+00
-8.017668724060058594e-01
2.331690073013305664e+00
1.332310557365417480e+00
8.857100009918212891e-01
-1.073299050331115723e+00
4.171255588531494141e+00
-1.930133938789367676e+00
5.143402144312858582e-03
-2.271711349487304688e+00
1.914178013801574707e+00
1.825388789176940918e+00
4.059134125709533691e-01
-1.271013259887695312e+00
-2.681213617324829102e+00
1.980735898017883301e+00
-1.927951216697692871e+00
6.416784524917602539e-01
-8.645482063293457031e-01
-7.371786832809448242e-01
