1.534770607948303223e+00
1.216150045394897461e+00
1.532088756561279297e+00
3.849357843399047852e+00
1.003082156181335449e+00
2.392022848129272461e+00
3.035097837448120117e+00
1.888365030288696289e+00
1.891030311584472656e+00
1.412571907043457031e+00
2.074422121047973633e+00
2.756464004516601562e+00
6.672139167785644531e-01
7.522848248481750488e-01
7.297844886779785156e-01
1.865559816360473633e+00
-3.581178486347198486e-01
3.210188746452331543e-01
1.521785557270050049e-01
1.634232163429260254e+00
6.309227645397186279e-02
-1.886559277772903442e-01
-3.937331140041351318e-01
1.384012401103973389e-01
-5.670379400253295898e-01
-2.462344989180564880e-02
8.617523908615112305e-01
9.368311762809753418e-01
-4.466617703437805176e-01
3.120788335800170898e-01
2.365023136138916016e+00
1.689470256678760052e-03
-1.502563655376434326e-01
-6.280177086591720581e-02
-3.306574523448944092e-01
-1.351730376482009888e-01
-2.731820642948150635e-01
5.613234639167785645e-02
-6.309047341346740723e-02
8.668318390846252441e-02
-2.614849805831909180e-02
-1.330986898392438889e-02
-6.636175513267517090e-02
6.140274927020072937e-02
9.563848376274108887e-02
-1.402118086814880371e+00
9.318386077880859375e+00
1.097973918914794922e+01
1.312574481964111328e+01
1.336335659027099609e+01
1.398141956329345703e+01
1.540578842163085938e+01
1.491064262390136719e+01
1.659893035888671875e+01
1.981122779846191406e+01
1.783957862854003906e+01
1.913822174072265625e+01
2.823510551452636719e+01
2.136524772644042969e+01
2.340236854553222656e+01
3.185383224487304688e+01
1.465061426162719727e+00
-7.135122418403625488e-01
8.182393908500671387e-01
-2.121363282203674316e-01
5.424335971474647522e-02
-7.927659153938293457e-01
6.643481850624084473e-01
-1.640596538782119751e-01
-2.588985860347747803e-01
-9.918263554573059082e-01
-2.825449705123901367e-01
-1.671130955219268799e-01
-5.581137537956237793e-01
2.580260634422302246e-01
-2.009382098913192749e-01
5.507246851921081543e-01
-2.519418299198150635e-02
4.538825750350952148e-01
-1.677908539772033691e+00
2.580774128437042236e-01
4.111319482326507568e-01
4.791582822799682617e-01
-2.688006460666656494e-01
1.204190328717231750e-01
6.985602974891662598e-01
-1.248805373907089233e-01
-8.560640215873718262e-01
-2.129122018814086914e-01
1.219496965408325195e+00
6.776196956634521484e-01
-1.104512929916381836e+00
-1.252166748046875000e+00
-1.841140836477279663e-01
8.122867345809936523e-01
1.962038874626159668e-01
9.720482826232910156e-01
1.544961035251617432e-01
-3.326267898082733154e-01
-9.638161063194274902e-01
-9.153620600700378418e-01
-1.542891412973403931e-01
-9.481633901596069336e-01
1.331789374351501465e+00
-7.535671591758728027e-01
1.984384655952453613e-01
-5.207685828208923340e-01
-9.439554214477539062e-01
-7.196822762489318848e-01
4.857680499553680420e-01
1.210427165031433105e+00
2.025155067443847656e+00
3.375710546970367432e-01
-5.872378349304199219e-01
2.588669061660766602e+00
2.620506286621093750e+00
-4.773386120796203613e-01
-6.549413204193115234e-01
-2.449458837509155273e-01
1.064908504486083984e+00
1.698547154664993286e-01
-2.115409672260284424e-01
-2.597506344318389893e-01
-3.186169639229774475e-02
5.125684142112731934e-01
1.943859696388244629e+00
2.068866938352584839e-01
-3.115407526493072510e-01
-4.970939159393310547e-01
-1.070628523826599121e+00
-9.603039622306823730e-01
7.224684208631515503e-02
-2.393644005060195923e-01
-9.508281946182250977e-03
-7.872216105461120605e-01
-7.429221272468566895e-02
-8.077652454376220703e-01
3.124377727508544922e-01
3.019263148307800293e-01
-6.047172546386718750e-01
-1.728325486183166504e-01
-6.873829364776611328e-01
9.104989767074584961e-01
-1.304858684539794922e+00
-2.735691070556640625e-01
1.823048442602157593e-01
-3.935544192790985107e-01
5.328167080879211426e-01
-8.756232857704162598e-01
4.910179972648620605e-01
1.191552639007568359e+00
-1.446349501609802246e+00
-7.002575397491455078e-01
-4.246643185615539551e-01
-8.888877034187316895e-01
5.084170103073120117e-01
2.254851162433624268e-01
-4.254230558872222900e-01
-1.430868864059448242e+00
9.516893625259399414e-01
8.196485638618469238e-01
1.312159299850463867e-01
2.146258950233459473e-01
-2.768292427062988281e+00
1.792505860328674316e+00
-5.049417018890380859e-01
-3.423124924302101135e-02
-2.039889574050903320e+00
1.055377244949340820e+00
1.349519491195678711e+00
1.454357862472534180e+00
2.010675191879272461e+00
-3.005365133285522461e+00
-1.123738050460815430e+00
-1.723831295967102051e-01
-4.772542119026184082e-01
-8.551698923110961914e-01
-1.332656621932983398e+00
-6.281700730323791504e-01
4.967281818389892578e-01
-1.182481527328491211e+00
-2.684145867824554443e-01
1.305268704891204834e-01
-5.144699215888977051e-01
-1.045071557164192200e-01
1.423311233520507812e-01
4.376661181449890137e-01
-3.269481956958770752e-01
8.847364187240600586e-01
3.467164561152458191e-02
4.680716693401336670e-01
1.130671873688697815e-01
1.008411943912506104e-01
-1.178353726863861084e-01
3.277651369571685791e-01
4.592159688472747803e-01
1.590424180030822754e-01
1.941449046134948730e-01
1.456628087908029556e-03
2.526419162750244141e-01
-2.327496856451034546e-01
2.205311506986618042e-01
-4.779337048530578613e-01
3.304283618927001953e-01
2.715495526790618896e-01
-1.392624340951442719e-02
6.153906881809234619e-02
-1.443710625171661377e-01
-2.957988977432250977e-01
9.563528001308441162e-02
8.621607720851898193e-02
8.358044028282165527e-01
4.134526550769805908e-01
-1.722674518823623657e-01
-3.871982172131538391e-02
-1.566724479198455811e-02
4.914527013897895813e-02
1.444957801140844822e-03
6.438596546649932861e-02
-1.900647133588790894e-01
-9.025082737207412720e-02
2.070130035281181335e-02
-5.702211707830429077e-02
-6.883833408355712891e-01
6.655877828598022461e-02
-2.471784055233001709e-01
1.169781237840652466e-01
5.248597860336303711e-01
3.429181873798370361e-01
1.626342386007308960e-01
-5.905703306198120117e-01
-5.498121380805969238e-01
-3.659107983112335205e-01
-5.602273941040039062e-01
-7.426322102546691895e-01
-4.883611798286437988e-01
2.875932455062866211e-01
7.969275861978530884e-02
1.407604012638330460e-02
-4.247441589832305908e-01
4.040395617485046387e-01
2.781051397323608398e-01
-2.026442587375640869e-01
-4.315273165702819824e-01
-2.943663895130157471e-01
9.717907309532165527e-01
4.751126170158386230e-01
1.843785792589187622e-01
-1.008334010839462280e-01
4.158373475074768066e-01
1.850622445344924927e-01
2.300358116626739502e-01
6.049571186304092407e-02
-3.724415600299835205e-01
-1.822808198630809784e-02
3.489088714122772217e-01
2.401675730943679810e-01
6.889984756708145142e-02
-3.832747638225555420e-01
2.482765614986419678e-01
-1.403890848159790039e-01
-3.416137397289276123e-01
3.460418879985809326e-01
7.184633612632751465e-02
1.272908039391040802e-02
-4.877078905701637268e-02
5.607047677040100098e-01
-2.878438532352447510e-01
2.490064799785614014e-01
2.099875360727310181e-02
-1.546592861413955688e-01
5.098447203636169434e-01
-3.107931613922119141e-01
7.660797834396362305e-01
3.011764883995056152e-01
-3.429256379604339600e-01
-2.973547875881195068e-01
9.950311779975891113e-01
-1.825083419680595398e-02
6.767261624336242676e-01
2.773016924038529396e-03
3.106398694217205048e-02
2.418839931488037109e-01
1.001099422574043274e-01
-9.111340641975402832e-01
1.410011053085327148e-01
5.690345168113708496e-01
1.107698798179626465e+00
-1.015921711921691895e+00
2.769425511360168457e-01
4.695194214582443237e-02
-3.802714347839355469e-01
-8.763187527656555176e-01
5.303161740303039551e-01
-4.026380479335784912e-01
1.572175145149230957e+00
-3.547487780451774597e-02
-8.498727679252624512e-01
1.456000804901123047e-01
-5.354348421096801758e-01
1.920253783464431763e-01
-2.248810827732086182e-01
-1.162591390311717987e-03
1.712807267904281616e-01
1.012463197112083435e-01
-1.624611765146255493e-01
-1.642940193414688110e-02
-2.764146961271762848e-02
-1.472899466753005981e-01
-6.535324454307556152e-02
-1.961914300918579102e-01
-8.721146732568740845e-03
-1.757638603448867798e-01
-1.172376982867717743e-02
-4.246081784367561340e-02
4.999402910470962524e-02
-1.967506259679794312e-01
-1.751198470592498779e-01
-2.528778910636901855e-01
2.394720166921615601e-01
-1.253730356693267822e-01
-4.470062628388404846e-02
3.372675478458404541e-01
2.677965164184570312e-02
-4.681025817990303040e-02
-7.700136303901672363e-02
1.346897631883621216e-01
-6.058955565094947815e-02
-2.741573154926300049e-01
4.833637923002243042e-02
-1.005657315254211426e-01
-1.173089891672134399e-01
2.108605206012725830e-01
6.486296653747558594e-02
-8.163163065910339355e-02
2.040325105190277100e-01
-1.412066370248794556e-01
-6.501646339893341064e-02
4.006997123360633850e-02
-7.012734562158584595e-02
1.125945225358009338e-01
-2.986246347427368164e-01
3.272721469402313232e-01
-1.701123714447021484e-01
1.053296849131584167e-01
-5.832008272409439087e-02
2.181154191493988037e-01
9.248704463243484497e-02
-8.934721350669860840e-02
-1.711714118719100952e-01
9.268481284379959106e-02
-2.213934659957885742e-01
-1.410915404558181763e-01
1.886400729417800903e-01
3.567435741424560547e-01
-6.038265228271484375e-01
5.156655609607696533e-02
-1.202348545193672180e-01
-5.021739006042480469e-02
2.314466536045074463e-01
-1.593503952026367188e-01
1.780676096677780151e-01
2.929932177066802979e-01
3.238128423690795898e-01
1.226052120327949524e-01
1.087152436375617981e-01
-6.540840119123458862e-02
-2.005516588687896729e-01
2.471110373735427856e-01
-2.369194924831390381e-01
3.149503841996192932e-02
6.467525660991668701e-02
-4.429001361131668091e-02
2.317047268152236938e-01
6.347491592168807983e-02
3.724519908428192139e-01
8.918046951293945312e-01
-7.329121828079223633e-01
3.941136002540588379e-01
3.719548881053924561e-01
-1.661797314882278442e-01
3.287231624126434326e-01
-8.815024495124816895e-01
1.933062523603439331e-01
-2.786522805690765381e-01
3.151185214519500732e-01
-1.579505354166030884e-01
-2.186840027570724487e-02
-2.364176213741302490e-01
-6.468800306320190430e-01
-5.287284497171640396e-03
3.660843074321746826e-01
2.113103568553924561e-01
-3.765819668769836426e-01
6.083076074719429016e-02
3.174740076065063477e-01
-4.137406125664710999e-02
-7.266433238983154297e-01
5.000336766242980957e-01
-5.142695903778076172e-01
-1.202705800533294678e-01
1.270207762718200684e-01
2.843429744243621826e-01
4.817980825901031494e-01
-6.001097336411476135e-02
5.194228887557983398e-01
-3.409792184829711914e-01
2.820955775678157806e-02
5.467146635055541992e-01
8.618976920843124390e-02
-6.657801866531372070e-01
-3.869076371192932129e-01
6.801548600196838379e-01
-1.425245553255081177e-01
3.891914188861846924e-01
-5.858812928199768066e-01
-5.157878398895263672e-01
-5.492768287658691406e-01
1.436283439397811890e-01
1.673291325569152832e-01
-5.816299319267272949e-01
-8.230809122323989868e-03
3.503918182104825974e-03
-2.322579966858029366e-03
-1.257890398846939206e-04
1.313772634603083134e-03
7.575025781989097595e-03
8.714359253644943237e-03
-3.957670647650957108e-03
-4.635582678020000458e-03
9.871141053736209869e-03
9.604844264686107635e-03
5.247074179351329803e-03
-6.863562855869531631e-03
8.589552715420722961e-03
4.678694996982812881e-03
-5.492300260812044144e-03
-8.798975031822919846e-04
-6.690024863928556442e-03
9.567751549184322357e-03
6.146703381091356277e-03
-1.760837330948561430e-04
3.384832758456468582e-03
6.640641018748283386e-03
8.224587887525558472e-03
-6.810621707700192928e-04
7.337309885770082474e-03
9.080727584660053253e-03
6.503266282379627228e-03
3.150234697386622429e-03
-7.463642396032810211e-03
6.684919353574514389e-03
3.520913422107696533e-03
-2.850224263966083527e-03
-2.295703015988692641e-04
7.505623623728752136e-03
3.398950444534420967e-03
9.099099785089492798e-03
4.893708042800426483e-03
-8.793931920081377029e-04
-9.929970838129520416e-04
-6.131122354418039322e-03
-6.652344483882188797e-03
6.217773538082838058e-03
-3.266151063144207001e-03
-1.838791067712008953e-03
-3.847709856927394867e-03
-8.697888813912868500e-03
-8.395916782319545746e-03
7.680227048695087433e-03
-2.779630711302161217e-03
7.541371043771505356e-03
6.624806206673383713e-03
8.461794932372868061e-04
-2.006591297686100006e-03
8.079854771494865417e-03
5.289306864142417908e-03
4.216603469103574753e-03
8.572834543883800507e-03
-6.787764839828014374e-03
-6.773162633180618286e-03
1.873889937996864319e-03
-4.550619050860404968e-03
-1.382343820296227932e-03
-2.315504730177053716e-07
3.925650846213102341e-03
9.357363916933536530e-03
-5.426613148301839828e-03
-5.608625244349241257e-03
-5.756599362939596176e-03
5.666938610374927521e-03
4.102853592485189438e-03
4.373493138700723648e-03
-8.159102872014045715e-03
8.916174992918968201e-04
7.543877698481082916e-03
8.432910777628421783e-03
8.594977553002536297e-04
3.526607761159539223e-03
6.484066601842641830e-03
-2.550687640905380249e-03
1.177776837721467018e-03
3.445400390774011612e-03
-4.228938836604356766e-03
1.166833913885056973e-03
2.531217876821756363e-03
1.893163425847887993e-04
-4.059554543346166611e-03
-7.429224788211286068e-04
3.383401548489928246e-03
-1.695497892796993256e-03
-4.715071525424718857e-03
4.273852799087762833e-03
-9.122512419708073139e-04
1.356927677989006042e-03
-6.391237489879131317e-03
-2.418554155156016350e-03
8.909682743251323700e-03
-6.325592286884784698e-03
2.598652499727904797e-04
-8.530063554644584656e-03
1.231945818290114403e-03
-9.422279894351959229e-03
7.656784262508153915e-03
8.364137262105941772e-03
8.492650464177131653e-03
-9.895397350192070007e-03
1.783517946023494005e-04
-8.955232799053192139e-03
9.676224552094936371e-03
-7.863809005357325077e-04
8.369174785912036896e-03
-5.324084777384996414e-03
6.565470714122056961e-03
-8.569607511162757874e-03
-6.958631332963705063e-03
1.295486115850508213e-03
7.476746570318937302e-03
1.669785357080399990e-03
-4.196893889456987381e-03
6.016906350851058960e-03
2.014047384262084961e+00
6.089588403701782227e-01
-1.070845246315002441e+00
3.804340958595275879e-01
