1.702028632164001465e+00
-1.017554402351379395e+00
-4.466277733445167542e-02
1.764857321977615356e-01
1.668059945106506348e+00
4.424633026123046875e+00
1.148834824562072754e+00
1.811672091484069824e+00
3.562248229980468750e+00
1.870560884475708008e+00
2.030113458633422852e+00
9.527574777603149414e-01
2.965447664260864258e+00
-4.644008874893188477e-01
-3.292772471904754639e-01
3.053249418735504150e-01
-4.604071676731109619e-01
-1.866837441921234131e-01
-5.789939761161804199e-01
-3.029607236385345459e-01
1.380677670240402222e-01
5.697444677352905273e-01
-3.533980548381805420e-01
-1.503477245569229126e-01
1.042589068412780762e+00
5.590496063232421875e-01
-1.133223716169595718e-02
-5.597410798072814941e-01
4.397149384021759033e-01
2.844965644180774689e-02
-4.118059277534484863e-01
-2.251202613115310669e-01
1.353221833705902100e-01
-1.565683782100677490e-01
-1.071772351861000061e-01
-7.451997697353363037e-02
1.173560842871665955e-01
4.114578291773796082e-02
-1.897927224636077881e-01
-5.088225007057189941e-01
-1.679287403821945190e-01
2.963834907859563828e-03
-1.625545509159564972e-02
-9.313784241676330566e-01
-5.204992741346359253e-02
-2.016892880201339722e-01
5.134998321533203125e+00
6.780005931854248047e+00
8.938643455505371094e+00
1.024498367309570312e+01
1.323062896728515625e+01
1.359389305114746094e+01
1.449366283416748047e+01
1.536048984527587891e+01
1.684482574462890625e+01
1.809243965148925781e+01
1.985994720458984375e+01
1.928922462463378906e+01
2.250420188903808594e+01
2.765727233886718750e+01
3.009560012817382812e+01
-3.529514074325561523e+00
1.740800291299819946e-01
3.006500720977783203e+00
-8.267767429351806641e-01
-7.430511116981506348e-01
-1.653280973434448242e+00
-1.191006600856781006e-01
-5.228101015090942383e-01
2.180828809738159180e+00
-3.170623302459716797e+00
-2.492223024368286133e+00
1.711714386940002441e+00
-2.157790660858154297e+00
4.807267665863037109e+00
-1.575690388679504395e+00
-6.786748409271240234e+00
-2.126095771789550781e+00
-2.755965590476989746e-01
-1.020672798156738281e+00
1.987862229347229004e+00
-2.452518492937088013e-01
-2.554570436477661133e+00
6.174963951110839844e+00
2.566429138183593750e+00
7.417778015136718750e+00
-6.506919860839843750e+00
-3.818387985229492188e+00
4.666526317596435547e+00
1.118595004081726074e+00
-3.464655399322509766e+00
-1.353072166442871094e+00
2.801875025033950806e-02
5.174839973449707031e+00
-2.042153120040893555e+00
4.645996093750000000e-01
-7.977817058563232422e+00
8.772891044616699219e+00
1.074947166442871094e+01
-6.186843872070312500e+00
4.429584503173828125e+00
1.703982234001159668e+00
-1.693577021360397339e-01
1.088924169540405273e+00
-9.366250634193420410e-01
1.758125185966491699e+00
2.553354501724243164e-01
1.947583556175231934e-01
4.163518249988555908e-01
1.334924578666687012e+00
1.316351294517517090e-01
-9.326474666595458984e-01
-1.567599296569824219e+00
5.771782875061035156e+00
-1.340893864631652832e+00
2.981189191341400146e-01
-3.128585577011108398e+00
-2.880382835865020752e-01
-2.374118417501449585e-01
5.813891887664794922e-01
-3.618385195732116699e-01
-1.004814505577087402e+00
6.587104201316833496e-01
-1.812447786331176758e+00
-2.249816894531250000e+00
-1.713605523109436035e-01
6.187301635742187500e+00
1.412782192230224609e+00
-1.427279859781265259e-01
1.381847143173217773e+00
1.304488331079483032e-01
1.275752425193786621e+00
-1.738201618194580078e+00
1.834392428398132324e+00
8.430049896240234375e+00
-1.029901981353759766e+00
1.215351819992065430e+00
-9.799980521202087402e-01
-2.032285690307617188e+00
2.463645696640014648e+00
2.200487136840820312e+00
-1.332417726516723633e+00
1.689832448959350586e+00
3.026795625686645508e+00
-6.606894135475158691e-01
-1.927916109561920166e-01
2.758512832224369049e-02
-1.131137609481811523e+00
8.125479817390441895e-01
-4.830265045166015625e-01
-9.470061659812927246e-01
1.402062177658081055e+00
1.131515026092529297e+00
-3.257328748703002930e+00
2.904101610183715820e+00
-3.174213409423828125e+00
1.768830120563507080e-01
1.163856863975524902e+00
1.983466595411300659e-01
-3.400062084197998047e+00
-3.202328205108642578e+00
-2.475365638732910156e+00
2.383331298828125000e+00
1.841311097145080566e+00
-7.252475023269653320e-01
-2.474260807037353516e+00
1.084270596504211426e+00
2.533539056777954102e+00
3.965578794479370117e+00
4.415641725063323975e-02
1.270993471145629883e+00
-2.094637393951416016e+00
-2.191741704940795898e+00
-4.832597970962524414e-01
-9.628518223762512207e-01
-2.236083507537841797e+00
-1.861928254365921021e-01
-2.235414266586303711e+00
5.065326213836669922e+00
-1.193895712494850159e-01
4.766980171203613281e+00
-1.010706782341003418e+00
-2.959909737110137939e-01
-1.352881431579589844e+00
2.183830589056015015e-01
2.827368080615997314e-01
4.669846221804618835e-02
-5.776278972625732422e-01
1.789608299732208252e-01
-1.243903875350952148e+00
1.031261205673217773e+00
-5.905038714408874512e-01
9.769307971000671387e-01
6.740575432777404785e-01
-2.136031627655029297e+00
-9.669377207756042480e-01
3.129454851150512695e+00
-3.773590028285980225e-01
-4.476306140422821045e-01
7.216256260871887207e-01
-5.385345816612243652e-01
-1.262537360191345215e+00
3.934807702898979187e-02
-3.837226033210754395e-01
-1.298855990171432495e-01
-4.774576663970947266e+00
2.541800975799560547e+00
3.073574006557464600e-01
-1.426131725311279297e+00
-2.117805957794189453e+00
2.386579751968383789e+00
3.128688633441925049e-01
2.336514294147491455e-01
-1.527816414833068848e+00
2.171476125717163086e+00
-7.241791486740112305e-01
7.277766466140747070e-01
-1.848989129066467285e+00
1.634307026863098145e+00
4.352059662342071533e-01
-3.941337466239929199e-01
-2.165975570678710938e+00
8.436136245727539062e-01
7.459779828786849976e-02
2.750944197177886963e-01
-1.346209406852722168e+00
-5.481162071228027344e-01
3.943680822849273682e-01
4.009204208850860596e-01
-2.462027519941329956e-01
-2.890712916851043701e-01
2.076061964035034180e-01
-1.066671460866928101e-01
-2.195624351501464844e+00
8.584307432174682617e-01
5.644296761602163315e-03
1.509184598922729492e+00
-2.989818155765533447e-01
-6.510499864816665649e-02
-1.769503802061080933e-01
4.021078050136566162e-01
4.449201226234436035e-01
6.856023520231246948e-02
-5.484147667884826660e-01
1.500716805458068848e+00
5.317366123199462891e-01
-3.708451271057128906e+00
-2.959375977516174316e-01
6.490527838468551636e-02
-2.477129101753234863e-01
9.004459381103515625e-01
-2.017982482910156250e+00
6.874113678932189941e-01
1.362005591392517090e+00
-4.563973426818847656e+00
3.049662411212921143e-01
1.129188179969787598e+00
2.928132414817810059e-01
3.445900976657867432e-01
-2.167727053165435791e-01
5.943395942449569702e-02
4.126653969287872314e-01
1.334165781736373901e-01
-1.271963715553283691e+00
-3.621370494365692139e-01
3.562176525592803955e-01
-6.734164059162139893e-02
3.294655382633209229e-01
4.901789724826812744e-01
1.055344566702842712e-01
4.310046136379241943e-01
1.044901847839355469e+00
1.208303347229957581e-01
-2.144996821880340576e-01
-5.592422485351562500e-01
1.350745856761932373e-01
1.484014540910720825e-01
2.793582975864410400e-01
-3.027232885360717773e-01
-4.849046468734741211e-01
4.273022711277008057e-01
6.784369349479675293e-01
-2.357618808746337891e-01
2.657155692577362061e-01
6.548190712928771973e-01
1.370136976242065430e+00
2.171568870544433594e+00
-1.082877159118652344e+00
1.568514555692672729e-01
-5.363658070564270020e-01
1.136335730552673340e+00
4.039346277713775635e-01
2.538124620914459229e-01
5.486170649528503418e-01
2.987643480300903320e-01
1.125037550926208496e+00
1.559952974319458008e+00
4.282149374485015869e-01
-1.823185682296752930e+00
-6.073553562164306641e-01
9.160097241401672363e-01
2.145412445068359375e+00
6.498503088951110840e-01
-1.535753369331359863e+00
-7.884123921394348145e-02
-3.977184891700744629e-01
5.051890015602111816e-01
-6.893044710159301758e-01
5.435167551040649414e-01
-1.540894746780395508e+00
1.924965023994445801e+00
1.352280825376510620e-01
-1.003754973411560059e+00
-9.946203231811523438e-02
5.111661553382873535e-01
-3.174081742763519287e-01
1.046227455139160156e+00
-7.957460284233093262e-01
3.731211721897125244e-01
3.778369128704071045e-01
2.112126648426055908e-01
-1.691412031650543213e-01
2.959353327751159668e-01
-3.789918124675750732e-01
-1.339261651039123535e+00
-7.963827848434448242e-01
1.304407000541687012e+00
1.264206886291503906e+00
-1.258079886436462402e+00
2.030986249446868896e-01
-3.191421329975128174e-01
4.451358318328857422e-01
-6.114321351051330566e-01
-1.080192089080810547e+00
1.092576622962951660e+00
-6.429274678230285645e-01
3.202007532119750977e+00
-1.082183718681335449e+00
-6.325801610946655273e-01
6.178738549351692200e-02
-1.671746253967285156e+00
9.447999000549316406e-01
8.688928484916687012e-01
-4.218487441539764404e-01
2.618481032550334930e-02
-6.126063317060470581e-02
1.049116849899291992e-01
-4.852993041276931763e-02
5.175587162375450134e-02
-8.134681731462478638e-02
-3.026542365550994873e-01
2.565177083015441895e-01
8.170200586318969727e-01
-1.805338710546493530e-01
-3.014447093009948730e-01
1.667808294296264648e-01
4.270465970039367676e-01
1.623889356851577759e-01
-8.580000698566436768e-02
-1.196833103895187378e-01
-2.108568251132965088e-01
2.889727950096130371e-01
3.486573696136474609e-01
5.790768265724182129e-01
-1.146023273468017578e-01
6.618773192167282104e-02
-1.202726721763610840e+00
-1.608751416206359863e-01
3.550339639186859131e-01
-7.421138286590576172e-01
-1.089765548706054688e+00
-7.870740294456481934e-01
9.240758419036865234e-01
-4.256358742713928223e-01
-1.557537317276000977e+00
-2.503934204578399658e-01
-6.239905953407287598e-01
-2.050284855067729950e-02
7.693467140197753906e-01
-3.752705752849578857e-01
1.752796471118927002e-01
-4.402541220188140869e-01
-6.161197423934936523e-01
9.667721390724182129e-01
5.366670489311218262e-01
1.281174570322036743e-01
-1.072308421134948730e-01
3.442575931549072266e-01
-3.428033888339996338e-01
-2.060283273458480835e-01
5.359035134315490723e-01
-5.749717950820922852e-01
-2.825645804405212402e-01
2.006607532501220703e+00
-1.017366528511047363e+00
9.360104799270629883e-01
3.106821887195110321e-02
-1.330568313598632812e+00
7.590712904930114746e-01
1.897566676139831543e+00
1.289907336235046387e+00
6.907003372907638550e-02
-5.880694389343261719e-01
-4.031652808189392090e-01
-9.016505479812622070e-01
6.832710653543472290e-02
-4.277320802211761475e-01
-4.909798800945281982e-01
-1.445146799087524414e+00
-5.475502014160156250e-01
-1.136173456907272339e-01
9.575565457344055176e-01
6.305396556854248047e-01
4.859576821327209473e-01
-2.787212431430816650e-01
8.239008486270904541e-02
7.797496914863586426e-01
4.197706580162048340e-01
-3.070495843887329102e+00
-5.530868172645568848e-01
-3.063323020935058594e+00
-8.565943688154220581e-03
-4.906093236058950424e-04
-3.586594713851809502e-03
-2.366528613492846489e-03
8.339519612491130829e-03
-7.739050313830375671e-03
-1.190510694868862629e-03
-9.433886036276817322e-03
8.545887656509876251e-03
8.052252815105021000e-05
-5.299913696944713593e-03
-2.280023880302906036e-03
2.427489496767520905e-03
3.386209020391106606e-03
5.147459451109170914e-03
-3.542855149134993553e-03
-7.679761853069067001e-03
-4.589704796671867371e-03
6.298489868640899658e-03
-3.380624577403068542e-03
9.817483834922313690e-03
-8.003618568181991577e-03
5.343721131794154644e-04
7.239309605211019516e-03
6.794460117816925049e-03
-5.623808596283197403e-03
-3.038263646885752678e-03
6.004212424159049988e-03
-8.174829185009002686e-03
6.634728051722049713e-04
-3.778399433940649033e-03
-9.533359669148921967e-03
2.133840462192893028e-03
2.160318195819854736e-03
-7.979650981724262238e-03
2.657377859577536583e-03
3.178049344569444656e-03
-7.319317664951086044e-03
-2.816104330122470856e-03
7.495029363781213760e-03
4.820536822080612183e-03
-1.612595282495021820e-03
8.277723565697669983e-03
5.652251653373241425e-03
-4.302956629544496536e-03
9.617622941732406616e-03
4.533081781119108200e-03
-6.022343412041664124e-03
6.625071167945861816e-03
-1.822097692638635635e-04
-5.852976348251104355e-03
2.615968463942408562e-03
9.552683681249618530e-03
5.940407514572143555e-03
4.322330467402935028e-03
-6.002396345138549805e-03
-8.872004225850105286e-03
7.471405901014804840e-03
-9.261376224458217621e-03
1.828267821110785007e-03
-4.786161705851554871e-03
-1.500714104622602463e-03
1.629326841793954372e-03
6.424812600016593933e-03
-6.601799279451370239e-03
9.312524460256099701e-03
1.477500889450311661e-03
4.307608760427683592e-04
-1.892509986646473408e-03
-9.139379486441612244e-03
7.757933810353279114e-03
-6.614885292947292328e-03
-2.795201027765870094e-03
-8.793164975941181183e-03
-3.143793903291225433e-03
8.702131919562816620e-03
-4.133986309170722961e-03
-4.990566056221723557e-03
-6.993304472416639328e-03
-6.615076214075088501e-03
6.370995193719863892e-03
-7.583308964967727661e-03
-2.525134710595011711e-03
1.894241664558649063e-03
-9.353933855891227722e-03
3.145900322124361992e-03
7.511399220675230026e-03
2.381790895015001297e-03
4.768592771142721176e-04
3.076628316193819046e-03
9.161004796624183655e-03
7.401677314192056656e-03
-8.885129354894161224e-03
-8.631243370473384857e-03
-9.303625673055648804e-03
-8.896310813724994659e-03
-2.915631514042615891e-03
8.800751529633998871e-03
-2.116275485605001450e-03
8.009423501789569855e-03
-9.617010131478309631e-03
-6.273266859352588654e-03
1.043673488311469555e-03
3.879090305417776108e-03
-6.295731756836175919e-03
8.999288082122802734e-03
8.474578149616718292e-03
9.864036925137042999e-03
4.702903795987367630e-03
7.869052700698375702e-03
7.376102730631828308e-04
5.719480104744434357e-03
-5.303219892084598541e-03
3.239946207031607628e-03
-3.760231193155050278e-03
-7.677410263568162918e-03
-7.558770012110471725e-03
-1.640291186049580574e-03
-3.723864676430821419e-03
5.780559964478015900e-03
1.133533477783203125e+00
8.358815908432006836e-01
-1.515945434570312500e+00
5.699015259742736816e-01
