1.702320933341979980e+00
-1.070243597030639648e+00
-1.112979874014854431e-01
2.112140357494354248e-01
1.661084175109863281e+00
4.451513767242431641e+00
1.086594223976135254e+00
1.842900037765502930e+00
3.549640655517578125e+00
1.872970581054687500e+00
1.999195337295532227e+00
1.289271116256713867e+00
2.845282793045043945e+00
-3.063330352306365967e-01
-2.873896360397338867e-01
4.711272716522216797e-01
-4.690981209278106689e-01
-1.266174465417861938e-01
-2.979252636432647705e-01
-1.420240849256515503e-01
5.799565091729164124e-02
4.341363310813903809e-01
-3.351310789585113525e-01
-1.687329560518264771e-01
9.384790658950805664e-01
4.037010967731475830e-01
1.120314374566078186e-01
-3.614875376224517822e-01
4.524025917053222656e-01
-1.903888881206512451e-01
-1.705004572868347168e-01
-3.038216233253479004e-01
2.335243076086044312e-01
-2.174129188060760498e-01
-9.090873599052429199e-02
-6.286313384771347046e-02
1.623337715864181519e-01
1.494007185101509094e-02
-1.324715167284011841e-01
-4.064614474773406982e-01
-2.139668911695480347e-01
-2.166167646646499634e-02
-1.888160221278667450e-02
-9.249476194381713867e-01
-1.738156564533710480e-02
-3.385910987854003906e-01
5.122731685638427734e+00
6.418732166290283203e+00
9.168949127197265625e+00
1.024280452728271484e+01
1.323417377471923828e+01
1.362395191192626953e+01
1.453634548187255859e+01
1.536956119537353516e+01
1.688991737365722656e+01
1.811158943176269531e+01
1.975358581542968750e+01
1.925568199157714844e+01
2.232819747924804688e+01
2.716715240478515625e+01
2.933532142639160156e+01
-3.845696926116943359e+00
2.498016655445098877e-01
2.312201023101806641e+00
-9.272997379302978516e-01
-5.856004953384399414e-01
-2.133889436721801758e+00
-1.473544389009475708e-01
-2.948328256607055664e-01
2.020703077316284180e+00
-2.877691984176635742e+00
-1.756863832473754883e+00
1.810580015182495117e+00
-1.942455291748046875e+00
5.208168029785156250e+00
-2.323103904724121094e+00
-4.970598220825195312e+00
-1.964461445808410645e+00
6.723418831825256348e-01
-9.993830919265747070e-01
2.709849357604980469e+00
-1.258797764778137207e+00
-2.152366876602172852e+00
4.927765846252441406e+00
2.334811449050903320e+00
5.480764389038085938e+00
-6.673766136169433594e+00
-3.224356174468994141e+00
3.361234188079833984e+00
1.478131651878356934e+00
-1.432967901229858398e+00
-1.175308823585510254e+00
5.163031816482543945e-02
4.810559749603271484e+00
-2.083998918533325195e+00
3.690181970596313477e-01
-6.354773521423339844e+00
7.870528221130371094e+00
8.499515533447265625e+00
-6.178512096405029297e+00
4.055755138397216797e+00
5.457854866981506348e-01
3.819847851991653442e-02
1.146874070167541504e+00
-8.713635802268981934e-01
2.060803413391113281e+00
3.290774524211883545e-01
1.920766383409500122e-01
5.040423274040222168e-01
1.077441453933715820e+00
-2.013815045356750488e-01
-7.977628111839294434e-01
-1.333952188491821289e+00
5.469147682189941406e+00
-1.028027176856994629e+00
2.025410234928131104e-01
-2.969798326492309570e+00
-1.406612992286682129e-01
-2.593214511871337891e-01
4.105151295661926270e-01
-2.562015652656555176e-01
-8.789472579956054688e-01
6.141005158424377441e-01
-1.608098864555358887e+00
-2.047151327133178711e+00
-1.392541825771331787e-01
5.893472671508789062e+00
1.188126087188720703e+00
3.925266116857528687e-02
1.574521064758300781e+00
-2.162957489490509033e-01
5.411959718912839890e-04
-1.337706327438354492e+00
1.688602566719055176e+00
8.340968132019042969e+00
-1.192645430564880371e+00
8.896997570991516113e-01
-1.026856541633605957e+00
-1.533151030540466309e+00
2.301543235778808594e+00
1.855810165405273438e+00
-1.523441791534423828e+00
1.138905763626098633e+00
2.570093393325805664e+00
-4.530647397041320801e-01
-1.261337846517562866e-01
-9.847783297300338745e-02
-1.048468112945556641e+00
6.341887712478637695e-01
-5.410889387130737305e-01
-4.664440453052520752e-01
1.659423828125000000e+00
9.685834050178527832e-01
-2.878456592559814453e+00
2.680737018585205078e+00
-2.468553543090820312e+00
2.093935906887054443e-01
7.421430945396423340e-01
-3.840063810348510742e-01
-2.752650499343872070e+00
-2.924839973449707031e+00
-2.005513429641723633e+00
2.325462341308593750e+00
1.732341885566711426e+00
-6.643726825714111328e-01
-2.789017438888549805e+00
2.164120912551879883e+00
1.610983014106750488e+00
3.085573673248291016e+00
3.883002698421478271e-01
1.017479538917541504e+00
-2.090441465377807617e+00
-2.185732364654541016e+00
-6.295801401138305664e-01
-6.801836490631103516e-01
-2.728612422943115234e+00
-3.556784093379974365e-01
-1.690216064453125000e+00
4.462876796722412109e+00
1.925273835659027100e-01
3.949880361557006836e+00
-7.007917761802673340e-01
-6.647862792015075684e-01
-1.522494912147521973e+00
2.193053662776947021e-01
2.797164022922515869e-01
-2.172132581472396851e-02
-5.398631095886230469e-01
1.903389096260070801e-01
-8.032261133193969727e-01
9.039998650550842285e-01
-1.285928934812545776e-01
5.836917757987976074e-01
1.642370373010635376e-01
-2.556649684906005859e+00
-1.270422041416168213e-01
2.488706111907958984e+00
-2.209221720695495605e-01
-1.884044110774993896e-01
4.190140068531036377e-01
-3.189340829849243164e-01
-5.289059281349182129e-01
-8.472773432731628418e-02
-1.356990784406661987e-01
-2.829276025295257568e-01
-3.831686496734619141e+00
2.267145872116088867e+00
1.836433447897434235e-02
-8.906306624412536621e-01
-1.629912853240966797e+00
2.045650482177734375e+00
1.145837530493736267e-01
2.083018980920314789e-02
-9.220293164253234863e-01
2.053406715393066406e+00
-5.985918045043945312e-01
6.792765855789184570e-01
-1.725209474563598633e+00
1.111148357391357422e+00
6.691069006919860840e-01
-4.864691793918609619e-01
-2.168856620788574219e+00
7.446894049644470215e-01
1.299155801534652710e-01
1.529910564422607422e-01
-9.461887478828430176e-01
-4.612500369548797607e-01
3.064242601394653320e-01
1.553977280855178833e-01
-9.286238998174667358e-02
-1.966023743152618408e-01
3.061067759990692139e-01
-7.162242382764816284e-02
-2.019044637680053711e+00
8.281878232955932617e-01
1.273750215768814087e-01
1.220314860343933105e+00
-2.678580880165100098e-01
2.489492110908031464e-02
-2.403011023998260498e-01
3.466875851154327393e-01
4.325286149978637695e-01
1.277921497821807861e-01
-4.575025737285614014e-01
1.347959518432617188e+00
4.581668674945831299e-01
-3.046107530593872070e+00
-3.158808052539825439e-01
1.120706275105476379e-01
-3.039394915103912354e-01
9.013541936874389648e-01
-1.627811312675476074e+00
6.067201495170593262e-01
8.758620619773864746e-01
-4.182090759277343750e+00
4.296436309814453125e-01
9.082196950912475586e-01
3.013986349105834961e-01
2.180808335542678833e-01
-1.838906854391098022e-01
-3.052427060902118683e-02
3.743493258953094482e-01
1.923369616270065308e-01
-1.402002692222595215e+00
-3.210093080997467041e-01
4.200702607631683350e-01
-7.015063613653182983e-02
3.216431438922882080e-01
4.867873489856719971e-01
4.584361612796783447e-02
4.211598634719848633e-01
9.220873713493347168e-01
3.011246323585510254e-01
7.255686819553375244e-02
-5.318372845649719238e-01
9.498661011457443237e-02
1.991023719310760498e-01
3.245726823806762695e-01
-4.795319437980651855e-01
-7.614190578460693359e-01
2.830429673194885254e-01
7.250531315803527832e-01
-2.857457995414733887e-01
3.463810980319976807e-01
6.806308031082153320e-01
1.203431844711303711e+00
1.449403166770935059e+00
-9.235120415687561035e-01
1.610358208417892456e-01
-5.071272253990173340e-01
8.628901839256286621e-01
5.069292783737182617e-01
-4.966812953352928162e-02
3.225963413715362549e-01
6.846608519554138184e-01
1.251766324043273926e+00
6.310320496559143066e-01
5.707455873489379883e-01
-1.605683088302612305e+00
-8.059719204902648926e-01
1.026333093643188477e+00
2.089118242263793945e+00
6.263706088066101074e-01
-1.047055006027221680e+00
-2.304224856197834015e-02
-3.784174919128417969e-01
6.011960506439208984e-01
-6.333074569702148438e-01
6.377590894699096680e-01
-1.784959435462951660e+00
1.799515604972839355e+00
6.471335142850875854e-02
-8.712082505226135254e-01
-1.426655203104019165e-01
5.187687277793884277e-01
-8.561484217643737793e-01
1.179168462753295898e+00
-5.205063819885253906e-01
-8.350027725100517273e-03
5.850401520729064941e-01
6.254578009247779846e-03
-2.389185875654220581e-01
1.712280362844467163e-01
-2.856687903404235840e-01
-1.078443646430969238e+00
-5.784679651260375977e-01
1.625388741493225098e+00
8.437759876251220703e-01
-1.297479152679443359e+00
3.722600638866424561e-01
-5.945367813110351562e-01
5.538255572319030762e-01
-3.718736171722412109e-01
-1.364842295646667480e+00
8.320957422256469727e-01
-5.217427611351013184e-01
2.555923461914062500e+00
-9.680473804473876953e-01
-6.658230423927307129e-01
-4.487772285938262939e-02
-1.227924704551696777e+00
1.079218387603759766e+00
6.400534510612487793e-01
-4.702638089656829834e-01
7.477016746997833252e-02
-2.793364524841308594e-01
6.494738627225160599e-03
1.293115690350532532e-02
2.228726148605346680e-01
-4.820125177502632141e-02
-3.190891742706298828e-01
2.478621006011962891e-01
5.709246993064880371e-01
-2.367835789918899536e-01
-2.195246219635009766e-01
1.295865625143051147e-01
4.652075171470642090e-01
1.095256507396697998e-01
-1.366475075483322144e-01
-9.883295744657516479e-02
-1.962149590253829956e-01
2.855514883995056152e-01
2.490696609020233154e-01
5.316970348358154297e-01
-2.034642398357391357e-01
1.112762987613677979e-01
-1.249394893646240234e+00
-1.688986783847212791e-03
2.065577954053878784e-01
-6.831411123275756836e-01
-8.617293238639831543e-01
-3.077842891216278076e-01
8.819184899330139160e-01
-6.052372455596923828e-01
-1.320090770721435547e+00
-2.442833185195922852e-01
-4.580010175704956055e-01
3.048427030444145203e-02
6.299239397048950195e-01
-3.391750156879425049e-01
3.649551048874855042e-02
-3.115031719207763672e-01
-4.277775585651397705e-01
9.470182657241821289e-01
4.449086189270019531e-01
3.821771219372749329e-02
1.765720359981060028e-02
3.656282722949981689e-01
-2.908402383327484131e-01
-2.496886849403381348e-01
3.953061401844024658e-01
-6.426275372505187988e-01
-2.209945470094680786e-01
1.523416280746459961e+00
-9.662480354309082031e-01
6.020972132682800293e-01
1.316509395837783813e-01
-1.153688430786132812e+00
1.234964489936828613e+00
1.907885313034057617e+00
1.346713423728942871e+00
2.009812556207180023e-02
-6.060248613357543945e-01
-5.456528067588806152e-01
-5.669093728065490723e-01
6.805901974439620972e-02
-7.048608660697937012e-01
-3.000071644783020020e-01
-1.029569029808044434e+00
1.875147968530654907e-02
-5.149074196815490723e-01
9.839318394660949707e-01
8.444060087203979492e-01
2.308421283960342407e-01
-4.296105206012725830e-01
2.107226103544235229e-01
1.307609915733337402e+00
4.948613643646240234e-01
-2.867816448211669922e+00
-4.326085746288299561e-01
-2.678407907485961914e+00
-8.565943688154220581e-03
-4.906093236058950424e-04
-3.586594713851809502e-03
-2.366528613492846489e-03
8.339519612491130829e-03
-7.739050313830375671e-03
-1.190510694868862629e-03
-9.433886036276817322e-03
8.545887656509876251e-03
8.052252815105021000e-05
-5.299913696944713593e-03
-2.280023880302906036e-03
2.427489496767520905e-03
3.386209020391106606e-03
5.147459451109170914e-03
-3.542855149134993553e-03
-7.679761853069067001e-03
-4.589704796671867371e-03
6.298489868640899658e-03
-3.380624577403068542e-03
9.817483834922313690e-03
-8.003618568181991577e-03
5.343721131794154644e-04
7.239309605211019516e-03
6.794460117816925049e-03
-5.623808596283197403e-03
-3.038263646885752678e-03
6.004212424159049988e-03
-8.174829185009002686e-03
6.634728051722049713e-04
-3.778399433940649033e-03
-9.533359669148921967e-03
2.133840462192893028e-03
2.160318195819854736e-03
-7.979650981724262238e-03
2.657377859577536583e-03
3.178049344569444656e-03
-7.319317664951086044e-03
-2.816104330122470856e-03
7.495029363781213760e-03
4.820536822080612183e-03
-1.612595282495021820e-03
8.277723565697669983e-03
5.652251653373241425e-03
-4.302956629544496536e-03
9.617622941732406616e-03
4.533081781119108200e-03
-6.022343412041664124e-03
6.625071167945861816e-03
-1.822097692638635635e-04
-5.852976348251104355e-03
2.615968463942408562e-03
9.552683681249618530e-03
5.940407514572143555e-03
4.322330467402935028e-03
-6.002396345138549805e-03
-8.872004225850105286e-03
7.471405901014804840e-03
-9.261376224458217621e-03
1.828267821110785007e-03
-4.786161705851554871e-03
-1.500714104622602463e-03
1.629326841793954372e-03
6.424812600016593933e-03
-6.601799279451370239e-03
9.312524460256099701e-03
1.477500889450311661e-03
4.307608760427683592e-04
-1.892509986646473408e-03
-9.139379486441612244e-03
7.757933810353279114e-03
-6.614885292947292328e-03
-2.795201027765870094e-03
-8.793164975941181183e-03
-3.143793903291225433e-03
8.702131919562816620e-03
-4.133986309170722961e-03
-4.990566056221723557e-03
-6.993304472416639328e-03
-6.615076214075088501e-03
6.370995193719863892e-03
-7.583308964967727661e-03
-2.525134710595011711e-03
1.894241664558649063e-03
-9.353933855891227722e-03
3.145900322124361992e-03
7.511399220675230026e-03
2.381790895015001297e-03
4.768592771142721176e-04
3.076628316193819046e-03
9.161004796624183655e-03
7.401677314192056656e-03
-8.885129354894161224e-03
-8.631243370473384857e-03
-9.303625673055648804e-03
-8.896310813724994659e-03
-2.915631514042615891e-03
8.800751529633998871e-03
-2.116275485605001450e-03
8.009423501789569855e-03
-9.617010131478309631e-03
-6.273266859352588654e-03
1.043673488311469555e-03
3.879090305417776108e-03
-6.295731756836175919e-03
8.999288082122802734e-03
8.474578149616718292e-03
9.864036925137042999e-03
4.702903795987367630e-03
7.869052700698375702e-03
7.376102730631828308e-04
5.719480104744434357e-03
-5.303219892084598541e-03
3.239946207031607628e-03
-3.760231193155050278e-03
-7.677410263568162918e-03
-7.558770012110471725e-03
-1.640291186049580574e-03
-3.723864676430821419e-03
5.780559964478015900e-03
1.113798022270202637e+00
8.415185213088989258e-01
-1.514455437660217285e+00
5.752663016319274902e-01
