2.176809072494506836e+00
6.415161490440368652e-01
-7.800310254096984863e-01
5.023097515106201172e+00
3.723129749298095703e+00
1.517252564430236816e+00
2.114151954650878906e+00
3.459290981292724609e+00
-2.973404526710510254e-01
2.649783492088317871e-01
4.165415465831756592e-01
8.528480529785156250e-01
8.206083178520202637e-01
-3.637501001358032227e-01
1.592471003532409668e+00
-1.197710752487182617e+00
6.125749945640563965e-01
1.079115629196166992e+00
-4.086321592330932617e-01
5.028650164604187012e-01
-3.849253058433532715e-02
-1.310952007770538330e-01
-1.695671677589416504e-02
-5.814242362976074219e-01
-1.154604107141494751e-01
-3.103723526000976562e-01
-9.314973950386047363e-01
1.259639710187911987e-01
8.839572906494140625e+00
9.975937843322753906e+00
1.329321765899658203e+01
1.537211704254150391e+01
1.499100780487060547e+01
1.753886985778808594e+01
1.920013427734375000e+01
2.050006484985351562e+01
2.818426704406738281e+01
1.219961643218994141e-01
-2.065030813217163086e+00
-1.566914796829223633e+00
4.131914675235748291e-01
1.938222765922546387e+00
-7.647106051445007324e-01
1.478782594203948975e-01
-3.168935775756835938e+00
-1.745999217033386230e+00
7.836310267448425293e-01
4.191810637712478638e-02
-8.994610905647277832e-01
6.316425204277038574e-01
-1.185918927192687988e+00
-1.566533446311950684e+00
-3.795726299285888672e+00
-4.894867539405822754e-01
-7.733621597290039062e-01
1.296956688165664673e-01
9.101949930191040039e-01
1.893784701824188232e-01
-1.044357776641845703e+00
-2.535548448562622070e+00
5.522384047508239746e-01
3.845077753067016602e-01
-5.399797439575195312e+00
2.657728195190429688e-01
2.543640695512294769e-02
6.024025917053222656e+00
-3.405174314975738525e-01
2.298634529113769531e+01
-3.313974142074584961e+00
2.875598430633544922e+00
-2.065515327453613281e+01
1.029962539672851562e+01
1.380506396293640137e+00
-1.273070573806762695e+00
9.886031746864318848e-01
-4.617197513580322266e+00
2.839099168777465820e-01
-1.586079835891723633e+00
5.510868072509765625e+00
1.381865215301513672e+01
-5.126986980438232422e+00
1.191133880615234375e+01
6.026021242141723633e-01
9.237184524536132812e-01
4.802531301975250244e-01
4.620684087276458740e-01
7.844138145446777344e-01
-2.455372363328933716e-01
-4.808100759983062744e-01
1.605620503425598145e+00
7.045933604240417480e-01
8.859531283378601074e-01
4.868617951869964600e-01
-3.494203388690948486e-01
-1.825963854789733887e-01
4.894327819347381592e-01
7.357241511344909668e-01
8.958101272583007812e-02
7.960301041603088379e-01
7.355603575706481934e-01
3.194289747625589371e-03
8.553830981254577637e-01
2.777445614337921143e-01
-2.006575092673301697e-02
4.818652272224426270e-01
1.000137805938720703e+00
6.067916378378868103e-02
1.749826908111572266e+00
3.402103483676910400e-01
3.406792134046554565e-02
-1.857060194015502930e+00
-1.943585038185119629e+00
-8.076841354370117188e+00
1.286737918853759766e+00
-2.705493569374084473e-01
8.308877944946289062e+00
2.563565492630004883e+00
-4.571547508239746094e-01
1.063278913497924805e+00
-6.136265397071838379e-01
1.798332333564758301e+00
-4.109003841876983643e-01
2.783148884773254395e-01
-3.533865213394165039e+00
-2.945239543914794922e+00
-2.386231660842895508e+00
-4.636538505554199219e+00
-6.161875650286674500e-02
-3.616662323474884033e-01
4.065961837768554688e-01
-5.376232266426086426e-01
-1.584501266479492188e+00
5.095363259315490723e-01
4.034453630447387695e-01
-3.403192758560180664e-01
1.046065568923950195e+00
-9.800019264221191406e-01
4.503775388002395630e-02
1.385744512081146240e-01
-5.206180810928344727e-01
-1.302786320447921753e-01
-1.739997267723083496e-01
-1.100556775927543640e-01
4.856297373771667480e-01
-3.410603478550910950e-02
-1.156718283891677856e-01
-1.194071650505065918e+00
2.227346003055572510e-01
2.669292688369750977e-01
1.228679180145263672e+00
3.658956587314605713e-01
9.386164695024490356e-02
1.008000850677490234e+00
-2.993765175342559814e-01
7.006410509347915649e-02
-9.508758783340454102e-01
-1.019053936004638672e+00
-2.235596895217895508e+00
-2.516971826553344727e-01
2.839295268058776855e-01
1.843644976615905762e+00
4.007097244262695312e+00
1.457503885030746460e-01
-4.342047870159149170e-01
2.919631898403167725e-01
-9.321779608726501465e-01
7.226606011390686035e-01
1.325472723692655563e-03
1.784704446792602539e+00
-4.264622688293457031e+00
-3.979451417922973633e+00
-1.662058472633361816e+00
2.717799972742795944e-03
2.876888727769255638e-03
-3.033091546967625618e-03
-6.485985592007637024e-03
-1.463226857595145702e-03
5.373808555305004120e-03
5.894294474273920059e-03
-4.033276811242103577e-03
4.911933094263076782e-03
6.920169573277235031e-03
4.191468935459852219e-03
1.483445987105369568e-03
3.476763609796762466e-03
-5.731225945055484772e-03
-1.892493892228230834e-04
4.859994165599346161e-03
5.797713994979858398e-03
8.786362595856189728e-03
2.631476847454905510e-03
-8.211287669837474823e-03
1.778218778781592846e-03
-9.093430824577808380e-03
7.207078393548727036e-03
-8.645223453640937805e-03
-1.099135959520936012e-03
6.117752636782824993e-04
8.089268580079078674e-03
-6.353027652949094772e-03
-1.665493124164640903e-03
-1.674248342169448733e-04
-1.644934411160647869e-03
-5.078419111669063568e-03
-8.772493340075016022e-03
-9.537748992443084717e-03
4.147908650338649750e-03
6.507532671093940735e-03
-1.125582843087613583e-03
7.344255689531564713e-03
-5.671332124620676041e-03
-8.612232282757759094e-03
5.772096337750554085e-04
-9.856842458248138428e-03
6.464130710810422897e-03
-2.006711438298225403e-03
2.934197429567575455e-03
1.415781259536743164e+00
7.280174493789672852e-01
-1.834301352500915527e+00
6.687518954277038574e-01
