1.436175251007080078e+01
5.085256576538085938e+00
1.703186225891113281e+01
1.543651771545410156e+01
1.568337154388427734e+01
1.546168708801269531e+01
6.604626178741455078e+00
1.543767547607421875e+01
7.279414176940917969e+00
1.543590831756591797e+01
1.302272510528564453e+01
1.543591403961181641e+01
8.939555168151855469e+00
3.268492460250854492e+00
-7.034945487976074219e+00
-3.191066741943359375e+00
1.538565993309020996e+00
-2.542612552642822266e+00
3.798203945159912109e+00
-8.104437828063964844e+00
-1.845776319503784180e+00
9.158347129821777344e+00
-1.957022666931152344e+00
-6.252230644226074219e+00
7.242227554321289062e+00
-1.079592227935791016e+01
2.796546697616577148e+00
-4.999916076660156250e+00
-7.991260051727294922e+00
-1.083330035209655762e+00
2.487733840942382812e+00
-4.909211158752441406e+00
-7.571980476379394531e+00
4.080062389373779297e+00
2.704278945922851562e+00
-5.123112678527832031e+00
-1.824097335338592529e-01
1.791865825653076172e+00
-5.671010017395019531e-01
6.499263763427734375e+00
-2.023707866668701172e+00
3.132993698120117188e+00
-8.377974629402160645e-01
2.909940481185913086e+00
2.939932107925415039e+00
5.210034847259521484e+00
-1.623926281929016113e+00
5.088473796844482422e+00
2.249969244003295898e+00
4.572968006134033203e+00
4.964255332946777344e+00
-9.297430038452148438e+00
-9.268825531005859375e+00
5.383285522460937500e+00
8.947371244430541992e-01
3.821587324142456055e+00
-4.826739311218261719e+00
-1.000462341308593750e+01
1.487587571144104004e+00
2.831674337387084961e+00
-6.075820326805114746e-01
5.835760593414306641e+00
3.583582162857055664e+00
1.244017124176025391e+01
6.258753299713134766e+00
-4.697397708892822266e+00
4.878001213073730469e+00
6.524330615997314453e+00
2.091696977615356445e+00
4.596663475036621094e+00
-1.653536081314086914e+00
5.851883411407470703e+00
-5.138861656188964844e+00
7.250001430511474609e+00
-6.663650035858154297e+00
-1.175583171844482422e+01
6.146168708801269531e+00
4.059863090515136719e+00
2.304950714111328125e+00
8.183013916015625000e+00
-2.337684154510498047e+00
6.067395687103271484e+00
-2.518415689468383789e+00
5.717884540557861328e+00
-8.158385753631591797e-01
4.690616130828857422e+00
-4.396673679351806641e+00
-1.282032966613769531e+00
2.012889862060546875e+00
5.618220329284667969e+00
-6.450830936431884766e+00
8.828808784484863281e+00
-4.727638721466064453e+00
-1.705181956291198730e+00
3.633250951766967773e+00
-9.411478042602539062e+00
-8.211135864257812500e+00
-6.706418991088867188e+00
4.930134296417236328e+00
-4.543247222900390625e+00
8.900953292846679688e+00
3.328950881958007812e+00
5.723768234252929688e+00
1.983081817626953125e+00
-2.034903287887573242e+00
9.148846380412578583e-03
-2.606888294219970703e+00
1.443876862525939941e+00
-1.790812373161315918e+00
4.020936191082000732e-01
8.332893371582031250e+00
1.451593399047851562e+00
3.160289764404296875e+00
6.758120536804199219e+00
3.989084959030151367e+00
-5.400922894477844238e-01
-4.431077957153320312e+00
-1.426335215568542480e+00
-1.227474689483642578e+00
-2.320246458053588867e+00
8.094608306884765625e+00
4.286005020141601562e+00
3.375594377517700195e+00
-2.039789408445358276e-01
5.115369796752929688e+00
-6.187908053398132324e-01
1.253254264593124390e-01
9.174013733863830566e-01
-1.198730826377868652e+00
-3.143658876419067383e+00
5.416221618652343750e-01
8.698077797889709473e-01
1.648095846176147461e+00
1.854979097843170166e-01
1.930954456329345703e+00
9.881595373153686523e-01
1.580193042755126953e+00
-6.362756490707397461e-01
-2.287817478179931641e+00
6.412651538848876953e-01
-1.978388786315917969e+00
-1.813609153032302856e-01
-9.476985931396484375e-01
9.109246134757995605e-01
-1.403453707695007324e+00
5.110038518905639648e-01
2.483464479446411133e+00
-1.845044136047363281e+00
4.346255302429199219e+00
-1.875670671463012695e+00
-3.473983049392700195e+00
3.258571028709411621e-01
-8.119968175888061523e-01
3.420547246932983398e-01
-9.709846377372741699e-01
5.240434408187866211e-01
1.106660485267639160e+00
-1.733850359916687012e+00
8.818209171295166016e-02
-1.025966644287109375e+00
2.296537637710571289e+00
-1.033954501152038574e+00
-4.728848934173583984e+00
3.094551324844360352e+00
-2.676967382431030273e-01
4.641911029815673828e+00
6.890297412872314453e+00
4.831164360046386719e+00
2.141933329403400421e-02
-4.660852909088134766e+00
-3.228238105773925781e+00
-4.859595298767089844e+00
-1.026303291320800781e+00
-1.565807580947875977e+00
-2.914031982421875000e+00
-2.739448547363281250e+00
1.309603452682495117e+00
1.816293358802795410e+00
-7.779471874237060547e-01
-7.917103171348571777e-01
-1.272697925567626953e+00
-4.696918010711669922e+00
6.353478908538818359e+00
6.562554836273193359e+00
2.051977157592773438e+00
-3.258503973484039307e-01
6.429708480834960938e+00
1.759400486946105957e+00
-3.768353462219238281e-01
-3.229671001434326172e+00
-2.896790981292724609e+00
2.014909744262695312e+00
3.868872642517089844e+00
3.239263296127319336e+00
-3.266970396041870117e+00
4.755102396011352539e-01
-2.843337535858154297e+00
1.254781961441040039e+00
8.480474352836608887e-01
-1.255552470684051514e-01
6.801645755767822266e-01
4.947071552276611328e+00
1.617479681968688965e+00
-8.641682863235473633e-01
6.820049285888671875e-01
2.922534704208374023e+00
8.025503158569335938e-01
-1.681160688400268555e+00
-2.789822816848754883e+00
6.773882508277893066e-01
3.707267999649047852e+00
5.728639602661132812e+00
3.162591457366943359e+00
2.747212648391723633e+00
2.911694526672363281e+00
-5.788598060607910156e-01
2.979769706726074219e+00
-1.765961885452270508e+00
2.643037557601928711e+00
1.138341426849365234e+00
2.193369388580322266e+00
9.327708482742309570e-01
1.980191767215728760e-01
-4.705319702625274658e-01
-1.332339048385620117e+00
-1.899334669113159180e+00
-2.770566701889038086e+00
-9.356945753097534180e-01
7.054766267538070679e-02
2.964858770370483398e+00
-1.470451593399047852e+00
-2.288767099380493164e+00
1.040219783782958984e+00
-2.002039432525634766e+00
1.984039664268493652e+00
-1.150923252105712891e+00
4.950955867767333984e+00
-1.302534341812133789e+00
-8.329674601554870605e-01
1.725477099418640137e+00
-3.454174995422363281e+00
1.686906337738037109e+00
-1.085518836975097656e+00
5.379477143287658691e-01
-1.782934367656707764e-01
2.052020549774169922e+00
-2.080930322408676147e-01
4.072704315185546875e-01
1.722931861877441406e-01
-1.203573465347290039e+00
1.441896796226501465e+00
3.586617231369018555e+00
1.869332790374755859e-01
-2.560763120651245117e+00
2.232701063156127930e+00
1.359207868576049805e+00
-3.325395584106445312e+00
4.317308902740478516e+00
2.659903287887573242e+00
-1.237278920598328114e-03
-1.112618923187255859e+00
-3.519451856613159180e+00
-3.447657823562622070e+00
6.621202230453491211e-01
-1.969107985496520996e+00
-4.686633646488189697e-01
3.941093444824218750e+00
-2.229835987091064453e+00
5.519423484802246094e-01
4.862302243709564209e-01
-1.776549816131591797e+00
1.498807907104492188e+00
1.477811932563781738e+00
3.288963079452514648e+00
4.648305475711822510e-01
4.207937717437744141e+00
-1.451102614402770996e+00
1.680180191993713379e+00
1.256624579429626465e+00
-1.328531861305236816e+00
9.967985153198242188e-01
-1.350108981132507324e+00
2.070333242416381836e+00
-9.171343445777893066e-01
7.725617289543151855e-01
-3.514470577239990234e+00
4.039860248565673828e+00
