1.908937931060791016e+00
4.782308578491210938e+00
3.926710128784179688e+00
-1.551616549491882324e+00
2.149493455886840820e+00
3.425110101699829102e+00
-4.767569005489349365e-01
6.222348213195800781e-01
-1.512398868799209595e-01
7.254198789596557617e-01
1.304762482643127441e+00
-6.339373588562011719e-01
1.614056080579757690e-01
-3.252004683017730713e-01
-2.070371061563491821e-01
4.668584465980529785e-01
6.209356337785720825e-02
1.571488082408905029e-01
-8.393747210502624512e-01
1.330595207214355469e+01
1.528900241851806641e+01
1.033106708526611328e+01
1.727450752258300781e+01
1.909062957763671875e+01
2.549079132080078125e+01
-7.552159428596496582e-01
2.341524809598922729e-01
1.088273972272872925e-01
-3.282507956027984619e-01
-2.000262886285781860e-01
6.102940812706947327e-02
-6.058490276336669922e-01
9.258339554071426392e-02
-7.274827957153320312e-01
4.144638180732727051e-01
1.070886731147766113e+00
3.452273011207580566e-01
9.596229791641235352e-01
1.637976057827472687e-02
-1.472249269485473633e+00
7.440305948257446289e-01
-2.525822520256042480e-01
-1.073928117752075195e+00
2.889256365597248077e-02
3.162085115909576416e-01
-9.173693656921386719e+00
5.646178722381591797e-01
1.858112365007400513e-01
1.030536741018295288e-01
-5.321415066719055176e-01
-1.149967461824417114e-01
4.195124506950378418e-01
7.970473766326904297e-01
-3.201848268508911133e-01
3.446353375911712646e-01
2.122648358345031738e-01
-1.969843059778213501e-01
2.251690924167633057e-01
9.436109066009521484e-01
-1.889061331748962402e+00
5.141652226448059082e-01
2.058420777320861816e-01
1.694273948669433594e-01
1.357689261436462402e+00
4.347815513610839844e-01
-1.871909022331237793e+00
2.905344009399414062e+00
1.306108534336090088e-01
-2.547588646411895752e-01
-4.796159639954566956e-02
2.406100183725357056e-01
3.635445237159729004e-01
1.250972747802734375e-01
-1.041260063648223877e-01
5.728077888488769531e-01
1.113986447453498840e-01
-2.844550907611846924e-01
8.975588083267211914e-01
-2.843943238258361816e-01
-9.476335644721984863e-01
1.749107360839843750e+00
-1.348900437355041504e+00
-3.831235468387603760e-01
1.395910829305648804e-01
-8.344779610633850098e-01
-3.347995132207870483e-02
1.772624492645263672e+00
-1.518720865249633789e+00
-6.100783590227365494e-03
-4.681501537561416626e-03
9.580161422491073608e-03
-3.451760392636060715e-03
3.891469968948513269e-04
-7.034745533019304276e-03
-5.435393657535314560e-03
-5.969842430204153061e-03
-8.616751991212368011e-03
-5.248586603556759655e-05
4.719235468655824661e-03
4.511939361691474915e-03
-9.409220889210700989e-03
2.046497305855154991e-03
-3.583020297810435295e-03
3.547944361343979836e-03
-9.009866043925285339e-03
8.379410952329635620e-03
8.768859552219510078e-04
-3.892016829922795296e-03
7.110839709639549255e-03
1.120206117630004883e+00
9.717822670936584473e-01
-2.031093120574951172e+00
7.754572629928588867e-01
