1.774354815483093262e+00
3.363739252090454102e+00
1.795023322105407715e+00
3.479777097702026367e+00
2.071997642517089844e+00
3.219430923461914062e+00
2.170710086822509766e+00
2.354965209960937500e+00
2.503241062164306641e+00
3.801084280014038086e+00
-3.878205120563507080e-01
1.397711873054504395e+00
-5.189368724822998047e-01
-2.342202700674533844e-02
2.019756287336349487e-01
9.171721339225769043e-01
-9.653283357620239258e-01
-3.770313858985900879e-01
3.528657436370849609e+00
-1.405170112848281860e-01
-4.285133481025695801e-01
9.227164834737777710e-02
1.961161643266677856e-01
1.515249460935592651e-01
-1.548586487770080566e-01
-1.160731166601181030e-01
2.173516303300857544e-01
-6.179931163787841797e-01
1.302417469024658203e+01
1.326312732696533203e+01
1.545011615753173828e+01
1.495337009429931641e+01
1.344034290313720703e+01
1.748499107360839844e+01
1.916552925109863281e+01
1.923148155212402344e+01
3.257583999633789062e+01
-5.976630449295043945e-01
-3.940761327743530273e+00
-2.089165747165679932e-01
3.507275879383087158e-02
2.247661352157592773e+00
-7.305072247982025146e-02
-2.223138883709907532e-02
-3.199181854724884033e-01
-1.307686328887939453e+00
2.644827127456665039e+00
3.912810683250427246e-01
-7.570451498031616211e-01
2.137558460235595703e-01
-1.837597042322158813e-01
2.372621297836303711e-01
-4.001036584377288818e-01
2.079074621200561523e+00
1.054529428482055664e+00
-1.727666735649108887e+00
4.902245476841926575e-02
-1.392098903656005859e+00
-1.383520007133483887e+00
1.689507961273193359e+00
-2.260463953018188477e+00
6.404548287391662598e-01
2.316398322582244873e-01
2.757860124111175537e-01
1.232694029808044434e+00
-1.381199240684509277e+00
-3.604036569595336914e-01
-2.275146245956420898e+00
1.023901775479316711e-01
1.830590069293975830e-01
2.868469357490539551e-01
8.278976082801818848e-01
1.397886276245117188e+00
-2.551545798778533936e-01
-1.301278591156005859e+00
3.554926872253417969e+00
5.763019919395446777e-01
-7.486578226089477539e-01
-4.065762042999267578e+00
1.412306785583496094e+00
-1.426941156387329102e+00
1.380934238433837891e+01
-2.028067111968994141e+00
-7.853261381387710571e-02
2.004702985286712646e-01
-3.544148802757263184e-01
1.839633226394653320e+00
-2.359700798988342285e-01
-6.579172611236572266e-02
-4.348841011524200439e-01
1.209089718759059906e-02
-1.925907731056213379e+00
1.901236474514007568e-01
-1.325022578239440918e-01
1.167414426803588867e+00
-3.836210370063781738e-01
1.964123733341693878e-02
3.206720054149627686e-01
-1.957433819770812988e+00
2.609628736972808838e-01
1.995652318000793457e-01
-1.395413130521774292e-01
3.823994100093841553e-01
1.054372861981391907e-01
9.156079590320587158e-02
5.394428372383117676e-01
2.120006680488586426e-01
9.102483838796615601e-02
-6.464864015579223633e-01
-4.152217805385589600e-01
8.240677714347839355e-01
-1.736718058586120605e+00
-1.143589615821838379e+00
2.050603479146957397e-01
6.159956455230712891e-01
-1.022135466337203979e-01
1.506582260131835938e+00
7.182392477989196777e-01
2.453787028789520264e-01
3.359113633632659912e-02
-3.668224513530731201e-01
5.131787061691284180e-01
-6.057036519050598145e-01
2.103191614151000977e+00
3.742596209049224854e-01
1.148145794868469238e+00
-2.954392433166503906e+00
9.215165376663208008e-01
2.222093582153320312e+00
1.691317409276962280e-01
-1.554612517356872559e-01
-1.755129218101501465e+00
1.641542613506317139e-01
5.618663430213928223e-01
2.202461659908294678e-01
-7.308573126792907715e-01
2.516082525253295898e+00
-2.853743433952331543e-01
-3.649600595235824585e-02
-2.226627826690673828e+00
4.998044669628143311e-01
1.119970083236694336e-01
-3.810997605323791504e-01
2.498614788055419922e+00
-3.035537004470825195e-01
6.922437548637390137e-01
-2.929066866636276245e-02
4.765596091747283936e-01
2.749775946140289307e-01
-3.748455941677093506e-01
5.143048763275146484e-01
-4.836500585079193115e-01
1.243603751063346863e-01
2.754716277122497559e-01
1.314154011197388172e-03
1.066668480634689331e-01
9.757060408592224121e-01
2.218012809753417969e+00
4.678497463464736938e-02
-2.855559289455413818e-01
-1.375263333320617676e-01
-9.572522044181823730e-01
-1.226724624633789062e+00
-2.046342343091964722e-01
8.675879240036010742e-01
3.717330098152160645e-01
-1.005956158041954041e-01
6.536650061607360840e-01
-2.886050343513488770e-01
-3.480407595634460449e-01
-6.476993560791015625e-01
1.474223494529724121e+00
-1.023178454488515854e-03
-3.573348978534340858e-03
1.386771327815949917e-03
-9.299209341406822205e-03
9.218330495059490204e-03
2.573656151071190834e-03
7.157591637223958969e-03
-9.553234092891216278e-03
4.338412079960107803e-03
-5.582023411989212036e-03
-4.241893999278545380e-03
-8.091996423900127411e-03
7.565009407699108124e-03
-1.026282086968421936e-03
-5.995169281959533691e-03
-7.828956469893455505e-03
4.566077142953872681e-03
-2.868090756237506866e-03
-6.891204044222831726e-03
-1.881294068880379200e-03
6.712060421705245972e-03
1.336145913228392601e-03
-9.067689068615436554e-03
8.515447378158569336e-03
6.537105888128280640e-03
8.064982481300830841e-03
-2.916951198130846024e-03
4.860059998463839293e-04
4.597760562319308519e-04
6.987427826970815659e-03
2.797455294057726860e-03
9.483895264565944672e-03
2.402298152446746826e-03
-7.000011857599020004e-03
9.878427721560001373e-03
-7.649505510926246643e-03
4.132912028580904007e-03
4.131125286221504211e-03
5.010997876524925232e-03
-2.039129147306084633e-03
-5.916193593293428421e-03
-9.005134925246238708e-03
6.938139442354440689e-03
-2.103645238094031811e-04
6.034913007169961929e-03
5.827797651290893555e-01
1.300652503967285156e+00
-1.952649593353271484e+00
5.694209337234497070e-01
