1.665939211845397949e+00
1.666290640830993652e+00
4.343900203704833984e+00
6.077626347541809082e-01
1.718497157096862793e+00
3.120627641677856445e+00
2.348608493804931641e+00
2.156797170639038086e+00
2.128322362899780273e+00
1.817301988601684570e+00
2.074079751968383789e+00
-5.070169568061828613e-01
-9.063408523797988892e-02
-2.612192369997501373e-02
1.435842394828796387e+00
8.545367717742919922e-01
5.062699913978576660e-01
3.785020485520362854e-02
3.014192879199981689e-01
2.659833431243896484e-01
2.007186859846115112e-01
-1.190770149230957031e+00
-1.382459282875061035e+00
1.045873761177062988e-01
-6.378979980945587158e-02
-6.941896677017211914e-02
1.578635275363922119e-01
-1.599983572959899902e-01
-1.751696914434432983e-01
-3.739971518516540527e-01
-1.825987994670867920e-01
-7.604297995567321777e-02
5.185279995203018188e-02
9.536668658256530762e-01
1.016401767730712891e+01
1.322628307342529297e+01
1.317021942138671875e+01
1.386072921752929688e+01
1.548966598510742188e+01
1.497279644012451172e+01
1.723365211486816406e+01
1.866368484497070312e+01
1.936474990844726562e+01
1.948759078979492188e+01
2.598704910278320312e+01
1.430956840515136719e+00
-3.261717557907104492e-01
-9.254703670740127563e-02
-1.047254562377929688e+00
2.447782754898071289e-01
1.260360121726989746e+00
1.410367041826248169e-01
1.567228198051452637e+00
-1.656472802162170410e+00
-1.840786457061767578e+00
4.824523329734802246e-01
1.161202043294906616e-01
-6.124009490013122559e-01
-1.517587900161743164e+00
-1.322091817855834961e-01
6.660609841346740723e-01
8.946453779935836792e-02
-1.666729927062988281e+00
-1.071163535118103027e+00
1.297664523124694824e+00
4.009347856044769287e-01
4.700820427387952805e-03
7.759169340133666992e-01
-1.727014183998107910e-01
-7.138709425926208496e-01
-1.179346799850463867e+00
3.562772035598754883e+00
7.577297091484069824e-02
-3.655443191528320312e+00
-1.341945409774780273e+00
2.026887416839599609e+00
1.353366672992706299e-01
1.372506618499755859e-01
8.525519371032714844e-01
-1.648755431175231934e+00
1.707819461822509766e+00
-4.190120398998260498e-01
-2.437097311019897461e+00
2.443094104528427124e-01
-2.176389545202255249e-01
1.012432456016540527e+00
2.152478545904159546e-01
5.179644227027893066e-01
-1.326988577842712402e+00
2.998599708080291748e-01
-1.108734607696533203e+00
-9.465622901916503906e-01
-1.328102052211761475e-01
5.158919692039489746e-01
8.366855233907699585e-02
1.352572560310363770e+00
-7.792003154754638672e-01
3.228321075439453125e+00
-9.545226693153381348e-01
-6.787367463111877441e-01
-1.810100525617599487e-01
-3.162915945053100586e+00
-1.165442943572998047e+00
3.587076902389526367e+00
-2.452155351638793945e+00
1.076892971992492676e+00
1.617786407470703125e+00
4.150628745555877686e-01
-5.046448707580566406e+00
-9.036163687705993652e-01
-3.454208374023437500e+00
-2.510787248611450195e-01
2.428072243928909302e-01
-5.412635803222656250e-01
7.072424888610839844e-01
5.289018750190734863e-01
-2.233722507953643799e-01
6.566528975963592529e-02
1.630392074584960938e-01
-5.774090290069580078e-01
2.988005876541137695e-01
1.054662838578224182e-01
4.807313680648803711e-01
5.713018774986267090e-01
9.301842004060745239e-02
-1.386722549796104431e-03
1.733192652463912964e-01
3.936392962932586670e-01
-1.359727680683135986e-01
4.820537567138671875e-01
-1.782200336456298828e-01
-7.540700435638427734e-01
-1.813223123550415039e+00
1.233494281768798828e+00
-1.589583009481430054e-01
-2.037687748670578003e-01
-3.409519493579864502e-01
2.636488676071166992e-01
-1.563044905662536621e+00
-8.156542479991912842e-02
2.514833927154541016e+00
-8.774827718734741211e-01
2.524101436138153076e-01
1.084644943475723267e-01
3.544488549232482910e-02
-6.137609481811523438e-01
6.913063526153564453e-01
-1.830136924982070923e-01
4.813631474971771240e-01
4.713699519634246826e-01
5.301552638411521912e-02
-1.743847727775573730e-01
4.762514531612396240e-01
-5.877830460667610168e-02
5.133334994316101074e-01
1.786736100912094116e-01
8.016425967216491699e-01
1.413559019565582275e-01
-1.653663218021392822e-01
3.377212285995483398e-01
2.898787856101989746e-01
-5.907584447413682938e-03
9.488572478294372559e-01
1.375280618667602539e-01
4.293220937252044678e-01
2.971264719963073730e-01
6.500151008367538452e-02
1.411280512809753418e+00
-1.516862809658050537e-01
-5.681838989257812500e-01
-1.959842741489410400e-01
-3.125237822532653809e-01
-1.054935976862907410e-01
-1.759465187788009644e-01
6.135466694831848145e-01
-9.338942170143127441e-02
-1.009588018059730530e-01
-2.783954441547393799e-01
1.801991462707519531e-02
1.241097040474414825e-02
-2.448277473449707031e-01
-2.666589319705963135e-01
-3.768322169780731201e-01
2.862522900104522705e-01
-4.854691326618194580e-01
3.659286499023437500e-01
1.033764332532882690e-01
-4.350993633270263672e-01
-8.604282140731811523e-02
-6.766818463802337646e-02
2.133103162050247192e-01
1.329053491353988647e-01
-2.470159530639648438e-01
-3.433852642774581909e-02
2.582242786884307861e-01
8.325810730457305908e-02
-2.790809273719787598e-01
9.003853052854537964e-02
4.590266048908233643e-01
-5.379188656806945801e-01
-3.374972194433212280e-02
2.813347578048706055e-01
6.299622058868408203e-01
-8.082737326622009277e-01
5.367510914802551270e-01
6.191015243530273438e-01
-9.561741948127746582e-01
-2.575250267982482910e-01
-2.130019962787628174e-01
4.750691354274749756e-02
1.536183431744575500e-02
4.521694779396057129e-01
-3.989037871360778809e-01
-9.609711170196533203e-02
-2.135129272937774658e-02
-3.079155981540679932e-01
1.994186490774154663e-01
3.304339246824383736e-03
1.288107223808765411e-02
2.492670118808746338e-01
-9.905920177698135376e-02
-4.163344949483871460e-02
-2.618524134159088135e-01
4.574459195137023926e-01
1.949429661035537720e-01
-6.903384327888488770e-01
1.074534803628921509e-01
-1.096843928098678589e-02
-5.723121166229248047e-01
-1.116089820861816406e+00
1.615173816680908203e-01
3.839627504348754883e-01
-1.612868547439575195e+00
6.823362112045288086e-01
1.333199590444564819e-01
-7.757975459098815918e-01
1.174869909882545471e-01
-1.555204987525939941e-01
8.878932893276214600e-02
4.735795855522155762e-01
1.394043326377868652e+00
-8.933183550834655762e-02
-1.013904213905334473e+00
9.070271626114845276e-03
-9.522374719381332397e-03
-7.964594289660453796e-03
6.907520582899451256e-04
9.110596962273120880e-03
7.717858068645000458e-03
3.844450460746884346e-03
9.754824452102184296e-03
-9.793267585337162018e-03
-6.239023525267839432e-03
-1.035178545862436295e-03
-5.016549039282836020e-05
-9.944962337613105774e-03
-7.045439910143613815e-03
4.063223022967576981e-03
-5.334222689270973206e-03
-5.747422110289335251e-03
-1.871784450486302376e-03
4.867898765951395035e-03
6.517033092677593231e-03
1.588847604580223560e-03
1.656336011365056038e-03
-1.852653454989194870e-03
7.579401601105928421e-03
4.064117092639207840e-03
-8.905974216759204865e-03
5.931619554758071899e-03
-2.859804080799221992e-03
7.674922700971364975e-03
2.116504590958356857e-03
-6.783781573176383972e-03
3.566256724298000336e-03
-5.290481261909008026e-03
-3.756949154194444418e-04
8.927209302783012390e-03
3.674818901345133781e-03
2.557959873229265213e-03
-4.863135516643524170e-03
8.418306708335876465e-03
3.822341794148087502e-03
-4.376082681119441986e-03
2.327890833839774132e-03
3.579788608476519585e-03
-2.019479172304272652e-03
-4.872863646596670151e-03
3.279153490439057350e-03
-2.662462415173649788e-03
6.639021914452314377e-03
3.812761744484305382e-03
-7.431664969772100449e-03
6.543658673763275146e-03
-8.667258662171661854e-04
-3.963409690186381340e-04
1.571986213093623519e-04
8.908988907933235168e-03
9.741611778736114502e-03
-4.722064360976219177e-03
3.975856525357812643e-04
-8.816526271402835846e-03
3.246727166697382927e-03
-2.484912052750587463e-03
-8.517639711499214172e-03
-8.681719191372394562e-03
-4.313005600124597549e-03
-8.673838339745998383e-03
6.302508991211652756e-03
1.411640048027038574e+00
9.327812790870666504e-01
-1.507113575935363770e+00
5.328906774520874023e-01
