1.547809958457946777e+00
1.222556471824645996e+00
1.522489905357360840e+00
4.040025711059570312e+00
1.013867020606994629e+00
1.998320817947387695e+00
3.103353023529052734e+00
1.977649688720703125e+00
1.795105814933776855e+00
1.441231608390808105e+00
1.967084646224975586e+00
2.095558881759643555e+00
7.610977292060852051e-01
1.206968069076538086e+00
1.634070754051208496e+00
7.529880106449127197e-02
-5.256754755973815918e-01
6.887803226709365845e-02
1.233011782169342041e-01
1.472837805747985840e+00
-8.776441961526870728e-02
1.624502241611480713e-01
4.541189968585968018e-02
1.129582300782203674e-01
4.785657823085784912e-01
2.303833886981010437e-02
2.131756097078323364e-01
8.630294352769851685e-02
8.497373014688491821e-02
-5.264989733695983887e-01
1.845110297203063965e+00
-6.634658575057983398e-02
-1.016468033194541931e-01
-7.727759331464767456e-02
-2.609309852123260498e-01
-4.882100969552993774e-02
-1.376751810312271118e-01
-1.221829131245613098e-01
-1.593885943293571472e-02
1.422304958105087280e-01
1.661664922721683979e-03
-2.299374192953109741e-01
-2.758332192897796631e-01
-8.721644431352615356e-02
1.199771277606487274e-02
-1.369374752044677734e+00
9.314905166625976562e+00
1.097639179229736328e+01
1.316946125030517578e+01
1.355134487152099609e+01
1.403684806823730469e+01
1.543555259704589844e+01
1.484986019134521484e+01
1.664002609252929688e+01
1.890678024291992188e+01
1.778417205810546875e+01
1.908103561401367188e+01
2.425210380554199219e+01
2.020046043395996094e+01
1.952185440063476562e+01
2.490355300903320312e+01
1.211070656776428223e+00
-4.566770195960998535e-01
7.447612881660461426e-01
-4.543887674808502197e-01
-2.178351879119873047e-01
-5.700257420539855957e-01
-2.543796300888061523e-01
-2.511967718601226807e-01
-1.507388949394226074e+00
3.698751330375671387e-02
1.196417585015296936e-01
-3.404366374015808105e-01
-6.074356436729431152e-01
-6.592642515897750854e-02
5.237775444984436035e-01
4.331259727478027344e-01
-1.817262768745422363e-01
3.882067278027534485e-02
-9.709367752075195312e-01
-2.907265163958072662e-02
5.176233649253845215e-01
-2.739873230457305908e-01
8.378327488899230957e-01
3.292286992073059082e-01
3.213408291339874268e-01
-1.445410847663879395e-01
1.050150543451309204e-01
-5.742352008819580078e-01
1.766869068145751953e+00
3.077792227268218994e-01
-1.365363240242004395e+00
-9.294362664222717285e-01
-1.211098209023475647e-01
4.264845550060272217e-01
-1.287917643785476685e-01
4.878007769584655762e-01
-1.891462802886962891e-01
2.326757311820983887e-01
-1.448749452829360962e-01
-1.194670237600803375e-02
-4.527953863143920898e-01
-1.967866301536560059e+00
1.585785150527954102e+00
2.526226453483104706e-02
2.497905194759368896e-01
-4.542203247547149658e-01
-8.822972774505615234e-01
1.322581648826599121e+00
1.115928068757057190e-01
-2.314888387918472290e-01
1.046164274215698242e+00
7.048032283782958984e-01
-8.309297561645507812e-01
2.914140224456787109e+00
2.174979925155639648e+00
-4.251595437526702881e-01
7.096015661954879761e-02
-9.442848712205886841e-02
-2.786493897438049316e-01
2.843583822250366211e-01
2.743451595306396484e-01
-3.598901927471160889e-01
-2.693882286548614502e-01
5.503670573234558105e-01
6.200844645500183105e-01
-3.619333356618881226e-02
-3.129344880580902100e-01
2.027373164892196655e-01
-1.499220490455627441e+00
-4.157804548740386963e-01
-6.211605072021484375e-01
-1.445342600345611572e-02
3.283819258213043213e-01
-3.797814249992370605e-01
4.476481676101684570e-01
-1.081266283988952637e+00
5.795704573392868042e-02
-4.615134298801422119e-01
3.561240136623382568e-01
2.226927429437637329e-01
-1.636461764574050903e-01
7.987877726554870605e-01
-5.931146144866943359e-01
4.594323635101318359e-01
-5.018715858459472656e-01
-5.549443364143371582e-01
5.517524480819702148e-01
-8.596511185169219971e-02
5.422064661979675293e-01
-7.104259915649890900e-03
1.447437703609466553e-01
3.435611128807067871e-01
9.126776456832885742e-01
9.025979042053222656e-01
8.938860297203063965e-01
1.671168804168701172e+00
-3.170303344726562500e+00
-9.011023640632629395e-01
1.576835960149765015e-01
5.089349746704101562e-01
-4.832781255245208740e-01
8.989384174346923828e-01
-7.627217769622802734e-01
1.820872277021408081e-01
-7.384914755821228027e-01
-1.837734103202819824e+00
-1.021169781684875488e+00
1.455486178398132324e+00
9.577866196632385254e-01
6.964888572692871094e-01
-2.163955688476562500e+00
-8.560904860496520996e-01
-8.720249533653259277e-01
-4.066401347517967224e-02
-5.058512091636657715e-01
-2.420666962862014771e-01
9.057555347681045532e-02
1.409811139106750488e+00
2.557945847511291504e-01
-1.329426527023315430e+00
7.335001230239868164e-02
5.936452001333236694e-02
-1.926704794168472290e-01
1.446415483951568604e-01
8.547782152891159058e-02
8.615330606698989868e-02
5.007686614990234375e-01
2.263630330562591553e-01
6.899549067020416260e-02
-1.087209433317184448e-01
1.691669672727584839e-01
-3.057943880558013916e-01
1.344934552907943726e-01
3.363972604274749756e-01
-1.100941840559244156e-02
1.807954162359237671e-01
1.805762946605682373e-01
8.949501067399978638e-02
1.073858737945556641e-01
9.757663309574127197e-02
-3.112289905548095703e-01
-2.318154126405715942e-01
3.029998019337654114e-02
-3.943866491317749023e-02
8.664418011903762817e-03
1.955511868000030518e-01
1.315581053495407104e-01
2.587741613388061523e-01
1.964378654956817627e-01
1.971484422683715820e-01
6.342116594314575195e-01
1.883813291788101196e-01
-4.897088184952735901e-02
7.275070995092391968e-02
-6.459267437458038330e-02
-3.291057944297790527e-01
2.415278702974319458e-01
8.597958087921142578e-02
-1.611180752515792847e-01
7.266038656234741211e-02
1.916615664958953857e-01
-2.442610263824462891e-02
-7.483983039855957031e-01
-1.747293472290039062e-01
-2.268970757722854614e-01
1.536973267793655396e-01
3.505659475922584534e-02
1.974734291434288025e-02
-1.552992966026067734e-02
-4.400427043437957764e-01
-4.138727486133575439e-01
6.474432349205017090e-02
-4.239941835403442383e-01
-1.367392241954803467e-01
-2.502927184104919434e-01
2.363134622573852539e-01
-9.384957700967788696e-02
-3.873059898614883423e-02
-1.071647703647613525e-01
5.821890383958816528e-02
4.153425395488739014e-01
5.241624712944030762e-01
1.407841145992279053e-01
1.631651073694229126e-01
1.091934517025947571e-01
3.445998132228851318e-01
2.120570987462997437e-01
1.249902248382568359e-01
5.779599025845527649e-02
1.441183388233184814e-01
2.492652386426925659e-01
4.387272521853446960e-02
7.861457020044326782e-02
3.134714066982269287e-01
3.696037828922271729e-01
5.021513104438781738e-01
-1.454757899045944214e-01
1.840858310461044312e-01
1.756565645337104797e-02
2.341300249099731445e-03
3.099523782730102539e-01
6.432503461837768555e-02
2.989647984504699707e-01
4.496593773365020752e-01
1.379958838224411011e-01
-1.571981459856033325e-01
-8.626625686883926392e-02
1.471231281757354736e-01
-9.051982313394546509e-02
1.822483986616134644e-01
4.354091361165046692e-02
-2.100542634725570679e-01
1.473013520240783691e+00
8.866333961486816406e-02
-4.598411917686462402e-01
7.460432499647140503e-02
-4.212062433362007141e-02
-2.077302634716033936e-01
-2.108315527439117432e-01
1.407049000263214111e-01
-1.269627362489700317e-01
-6.677767038345336914e-01
5.502991750836372375e-02
8.455538749694824219e-02
1.410514712333679199e-01
8.029757142066955566e-01
6.340041756629943848e-01
-2.091825157403945923e-01
8.232524991035461426e-02
1.713223904371261597e-01
1.456999897956848145e+00
-1.113922894001007080e-01
3.188475370407104492e-01
6.303767208009958267e-03
1.386024594306945801e+00
1.127130389213562012e-01
-1.910449862480163574e-01
-1.327293962240219116e-01
9.463620930910110474e-02
9.562869071960449219e-01
-4.783986806869506836e-01
-1.563401818275451660e-01
4.766358435153961182e-02
-9.714614599943161011e-02
-9.093743562698364258e-02
-1.109584420919418335e-01
8.238421380519866943e-02
4.467217996716499329e-02
-1.082846075296401978e-01
-5.633158981800079346e-02
-3.053069859743118286e-02
1.741117984056472778e-01
-1.206920202821493149e-02
-7.942872121930122375e-03
4.188650250434875488e-01
-1.486795246601104736e-01
-1.626765727996826172e-01
-2.705761790275573730e-01
2.488240450620651245e-01
6.089753005653619766e-03
-5.871007964015007019e-02
1.319039463996887207e-01
7.736153900623321533e-02
-1.628093272447586060e-01
1.259202603250741959e-02
6.458706222474575043e-03
4.051962494850158691e-02
-1.144271120429039001e-01
2.903003096580505371e-01
7.693679071962833405e-03
1.023019775748252869e-01
1.891303807497024536e-01
-7.542232424020767212e-02
2.640798874199390411e-02
2.163347899913787842e-01
-2.447406500577926636e-01
4.414891824126243591e-02
-7.090175896883010864e-02
1.418582648038864136e-01
-5.055152624845504761e-02
1.072032973170280457e-01
2.138739079236984253e-01
-2.313044965267181396e-01
7.227416336536407471e-02
1.368584856390953064e-02
1.143665313720703125e-01
3.742896914482116699e-01
1.466587483882904053e-01
-1.459770500659942627e-01
-1.567764580249786377e-01
1.877160072326660156e-01
-3.163653910160064697e-01
4.081326723098754883e-01
2.393412403762340546e-02
-5.257050991058349609e-01
9.037180989980697632e-02
-1.947519332170486450e-01
-7.951220870018005371e-02
-7.417639344930648804e-02
5.761427339166402817e-03
3.358783423900604248e-01
-2.547199428081512451e-01
2.204864919185638428e-01
-2.714616954326629639e-01
-6.397403776645660400e-02
4.728927835822105408e-02
-6.769787520170211792e-02
-5.683701485395431519e-02
5.318181514739990234e-01
-1.065706983208656311e-01
-4.343884065747261047e-02
1.189237162470817566e-01
-6.569808721542358398e-02
8.796568214893341064e-02
-5.413339659571647644e-02
4.313881397247314453e-01
-2.512099146842956543e-01
6.289835572242736816e-01
-9.462572634220123291e-02
-2.993063926696777344e-01
1.533430814743041992e-01
-1.945131421089172363e-01
7.243316620588302612e-02
-9.943903237581253052e-02
3.557984530925750732e-01
-3.301700949668884277e-02
-2.182697653770446777e-01
1.089514195919036865e-01
-1.612258255481719971e-01
-1.078990623354911804e-01
9.953124821186065674e-02
-2.276439815759658813e-01
-1.740991115570068359e+00
-2.261783331632614136e-01
5.782005786895751953e-01
-4.263349473476409912e-01
8.591887354850769043e-02
3.868611752986907959e-01
-7.751228213310241699e-01
-7.401864975690841675e-02
9.249429404735565186e-02
-1.457813978195190430e-01
3.074472248554229736e-01
-9.238549321889877319e-02
5.192421078681945801e-01
5.125474333763122559e-01
1.658557355403900146e-01
-5.030379295349121094e-01
-3.978774547576904297e-01
-3.880247771739959717e-01
4.185147583484649658e-01
2.756403684616088867e-01
1.724069416522979736e-01
3.073196858167648315e-02
7.372901439666748047e-01
2.887620031833648682e-01
2.036672830581665039e-01
-3.063281774520874023e-01
8.004581183195114136e-02
6.566106081008911133e-01
-9.071716107428073883e-03
-6.371770985424518585e-03
-7.377067115157842636e-03
9.520540945231914520e-03
-3.257155185565352440e-03
-5.052099470049142838e-03
7.375216577202081680e-03
-2.042924985289573669e-03
6.965753156691789627e-03
5.743333138525485992e-03
-8.370553143322467804e-03
5.523614119738340378e-03
-1.630279235541820526e-03
7.600049953907728195e-03
7.751693949103355408e-03
5.582785233855247498e-03
-7.999893277883529663e-03
7.420849986374378204e-03
8.566331118345260620e-03
-4.361386410892009735e-03
9.159602224826812744e-03
-7.583134341984987259e-03
-3.288297681137919426e-03
-5.750974640250205994e-03
-5.381671711802482605e-03
-3.183337859809398651e-03
-6.244300398975610733e-03
-3.455123165622353554e-03
5.463368725031614304e-03
2.737726550549268723e-03
-3.628215054050087929e-04
1.239344011992216110e-03
-7.878232747316360474e-03
6.997945718467235565e-03
-1.478934544138610363e-03
-9.638125076889991760e-03
3.280461300164461136e-03
-3.646417055279016495e-03
6.665654014796018600e-03
3.011300228536128998e-03
3.116076812148094177e-03
-5.113030783832073212e-03
5.558187142014503479e-03
7.532510440796613693e-03
-8.258790709078311920e-03
-3.150962758809328079e-03
-8.801073767244815826e-03
-7.227682974189519882e-03
9.519998915493488312e-03
9.085129015147686005e-03
3.781736362725496292e-03
-3.390595084056258202e-04
-3.232379909604787827e-03
5.670478567481040955e-03
6.454980000853538513e-03
-1.492704264819622040e-03
4.213848151266574860e-03
-3.534111427143216133e-03
-4.907268565148115158e-03
-1.380341127514839172e-03
8.319507353007793427e-03
6.308462470769882202e-03
1.775673124939203262e-03
9.807973168790340424e-03
-2.505107782781124115e-03
2.131406450644135475e-03
-1.979750115424394608e-03
-8.449289947748184204e-03
-7.598298601806163788e-03
-8.745632134377956390e-03
-2.724296879023313522e-03
-6.531030405312776566e-03
8.934243582189083099e-03
8.880784735083580017e-03
3.173106815665960312e-03
8.770082145929336548e-03
5.298873409628868103e-03
-2.563388785347342491e-03
-8.278039284050464630e-03
-3.070047823712229729e-03
-6.650387775152921677e-03
7.830571383237838745e-03
-2.264227485284209251e-03
3.191534662619233131e-03
7.518344558775424957e-03
3.420028835535049438e-03
-7.067444268614053726e-03
-3.497551428154110909e-03
-7.739249616861343384e-03
6.550077814608812332e-03
4.152616951614618301e-03
9.265080094337463379e-03
2.658566460013389587e-03
-2.844753675162792206e-03
8.031093515455722809e-03
2.608960261568427086e-03
-2.935369033366441727e-03
-6.930993869900703430e-03
6.786704063415527344e-03
-5.483041983097791672e-03
2.095173578709363937e-03
2.652301336638629436e-04
-2.708329819142818451e-03
4.231834318488836288e-03
4.220751579850912094e-04
9.374416433274745941e-03
1.562419929541647434e-03
8.804732933640480042e-04
1.049787038937211037e-03
3.304937854409217834e-03
-7.273440132848918438e-04
7.596469018608331680e-03
3.037559567019343376e-03
6.309597287327051163e-03
-5.439071450382471085e-03
-5.498781800270080566e-03
2.972481073811650276e-03
-9.866848587989807129e-03
7.600141107104718685e-04
3.968324046581983566e-03
1.384950876235961914e+00
6.841340661048889160e-01
-1.218369126319885254e+00
4.574769139289855957e-01
