1.914534091949462891e+00
4.777105331420898438e+00
3.926252365112304688e+00
1.550098299980163574e+00
2.169665098190307617e+00
3.414391517639160156e+00
6.625174283981323242e-01
8.520743846893310547e-01
-6.480982303619384766e-01
-5.284534096717834473e-01
1.194293737411499023e+00
-5.386089682579040527e-01
2.984918057918548584e-01
-4.785643815994262695e-01
-2.720051705837249756e-01
-4.533021450042724609e-01
3.189702332019805908e-01
2.258568108081817627e-01
6.869075894355773926e-01
1.330331516265869141e+01
1.528181648254394531e+01
1.031565570831298828e+01
1.727051925659179688e+01
1.910030746459960938e+01
2.270810317993164062e+01
-7.101159691810607910e-01
2.702982723712921143e-01
-3.706905618309974670e-02
2.058412879705429077e-01
-4.237039387226104736e-01
-5.555603504180908203e-01
-5.260109901428222656e-01
5.235841870307922363e-02
-9.249660372734069824e-01
2.854299247264862061e-01
-1.055853247642517090e+00
3.067236244678497314e-01
-6.322357058525085449e-01
-1.554759293794631958e-01
-1.620157480239868164e+00
8.534873127937316895e-01
-1.303528994321823120e-01
9.420942664146423340e-01
4.838765412569046021e-02
-3.530549407005310059e-01
-4.957507610321044922e+00
5.687294602394104004e-01
-8.122006803750991821e-02
-2.558628320693969727e-01
6.431080400943756104e-02
-3.945812582969665527e-02
-8.992953300476074219e-01
1.206469774246215820e+00
5.352322459220886230e-01
-4.479103386402130127e-01
2.431887388229370117e-01
2.427078783512115479e-01
1.837439239025115967e-01
1.901078373193740845e-01
7.878257632255554199e-01
-3.727492094039916992e-01
1.345545500516891479e-01
2.233342081308364868e-01
-4.868463873863220215e-01
4.353813529014587402e-01
1.001905679702758789e+00
1.498836636543273926e+00
1.276538819074630737e-01
-1.034202501177787781e-01
2.658965289592742920e-01
-2.001679688692092896e-01
3.791011869907379150e-01
4.915053844451904297e-01
-5.340459346771240234e-01
-1.024584650993347168e+00
5.649788975715637207e-01
-3.065857589244842529e-01
-1.430669307708740234e+00
-2.728948295116424561e-01
-1.001094281673431396e-01
-4.289775788784027100e-01
-2.428915798664093018e-01
-3.140363693237304688e-01
-4.327610880136489868e-02
6.618631482124328613e-01
-5.417536944150924683e-02
-8.468849062919616699e-01
-1.210619091987609863e+00
6.111115682870149612e-03
-3.509220434352755547e-03
-3.280885750427842140e-03
-2.750942716374993324e-03
-2.986489096656441689e-03
2.543821465224027634e-03
-5.236193072050809860e-03
3.829809371381998062e-03
-2.855939557775855064e-03
2.361555350944399834e-03
9.103628806769847870e-03
3.202522639185190201e-03
2.525469986721873283e-03
3.145687514916062355e-03
3.001824021339416504e-03
-4.396979697048664093e-03
-2.911532938014715910e-04
-1.800104510039091110e-04
3.814635099843144417e-03
3.749859752133488655e-03
-5.562637001276016235e-03
1.442677259445190430e+00
9.500496983528137207e-01
-2.028176069259643555e+00
7.939090728759765625e-01
