1.544511032104492188e+01
1.622424125671386719e+01
1.577562236785888672e+01
1.419300365447998047e+01
1.647204399108886719e+01
1.186082744598388672e+01
7.970926284790039062e+00
6.017540454864501953e+00
1.058310985565185547e+01
2.016908645629882812e+01
1.615616035461425781e+01
1.073619651794433594e+01
1.599447917938232422e+01
-2.220929384231567383e+00
3.282980918884277344e+00
1.213971710205078125e+01
-6.620990276336669922e+00
-3.599963665008544922e+00
5.316333293914794922e+00
2.592258214950561523e+00
8.314952850341796875e+00
-6.708748817443847656e+00
-1.257571458816528320e+00
-3.518575727939605713e-01
2.439989089965820312e+00
-6.386010169982910156e+00
2.603311300277709961e+00
-3.881571531295776367e+00
4.053863048553466797e+00
4.675467491149902344e+00
-1.481638908386230469e+00
6.437570571899414062e+00
-6.924489021301269531e+00
-7.181211471557617188e+00
4.999345779418945312e+00
2.332041501998901367e+00
-1.156675457954406738e+00
3.929480791091918945e+00
5.245361328125000000e+00
-1.986261844635009766e+00
5.810310363769531250e+00
-1.115429687500000000e+01
7.662159204483032227e-01
-4.622573375701904297e+00
-4.327291965484619141e+00
-3.063158988952636719e+00
7.509798526763916016e+00
-6.351393699645996094e+00
5.686440944671630859e+00
4.231031894683837891e+00
-1.094120979309082031e+00
-9.886545181274414062e+00
9.845026016235351562e+00
8.280296325683593750e+00
4.987436771392822266e+00
-1.961371779441833496e+00
1.830076694488525391e+00
9.482992172241210938e+00
1.277036547660827637e+00
-9.043645262718200684e-01
1.211853623390197754e+00
2.137307405471801758e+00
5.214845180511474609e+00
-5.494499206542968750e-01
-3.211445569992065430e+00
-4.078298091888427734e+00
3.347597420215606689e-01
-2.948048114776611328e+00
-3.223154544830322266e+00
-4.081497192382812500e+00
-7.251919746398925781e+00
-6.322354793548583984e+00
5.255398154258728027e-01
4.456361293792724609e+00
1.502447700500488281e+01
3.397395372390747070e+00
8.530593872070312500e+00
-3.789937257766723633e+00
1.495615124702453613e+00
-9.599761009216308594e+00
6.102050781250000000e+00
-1.737344622611999512e+00
-7.733891010284423828e+00
7.654099941253662109e+00
6.866459846496582031e+00
8.612909317016601562e+00
6.527365684509277344e+00
-2.364838838577270508e+00
-8.994979858398437500e+00
5.624392986297607422e+00
-7.686347484588623047e+00
3.463634252548217773e+00
-1.107412338256835938e+01
3.068066835403442383e+00
8.901981353759765625e+00
-4.492765903472900391e+00
2.225501775741577148e+00
2.240075826644897461e+00
1.745240330696105957e+00
1.024856472015380859e+01
3.919670283794403076e-01
5.044320583343505859e+00
9.034264564514160156e+00
4.057392120361328125e+00
-5.031665325164794922e+00
4.854623317718505859e+00
-6.243782043457031250e+00
2.132145404815673828e+00
-1.390186429023742676e+00
1.894529581069946289e+00
1.592142462730407715e+00
6.955724716186523438e+00
2.084956169128417969e+00
-3.514731526374816895e-01
2.350575208663940430e+00
-2.186944484710693359e-01
2.776779413223266602e+00
-3.413009881973266602e+00
-2.677516937255859375e+00
2.798329830169677734e+00
1.259038001298904419e-01
-4.303735256195068359e+00
-3.824815273284912109e+00
3.692789316177368164e+00
-2.061860263347625732e-02
2.556779861450195312e+00
1.909037828445434570e+00
-2.779908657073974609e+00
-2.408761024475097656e+00
1.795274764299392700e-01
2.914840281009674072e-01
-9.169651865959167480e-01
1.094715118408203125e+00
1.623195767402648926e+00
1.995365977287292480e+00
1.438976079225540161e-01
4.609107494354248047e+00
-5.848968982696533203e+00
4.849831581115722656e+00
-1.152259230613708496e+00
-1.259400248527526855e+00
-6.840656399726867676e-01
4.343963623046875000e+00
4.564153194427490234e+00
-4.437804698944091797e+00
-6.077896118164062500e+00
1.864694476127624512e+00
-6.409988403320312500e+00
-4.360488891601562500e+00
3.805741786956787109e+00
-1.564249396324157715e+00
1.831128001213073730e+00
1.032383441925048828e+00
-2.585942268371582031e+00
8.340727686882019043e-01
6.306514739990234375e-01
-4.141782283782958984e+00
-1.210834607481956482e-01
-1.415404558181762695e+00
-4.946617126464843750e+00
4.606327056884765625e+00
-1.475026249885559082e+00
-4.183639049530029297e+00
5.132196426391601562e+00
1.248621582984924316e+00
3.221744537353515625e+00
-1.323361515998840332e+00
4.969611465930938721e-01
-9.904720783233642578e-01
-2.334896326065063477e+00
-5.993434786796569824e-01
3.763014793395996094e+00
-3.375843465328216553e-01
2.140318393707275391e+00
-3.375010728836059570e+00
6.293261051177978516e+00
7.202113866806030273e-01
6.241986751556396484e+00
-3.383987665176391602e+00
6.878195285797119141e+00
-3.134099483489990234e+00
5.779817104339599609e+00
-9.888989925384521484e-01
3.552636384963989258e+00
5.718258380889892578e+00
-3.744504690170288086e+00
1.381989717483520508e+00
-8.730642795562744141e-01
-2.992815077304840088e-01
4.959428012371063232e-01
-1.598320245742797852e+00
1.593268960714340210e-01
-2.886968374252319336e+00
-9.276016950607299805e-01
-1.841434836387634277e+00
1.113857179880142212e-01
-1.067203998565673828e+00
3.733100175857543945e+00
-1.194540858268737793e+00
4.813036024570465088e-01
1.938315510749816895e+00
1.849610447883605957e+00
-1.534862875938415527e+00
-3.286270380020141602e+00
-3.377960681915283203e+00
1.543995976448059082e+00
3.494614362716674805e-01
2.512217283248901367e+00
-4.446236491203308105e-01
-1.856154203414916992e+00
1.159818530082702637e+00
-1.779657959938049316e+00
2.057315111160278320e+00
-4.893173873424530029e-01
7.427077770233154297e+00
-1.541580319404602051e+00
-2.090344190597534180e+00
-5.061274170875549316e-01
-1.926720976829528809e+00
-6.979577541351318359e-01
3.435407638549804688e+00
-1.194049835205078125e+00
1.296499609947204590e+00
1.176132321357727051e+00
-8.569688200950622559e-01
-3.410796642303466797e+00
-1.066648006439208984e+00
-3.985920190811157227e+00
3.134528636932373047e+00
1.134744644165039062e+00
3.107121706008911133e+00
2.118173122406005859e+00
-1.334969848394393921e-01
9.088489413261413574e-01
1.114067316055297852e+00
2.673030376434326172e+00
3.738204002380371094e+00
3.952136039733886719e+00
-3.887265443801879883e+00
6.542115658521652222e-02
-5.104790329933166504e-01
-6.015891432762145996e-01
2.181109040975570679e-01
-1.474823594093322754e+00
2.243094205856323242e+00
-1.878018260002136230e+00
1.925604045391082764e-01
1.559302091598510742e+00
7.553120851516723633e-01
2.781299352645874023e-01
-1.632395148277282715e+00
1.081888556480407715e+00
2.338248968124389648e+00
-3.238691091537475586e+00
1.396811842918395996e+00
1.984157562255859375e+00
1.665273547172546387e+00
8.625608086585998535e-01
8.690897226333618164e-01
3.940121889114379883e+00
4.459410905838012695e-02
1.278595328330993652e+00
2.129100799560546875e+00
2.902927994728088379e-02
1.524648517370223999e-01
-1.771946430206298828e+00
5.479774951934814453e+00
1.704774498939514160e+00
-1.438096761703491211e-01
-3.506798669695854187e-02
1.875068306922912598e+00
-1.488017737865447998e-01
8.721662759780883789e-01
-1.037366628646850586e+00
7.529000282287597656e+00
1.525009512901306152e+00
3.467052459716796875e+00
-4.558974742889404297e+00
2.009812116622924805e+00
3.731160163879394531e+00
2.026628494262695312e+00
1.943250179290771484e+00
-5.286531448364257812e-01
-2.107563912868499756e-01
1.024454355239868164e+00
-1.636373519897460938e+00
1.930955171585083008e+00
