1.718764185905456543e+00
-4.294106066226959229e-01
4.411989748477935791e-01
4.601456642150878906e+00
1.777857184410095215e+00
3.201302289962768555e+00
2.600127935409545898e+00
2.146671295166015625e+00
3.388063430786132812e+00
2.528369426727294922e-01
-6.492079496383666992e-01
7.791274785995483398e-02
5.081021785736083984e-01
3.364165544509887695e+00
-8.852164149284362793e-01
7.104237079620361328e-01
1.917593181133270264e-01
8.498687148094177246e-01
9.314601421356201172e-01
-6.244474649429321289e-01
-2.409271001815795898e-01
1.999012231826782227e-01
1.557539701461791992e+00
8.206636905670166016e-01
-1.316944837570190430e+00
2.190135270357131958e-01
-5.939988493919372559e-01
-4.200618267059326172e-01
1.284700185060501099e-01
-1.690357476472854614e-01
3.154416382312774658e-01
-7.032130360603332520e-01
-1.925712227821350098e+00
-1.766139507293701172e+00
9.796703338623046875e+00
9.996232032775878906e+00
1.311111831665039062e+01
1.367905139923095703e+01
1.553630638122558594e+01
1.492031955718994141e+01
1.755157661437988281e+01
1.920546722412109375e+01
2.065640449523925781e+01
2.494001197814941406e+01
1.575715827941894531e+01
3.484691381454467773e-01
-5.374513268470764160e-01
-1.121761083602905273e+00
-2.932578921318054199e-01
4.477576613426208496e-01
-1.101618051528930664e+00
-8.584930300712585449e-01
1.149678587913513184e+00
-1.948617577552795410e+00
2.063656330108642578e+00
9.891688227653503418e-01
1.162860274314880371e+00
1.662110924720764160e+00
-3.179975509643554688e+00
1.465633064508438110e-01
2.068910002708435059e-01
-1.806108355522155762e+00
4.158138036727905273e-01
-3.381114959716796875e+00
-5.487532615661621094e-01
-8.540658950805664062e-01
-2.271453142166137695e+00
2.933477163314819336e+00
-2.383222728967666626e-01
-7.207524776458740234e-01
-7.589663863182067871e-01
7.117658853530883789e-01
4.211416244506835938e-01
-5.315990447998046875e+00
-1.247510814666748047e+01
-6.356576919555664062e+00
3.173220157623291016e-01
1.127412915229797363e+00
-6.557704210281372070e-01
-2.129861265420913696e-01
1.313692450523376465e+00
7.300768375396728516e+00
1.983495140075683594e+01
6.767342686653137207e-01
-8.290973305702209473e-01
1.055547118186950684e+00
-8.672690391540527344e-01
-8.105699419975280762e-01
-9.268100857734680176e-01
-7.422257661819458008e-01
-2.220807224512100220e-02
-2.024535417556762695e+00
5.299578309059143066e-01
1.708550095558166504e+00
-1.108807563781738281e+00
-1.253630161285400391e+00
1.280776143074035645e+00
-2.565905451774597168e-01
-1.827258944511413574e+00
5.301329135894775391e+00
1.726160168647766113e+00
3.394746780395507812e-01
1.186930418014526367e+00
-9.973312616348266602e-01
-8.878344297409057617e-01
-9.463961124420166016e-01
-4.224078357219696045e-01
2.586850881576538086e+00
2.030176639556884766e+00
1.218464374542236328e+00
-7.495435476303100586e-01
-6.658829003572463989e-02
4.813748002052307129e-01
6.810420155525207520e-01
-1.524256467819213867e+00
1.477259248495101929e-01
5.243550539016723633e-01
-1.612777829170227051e+00
8.315386772155761719e-01
-1.159142851829528809e+00
-2.422932237386703491e-01
2.066731452941894531e-01
3.577640950679779053e-01
-4.003740847110748291e-02
6.339763998985290527e-01
-5.327274799346923828e-01
1.022570848464965820e+00
-2.919257581233978271e-01
-1.284949332475662231e-01
1.341720223426818848e+00
-8.835284709930419922e-01
-4.026140272617340088e-01
-8.069269061088562012e-01
1.800505995750427246e+00
-9.906259924173355103e-02
-3.755138218402862549e-01
-2.183193415403366089e-01
-1.039658039808273315e-01
-1.352259963750839233e-01
1.959267258644104004e-01
3.933753252029418945e+00
-1.862017631530761719e+00
2.108924537897109985e-01
2.396702617406845093e-01
-1.003624424338340759e-01
1.239055633544921875e+00
5.150377154350280762e-01
-1.199894398450851440e-02
-5.457249164581298828e+00
3.613021075725555420e-01
1.615517027676105499e-02
2.675640583038330078e-01
-6.281521916389465332e-02
2.986456751823425293e-01
5.160747766494750977e-01
7.983563095331192017e-02
7.649759054183959961e-01
-1.515208035707473755e-01
2.299050837755203247e-01
6.726792454719543457e-01
9.520184397697448730e-01
1.209607362747192383e+00
3.993321582674980164e-02
1.514051854610443115e-01
-3.009374737739562988e-01
-1.359717100858688354e-01
-2.881947278976440430e+00
7.089363783597946167e-02
4.052214920520782471e-01
-7.545275688171386719e-01
-3.149066120386123657e-02
6.678442955017089844e-01
9.304488301277160645e-01
4.933386445045471191e-01
1.003302261233329773e-02
-4.875530004501342773e-01
1.087517642974853516e+01
-5.971564054489135742e-01
3.718225657939910889e-02
7.392564415931701660e-01
-5.489898920059204102e-01
-1.908978968858718872e-01
-3.016488552093505859e-01
1.026229023933410645e+00
-2.577587366104125977e-01
1.158006787300109863e+00
-5.861619114875793457e-01
-1.752062290906906128e-01
-8.925940990447998047e-01
-1.097065925598144531e+00
1.159219145774841309e+00
3.986421525478363037e-01
-7.435465455055236816e-01
9.756408929824829102e-01
-3.337611258029937744e-01
1.844272375106811523e+00
1.621771931648254395e+00
6.832627654075622559e-01
-4.918071627616882324e-01
1.159350514411926270e+00
-1.716901361942291260e-01
4.215167164802551270e-01
7.174508571624755859e-01
-2.649041116237640381e-01
-5.051438808441162109e-01
-3.278120234608650208e-02
2.359675168991088867e+00
-1.842100858688354492e+00
1.696163564920425415e-01
-7.966893911361694336e-01
-3.205955922603607178e-01
-2.254796773195266724e-01
2.185135963372886181e-04
-2.563410401344299316e-01
-4.235023498535156250e+00
-2.136920094490051270e-01
4.568729400634765625e-01
-4.514586031436920166e-01
4.828118681907653809e-01
3.573408126831054688e-01
2.794730067253112793e-01
4.988570511341094971e-01
-2.283252477645874023e-01
3.493451774120330811e-01
-2.177783548831939697e-01
-1.429279088973999023e+00
-4.094611108303070068e-01
4.790966510772705078e-01
-3.326395153999328613e-01
1.474688877351582050e-03
9.545545578002929688e-01
-6.514557003974914551e-01
7.816158533096313477e-01
1.577386856079101562e-01
-7.619754076004028320e-01
2.004112303256988525e-01
2.561084628105163574e-01
1.330353856086730957e+00
-6.028765439987182617e-01
-2.800432920455932617e+00
1.186434268951416016e+00
-3.584321960806846619e-02
3.689410090446472168e-01
5.796511541120707989e-04
8.935277583077549934e-04
7.406629621982574463e-03
6.947999354451894760e-03
8.306370116770267487e-03
-8.849308942444622517e-04
7.379461545497179031e-03
6.866686977446079254e-03
8.174953982234001160e-03
-2.149537438526749611e-03
8.252067491412162781e-03
8.309775032103061676e-03
-6.145065650343894958e-03
3.161443164572119713e-04
-5.513648968189954758e-03
5.142741370946168900e-03
1.035368884913623333e-03
6.010586861521005630e-03
-9.964440017938613892e-03
-1.433569006621837616e-03
7.435205858200788498e-03
7.706977427005767822e-03
5.313674337230622768e-04
5.037085618823766708e-03
-4.758642520755529404e-03
-2.234320389106869698e-03
-7.281085941940546036e-03
-1.249822205863893032e-03
-8.436661213636398315e-03
-8.606640622019767761e-03
-8.782279677689075470e-03
-1.520310412161052227e-03
-7.509017013944685459e-04
-7.588979322463274002e-03
8.359202183783054352e-03
1.880977652035653591e-03
-2.221165224909782410e-03
-9.044620092026889324e-04
7.156012579798698425e-03
-4.416789393872022629e-03
4.255997948348522186e-03
-2.506379969418048859e-03
-4.893593955785036087e-03
8.923723362386226654e-03
6.934271659702062607e-03
6.100050639361143112e-03
-4.961166065186262131e-03
2.864455338567495346e-03
8.477563969790935516e-03
5.559585522860288620e-03
5.940268747508525848e-03
-9.864971973001956940e-03
5.165364593267440796e-03
4.047554451972246170e-03
1.947727636434137821e-03
7.054463028907775879e-03
2.284618327394127846e-03
-2.377358265221118927e-03
4.391753580421209335e-03
-2.009005693253129721e-04
2.558407140895724297e-03
-4.093543975614011288e-04
-7.770939264446496964e-03
9.668438695371150970e-03
2.120520221069455147e-03
-7.711476180702447891e-03
1.290411710739135742e+00
1.147807478904724121e+00
-1.915244102478027344e+00
6.831537485122680664e-01
