1.718803524971008301e+00
-7.140474915504455566e-01
1.493793964385986328e+00
-4.453285038471221924e-01
-4.871646165847778320e-01
4.575734615325927734e+00
1.515027999877929688e+00
3.398281812667846680e+00
2.354695558547973633e+00
2.329799175262451172e+00
1.553384542465209961e+00
2.493019580841064453e+00
1.863518953323364258e+00
-7.109184563159942627e-02
3.437816798686981201e-01
7.450262904167175293e-01
-2.917665243148803711e-02
1.692556381225585938e+00
-8.253573179244995117e-01
-5.199648737907409668e-01
-2.241720676422119141e+00
2.640362083911895752e-01
-2.287492528557777405e-02
9.972076117992401123e-02
9.379339218139648438e-01
-1.642109453678131104e-01
6.925141215324401855e-01
-1.559468954801559448e-01
1.377804577350616455e-01
3.622707724571228027e-01
4.773535132408142090e-01
3.918204307556152344e-01
1.773455262184143066e+00
3.090975880622863770e-01
6.728194355964660645e-01
8.318788409233093262e-01
1.155459284782409668e+00
-2.173260748386383057e-01
-3.250389993190765381e-01
-1.896549612283706665e-01
-7.334492355585098267e-02
4.250338673591613770e-01
2.762179076671600342e-01
-3.032218217849731445e-01
-5.917699933052062988e-01
6.675724685192108154e-02
4.245601296424865723e-01
1.339160501956939697e-01
-2.551011145114898682e-01
8.229901313781738281e+00
1.016009044647216797e+01
7.000693321228027344e+00
9.375432968139648438e+00
1.316413879394531250e+01
1.349161434173583984e+01
1.551461029052734375e+01
1.473623657226562500e+01
1.745075988769531250e+01
1.956170845031738281e+01
1.895865249633789062e+01
1.960014152526855469e+01
2.230029678344726562e+01
2.052458381652832031e+01
2.949889564514160156e+01
2.286128425598144531e+01
-1.210252866148948669e-01
-2.567777037620544434e-01
-1.336077213287353516e+00
-4.834221303462982178e-01
9.410007596015930176e-01
-1.204300045967102051e+00
-6.383199691772460938e-01
-7.793980836868286133e-01
1.190786719322204590e+00
3.653834342956542969e+00
2.380496501922607422e+00
-5.360965251922607422e+00
7.739075660705566406e+00
4.023107588291168213e-01
4.049255847930908203e+00
-1.013601660728454590e+00
1.831852048635482788e-01
3.017802238464355469e+00
-1.586884856224060059e+00
2.562318742275238037e-01
-1.676816642284393311e-01
-2.595672011375427246e-02
-1.085189938545227051e+00
-4.194699227809906006e-01
-9.177611470222473145e-01
2.681749105453491211e+00
-2.337547779083251953e+00
1.910898685455322266e+00
-4.490516781806945801e-01
-9.271548986434936523e-01
-2.351989030838012695e+00
-9.880595207214355469e+00
1.269014239311218262e+00
6.600026488304138184e-01
-2.071043103933334351e-01
1.300783991813659668e+00
-2.580403327941894531e+00
-7.053071856498718262e-01
-7.973924279212951660e-01
-2.663965702056884766e+00
4.775663375854492188e+00
1.046640586853027344e+01
-6.362712383270263672e+00
-1.359162569046020508e+00
-9.639388322830200195e-01
-2.844415605068206787e-01
9.526482820510864258e-01
1.350380778312683105e+00
3.863581657409667969e+00
-5.807503223419189453e+00
-9.101962447166442871e-01
-5.074025630950927734e+00
2.965537071228027344e+00
1.011984348297119141e+00
4.146981716156005859e+00
-5.555529594421386719e+00
-5.180313110351562500e+00
2.268139123916625977e+00
-1.593102216720581055e+00
4.002416431903839111e-01
-1.738780260086059570e+00
1.868121027946472168e+00
2.484848022460937500e+00
7.502145171165466309e-01
7.042300105094909668e-01
-3.256214380264282227e+00
1.102761745452880859e+00
2.105587577819824219e+01
1.718322038650512695e+00
8.956397056579589844e+00
1.617468893527984619e-01
2.607103109359741211e+00
-3.926203012466430664e+00
-3.546910047531127930e+00
-1.491954803466796875e+00
-2.239217042922973633e+00
7.241756916046142578e+00
-4.104931354522705078e+00
-3.119410896301269531e+01
-3.220100641250610352e+00
-1.828853416442871094e+01
9.492461085319519043e-01
-2.202653408050537109e+00
-6.943135857582092285e-01
-5.934108980000019073e-03
-1.435251951217651367e+00
4.242058396339416504e-01
-1.437584161758422852e+00
4.529154300689697266e+00
8.352076411247253418e-01
-5.139839649200439453e+00
3.433105945587158203e+00
-2.260068804025650024e-01
-8.997099995613098145e-01
4.646243572235107422e+00
-4.213943481445312500e+00
3.825986385345458984e+00
-3.597548007965087891e+00
7.230616807937622070e-01
1.221634578704833984e+01
1.633664488792419434e+00
-1.977901309728622437e-01
-1.235105276107788086e+00
1.060435056686401367e+00
-5.373987555503845215e-01
3.004751443862915039e+00
-2.834942340850830078e+00
8.530604243278503418e-01
8.594079315662384033e-02
-9.513024687767028809e-01
1.331121444702148438e+00
-2.122219562530517578e+00
1.770219564437866211e+00
1.680451154708862305e+00
-2.291457653045654297e+00
1.654967904090881348e+00
-1.314666867256164551e+00
2.784710407257080078e+00
-1.145193696022033691e+00
8.732079267501831055e-01
4.585278511047363281e+00
6.994844079017639160e-01
1.048520565032958984e+00
3.860088348388671875e+00
2.397936344146728516e+00
-9.491407871246337891e-01
-4.723056793212890625e+00
-1.030187964439392090e+00
-4.418012797832489014e-01
2.227206230163574219e+00
2.679851293563842773e+00
-3.273333072662353516e+00
-3.521653413772583008e+00
-7.293347716331481934e-01
8.607465028762817383e-01
7.069405078887939453e+00
1.117758631706237793e+00
-1.438641697168350220e-01
5.089611411094665527e-01
-8.568624258041381836e-01
-1.436714977025985718e-01
3.310285806655883789e-01
2.866019010543823242e-01
-5.353657603263854980e-01
-6.449983716011047363e-01
-6.013517975807189941e-01
8.613527417182922363e-01
-5.220620632171630859e-01
2.013107299804687500e+00
4.301682472229003906e+00
-4.997681379318237305e-01
1.716448783874511719e+00
4.964156746864318848e-01
-7.996774911880493164e-01
1.159137845039367676e+00
-1.700327098369598389e-01
3.567698299884796143e-01
-1.571749895811080933e-01
-6.777282804250717163e-02
-1.398550812155008316e-03
1.016200900077819824e+00
-1.311870455741882324e+00
1.535733819007873535e+00
9.215295314788818359e-01
-2.017335146665573120e-01
1.009375333786010742e+00
-8.478212356567382812e-01
2.188185453414916992e-01
-1.243589758872985840e+00
-1.330719470977783203e+00
4.391835331916809082e-01
-7.646145224571228027e-01
1.102879405021667480e+00
1.051855921745300293e+00
8.791363835334777832e-01
-6.875227093696594238e-01
1.364621996879577637e+00
-8.778888583183288574e-01
2.418828248977661133e+00
2.269166469573974609e+00
1.663311123847961426e+00
5.420358180999755859e-01
-1.355640888214111328e+00
1.237318634986877441e+00
-1.619926810264587402e+00
6.313040256500244141e-01
1.004765748977661133e+00
2.205645561218261719e+00
-2.333646297454833984e+00
2.041720390319824219e+00
1.232182025909423828e+00
1.224492907524108887e+00
1.689716339111328125e+00
7.197726368904113770e-01
3.546201586723327637e-01
4.332487881183624268e-01
-7.663784623146057129e-01
1.026211261749267578e+00
-1.912786960601806641e-01
3.310056924819946289e-01
6.455122232437133789e-01
6.234980537556111813e-04
-3.312656879425048828e+00
-2.000071048736572266e+00
4.345514774322509766e-01
-5.891284465789794922e+00
5.573604702949523926e-01
9.496116638183593750e-01
-1.971788763999938965e+00
7.446726560592651367e-01
-1.228656053543090820e+00
-2.246137410402297974e-01
8.907236456871032715e-01
5.401257991790771484e+00
1.490173220634460449e+00
-5.063356757164001465e-01
9.079580307006835938e+00
3.055126368999481201e-01
4.428307414054870605e-01
-6.337600946426391602e-01
-6.637308001518249512e-01
1.412389278411865234e+00
-7.815228104591369629e-01
-7.003196477890014648e-01
-1.517161369323730469e+00
-2.479000948369503021e-02
4.114844799041748047e-01
2.730007767677307129e-01
6.298487186431884766e-01
8.772026300430297852e-01
-9.907512664794921875e-01
8.002903461456298828e-01
7.881141901016235352e-01
2.003063440322875977e+00
-1.240041971206665039e+00
-3.337903693318367004e-02
2.893601357936859131e-01
8.458324670791625977e-01
-4.642777442932128906e-01
1.369199603796005249e-01
-1.570239424705505371e+00
1.065500020980834961e+00
3.453483581542968750e-01
-1.867161035537719727e+00
1.358113050460815430e+00
5.042224526405334473e-01
-1.550692439079284668e+00
-2.187441736459732056e-01
-2.372002005577087402e-01
-7.195954322814941406e-01
3.735501766204833984e-01
1.025972008705139160e+00
-3.383103609085083008e-01
9.995867609977722168e-01
3.819398880004882812e-01
3.722778558731079102e-01
-5.155702829360961914e-01
7.858337163925170898e-01
-1.054226517677307129e+00
2.837799191474914551e-01
-2.796118259429931641e+00
-1.036937013268470764e-01
2.695014476776123047e+00
-3.250231146812438965e-01
5.276903510093688965e-01
5.919121503829956055e-01
1.852911829948425293e+00
2.524743378162384033e-01
2.563074350357055664e+00
-1.560721397399902344e-01
6.633767485618591309e-02
-3.369159623980522156e-02
1.857082992792129517e-01
1.021223068237304688e-01
-6.563707441091537476e-02
4.191813468933105469e-01
2.340444922447204590e-01
8.505550026893615723e-02
4.067955315113067627e-01
3.352530598640441895e-01
-6.880288720130920410e-01
8.196169137954711914e-01
-6.715499162673950195e-01
-1.404180824756622314e-01
1.024245142936706543e+00
1.251255869865417480e+00
5.416120290756225586e-01
-2.929773330688476562e-01
5.615039914846420288e-02
2.773636281490325928e-01
9.155253767967224121e-01
-2.424864321947097778e-01
5.184612870216369629e-01
3.060654997825622559e-01
3.894844949245452881e-01
-4.966658949851989746e-01
9.612912535667419434e-01
-7.418798804283142090e-01
-7.407432049512863159e-02
1.032671451568603516e+00
-3.398266388103365898e-03
6.828404068946838379e-01
2.148614406585693359e+00
6.430732011795043945e-01
-2.322199195623397827e-01
-7.074564695358276367e-02
4.841370880603790283e-01
7.206477522850036621e-01
-3.779899477958679199e-01
1.235324382781982422e+00
2.364636659622192383e+00
-2.108732461929321289e+00
4.480165839195251465e-01
3.958363831043243408e-02
2.643515825271606445e+00
-1.615924090147018433e-01
-1.830017805099487305e+00
1.899369597434997559e+00
-9.862092882394790649e-02
3.939386308193206787e-01
3.927789330482482910e-01
-2.339630872011184692e-01
2.409572154283523560e-01
3.315215587615966797e+00
-1.710481762886047363e+00
1.335809230804443359e-01
2.833092689514160156e+00
4.685167670249938965e-01
5.391550809144973755e-02
2.533143520355224609e+00
-9.024862200021743774e-02
-2.325397729873657227e-01
-8.120066523551940918e-01
1.387164831161499023e+00
-7.577766180038452148e-01
3.141410648822784424e-01
4.688535034656524658e-01
-5.396267771720886230e-01
-2.711912393569946289e+00
-7.631307244300842285e-01
1.623143255710601807e-01
-5.305786132812500000e+00
6.185399889945983887e-01
1.092652678489685059e+00
-1.822159051895141602e+00
6.309542059898376465e-01
-5.839337706565856934e-01
-1.027288958430290222e-01
2.735189795494079590e-01
4.881773948669433594e+00
1.615649342536926270e+00
1.797596067190170288e-01
8.053916931152343750e+00
-5.510294437408447266e-01
4.683638811111450195e-01
-6.804821640253067017e-02
6.081274151802062988e-01
-5.690678209066390991e-02
-4.343793988227844238e-01
4.348116368055343628e-02
-3.806166648864746094e-01
-2.170458734035491943e-01
3.096015751361846924e-01
-6.552044749259948730e-01
8.757699131965637207e-01
7.144947648048400879e-01
-8.783725500106811523e-01
1.037252426147460938e+00
-5.248265266418457031e-01
1.392861485481262207e+00
-1.744168519973754883e+00
-3.130728244781494141e+00
-6.508780121803283691e-01
-8.998472690582275391e-01
3.556186556816101074e-01
1.456739455461502075e-01
-1.536171913146972656e+00
-2.113767147064208984e+00
1.948318719863891602e+00
1.428730010986328125e+00
-6.970599293708801270e-01
-6.034483313560485840e-01
1.524495482444763184e+00
-3.647664785385131836e-01
-5.393297672271728516e-01
-1.589423865079879761e-01
-1.052713036537170410e+00
2.218719571828842163e-01
-4.455164670944213867e-01
6.813021004199981689e-02
1.061005115509033203e+00
-2.717394828796386719e-01
-4.439329504966735840e-01
1.557998359203338623e-01
-1.229784727096557617e+00
-1.060620665550231934e+00
6.110339760780334473e-01
-3.791505098342895508e-01
2.383472204208374023e+00
-2.227113246917724609e-01
1.158288002014160156e+00
1.846297383308410645e+00
1.004818081855773926e+00
1.099443435668945312e+00
-2.415171861648559570e+00
-3.324407815933227539e+00
1.106557846069335938e+00
5.951529145240783691e-01
3.696213662624359131e-01
2.787916958332061768e-01
2.724518477916717529e-01
1.100985780358314514e-01
4.281900227069854736e-01
2.068007290363311768e-01
1.340054571628570557e-01
6.096657514572143555e-01
8.849102258682250977e-01
3.061870634555816650e-01
6.031959652900695801e-01
6.706291437149047852e-01
4.780035614967346191e-01
2.629596292972564697e-01
6.536113023757934570e-01
7.852625250816345215e-01
6.685204505920410156e-01
5.296968221664428711e-01
7.624570727348327637e-01
2.001144140958786011e-01
7.347528338432312012e-01
8.780506849288940430e-01
2.966772206127643585e-02
2.981458604335784912e-02
4.642650783061981201e-01
4.908536076545715332e-01
2.141360789537429810e-01
1.111687421798706055e-01
1.382039040327072144e-01
7.832704186439514160e-01
3.349773883819580078e-01
4.097153246402740479e-01
3.927850127220153809e-01
8.188618421554565430e-01
1.660340130329132080e-01
2.213367552030831575e-04
5.281741023063659668e-01
7.753984332084655762e-01
7.003270387649536133e-01
4.167574346065521240e-01
7.423999905586242676e-01
8.556667566299438477e-01
9.900242090225219727e-01
7.038590908050537109e-01
1.191790923476219177e-01
2.021900564432144165e-02
6.025449633598327637e-01
1.883275657892227173e-01
2.475729435682296753e-01
3.024534285068511963e-01
7.802025973796844482e-02
1.354330480098724365e-01
5.628159046173095703e-01
3.589933812618255615e-01
5.109109282493591309e-01
3.369209170341491699e-01
5.845215320587158203e-01
8.126989603042602539e-01
1.500369012355804443e-01
6.320286989212036133e-01
3.213443756103515625e-01
2.053748369216918945e-01
5.353337526321411133e-01
5.996947884559631348e-01
3.876352608203887939e-01
7.037655711174011230e-01
3.309478610754013062e-02
1.958052366971969604e-01
8.358456492424011230e-01
6.616953611373901367e-01
9.543364644050598145e-01
5.646734833717346191e-01
3.476871252059936523e-01
8.445768356323242188e-01
4.000550508499145508e-01
8.510165810585021973e-01
3.316173851490020752e-01
8.154312968254089355e-01
7.101173400878906250e-01
3.154914975166320801e-01
1.714164763689041138e-01
4.591661095619201660e-01
9.455193281173706055e-01
6.470367312431335449e-01
5.537655353546142578e-01
5.234946608543395996e-01
9.588567018508911133e-01
8.516058325767517090e-01
3.323102593421936035e-01
1.974419653415679932e-01
9.776753932237625122e-02
2.593103945255279541e-01
6.191883087158203125e-01
1.467514932155609131e-01
7.638601213693618774e-02
1.974516361951828003e-02
9.509376883506774902e-01
3.930146694183349609e-01
2.648760080337524414e-01
3.129938244819641113e-01
3.204650282859802246e-01
2.153799086809158325e-01
1.871668696403503418e-01
6.790559887886047363e-01
7.120031118392944336e-01
6.202276349067687988e-01
2.897591702640056610e-02
4.426310658454895020e-01
3.455058336257934570e-01
2.704732716083526611e-01
1.246766820549964905e-01
9.545195698738098145e-01
4.726580083370208740e-01
7.841482162475585938e-01
2.244963794946670532e-01
7.967092394828796387e-01
6.758251786231994629e-01
4.185784161090850830e-01
2.480772584676742554e-01
8.396498858928680420e-02
9.372162073850631714e-02
7.934477925300598145e-01
2.354675382375717163e-01
4.966267943382263184e-01
7.987044453620910645e-01
2.302865386009216309e-01
7.244791984558105469e-01
8.208191990852355957e-01
8.108959794044494629e-01
8.663998842239379883e-01
7.155953049659729004e-01
2.232480645179748535e-01
4.951097071170806885e-02
6.865147948265075684e-01
1.990689523518085480e-02
2.652291655540466309e-01
2.608622312545776367e+00
9.139552116394042969e-01
-1.552847623825073242e+00
5.987047553062438965e-01
