1.588418865203857422e+01
6.996221542358398438e+00
6.447625160217285156e+00
9.361348152160644531e+00
1.662715911865234375e+01
1.542108726501464844e+01
2.783974885940551758e+00
5.674632549285888672e+00
-7.169233798980712891e+00
5.546948432922363281e+00
2.324909925460815430e+00
-1.280512690544128418e+00
-3.312142133712768555e+00
-1.973117828369140625e+00
3.283861398696899414e+00
6.958569049835205078e+00
-1.341989278793334961e+00
8.149749040603637695e-01
8.449166297912597656e+00
6.528543233871459961e-01
-9.437027931213378906e+00
1.325921154022216797e+01
7.454946041107177734e+00
-2.751524001359939575e-02
-2.445716142654418945e+00
1.415804147720336914e+00
1.761403322219848633e+00
-3.365704536437988281e+00
2.955452203750610352e+00
2.274289608001708984e+00
1.331984996795654297e+00
-8.622841835021972656e-01
2.117871046066284180e+00
-1.267099827527999878e-01
-2.764055967330932617e+00
-3.686918497085571289e+00
3.152207851409912109e+00
3.292141675949096680e+00
-1.098469734191894531e+00
3.738919019699096680e+00
2.800213575363159180e+00
5.404483675956726074e-01
-3.631763696670532227e+00
-1.552955269813537598e+00
-4.455566406250000000e-01
1.522774100303649902e+00
-1.131433844566345215e+00
-1.487950444221496582e+00
-1.232457637786865234e+00
3.158450603485107422e+00
1.320808291435241699e+00
8.460710644721984863e-01
1.064792037010192871e+00
-3.694764852523803711e+00
3.118915557861328125e-01
-1.051319122314453125e+00
-2.566303014755249023e+00
2.992199659347534180e+00
4.147781372070312500e+00
-3.092314243316650391e+00
3.604009151458740234e+00
3.743829965591430664e+00
-3.649945259094238281e+00
-2.701504707336425781e+00
-1.007273077964782715e+00
-3.081912696361541748e-01
6.413235068321228027e-01
1.954044580459594727e+00
-4.274202585220336914e-01
-5.561822056770324707e-01
