1.625849008560180664e+00
-7.031101584434509277e-01
4.476962387561798096e-01
1.688911199569702148e+00
4.512906074523925781e+00
4.191351681947708130e-02
6.933488845825195312e-01
3.371052980422973633e+00
2.040018558502197266e+00
1.674010276794433594e+00
-4.172807335853576660e-01
1.628361821174621582e+00
7.418755888938903809e-01
1.437242984771728516e+00
2.833770990371704102e+00
-1.148643046617507935e-01
-7.406971454620361328e-01
-3.174228072166442871e-01
2.027858793735504150e-02
3.527711629867553711e-01
-2.771497070789337158e-01
-2.949526011943817139e-01
-2.145010791718959808e-02
5.343229770660400391e-01
4.370260983705520630e-02
4.665869176387786865e-01
4.438121020793914795e-01
-3.215101957321166992e-01
-2.902304232120513916e-01
-2.209577411413192749e-01
7.009555101394653320e-01
1.694826185703277588e-01
-1.500684469938278198e-01
1.100280284881591797e-01
-1.260310709476470947e-01
-2.171067893505096436e-01
-2.277489751577377319e-01
-1.177059635519981384e-01
4.433240294456481934e-01
-4.233777821063995361e-01
-2.137748710811138153e-02
-2.005462050437927246e-01
4.189164340496063232e-01
-2.465768456459045410e-01
5.830010175704956055e-01
5.929784774780273438e-01
2.309217453002929688e-01
2.213737368583679199e-01
-3.644790053367614746e-01
2.429071962833404541e-01
1.217520833015441895e-01
-8.337503671646118164e-02
-1.053392663598060608e-01
8.118063211441040039e-03
1.658609509468078613e-01
3.896567970514297485e-02
1.425404399633407593e-01
1.030832435935735703e-02
-3.045619465410709381e-03
8.380543440580368042e-02
1.419337242841720581e-01
2.316580265760421753e-01
1.886311024427413940e-01
3.451047837734222412e-02
-1.393138170242309570e-01
4.584155604243278503e-02
-2.472116649150848389e-01
9.168864250183105469e+00
9.439869880676269531e+00
1.080078411102294922e+01
1.327406883239746094e+01
1.330006599426269531e+01
1.434967041015625000e+01
1.508754158020019531e+01
1.581826877593994141e+01
1.690052604675292969e+01
1.770831871032714844e+01
1.776499748229980469e+01
1.951338005065917969e+01
1.971406936645507812e+01
1.905866432189941406e+01
2.277024269104003906e+01
2.205359077453613281e+01
2.442715644836425781e+01
2.735519027709960938e+01
2.868670082092285156e+01
2.946329116821289062e+01
3.090952301025390625e+01
3.251858901977539062e+01
3.639901578426361084e-01
8.708871901035308838e-02
-6.493599712848663330e-02
7.701442241668701172e-01
7.224654555320739746e-01
6.424498558044433594e-01
-4.910955131053924561e-01
-4.784305393695831299e-02
-4.780520871281623840e-02
4.423324465751647949e-01
-1.323892176151275635e-02
6.895063519477844238e-01
4.473169147968292236e-01
7.914070039987564087e-02
3.913561701774597168e-01
1.142817020416259766e+00
5.077384114265441895e-01
1.123231887817382812e+00
5.336061716079711914e-01
8.100772500038146973e-01
5.670082569122314453e-01
3.994874656200408936e-01
7.047686576843261719e-01
3.154280185699462891e-01
1.696153730154037476e-01
4.447357952594757080e-01
8.657220005989074707e-01
2.777149379253387451e-01
5.161521434783935547e-01
5.406155586242675781e-01
7.320044636726379395e-01
5.523583889007568359e-01
5.534164905548095703e-01
7.415921092033386230e-01
-7.867281883955001831e-02
2.476785928010940552e-01
8.165066838264465332e-01
1.149260044097900391e+00
9.612076282501220703e-01
3.004083931446075439e-01
1.268026530742645264e-01
8.514819145202636719e-01
3.775447607040405273e-01
-1.378170102834701538e-01
5.132324248552322388e-02
5.561779141426086426e-01
1.118942648172378540e-01
3.313474059104919434e-01
-4.144731760025024414e-01
2.737830281257629395e-01
5.952668786048889160e-01
2.042319774627685547e-01
3.155075907707214355e-01
5.251770615577697754e-01
2.953141331672668457e-01
7.663555741310119629e-01
6.623007655143737793e-01
3.871496021747589111e-01
3.009179830551147461e-01
2.660418152809143066e-01
1.471887081861495972e-01
4.844397008419036865e-01
4.868203401565551758e-01
-7.243841886520385742e-01
2.552120983600616455e-01
3.042279779911041260e-01
1.860645264387130737e-01
-3.288288116455078125e-01
2.295773103833198547e-02
2.008399367332458496e-01
-1.724342703819274902e-01
-3.747294545173645020e-01
-2.291642278432846069e-01
-2.310028225183486938e-01
-2.484273910522460938e-01
-4.007746577262878418e-01
3.501911163330078125e-01
-1.725750975310802460e-03
-1.411903463304042816e-02
4.420248866081237793e-01
3.211160004138946533e-01
6.006910651922225952e-02
8.054043054580688477e-01
7.663436532020568848e-01
1.443062573671340942e-01
-6.772424094378948212e-03
-1.454437077045440674e-01
6.239849328994750977e-01
9.124796837568283081e-02
3.178837895393371582e-01
6.398729681968688965e-01
3.994399905204772949e-01
1.106129884719848633e+00
2.868254780769348145e-01
1.488439440727233887e+00
1.347595453262329102e+00
6.722882986068725586e-01
1.016202926635742188e+00
1.289240241050720215e+00
5.022382736206054688e-01
4.991784393787384033e-01
-2.438092380762100220e-01
4.060968756675720215e-02
-1.283509731292724609e-01
1.062577128410339355e+00
-3.583317697048187256e-01
1.981699317693710327e-01
6.039467453956604004e-01
3.239712417125701904e-01
8.763184547424316406e-01
2.369043827056884766e-01
9.161899089813232422e-01
6.212586760520935059e-01
7.060163617134094238e-01
2.902067303657531738e-01
4.694284200668334961e-01
4.822539687156677246e-01
-6.389074921607971191e-01
2.026741802692413330e-01
-7.204181551933288574e-01
6.641786545515060425e-02
1.925576925277709961e-01
-4.465725719928741455e-01
4.971611797809600830e-01
2.211243659257888794e-02
5.885290503501892090e-01
-1.051406413316726685e-01
4.830212295055389404e-01
-5.932831391692161560e-02
-1.159086972475051880e-01
3.760527968406677246e-01
7.094618678092956543e-02
-2.196519821882247925e-01
-8.581341803073883057e-02
1.281962543725967407e-01
-4.390849471092224121e-01
-7.116867601871490479e-02
-5.848531723022460938e-01
4.458566009998321533e-01
-2.957226634025573730e-01
7.041696310043334961e-01
1.103541970252990723e+00
-2.437383383512496948e-01
8.340565562248229980e-01
3.691398203372955322e-01
8.402016758918762207e-01
2.699955403804779053e-01
2.153676301240921021e-01
5.054146051406860352e-03
-1.269949674606323242e-01
2.083999514579772949e-01
2.427119165658950806e-01
-1.529837101697921753e-01
3.982189595699310303e-01
3.826771676540374756e-01
5.209633111953735352e-01
-1.202552095055580139e-01
-2.138494402170181274e-01
7.004458308219909668e-01
2.382630482316017151e-02
9.178010821342468262e-01
1.079125143587589264e-02
8.887097984552383423e-02
-3.026911318302154541e-01
8.276302814483642578e-01
4.916692674160003662e-01
-2.832249701023101807e-01
5.020799636840820312e-01
1.135861515998840332e+00
8.753834366798400879e-01
1.191827416419982910e+00
8.223920464515686035e-01
4.528819918632507324e-01
4.429454207420349121e-01
2.395508736371994019e-01
3.033470511436462402e-01
-8.051618188619613647e-02
-4.702654778957366943e-01
-2.145096957683563232e-01
7.857557535171508789e-01
5.534234046936035156e-01
5.353204011917114258e-01
1.247505098581314087e-01
5.707586407661437988e-01
7.177543640136718750e-01
5.542106628417968750e-01
5.989558100700378418e-01
9.822278022766113281e-01
4.780968725681304932e-01
2.832699716091156006e-01
-2.882408499717712402e-01
-6.900481134653091431e-02
-6.687749177217483521e-02
1.952951699495315552e-01
7.320597767829895020e-01
1.957529336214065552e-01
4.578777253627777100e-01
3.916871249675750732e-01
-2.876153588294982910e-01
1.725585311651229858e-01
3.915345966815948486e-01
1.351390480995178223e-01
1.138841986656188965e+00
1.487837433815002441e-01
8.259718418121337891e-01
1.202930137515068054e-01
9.069790244102478027e-01
9.679098427295684814e-02
-8.709144592285156250e-02
1.313447356224060059e-01
-4.971546232700347900e-01
2.588526904582977295e-02
-6.286518573760986328e-01
2.437151372432708740e-01
4.336576908826828003e-02
6.094673275947570801e-01
-1.621523946523666382e-01
8.259363770484924316e-01
9.885675907135009766e-01
6.132615804672241211e-01
6.336273550987243652e-01
8.068165779113769531e-01
3.568322360515594482e-01
4.053613841533660889e-01
3.788462579250335693e-01
8.408799767494201660e-01
1.715412288904190063e-01
1.237270236015319824e+00
1.741581708192825317e-01
9.153547286987304688e-01
2.607676088809967041e-01
1.156836748123168945e+00
9.997012615203857422e-01
7.301650047302246094e-01
7.174293994903564453e-01
5.919785499572753906e-01
1.049328327178955078e+00
8.020305633544921875e-02
7.923294305801391602e-01
1.217932105064392090e-01
1.333781629800796509e-01
7.708478569984436035e-01
5.045340061187744141e-01
5.582336783409118652e-01
-1.632014513015747070e-01
-4.990699514746665955e-02
5.993711352348327637e-01
1.150545120239257812e+00
1.399681210517883301e+00
8.862354159355163574e-01
1.723263382911682129e+00
1.410055875778198242e+00
1.501494169235229492e+00
3.271590769290924072e-01
5.795597434043884277e-01
4.946820735931396484e-01
1.523433178663253784e-01
-1.112814024090766907e-01
-3.349884226918220520e-02
4.459626600146293640e-02
-3.566987812519073486e-01
4.317088425159454346e-01
1.106559559702873230e-01
-2.544448375701904297e-01
4.845077395439147949e-01
3.298351764678955078e-01
2.831067144870758057e-01
7.233706116676330566e-01
9.740835428237915039e-01
1.037208676338195801e+00
8.050499558448791504e-01
1.002418473362922668e-01
5.401564836502075195e-01
5.086840987205505371e-01
3.614775836467742920e-01
1.829712651669979095e-02
5.388047099113464355e-01
2.349012792110443115e-01
3.967944979667663574e-01
1.839779168367385864e-01
-5.103566218167543411e-03
5.351651906967163086e-01
5.535778999328613281e-01
6.998581886291503906e-01
1.385611742734909058e-01
5.969482064247131348e-01
1.127531975507736206e-01
4.813422262668609619e-01
5.081653594970703125e-01
7.288637757301330566e-01
1.114099249243736267e-01
3.631589412689208984e-01
-1.385403573513031006e-01
5.555491447448730469e-01
6.853858232498168945e-01
6.424016952514648438e-01
1.653722859919071198e-02
1.553525328636169434e-01
2.122422009706497192e-01
6.719598770141601562e-01
3.167013823986053467e-01
-1.182068362832069397e-01
1.554957032203674316e-01
1.592097878456115723e-01
1.989638954401016235e-01
3.077515363693237305e-01
4.150558710098266602e-01
-4.707210958003997803e-01
7.133773565292358398e-01
7.586848735809326172e-01
1.500778198242187500e-01
5.430341958999633789e-01
7.571153044700622559e-01
4.492554664611816406e-01
5.157489776611328125e-01
1.048671677708625793e-01
1.363228708505630493e-01
-7.178714033216238022e-03
-1.466290950775146484e-01
4.094654321670532227e-02
-7.040239870548248291e-02
4.487241208553314209e-01
8.694213628768920898e-02
1.698662154376506805e-02
3.392799198627471924e-02
3.272641003131866455e-01
2.980681955814361572e-01
-2.480500489473342896e-01
-4.524024724960327148e-01
-1.977046728134155273e-01
-1.274664998054504395e-01
1.012028902769088745e-01
2.713552415370941162e-01
5.145453214645385742e-01
-1.061637625098228455e-01
5.458018183708190918e-01
-9.565356373786926270e-02
5.014826059341430664e-01
5.836851522326469421e-02
6.976193785667419434e-01
9.159945249557495117e-01
5.802543163299560547e-01
-2.246999740600585938e-02
3.559500575065612793e-01
-5.088254213333129883e-01
2.278909683227539062e-01
7.740901708602905273e-01
8.784038946032524109e-03
1.612712889909744263e-01
4.605427384376525879e-02
7.534814625978469849e-02
4.415877759456634521e-01
6.214902400970458984e-01
-4.473073408007621765e-02
3.927695155143737793e-01
1.816942542791366577e-01
-1.413224041461944580e-01
1.139681711792945862e-01
-5.889692157506942749e-02
2.761337161064147949e-01
-1.894658207893371582e-01
1.246610283851623535e-01
3.057308197021484375e-01
4.086135029792785645e-01
-7.286632806062698364e-02
5.787003040313720703e-01
5.430596470832824707e-01
2.736117541790008545e-01
1.466322839260101318e-01
7.268470525741577148e-01
2.939220666885375977e-01
4.044125378131866455e-01
-1.695958375930786133e-01
4.134022295475006104e-01
-2.780509293079376221e-01
-4.122533202171325684e-01
4.374708533287048340e-01
5.415397286415100098e-01
2.049452960491180420e-01
-2.791894376277923584e-01
2.573086917400360107e-01
-8.335814625024795532e-02
5.186744332313537598e-01
-3.586650267243385315e-02
-3.392393141984939575e-02
4.067035019397735596e-01
-6.533075124025344849e-02
-4.138300120830535889e-01
-2.891836129128932953e-02
4.091458022594451904e-02
1.794641762971878052e-01
-2.765308916568756104e-01
-2.776452898979187012e-01
4.184235036373138428e-01
1.883902251720428467e-01
6.142120361328125000e-01
2.639877498149871826e-01
2.865888476371765137e-01
4.159136116504669189e-01
6.055692434310913086e-01
-6.803332269191741943e-02
2.195775657892227173e-01
-1.849851012229919434e-01
2.040659785270690918e-01
4.151031076908111572e-01
4.387475252151489258e-01
4.459364414215087891e-01
-2.300380915403366089e-01
1.863991725258529186e-03
7.418178915977478027e-01
-4.442589730024337769e-02
5.402507781982421875e-01
4.751259386539459229e-01
3.032867908477783203e-01
7.906229496002197266e-01
1.912378072738647461e-01
3.847023546695709229e-01
5.204627513885498047e-01
-1.331526786088943481e-01
3.541319966316223145e-01
1.178815245628356934e+00
3.572591841220855713e-01
1.208890557289123535e+00
1.029647707939147949e+00
5.247062444686889648e-01
5.905684232711791992e-01
1.127063274383544922e+00
7.165046334266662598e-01
3.290965855121612549e-01
6.972423195838928223e-01
2.253596782684326172e-01
-8.195558190345764160e-02
6.464241743087768555e-01
5.359141826629638672e-01
7.355167865753173828e-01
4.419478774070739746e-01
6.945289373397827148e-01
5.372192338109016418e-02
1.703095883131027222e-01
2.567017376422882080e-01
-1.719427704811096191e-01
-1.804450713098049164e-02
-3.327634036540985107e-01
9.642772674560546875e-01
2.102170288562774658e-01
8.661351799964904785e-01
8.614301085472106934e-01
-4.337447229772806168e-03
2.654970251023769379e-02
7.326344847679138184e-01
2.668215930461883545e-01
5.098500251770019531e-01
5.021119862794876099e-02
-1.328042149543762207e-01
3.635003566741943359e-01
7.291253209114074707e-01
-1.845415383577346802e-01
7.452597618103027344e-01
9.742134809494018555e-02
5.729354023933410645e-01
3.063165843486785889e-01
4.679392278194427490e-01
-7.633328437805175781e-02
-2.573558688163757324e-01
1.419682502746582031e-01
-3.143954873085021973e-01
1.097372360527515411e-02
-1.735362857580184937e-01
1.654065698385238647e-01
3.713873773813247681e-02
5.013135075569152832e-01
7.621697783470153809e-01
2.970244884490966797e-01
4.387198090553283691e-01
1.014425754547119141e+00
5.015764236450195312e-01
6.747563481330871582e-01
5.707479119300842285e-01
9.873718023300170898e-01
1.066660761833190918e+00
7.516272664070129395e-01
8.737503886222839355e-01
7.758638858795166016e-01
3.827377259731292725e-01
3.356685340404510498e-01
1.055877327919006348e+00
1.026924729347229004e+00
4.183996617794036865e-01
9.311145544052124023e-01
5.644263625144958496e-01
6.156259775161743164e-01
9.653254747390747070e-01
7.696850299835205078e-01
7.370293736457824707e-01
1.452628612518310547e+00
4.516043663024902344e-01
1.882287114858627319e-02
5.079723596572875977e-01
4.530992805957794189e-01
9.492611885070800781e-01
5.715847015380859375e-01
6.153062582015991211e-01
5.303304195404052734e-01
9.790452122688293457e-01
9.687854051589965820e-01
7.062931060791015625e-01
2.955940961837768555e-01
9.322596341371536255e-02
2.732541561126708984e-01
4.533972218632698059e-02
7.982500791549682617e-01
-6.055576726794242859e-03
3.031612038612365723e-01
7.038350403308868408e-02
-7.200375944375991821e-02
4.318488836288452148e-01
6.359735727310180664e-01
6.156520843505859375e-01
4.649558663368225098e-01
-1.747160106897354126e-01
9.240583181381225586e-01
7.125285863876342773e-01
5.038427710533142090e-01
3.225189149379730225e-01
6.474278569221496582e-01
4.602147936820983887e-01
6.024448275566101074e-01
3.239091932773590088e-01
-3.542474806308746338e-01
3.257886767387390137e-01
-3.226286172866821289e-01
-2.686480581760406494e-01
2.329089641571044922e-01
-3.199653029441833496e-01
7.421253621578216553e-02
-3.937112092971801758e-01
3.810086846351623535e-01
8.035617321729660034e-02
4.802294969558715820e-01
-3.916825950145721436e-01
1.802770346403121948e-01
-6.402757484465837479e-03
8.856844305992126465e-01
-3.634817199781537056e-03
8.545058965682983398e-02
5.014785528182983398e-01
7.876996397972106934e-01
1.555231213569641113e-01
6.423878073692321777e-01
4.764820039272308350e-01
2.606616020202636719e-01
-1.598364859819412231e-01
-3.271529674530029297e-01
-7.961119413375854492e-01
1.462582647800445557e-01
3.362289071083068848e-02
5.127845406532287598e-01
-1.093774288892745972e-01
1.053872779011726379e-01
1.288431733846664429e-01
2.279101908206939697e-01
1.843463778495788574e-01
1.089181900024414062e-01
6.880480051040649414e-01
-4.694942012429237366e-02
5.941134095191955566e-01
2.596929073333740234e-01
8.523306250572204590e-02
6.156505346298217773e-01
5.555051565170288086e-01
-8.405990898609161377e-02
-1.260303556919097900e-01
-2.162179201841354370e-01
1.895000487565994263e-01
-9.437669068574905396e-02
-3.410493955016136169e-02
4.129308462142944336e-02
1.545377671718597412e-01
2.900205738842487335e-02
-2.414619177579879761e-02
1.265740245580673218e-01
4.477149844169616699e-01
-3.017439842224121094e-01
8.487616479396820068e-02
-1.843011081218719482e-01
-3.512223958969116211e-01
-5.474828481674194336e-01
1.031641364097595215e-01
1.609924584627151489e-01
-1.883888393640518188e-01
-2.063238024711608887e-01
1.768470108509063721e-01
-8.970612287521362305e-02
2.638867311179637909e-02
4.471065104007720947e-01
-2.049333751201629639e-01
1.777673810720443726e-01
-1.044825986027717590e-01
2.291642129421234131e-01
1.057739257812500000e+00
1.198568120598793030e-01
8.101626038551330566e-01
6.898961663246154785e-01
5.508633255958557129e-01
4.567984640598297119e-01
8.175604939460754395e-01
-7.422447204589843750e-01
2.078836113214492798e-01
-2.686606645584106445e-01
3.870904147624969482e-01
-4.228152036666870117e-01
1.183357238769531250e-01
4.472700655460357666e-01
-2.567454576492309570e-01
-3.524848818778991699e-02
5.686150789260864258e-01
7.517624497413635254e-01
-2.120669484138488770e-01
8.156185746192932129e-01
-2.268345504999160767e-01
4.360961616039276123e-01
-6.870341300964355469e-02
3.069751560688018799e-01
7.228432688862085342e-03
-1.957579106092453003e-01
1.759258806705474854e-01
-4.379746913909912109e-01
2.401218265295028687e-01
-1.417594701051712036e-01
-2.000676095485687256e-01
-4.772960841655731201e-01
-8.341220021247863770e-01
-2.977714240550994873e-01
-6.602994799613952637e-01
-4.893137514591217041e-01
-4.223669469356536865e-01
3.162892460823059082e-01
-3.969680368900299072e-01
3.038068413734436035e-01
5.037591606378555298e-02
3.175289034843444824e-01
5.005357861518859863e-01
5.351243019104003906e-01
-2.448377907276153564e-01
4.755028486251831055e-01
1.886703222990036011e-01
-4.401153028011322021e-01
-2.342229187488555908e-01
1.408221423625946045e-01
7.426456362009048462e-02
5.955108404159545898e-01
-1.161248981952667236e-01
-4.496081918478012085e-02
2.363526225090026855e-01
3.129093945026397705e-01
4.763685762882232666e-01
-4.015549719333648682e-01
1.674467474222183228e-01
2.731469869613647461e-01
-5.943431854248046875e-01
4.213075339794158936e-01
-4.818801581859588623e-02
3.674899041652679443e-01
4.222542047500610352e-01
1.460078805685043335e-01
1.641557067632675171e-01
5.199119448661804199e-01
4.423949122428894043e-01
8.058233857154846191e-01
-7.436909712851047516e-03
4.299321472644805908e-01
3.076524101197719574e-02
-6.242417693138122559e-01
6.715504527091979980e-01
9.967107176780700684e-01
8.695690631866455078e-01
6.561542749404907227e-01
7.270516753196716309e-01
6.872094273567199707e-01
7.711349129676818848e-01
9.628202319145202637e-01
-2.085735052824020386e-01
1.631215363740921021e-01
2.567035146057605743e-02
9.474862366914749146e-02
5.368101000785827637e-01
3.615936636924743652e-01
-1.348435878753662109e-01
4.176810383796691895e-01
5.946458578109741211e-01
-1.730646789073944092e-01
6.858518123626708984e-01
3.920719027519226074e-01
-5.147045850753784180e-01
5.710705518722534180e-01
1.006214469671249390e-01
6.539831161499023438e-01
1.258713304996490479e-01
-6.637986004352569580e-02
6.617202758789062500e-01
3.869233131408691406e-01
6.199793219566345215e-01
2.846134603023529053e-01
1.369946748018264771e-01
-2.400297075510025024e-01
-1.864493340253829956e-01
2.868357300758361816e-01
3.233614861965179443e-01
3.313598632812500000e-01
1.405150741338729858e-01
7.267497777938842773e-01
2.116369307041168213e-01
3.022898137569427490e-01
1.955954581499099731e-01
-2.050295025110244751e-01
-3.766826689243316650e-01
-5.964247584342956543e-01
-5.050096511840820312e-01
1.091776490211486816e-01
-4.478251636028289795e-01
-1.601014435291290283e-01
-4.745562970638275146e-01
6.138797998428344727e-01
2.057628333568572998e-01
4.896099269390106201e-01
6.914660334587097168e-01
2.547862827777862549e-01
3.516920208930969238e-01
1.483783572912216187e-01
1.621842682361602783e-01
9.929563999176025391e-01
3.333324491977691650e-01
1.208265423774719238e+00
5.309728980064392090e-01
6.135215759277343750e-01
1.719596087932586670e-01
1.023096680641174316e+00
8.233270049095153809e-01
7.065868973731994629e-01
6.524078845977783203e-01
7.164599895477294922e-01
9.048082232475280762e-01
8.498772978782653809e-01
1.528465867042541504e+00
8.735951781272888184e-01
3.195164501667022705e-01
8.135798573493957520e-01
9.910814166069030762e-01
9.363413453102111816e-01
1.977530419826507568e-01
5.247893333435058594e-01
5.396696925163269043e-01
8.760560154914855957e-01
8.440110683441162109e-01
4.392292499542236328e-01
4.926987886428833008e-01
1.169652700424194336e+00
1.235666632652282715e+00
1.940572857856750488e-01
2.293359339237213135e-01
5.188145637512207031e-01
2.674436867237091064e-01
4.200481772422790527e-01
5.670518875122070312e-01
6.535684466361999512e-01
1.852230727672576904e-01
5.610461235046386719e-01
4.515544176101684570e-01
4.290221035480499268e-01
9.870024919509887695e-01
1.260251998901367188e-01
6.222462654113769531e-01
7.569023370742797852e-01
2.340706065297126770e-02
7.253603935241699219e-01
4.254988208413124084e-02
5.699279904365539551e-01
2.760180830955505371e-01
9.131183624267578125e-01
7.461590766906738281e-01
4.224583804607391357e-01
2.543649077415466309e-01
7.784623503684997559e-01
1.216330844908952713e-02
5.040964484214782715e-01
2.282521128654479980e-01
4.408905804157257080e-01
2.526280581951141357e-01
1.486191749572753906e-01
3.105896413326263428e-01
2.427214235067367554e-01
8.816070556640625000e-01
4.737797379493713379e-01
9.227985739707946777e-01
4.724060595035552979e-01
2.498204261064529419e-01
5.741476416587829590e-01
5.209228992462158203e-01
2.370433509349822998e-02
7.602002024650573730e-01
2.860440611839294434e-01
2.757960855960845947e-01
8.922952413558959961e-01
9.563300013542175293e-01
7.760939002037048340e-01
1.464329957962036133e-01
2.797394990921020508e-02
4.583659768104553223e-01
3.063702881336212158e-01
8.986423164606094360e-02
5.396552681922912598e-01
4.678964912891387939e-01
4.476605951786041260e-01
7.075846195220947266e-01
2.996495924890041351e-02
3.325579464435577393e-01
7.814354300498962402e-01
5.325106382369995117e-01
8.956418633460998535e-01
9.150274991989135742e-01
3.538350760936737061e-01
6.078374981880187988e-01
2.370328605175018311e-01
1.523294597864151001e-01
5.435410737991333008e-01
3.945701122283935547e-01
7.712023854255676270e-01
7.118807733058929443e-02
2.832503020763397217e-01
5.870929956436157227e-01
5.418270826339721680e-01
2.098349481821060181e-01
7.031827569007873535e-01
1.262827664613723755e-01
1.022582501173019409e-01
1.813686490058898926e-01
5.296761393547058105e-01
9.579070210456848145e-01
6.210792437195777893e-02
3.701082468032836914e-01
4.874613285064697266e-01
2.380310744047164917e-01
9.558297693729400635e-02
4.009753763675689697e-01
8.427087664604187012e-01
2.356260549277067184e-03
6.033450365066528320e-01
9.608025550842285156e-01
2.273102700710296631e-01
9.598819613456726074e-01
3.639399409294128418e-01
2.086858749389648438e-01
2.892460227012634277e-01
3.731289505958557129e-01
8.052377104759216309e-01
8.127295970916748047e-01
6.252853870391845703e-01
7.565824389457702637e-01
5.621577501296997070e-01
5.891129970550537109e-01
6.019719317555427551e-02
4.413926005363464355e-01
4.244272112846374512e-01
8.169093728065490723e-01
1.726446151733398438e-01
9.289451837539672852e-01
7.074471712112426758e-01
9.552555084228515625e-01
5.772579312324523926e-01
1.421353667974472046e-01
4.210499823093414307e-01
2.126532346010208130e-01
4.047663882374763489e-02
5.078595280647277832e-01
4.587415456771850586e-01
4.502453505992889404e-01
6.554070711135864258e-01
8.680999875068664551e-01
5.668359994888305664e-01
7.160421013832092285e-01
8.408165574073791504e-01
8.579074740409851074e-01
7.096950411796569824e-01
6.782808154821395874e-02
7.965566515922546387e-01
5.008084774017333984e-01
7.098788619041442871e-01
1.951469182968139648e-01
8.012275099754333496e-01
9.757445007562637329e-02
8.756644725799560547e-01
9.534247517585754395e-01
8.143491148948669434e-01
7.448396086692810059e-01
8.915027976036071777e-01
5.582224130630493164e-01
9.078240990638732910e-01
1.021183952689170837e-01
4.026722311973571777e-01
4.066392034292221069e-02
9.142807126045227051e-01
3.864684998989105225e-01
2.542367950081825256e-02
4.163897037506103516e-01
3.797040581703186035e-01
3.683570399880409241e-02
6.296141147613525391e-01
6.940684318542480469e-01
2.548895478248596191e-01
6.794383525848388672e-01
1.379560828208923340e-01
6.201505661010742188e-01
2.487102150917053223e-01
6.057150363922119141e-01
8.190552592277526855e-01
2.638277411460876465e-01
4.605827927589416504e-01
2.765372097492218018e-01
3.239411413669586182e-01
3.076526820659637451e-01
1.905709803104400635e-01
9.792486578226089478e-02
4.378311932086944580e-01
9.659337997436523438e-01
9.511672854423522949e-01
2.587170302867889404e-01
8.430897593498229980e-01
1.048990115523338318e-01
7.480212450027465820e-01
5.579999089241027832e-01
5.122233033180236816e-01
6.473546624183654785e-01
2.485461980104446411e-01
2.858649492263793945e-01
5.903429985046386719e-01
7.088403701782226562e-01
6.467370390892028809e-01
9.214776158332824707e-01
2.994033992290496826e-01
6.768556833267211914e-01
5.081357955932617188e-01
4.595889151096343994e-01
6.224765256047248840e-02
7.380419969558715820e-01
1.031404435634613037e-01
2.842510640621185303e-01
5.147127509117126465e-01
9.308688640594482422e-01
2.513514161109924316e-01
3.510617911815643311e-01
6.120734810829162598e-01
5.360595583915710449e-01
4.148653745651245117e-01
7.256235480308532715e-01
8.549539446830749512e-01
1.465642899274826050e-01
5.365357995033264160e-01
7.131351232528686523e-01
4.552575349807739258e-01
9.019008278846740723e-01
1.150932535529136658e-02
8.138136863708496094e-01
9.243915677070617676e-01
3.261952698230743408e-01
1.839182078838348389e-01
8.864105343818664551e-01
2.890755534172058105e-01
3.211756348609924316e-01
4.421092271804809570e-01
2.214826345443725586e-01
3.158724904060363770e-01
1.843232661485671997e-01
1.096525862812995911e-01
9.502509236335754395e-01
1.127611249685287476e-01
5.651771426200866699e-01
3.551952838897705078e-01
8.424171060323715210e-02
6.307275891304016113e-01
5.987135171890258789e-01
3.424416184425354004e-01
5.618832707405090332e-01
8.126795887947082520e-01
5.889685750007629395e-01
2.359114587306976318e-01
5.560879707336425781e-01
5.203623771667480469e-01
9.526113867759704590e-01
2.042360156774520874e-01
7.552925348281860352e-01
6.803351044654846191e-01
3.211556375026702881e-01
6.353678703308105469e-01
6.703892350196838379e-01
8.131951093673706055e-01
7.453715801239013672e-01
6.806412935256958008e-01
7.298985719680786133e-01
4.856443032622337341e-02
4.590917825698852539e-01
7.048501372337341309e-01
2.654054760932922363e-01
6.056072711944580078e-01
5.825628060847520828e-03
5.429059267044067383e-01
7.952857613563537598e-01
1.737065613269805908e-01
1.212376281619071960e-01
7.124310135841369629e-01
7.769887447357177734e-01
4.309210777282714844e-01
2.315559536218643188e-01
8.601599335670471191e-01
8.229725360870361328e-01
-1.605175256729125977e+00
4.848147928714752197e-01
