1.685562729835510254e+00
2.262875139713287354e-01
-1.653032898902893066e-01
-2.469397336244583130e-01
1.719447731971740723e+00
4.420619964599609375e+00
3.357565701007843018e-01
1.668856978416442871e+00
3.047530174255371094e+00
2.397115945816040039e+00
2.152645587921142578e+00
2.128441572189331055e+00
1.426395297050476074e+00
2.310553789138793945e+00
-7.077083587646484375e-01
-4.161462783813476562e-01
2.210670113563537598e-01
-1.146973848342895508e+00
4.471994936466217041e-01
-3.001310229301452637e-01
9.597672522068023682e-02
3.714838996529579163e-02
4.090155959129333496e-01
5.201114341616630554e-02
4.962723329663276672e-02
2.190010696649551392e-01
8.290322870016098022e-02
3.510329127311706543e-01
2.123782783746719360e-01
-1.967799067497253418e-01
4.719910621643066406e-01
-3.641289472579956055e-01
4.495852887630462646e-01
4.616309329867362976e-02
-1.170015409588813782e-01
-4.615173041820526123e-01
-1.370333880186080933e-01
-1.502791047096252441e-01
-1.460516750812530518e-01
-6.110545247793197632e-03
-1.401631385087966919e-01
-1.157269179821014404e-01
8.413242548704147339e-02
-1.644231081008911133e-01
-1.900580972433090210e-01
6.242800131440162659e-02
-9.265202283859252930e-01
7.027971744537353516e-01
-2.535136938095092773e-01
7.027042388916015625e+00
6.387941360473632812e+00
7.287392616271972656e+00
1.027650737762451172e+01
1.322581100463867188e+01
1.373145771026611328e+01
1.411126613616943359e+01
1.554831504821777344e+01
1.501753330230712891e+01
1.735126876831054688e+01
1.868909645080566406e+01
1.953229713439941406e+01
1.947799491882324219e+01
2.679565811157226562e+01
2.777823448181152344e+01
2.675165557861328125e+01
-4.667522907257080078e+00
-2.613433897495269775e-01
3.461533308029174805e+00
-9.165026247501373291e-02
1.813424825668334961e-01
-4.496841430664062500e+00
2.068711280822753906e+00
-1.187358975410461426e+00
-1.185851216316223145e+00
1.302588582038879395e+00
-1.726118177175521851e-01
2.849632024765014648e+00
-5.380202293395996094e+00
-3.854480981826782227e+00
1.043438673019409180e+00
4.922999739646911621e-01
-8.103105425834655762e-01
7.218828201293945312e-01
9.701346158981323242e-01
-8.860822319984436035e-01
-1.935996055603027344e+00
-3.309430480003356934e-01
-3.758790194988250732e-01
2.817817628383636475e-01
-1.186791300773620605e+00
1.236534118652343750e+00
-3.017350912094116211e+00
1.121454596519470215e+00
3.273481428623199463e-01
3.857516944408416748e-01
-1.294407606124877930e+00
-2.719285011291503906e+00
-1.668141245841979980e+00
-7.535050064325332642e-02
5.969533443450927734e+00
-6.406044960021972656e-02
1.764389395713806152e+00
-1.611747384071350098e+00
7.379563450813293457e-01
-3.263406276702880859e+00
-2.801938056945800781e+00
5.868247509002685547e+00
1.258001804351806641e+00
1.512186884880065918e+00
-3.008001804351806641e+00
1.091261982917785645e+00
2.384993433952331543e-02
2.848203182220458984e+00
7.793051600456237793e-01
7.762555480003356934e-01
-2.273984909057617188e+00
3.111157417297363281e-01
-1.437077045440673828e+00
5.728300809860229492e-01
6.443068981170654297e-01
-2.392999649047851562e+00
1.822154521942138672e+00
-3.248593330383300781e+00
-1.732442975044250488e-01
-2.251408815383911133e+00
-9.502912163734436035e-01
-4.961608648300170898e-01
6.903889179229736328e-01
1.721331775188446045e-01
-3.066321611404418945e-01
-1.116739511489868164e+00
2.854195535182952881e-01
8.631061762571334839e-02
-1.048874258995056152e+00
2.078376561403274536e-01
6.547862529754638672e+00
3.099002361297607422e+00
-5.012927651405334473e-01
-1.924420893192291260e-01
1.310293525457382202e-01
1.881047934293746948e-01
3.370932817459106445e+00
-2.479132175445556641e+00
2.427817583084106445e+00
3.629730224609375000e+00
2.575436234474182129e-01
1.474782824516296387e+00
4.728713259100914001e-02
3.390038013458251953e-01
-1.380189657211303711e+00
9.586830735206604004e-01
7.836507260799407959e-02
6.053817272186279297e-01
-6.689123511314392090e-01
4.399834573268890381e-01
-3.600503683090209961e+00
3.298906981945037842e-02
-7.014513760805130005e-02
-2.427733987569808960e-01
-3.231219947338104248e-01
-1.867772489786148071e-01
-1.649387180805206299e-01
8.115079998970031738e-01
2.200766563415527344e+00
1.461617231369018555e+00
-1.626748681068420410e+00
3.343597352504730225e-01
-9.071954488754272461e-01
1.464906811714172363e+00
-8.372505903244018555e-01
-6.802549958229064941e-01
1.458359479904174805e+00
9.225667119026184082e-01
-3.465934693813323975e-01
1.827962636947631836e+00
-9.480985999107360840e-01
-9.794182777404785156e-01
2.497651875019073486e-01
-2.052927732467651367e+00
-1.295652627944946289e+00
-2.532390594482421875e+00
-1.831184864044189453e+00
2.547386407852172852e+00
-1.640665292739868164e+00
-5.423853397369384766e-01
-8.868418335914611816e-01
1.766220450401306152e+00
1.996662855148315430e+00
1.273685336112976074e+00
3.338007211685180664e+00
9.327143430709838867e-01
-3.787781476974487305e+00
5.787859559059143066e-01
6.101703047752380371e-01
-2.136166810989379883e+00
7.554181218147277832e-01
-5.163487195968627930e-01
4.792986512184143066e-01
1.349763989448547363e+00
-1.959464997053146362e-01
1.207070350646972656e+00
1.910910725593566895e+00
8.807272315025329590e-01
-4.784658551216125488e-01
7.397037744522094727e-01
-2.568222880363464355e-01
1.584771990776062012e+00
2.049422115087509155e-01
5.992792248725891113e-01
7.744370698928833008e-01
-1.606183409690856934e+00
1.111015796661376953e+00
-1.607059478759765625e+00
5.960325002670288086e-01
3.272452116012573242e+00
-1.437085866928100586e+00
2.151700258255004883e+00
1.361329793930053711e+00
-1.018550634384155273e+00
-3.462533652782440186e-01
1.015569418668746948e-01
1.907534360885620117e+00
6.991904973983764648e-01
6.411904692649841309e-01
3.341871798038482666e-01
-1.564032554626464844e+00
9.133753776550292969e-01
-5.232346057891845703e-01
2.050618231296539307e-01
-1.169720053672790527e+00
1.534548401832580566e+00
-5.879476070404052734e-01
2.707073926925659180e+00
-2.041904479265213013e-01
6.631469726562500000e-01
-3.492610931396484375e+00
4.260998070240020752e-01
-1.865622401237487793e+00
1.202405333518981934e+00
-2.206661552190780640e-01
2.452749252319335938e+00
1.523022502660751343e-01
-3.120234489440917969e+00
-4.770689904689788818e-01
-1.407503724098205566e+00
2.454846620559692383e+00
-8.040337264537811279e-02
1.265932470560073853e-01
-1.923656582832336426e+00
3.322658836841583252e-01
-2.506390772759914398e-02
2.588710188865661621e-01
-1.570290625095367432e-01
6.530118584632873535e-01
-5.257819890975952148e-01
-1.989166587591171265e-01
7.474762797355651855e-01
4.391057789325714111e-01
1.822161316871643066e+00
2.278105318546295166e-01
1.460979580879211426e+00
-1.223113685846328735e-01
3.035212680697441101e-02
2.037698924541473389e-01
-1.119265109300613403e-01
2.347608208656311035e-01
4.140386879444122314e-01
1.019198670983314514e-01
4.599928259849548340e-01
-5.338052511215209961e-01
-6.352795362472534180e-01
-9.268376350402832031e+00
1.396510243415832520e+00
6.744316220283508301e-01
-2.257382154464721680e+00
-3.260879516601562500e-01
-1.256272643804550171e-01
-8.302946686744689941e-01
-7.897198200225830078e-02
1.423585563898086548e-01
1.153026103973388672e+00
3.515980005264282227e+00
-3.834692835807800293e-01
1.696784794330596924e-02
2.231853157281875610e-01
2.378244549036026001e-01
-2.957538962364196777e-01
-6.189236044883728027e-02
2.358803004026412964e-01
3.510141372680664062e-01
-7.020762562751770020e-01
-5.331060886383056641e-01
7.211239337921142578e-01
-2.711881399154663086e-01
-6.231462210416793823e-02
-3.543592616915702820e-02
-3.780773878097534180e-01
5.598173141479492188e-01
1.708471626043319702e-01
-2.102845013141632080e-01
5.353401303291320801e-01
5.995982885360717773e-01
1.739437878131866455e-02
9.490232467651367188e-01
-5.778561830520629883e-01
-5.124413967132568359e-01
-6.012179255485534668e-01
-5.770618915557861328e-01
-3.139008879661560059e-01
4.400224387645721436e-01
-8.565459847450256348e-01
9.897438287734985352e-01
2.690657973289489746e-01
3.299444019794464111e-01
2.877164483070373535e-01
-5.868018865585327148e-01
2.458781719207763672e+00
-4.060212671756744385e-01
-8.859194517135620117e-01
-1.130109503865242004e-01
-2.158359140157699585e-01
6.572717428207397461e-01
7.777842879295349121e-01
-7.412585020065307617e-01
-2.964442074298858643e-01
6.093510389328002930e-01
3.030968308448791504e-01
1.480693221092224121e+00
-4.906775951385498047e-01
-7.540882229804992676e-01
-4.549729079008102417e-02
1.027957558631896973e+00
7.215061187744140625e-01
-1.445443779230117798e-01
6.821539402008056641e-01
-5.695026516914367676e-01
-5.550008416175842285e-01
1.530377388000488281e+00
1.023481249809265137e+00
5.517408847808837891e-01
-2.486881762742996216e-01
-6.839390397071838379e-01
-1.914585113525390625e+00
-8.519616723060607910e-01
1.315031945705413818e-01
8.110386133193969727e-01
-1.293643116950988770e+00
1.944542169570922852e+00
-1.120528936386108398e+00
-4.659855961799621582e-01
8.022565841674804688e-01
2.189845740795135498e-01
-2.168615102767944336e+00
2.091081887483596802e-01
-1.014742732048034668e+00
-4.509453773498535156e-01
5.899388790130615234e-01
1.630156755447387695e+00
-6.859999299049377441e-01
5.442004203796386719e-01
-5.351295471191406250e-01
-6.591109037399291992e-01
3.608359694480895996e-01
-2.277843095362186432e-02
4.871529936790466309e-01
-1.008235812187194824e-01
-3.976030349731445312e-01
-1.648916840553283691e+00
2.375974178314208984e+00
5.716179609298706055e-01
-7.494782656431198120e-02
-2.515100717544555664e+00
-2.795455157756805420e-01
-1.548443555831909180e+00
1.653788924217224121e+00
1.893112659454345703e-01
1.433732390403747559e+00
7.514460682868957520e-01
-2.417720794677734375e+00
-9.541059732437133789e-01
4.856152832508087158e-01
3.909767270088195801e-01
-5.661513209342956543e-01
-1.608447171747684479e-02
-1.551196336746215820e+00
4.496243298053741455e-01
-3.398137539625167847e-02
-2.232883274555206299e-01
4.427950084209442139e-01
-1.377122998237609863e-01
-2.604682743549346924e-01
4.675690829753875732e-02
2.688165605068206787e-01
4.192252755165100098e-01
1.254878997802734375e+00
2.167476117610931396e-01
4.886312186717987061e-01
5.108694732189178467e-02
9.046667814254760742e-02
-2.401358634233474731e-01
-9.100288152694702148e-02
-5.033656209707260132e-02
6.250284314155578613e-01
-1.064369007945060730e-01
-4.261704981327056885e-01
-2.747925221920013428e-01
-2.359884083271026611e-01
-4.593911170959472656e+00
2.276565730571746826e-01
1.136244893074035645e+00
-1.899835109710693359e+00
6.005547642707824707e-01
7.594442367553710938e-02
2.751816511154174805e-01
3.962797820568084717e-01
9.409898519515991211e-02
4.621046781539916992e-01
8.514915406703948975e-02
-6.023384928703308105e-01
3.225037828087806702e-02
4.493907839059829712e-02
4.315972328186035156e-01
-6.237715482711791992e-01
1.475609689950942993e-01
1.784235537052154541e-01
-7.803719639778137207e-01
1.844514161348342896e-01
-2.216834574937820435e-02
4.357794523239135742e-01
-3.346819579601287842e-01
-2.314738482236862183e-01
-1.739811152219772339e-01
-5.039102956652641296e-02
5.148820877075195312e-01
8.979554176330566406e-01
-9.916996359825134277e-01
-1.719011068344116211e+00
4.439924955368041992e-01
3.693335922434926033e-03
7.047461867332458496e-01
-2.184831500053405762e-01
-3.446777760982513428e-01
2.882237136363983154e-01
5.674017071723937988e-01
1.243287444114685059e+00
8.638967275619506836e-01
-1.181801557540893555e+00
5.323992967605590820e-01
3.132192492485046387e-01
-9.345943927764892578e-01
3.457548022270202637e-01
1.993385076522827148e+00
1.392340898513793945e+00
-1.523088514804840088e-01
-1.057327747344970703e+00
9.792144298553466797e-01
-3.064935505390167236e-01
-1.406307935714721680e+00
-3.440155684947967529e-01
2.103096693754196167e-01
-9.073179364204406738e-01
-6.965929269790649414e-01
-1.832817047834396362e-01
1.161977529525756836e+00
4.962538778781890869e-01
-1.200552657246589661e-01
5.797542929649353027e-01
-1.034743189811706543e+00
-3.267807364463806152e-01
1.543470621109008789e+00
-1.458632946014404297e+00
-1.603930145502090454e-01
-7.739324569702148438e-01
6.901184562593698502e-03
7.503027562052011490e-03
-4.001549910753965378e-03
-8.265741169452667236e-03
1.465790090151131153e-03
-9.334805421531200409e-03
-1.380878151394426823e-03
8.647037320770323277e-04
3.080103080719709396e-03
-4.559680353850126266e-03
-3.859757911413908005e-03
-8.445562794804573059e-03
-6.443541962653398514e-03
3.509192494675517082e-03
1.213873620145022869e-03
9.685107506811618805e-03
4.777891561388969421e-03
-6.345045752823352814e-03
8.923892863094806671e-03
1.843886217102408409e-03
-6.346254143863916397e-03
9.889402426779270172e-03
-3.350391983985900879e-03
-4.261247348040342331e-03
8.917067199945449829e-03
7.615658920258283615e-03
3.751369367819279432e-04
3.750597534235566854e-04
9.385825134813785553e-03
8.800835348665714264e-03
-5.971034057438373566e-03
-7.526193279772996902e-03
-7.076479494571685791e-03
1.199494814500212669e-03
-1.267145737074315548e-03
2.109018678311258554e-04
3.736987942829728127e-03
6.896023638546466827e-03
-7.910967804491519928e-03
-1.737490412779152393e-03
4.693281836807727814e-03
-8.420529775321483612e-03
7.905005477368831635e-03
-7.484814152121543884e-03
4.742392338812351227e-03
7.443854119628667831e-03
7.904456928372383118e-03
5.226745735853910446e-03
-2.072555944323539734e-03
-9.895410388708114624e-03
-1.759723527356982231e-03
-7.637695409357547760e-03
6.255396641790866852e-03
2.332415198907256126e-03
-6.520222406834363937e-03
4.194198991172015667e-04
-8.464694023132324219e-03
9.513610042631626129e-03
6.650970783084630966e-03
7.720600347965955734e-03
-2.096772193908691406e-03
3.171815769746899605e-03
6.369951646775007248e-03
-1.827710075303912163e-03
-3.635841188952326775e-03
-4.942235536873340607e-03
-8.223115466535091400e-03
-5.118586588650941849e-03
1.809889683499932289e-03
-2.969502937048673630e-03
-2.948783803731203079e-03
3.719387110322713852e-03
-1.275684800930321217e-03
-9.985052980482578278e-03
3.419920802116394043e-03
8.204004727303981781e-03
-3.910829313099384308e-03
5.132293794304132462e-03
2.533744554966688156e-03
-8.857560344040393829e-03
5.650535691529512405e-03
-7.006602827459573746e-03
5.701907444745302200e-03
-8.899768814444541931e-03
9.132940322160720825e-03
-5.474172998219728470e-03
2.514425665140151978e-03
-3.440071363002061844e-03
-9.472497040405869484e-04
-3.210108552593737841e-04
1.169084920547902584e-03
-3.378224326297640800e-03
-8.944337256252765656e-03
3.761172760277986526e-03
-4.956810269504785538e-03
-1.027818507282063365e-04
-9.851128794252872467e-03
-4.483549673750530928e-06
-8.733571507036685944e-03
-2.569039817899465561e-03
-3.883019788190722466e-03
-7.394041313091292977e-05
2.629551338031888008e-03
-8.741448633372783661e-03
7.195014040917158127e-04
-6.019037216901779175e-03
-2.092804294079542160e-03
1.314816996455192566e-03
-9.024301543831825256e-03
7.018382661044597626e-03
7.343596778810024261e-03
3.310280153527855873e-03
-4.140758421272039413e-03
5.549320951104164124e-03
-4.945739638060331345e-03
-4.495707806199789047e-03
9.467066265642642975e-03
-5.072673666290938854e-04
1.212112372741103172e-03
8.836840279400348663e-03
9.454192593693733215e-03
-3.162760054692625999e-03
1.324755605310201645e-03
7.639316376298666000e-03
2.192650223150849342e-03
4.497099667787551880e-03
-7.724171504378318787e-03
-8.149657398462295532e-03
3.612122032791376114e-03
9.744094684720039368e-03
8.905580616556107998e-04
2.538928063586354256e-03
-1.405388233251869678e-03
3.329121042042970657e-03
-8.831738494336605072e-03
7.284618914127349854e-03
1.366875648498535156e+00
7.803730368614196777e-01
-1.482925653457641602e+00
4.635280072689056396e-01
