1.582441329956054688e+00
1.269052505493164062e+00
4.185719490051269531e+00
-1.394621968269348145e+00
2.062925577163696289e+00
2.273572683334350586e+00
3.209555387496948242e+00
2.274932384490966797e+00
2.834346771240234375e+00
1.476288318634033203e+00
8.213080763816833496e-01
6.933907270431518555e-01
6.449506431818008423e-02
2.303029447793960571e-01
6.166142225265502930e-01
1.251267075538635254e+00
1.429545044898986816e+00
-4.837294518947601318e-01
2.509050369262695312e-01
-2.614194750785827637e-01
-3.903569653630256653e-02
-1.232317686080932617e+00
1.273839473724365234e+00
-3.077263385057449341e-02
-1.183728221803903580e-02
-5.391938090324401855e-01
-3.652355074882507324e-01
1.056257560849189758e-01
-2.990612983703613281e-01
-1.761968582868576050e-01
-5.408336520195007324e-01
3.134090602397918701e-01
4.379484355449676514e-01
-6.601669192314147949e-01
9.428538322448730469e+00
1.319798469543457031e+01
1.104649162292480469e+01
1.394777393341064453e+01
1.588882827758789062e+01
1.514297008514404297e+01
1.757691955566406250e+01
1.916298103332519531e+01
1.941563987731933594e+01
2.133298873901367188e+01
2.718806457519531250e+01
1.142842411994934082e+00
-1.233518645167350769e-01
-7.110697031021118164e-01
-3.871400356292724609e-01
-6.138456463813781738e-01
8.759277462959289551e-01
3.645040094852447510e-02
-1.030308961868286133e+00
-8.423041105270385742e-01
-1.385544300079345703e+00
-7.772664427757263184e-01
-1.215862408280372620e-01
6.758455634117126465e-01
-1.584722638130187988e+00
-4.456225335597991943e-01
9.402490258216857910e-01
-2.704198658466339111e-01
-7.330822944641113281e-01
8.862194418907165527e-02
-1.085340380668640137e-01
-2.719907462596893311e-01
3.359046876430511475e-01
-5.575703382492065430e-01
-1.754149422049522400e-02
-1.000900626182556152e+00
4.605639576911926270e-01
-4.767821133136749268e-01
1.817832708358764648e+00
-1.370800375938415527e+00
1.190289035439491272e-01
2.928920030593872070e+00
1.101937770843505859e+00
-1.318001866340637207e+00
-8.899466395378112793e-01
7.672381401062011719e-02
3.093774616718292236e-01
-4.978565573692321777e-01
1.889169812202453613e+00
1.079126477241516113e+00
-3.078731000423431396e-01
1.243161797523498535e+00
-1.678864508867263794e-01
4.270523190498352051e-01
-8.201085925102233887e-01
4.209826588630676270e-01
-1.602408438920974731e-01
-4.113846421241760254e-01
-9.424527287483215332e-01
1.200407981872558594e+00
1.394584536552429199e+00
-9.643455743789672852e-01
1.201728582382202148e+00
1.247729897499084473e+00
-1.697484850883483887e+00
-7.000565528869628906e-02
1.836908221244812012e+00
-3.014054596424102783e-01
-6.102917715907096863e-02
5.967134833335876465e-01
1.502403140068054199e+00
1.929712891578674316e+00
1.215926527976989746e+00
7.237660884857177734e-02
-5.244104862213134766e+00
2.024687975645065308e-01
-2.590915918350219727e+00
2.367308139801025391e-01
7.068184018135070801e-02
-5.652264952659606934e-01
-4.040708541870117188e-01
7.136723399162292480e-01
1.800372153520584106e-01
-7.593977451324462891e-01
1.296692639589309692e-01
-4.882703721523284912e-01
9.280645251274108887e-01
-3.280934095382690430e-01
5.024575591087341309e-01
3.723560273647308350e-02
2.960317134857177734e-01
-2.254678606986999512e-01
-1.040661782026290894e-01
1.461257338523864746e-01
6.142807751893997192e-02
8.393380790948867798e-02
-1.802806258201599121e-01
1.937210746109485626e-02
-1.190037801861763000e-01
-4.265248477458953857e-01
-3.022424280643463135e-01
-1.927709281444549561e-01
-9.695283174514770508e-01
-4.163321554660797119e-01
1.868094652891159058e-01
-9.842045307159423828e-01
-1.177686095237731934e+00
-1.218033581972122192e-01
3.384707123041152954e-02
1.077018752694129944e-01
6.457765102386474609e-01
-1.018541216850280762e+00
-7.942859083414077759e-02
-5.215267539024353027e-01
-8.412700891494750977e-01
7.293781042098999023e-01
-2.268953770399093628e-01
1.844136118888854980e-01
2.117025554180145264e-01
-4.787017703056335449e-01
-6.145266816020011902e-02
3.622396588325500488e-01
7.158914804458618164e-01
2.729089260101318359e-01
1.178999543190002441e-01
7.165823578834533691e-01
1.051832675933837891e+00
9.852014780044555664e-01
1.518639326095581055e+00
4.675016105175018311e-01
2.694347500801086426e-01
8.573397062718868256e-03
1.541247367858886719e-01
7.384843826293945312e-01
-1.489814281463623047e+00
-3.449644520878791809e-02
-6.957661509513854980e-01
1.274584770202636719e+00
8.018137216567993164e-01
-1.164860576391220093e-01
2.028039932250976562e+00
2.436012774705886841e-01
2.248031139373779297e+00
-5.840414166450500488e-01
1.119537949562072754e-01
7.197624444961547852e-01
2.143668234348297119e-01
-5.062434077262878418e-01
3.248022496700286865e-02
7.439262866973876953e-01
5.685633048415184021e-02
-2.682204246520996094e-01
-3.249654173851013184e-01
-2.341540157794952393e-01
-1.698641851544380188e-02
-3.526138961315155029e-01
3.142295777797698975e-01
2.529105842113494873e-01
-4.124651476740837097e-02
1.013642549514770508e-01
7.704069465398788452e-02
1.952723264694213867e-01
-6.398937851190567017e-02
-8.073108643293380737e-02
2.271949946880340576e-01
6.033539772033691406e-01
-5.359198525547981262e-02
5.059175491333007812e-01
8.089370131492614746e-01
2.388727515935897827e-01
-5.855060219764709473e-01
1.012646913528442383e+00
3.417044281959533691e-01
-1.039943218231201172e+00
-2.161696404218673706e-01
4.427225291728973389e-01
2.116996943950653076e-01
4.852357506752014160e-01
-2.792408466339111328e-01
1.418106257915496826e-01
1.926062107086181641e-01
-9.123539328575134277e-01
4.365025758743286133e-01
-4.665110409259796143e-01
5.250157713890075684e-01
5.244739651679992676e-01
8.896559476852416992e-02
-7.954343557357788086e-01
-3.586665689945220947e-01
1.815475821495056152e-01
3.423195779323577881e-01
-1.179885983467102051e+00
-6.478860378265380859e-01
-4.275946319103240967e-01
-1.686539292335510254e+00
-6.904233098030090332e-01
7.094987630844116211e-01
2.531011104583740234e-01
1.848990559577941895e+00
5.038643479347229004e-01
7.473371624946594238e-01
-8.464390635490417480e-01
-2.763587236404418945e-01
-1.277921795845031738e+00
4.678789898753166199e-02
4.527273029088973999e-02
2.873225927352905273e+00
7.536270618438720703e-01
-2.678047418594360352e+00
-2.189723076298832893e-03
-5.695754196494817734e-03
-7.278210017830133438e-03
-5.822953535243868828e-04
8.838935755193233490e-03
6.515906658023595810e-03
6.995500880293548107e-04
5.137722473591566086e-03
9.184296242892742157e-03
-4.582479596138000488e-03
1.754908007569611073e-03
-1.755018718540668488e-03
-6.249886937439441681e-03
3.959294408559799194e-03
3.028708975762128830e-03
5.684532690793275833e-03
8.880023844540119171e-03
-1.908274483866989613e-03
3.960492613259702921e-04
-7.573061622679233551e-03
7.693164516240358353e-03
7.657257840037345886e-03
-9.857843630015850067e-03
2.423060592263936996e-03
1.432624878361821175e-03
-5.758215207606554031e-03
-4.700146615505218506e-03
3.958492074161767960e-03
7.335247471928596497e-03
6.038903724402189255e-03
-1.889574457891285419e-03
9.561133920215070248e-04
1.876939903013408184e-03
-4.257628694176673889e-03
-2.764317207038402557e-03
1.819219323806464672e-04
4.406997468322515488e-03
8.050674572587013245e-03
9.666303172707557678e-03
-4.016656894236803055e-03
4.815878928638994694e-04
-7.791241630911827087e-03
7.958981208503246307e-03
-3.124972572550177574e-03
-5.307686980813741684e-03
-7.953717373311519623e-03
3.080488881096243858e-03
-7.552233990281820297e-03
-3.481504973024129868e-04
6.516042631119489670e-03
-3.274159738793969154e-03
-5.114881205372512341e-04
1.661590184085071087e-03
-4.137793090194463730e-03
3.586798906326293945e-03
-3.843368263915181160e-03
-2.576907165348529816e-03
-1.824043923988938332e-03
5.437063518911600113e-03
8.010624907910823822e-03
6.071512587368488312e-03
9.203556692227721214e-04
-3.768380498513579369e-03
9.765988215804100037e-03
8.262470946647226810e-04
-6.897893268615007401e-03
1.048923850059509277e+00
8.390843272209167480e-01
-1.596252799034118652e+00
6.317836642265319824e-01
