2.229385375976562500e+00
1.603366374969482422e+00
5.154625892639160156e+00
4.116163730621337891e+00
3.784661769866943359e+00
2.570100724697113037e-01
-6.727073192596435547e-01
7.334395647048950195e-01
-1.417740583419799805e-01
-4.088449776172637939e-01
-8.120447397232055664e-02
7.932255864143371582e-01
-6.807044148445129395e-01
6.552743315696716309e-01
-4.812960922718048096e-01
-7.047377824783325195e-01
7.789018630981445312e+00
1.333807277679443359e+01
1.547569084167480469e+01
1.893155479431152344e+01
5.552844238281250000e+01
3.016652107238769531e+00
6.254972815513610840e-01
1.318029463291168213e-01
-1.273532867431640625e+00
-4.660717487335205078e+00
-8.851596117019653320e-01
7.088520377874374390e-02
8.027031421661376953e-01
2.336412668228149414e+00
-8.892585039138793945e-01
-4.616851508617401123e-01
-3.969638109207153320e+00
-2.332732975482940674e-01
5.179777622222900391e+00
4.425315856933593750e+01
2.550450086593627930e+00
-6.935848593711853027e-01
8.745723366737365723e-01
6.966154575347900391e-01
-4.296767711639404297e+00
5.986124873161315918e-01
-2.149578332901000977e-01
-1.414101421833038330e-01
-6.413845419883728027e-01
7.634786367416381836e-01
9.280391931533813477e-01
-2.197701930999755859e+00
2.565227448940277100e-01
-3.281292200088500977e+00
1.094415378570556641e+01
-1.849946379661560059e+00
7.844683527946472168e-01
-4.919565021991729736e-01
-5.736675858497619629e-01
5.005209445953369141e+00
1.543787866830825806e-01
-8.867732435464859009e-02
2.503557503223419189e-01
-8.287954330444335938e-01
1.934741288423538208e-01
-2.591224312782287598e-01
2.561242103576660156e+00
3.388406336307525635e-01
6.073561310768127441e-01
-2.083379936218261719e+01
7.096972782164812088e-03
1.106694980990141630e-04
5.091823171824216843e-03
-4.700742196291685104e-03
6.198238581418991089e-03
-3.612317144870758057e-03
-3.494189819321036339e-03
-3.686840645968914032e-03
-8.653333410620689392e-03
7.548558060079813004e-03
5.835605319589376450e-03
8.300187997519969940e-03
8.545873686671257019e-03
6.870332639664411545e-03
5.418437533080577850e-03
1.311643838882446289e+00
1.250263810157775879e+00
-2.469131469726562500e+00
9.244741797447204590e-01
