1.702327728271484375e+00
4.276293277740478516e+00
1.880140900611877441e+00
3.438104391098022461e+00
2.179273366928100586e+00
-1.565567612648010254e+00
2.186949729919433594e+00
2.272448778152465820e+00
2.507755994796752930e+00
2.722772359848022461e+00
-3.085305690765380859e-01
1.233276247978210449e+00
-4.270888864994049072e-02
-8.822698891162872314e-02
5.873823910951614380e-02
7.370563149452209473e-01
-6.056090593338012695e-01
-3.324972987174987793e-01
2.627729892730712891e+00
-7.236146181821823120e-02
-1.550720483064651489e-01
7.974192500114440918e-02
7.440338283777236938e-02
-3.517917171120643616e-02
-1.029399111866950989e-01
-2.221227884292602539e-01
2.955386042594909668e-02
-8.926719427108764648e-01
1.324365329742431641e+01
1.340800189971923828e+01
1.547936820983886719e+01
1.477753162384033203e+01
1.008842372894287109e+01
1.743737030029296875e+01
1.896319961547851562e+01
1.940513801574707031e+01
3.371698760986328125e+01
2.080301791429519653e-01
-1.543470025062561035e+00
2.333170175552368164e-01
5.247787758708000183e-02
6.535599231719970703e-01
1.414030343294143677e-01
-8.715131878852844238e-02
-4.907500743865966797e-01
-1.735405206680297852e+00
1.458895087242126465e+00
-1.389248967170715332e-01
-2.803062200546264648e-01
-2.600732743740081787e-01
-1.618572175502777100e-01
-6.480923295021057129e-01
2.630983889102935791e-01
3.751004219055175781e+00
6.813134551048278809e-01
-1.335076332092285156e+00
-1.189863920211791992e+00
-4.017547369003295898e-01
-1.575125455856323242e+00
1.775882840156555176e+00
-1.912713408470153809e+00
6.164013743400573730e-01
3.020209968090057373e-01
-6.014388203620910645e-01
1.551402807235717773e+00
-1.244812130928039551e+00
-1.049985408782958984e+00
1.390988945960998535e+00
3.740441799163818359e-01
-1.125744462013244629e+00
1.451585650444030762e+00
2.236433267593383789e+00
1.012936234474182129e+00
4.131789505481719971e-01
-9.548422694206237793e-01
2.906558036804199219e+00
2.176921963691711426e-01
-4.112774133682250977e-01
-3.447298049926757812e+00
9.287250638008117676e-01
-6.049407124519348145e-01
1.274935817718505859e+01
-2.321605756878852844e-02
5.575320124626159668e-01
2.240649461746215820e-01
-3.257988393306732178e-01
-2.109694480895996094e-01
-2.236058376729488373e-02
1.552133411169052124e-01
-2.723228633403778076e-01
8.332949280738830566e-01
-1.503694176673889160e+00
9.656781330704689026e-03
3.577365279197692871e-01
2.953106760978698730e-01
1.184474304318428040e-01
1.840589195489883423e-01
4.060949757695198059e-02
-2.436365604400634766e+00
-2.220325767993927002e-01
1.124184504151344299e-01
-5.959128737449645996e-01
2.174278944730758667e-01
5.040310621261596680e-01
-2.545975744724273682e-01
6.920655071735382080e-02
3.390498757362365723e-01
1.438337266445159912e-01
-2.289510220289230347e-01
-1.003025174140930176e-01
1.494755595922470093e-01
-1.874422550201416016e+00
5.467107295989990234e-01
-2.077648639678955078e-01
6.089489459991455078e-01
-2.027914971113204956e-01
1.240136623382568359e+00
8.259847164154052734e-01
3.011236190795898438e-01
1.996436566114425659e-01
-1.183272302150726318e-01
2.577323317527770996e-01
-4.779973626136779785e-01
2.714384317398071289e+00
2.972575835883617401e-02
3.409334719181060791e-01
-3.041929006576538086e+00
7.617969810962677002e-02
5.347847938537597656e-01
-1.190254315733909607e-01
-6.434194277971982956e-03
-7.349307835102081299e-02
1.140414625406265259e-01
4.402503669261932373e-01
3.181242644786834717e-01
-1.397992134094238281e+00
4.046875834465026855e-01
-3.191532790660858154e-01
-2.663408406078815460e-02
-3.715132176876068115e-01
4.954309388995170593e-02
-1.268054395914077759e-01
3.679015636444091797e-01
3.219603300094604492e+00
2.411590516567230225e-01
5.642091631889343262e-01
1.085550665855407715e+00
1.633392423391342163e-01
1.700706779956817627e-01
-2.288692444562911987e-01
6.950745582580566406e-01
-3.518134355545043945e-01
-4.869669377803802490e-01
2.726643979549407959e-01
-2.693606019020080566e-01
4.206315875053405762e-01
2.361777782440185547e+00
-9.895075559616088867e-01
7.885547727346420288e-02
-1.398767679929733276e-01
-1.660172045230865479e-01
-2.025664091110229492e+00
-1.169798135757446289e+00
-2.517885863780975342e-01
3.770573437213897705e-01
-9.384527057409286499e-02
-2.011703848838806152e-01
7.985309362411499023e-01
-2.204412370920181274e-01
-1.873901337385177612e-01
-4.924334883689880371e-01
1.955035924911499023e+00
-8.885472081601619720e-03
5.582405254244804382e-03
-8.388439193367958069e-03
1.513048628112301230e-04
-3.108793869614601135e-03
-6.406958214938640594e-03
2.897594356909394264e-03
1.700373482890427113e-03
-9.591531939804553986e-03
9.055922739207744598e-03
-8.791303262114524841e-03
-4.618472419679164886e-03
5.158710759133100510e-03
1.412111334502696991e-03
-8.364528766833245754e-04
-3.485469846054911613e-03
8.692537085153162479e-04
4.067895002663135529e-03
4.066504072397947311e-03
-3.994911909103393555e-03
1.819932949729263783e-03
3.425410250201821327e-03
-2.238052198663353920e-03
6.066278088837862015e-03
3.033124841749668121e-03
2.370738424360752106e-03
-1.089555560611188412e-03
-8.048822171986103058e-03
6.493694148957729340e-03
7.612985558807849884e-03
-4.016411025077104568e-03
7.190062664449214935e-03
-2.399357967078685760e-03
-8.024959824979305267e-03
-1.650577527470886707e-03
2.387150656431913376e-03
8.106015622615814209e-03
2.780159004032611847e-03
-2.676107920706272125e-03
-7.990192621946334839e-03
9.488357231020927429e-03
-8.144408464431762695e-03
-6.210724823176860809e-03
5.485775414854288101e-03
7.821642793715000153e-03
3.424425423145294189e-01
1.038518190383911133e+00
-1.773840308189392090e+00
6.921176910400390625e-01
