1.705318212509155273e+00
4.299589633941650391e+00
1.826166033744812012e+00
3.477194309234619141e+00
2.082060813903808594e+00
-1.597815155982971191e+00
2.263054609298706055e+00
3.286074399948120117e+00
6.621932983398437500e-01
2.130230665206909180e+00
1.026631519198417664e-01
7.901387214660644531e-01
-2.309910356998443604e-01
2.762492932379245758e-02
-7.541392743587493896e-02
5.217285752296447754e-01
-5.314859747886657715e-01
-6.243404373526573181e-02
2.362798929214477539e+00
-1.731037944555282593e-01
-8.373800665140151978e-02
4.755386710166931152e-02
2.868791110813617706e-02
4.218573868274688721e-02
7.650567591190338135e-02
-2.245622873306274414e-01
3.068648576736450195e-01
-7.176150679588317871e-01
1.324593257904052734e+01
1.342912197113037109e+01
1.548415565490722656e+01
1.475451374053955078e+01
1.013681030273437500e+01
1.751414871215820312e+01
1.921293067932128906e+01
2.247700500488281250e+01
3.752024841308593750e+01
2.742014229297637939e-01
-1.802510023117065430e+00
2.405927032232284546e-01
2.019045203924179077e-01
8.869377970695495605e-01
8.096842467784881592e-02
-3.890871703624725342e-01
-3.361801207065582275e-01
-4.978153705596923828e-01
2.021602153778076172e+00
1.140833366662263870e-02
-5.770674347877502441e-01
-4.266990125179290771e-01
-3.647020757198333740e-01
-4.648071527481079102e-01
1.215271279215812683e-01
2.700842618942260742e+00
6.732900142669677734e-01
-1.549556136131286621e+00
-1.211866736412048340e+00
-8.069860339164733887e-01
2.601387500762939453e-01
2.331319808959960938e+00
-2.966557264328002930e+00
9.461266398429870605e-01
-1.618177890777587891e-01
-1.258125994354486465e-02
2.985486090183258057e-01
-2.000220298767089844e+00
-1.470625400543212891e+00
1.443316578865051270e+00
7.086892127990722656e-01
-5.124422907829284668e-01
2.179724216461181641e+00
8.293253183364868164e-01
1.198944449424743652e+00
-6.112433671951293945e-01
-1.285816311836242676e+00
3.069865226745605469e+00
1.494945436716079712e-01
8.061697483062744141e-01
-3.518296003341674805e+00
-5.148563385009765625e+00
8.137611746788024902e-01
1.485204887390136719e+01
-6.761406362056732178e-02
1.151270270347595215e+00
3.694883286952972412e-01
-3.770923912525177002e-01
-4.156599938869476318e-01
-1.516730338335037231e-01
6.805064529180526733e-02
-4.243173897266387939e-01
1.293741941452026367e+00
-2.070942163467407227e+00
-2.754134237766265869e-01
5.307907462120056152e-01
8.622603416442871094e-01
6.356572359800338745e-02
-1.122921630740165710e-01
-1.059056147933006287e-01
-2.949535131454467773e+00
2.039013355970382690e-01
-8.639473468065261841e-02
-7.095593810081481934e-01
4.756740331649780273e-01
1.478456407785415649e-01
8.972179293632507324e-01
4.988770484924316406e-01
6.113088130950927734e-01
-7.548247575759887695e-01
-3.975661695003509521e-01
5.921556949615478516e-01
-7.560135722160339355e-01
-1.528290987014770508e+00
4.216978251934051514e-01
-1.902168542146682739e-01
2.551105320453643799e-01
4.065985381603240967e-01
1.103748559951782227e+00
1.469801068305969238e-01
4.638107717037200928e-01
-6.096261739730834961e-01
-1.257323145866394043e+00
-1.664691790938377380e-02
4.701880216598510742e-01
2.573326587677001953e+00
1.536858558654785156e+00
4.996497333049774170e-01
-1.980175495147705078e+00
1.669255197048187256e-01
-6.036412343382835388e-02
-3.223766386508941650e-01
5.066157877445220947e-02
-1.392039656639099121e-01
-4.246681928634643555e-03
6.805987358093261719e-01
2.132927477359771729e-01
-1.330028653144836426e+00
8.613250255584716797e-01
1.102156098932027817e-02
-1.248043924570083618e-01
-6.177910566329956055e-01
5.284252762794494629e-02
3.788838982582092285e-01
2.313204407691955566e-01
2.759253025054931641e+00
-1.571966111660003662e-01
8.304803967475891113e-01
1.249581098556518555e+00
-7.103137671947479248e-02
-6.690490990877151489e-02
-1.529374241828918457e+00
9.574545621871948242e-01
-7.573053240776062012e-01
7.734444141387939453e-01
4.075364768505096436e-01
-6.440151333808898926e-01
1.408925294876098633e+00
2.253080606460571289e+00
-8.282603025436401367e-01
1.022959649562835693e-01
-1.987964361906051636e-01
-6.034471392631530762e-01
-1.074859142303466797e+00
-4.954242408275604248e-01
-5.244951695203781128e-02
1.073280453681945801e+00
2.843893170356750488e-01
3.219660222530364990e-01
-8.082880973815917969e-01
-5.819611549377441406e-01
-1.958152651786804199e-01
-1.029781460762023926e+00
2.389673471450805664e+00
-8.885472081601619720e-03
5.582405254244804382e-03
-8.388439193367958069e-03
1.513048628112301230e-04
-3.108793869614601135e-03
-6.406958214938640594e-03
2.897594356909394264e-03
1.700373482890427113e-03
-9.591531939804553986e-03
9.055922739207744598e-03
-8.791303262114524841e-03
-4.618472419679164886e-03
5.158710759133100510e-03
1.412111334502696991e-03
-8.364528766833245754e-04
-3.485469846054911613e-03
8.692537085153162479e-04
4.067895002663135529e-03
4.066504072397947311e-03
-3.994911909103393555e-03
1.819932949729263783e-03
3.425410250201821327e-03
-2.238052198663353920e-03
6.066278088837862015e-03
3.033124841749668121e-03
2.370738424360752106e-03
-1.089555560611188412e-03
-8.048822171986103058e-03
6.493694148957729340e-03
7.612985558807849884e-03
-4.016411025077104568e-03
7.190062664449214935e-03
-2.399357967078685760e-03
-8.024959824979305267e-03
-1.650577527470886707e-03
2.387150656431913376e-03
8.106015622615814209e-03
2.780159004032611847e-03
-2.676107920706272125e-03
-7.990192621946334839e-03
9.488357231020927429e-03
-8.144408464431762695e-03
-6.210724823176860809e-03
5.485775414854288101e-03
7.821642793715000153e-03
6.165761947631835938e-01
1.002587556838989258e+00
-1.720999360084533691e+00
6.551139354705810547e-01
