1.544503307342529297e+01
1.547787189483642578e+01
1.157505512237548828e+01
1.101900672912597656e+01
1.673006439208984375e+01
1.067353439331054688e+01
5.770449638366699219e+00
1.736753845214843750e+01
1.074859237670898438e+01
1.667135620117187500e+01
1.730429840087890625e+01
6.799937725067138672e+00
1.633864212036132812e+01
6.975603580474853516e+00
1.627613449096679688e+01
5.123194217681884766e+00
-5.906631946563720703e+00
2.605015039443969727e+00
9.055022239685058594e+00
4.427581787109375000e+00
1.447848320007324219e+00
-5.797623157501220703e+00
-6.473408937454223633e-01
5.590268611907958984e+00
-2.973529577255249023e+00
-3.676680326461791992e+00
7.955285072326660156e+00
4.670468330383300781e+00
4.649919986724853516e+00
-5.357741937041282654e-02
6.241680622100830078e+00
-4.614629745483398438e+00
-1.360934495925903320e+00
-1.768760204315185547e+00
-7.217225551605224609e+00
-4.920536518096923828e+00
-6.923428535461425781e+00
1.357441693544387817e-01
7.871012687683105469e-01
-1.828358292579650879e+00
3.116605043411254883e+00
3.047494173049926758e+00
6.328195095062255859e+00
4.723517894744873047e+00
-1.387919902801513672e+00
-4.687566280364990234e+00
-6.275269508361816406e+00
-1.413118457794189453e+01
6.484218597412109375e+00
5.480034351348876953e+00
3.063951253890991211e+00
-1.530043601989746094e+00
2.699605941772460938e+00
4.785100460052490234e+00
-2.054071664810180664e+00
1.298235416412353516e+00
-8.292493820190429688e+00
8.014901161193847656e+00
2.976783037185668945e+00
-1.305968093872070312e+01
5.608027458190917969e+00
5.394810676574707031e+00
-5.428972721099853516e+00
-2.496976852416992188e+00
6.358973026275634766e+00
-6.287616729736328125e+00
-5.832860469818115234e+00
-6.352418899536132812e+00
7.379105687141418457e-01
3.363061904907226562e+00
4.733062744140625000e+00
-2.437241554260253906e+00
1.969512224197387695e+00
6.959969520568847656e+00
-7.045460224151611328e+00
5.087409615516662598e-01
-6.901806831359863281e+00
-2.065686464309692383e+00
6.238288879394531250e+00
2.675618171691894531e+00
2.116254329681396484e+00
2.100190877914428711e+00
-3.039836645126342773e+00
-8.314442634582519531e+00
2.291426181793212891e+00
-3.449325084686279297e+00
-6.463472843170166016e+00
5.093907833099365234e+00
8.111995697021484375e+00
1.496925115585327148e+00
2.486005306243896484e+00
1.782722473144531250e+00
3.633216321468353271e-01
8.103070259094238281e+00
1.834394335746765137e+00
2.956616163253784180e+00
-1.018202590942382812e+01
7.124415874481201172e+00
3.221001625061035156e+00
-9.567164182662963867e-01
-5.290892124176025391e+00
5.001046657562255859e+00
3.085876226425170898e+00
-8.261496543884277344e+00
2.743019104003906250e+00
5.915287017822265625e+00
2.797332406044006348e-01
-1.535163044929504395e+00
-1.749448060989379883e+00
2.388060569763183594e+00
1.008098506927490234e+01
-9.979058265686035156e+00
1.070433235168457031e+01
-5.707691192626953125e+00
2.089135408401489258e+00
-4.663178920745849609e+00
4.816761493682861328e+00
2.088431358337402344e+00
1.017656707763671875e+01
2.803498744964599609e+00
1.728131890296936035e+00
-3.464612960815429688e-01
2.953049182891845703e+00
3.244682312011718750e+00
-1.246976613998413086e+00
1.975001573562622070e+00
1.649538993835449219e+00
-2.592065095901489258e+00
4.046720981597900391e+00
-1.271181106567382812e+00
-3.601004362106323242e+00
-3.482860803604125977e+00
8.813528060913085938e+00
-6.751453876495361328e+00
7.793190956115722656e+00
-2.199046611785888672e+00
2.302064180374145508e+00
1.658675074577331543e+00
-3.380752205848693848e-01
-3.340927958488464355e-01
1.875491738319396973e+00
3.387935161590576172e+00
-2.104913473129272461e+00
2.411619424819946289e+00
-9.663154482841491699e-01
-2.995593786239624023e+00
-2.010513782501220703e+00
-1.799957394599914551e+00
1.071471929550170898e+00
-4.237483501434326172e+00
1.774583101272583008e+00
3.095144033432006836e-01
-4.861123085021972656e+00
1.199286341667175293e+00
1.110616326332092285e+00
-2.844056367874145508e+00
4.119913578033447266e+00
-1.181565999984741211e+00
3.104609727859497070e+00
-2.917466402053833008e+00
4.718484401702880859e+00
-5.655674457550048828e+00
2.756231069564819336e+00
-4.287480831146240234e+00
-7.618088245391845703e+00
-1.347380280494689941e+00
3.083464205265045166e-01
6.050069808959960938e+00
5.713794708251953125e+00
-6.937841176986694336e-01
7.867384910583496094e+00
4.382925510406494141e+00
-3.990148007869720459e-01
1.936513036489486694e-01
-2.259517759084701538e-01
2.109657287597656250e+00
-6.815950870513916016e-01
1.129344940185546875e+00
2.195726037025451660e-01
3.208976507186889648e+00
-1.091235041618347168e+00
-1.439941674470901489e-01
2.080042362213134766e+00
-4.916335582733154297e+00
-7.152156829833984375e-01
5.276915073394775391e+00
8.348404765129089355e-01
-3.661599874496459961e+00
3.005391597747802734e+00
-1.945483386516571045e-01
3.827399492263793945e+00
-3.904942750930786133e+00
8.026414513587951660e-01
-5.113729476928710938e+00
3.959432363510131836e+00
-3.324272334575653076e-01
3.228242322802543640e-02
-2.435351133346557617e+00
-1.301528187468647957e-03
8.254661411046981812e-02
-2.612957656383514404e-01
-3.620746612548828125e+00
-1.548279404640197754e+00
5.055996894836425781e+00
1.542993426322937012e+00
-4.341547787189483643e-01
-1.506765037775039673e-01
-2.107436418533325195e+00
6.540847778320312500e+00
-2.107712268829345703e+00
-2.497526407241821289e+00
1.125774502754211426e+00
4.083523750305175781e+00
1.515873074531555176e+00
-1.285261660814285278e-01
-3.363586425781250000e+00
4.064107418060302734e+00
-9.199110865592956543e-01
2.797900199890136719e+00
-1.056297421455383301e+00
1.810727834701538086e+00
4.688608169555664062e+00
-1.037514567375183105e+00
6.994289875030517578e+00
4.360066413879394531e+00
-4.696913719177246094e+00
-1.780938029289245605e+00
-1.684868216514587402e+00
-1.394239306449890137e+00
-2.303852587938308716e-01
2.367434263229370117e+00
-2.858398914337158203e+00
-5.417315959930419922e+00
1.151217937469482422e+00
-3.773547649383544922e+00
-1.341317892074584961e+00
-1.814572215080261230e+00
-7.725551128387451172e-01
-5.130202770233154297e+00
-3.070602118968963623e-01
-4.215609073638916016e+00
1.693555951118469238e+00
-3.783624172210693359e-01
2.215830802917480469e+00
-1.896134495735168457e+00
-4.750170409679412842e-01
6.478773355484008789e-01
-2.436190605163574219e+00
2.875778913497924805e+00
-1.768620729446411133e+00
-3.254109859466552734e+00
1.048767805099487305e+00
-5.372089385986328125e+00
5.951325416564941406e+00
1.445207118988037109e+00
-3.489401936531066895e-01
1.324274420738220215e+00
1.824907511472702026e-01
-6.862543821334838867e-01
-3.640434145927429199e-01
1.751521587371826172e+00
1.232753515243530273e+00
-1.925180554389953613e+00
1.938701629638671875e+00
-1.722921617329120636e-02
8.222990632057189941e-01
6.282870769500732422e-01
1.925760656595230103e-01
4.000603675842285156e+00
-1.524095296859741211e+00
-1.960965633392333984e+00
-3.067814409732818604e-01
-4.388918280601501465e-01
-2.111202478408813477e+00
2.195976257324218750e+00
-3.894611299037933350e-01
-1.082496285438537598e+00
-2.180929183959960938e+00
1.195115447044372559e+00
3.270268142223358154e-01
5.315479278564453125e+00
3.568556070327758789e+00
2.365713357925415039e+00
1.763890862464904785e+00
-1.037130355834960938e+00
6.515029072761535645e-01
4.386062026023864746e-01
3.841232538223266602e+00
4.692746639251708984e+00
-8.725866079330444336e-01
1.394775211811065674e-01
1.127127408981323242e+00
-1.935343146324157715e+00
-3.228853702545166016e+00
2.644802093505859375e+00
-1.843614578247070312e+00
3.498408555984497070e+00
1.135578751564025879e+00
2.330818176269531250e+00
1.247157216072082520e+00
-1.086150109767913818e-01
4.150728881359100342e-01
1.782196521759033203e+00
-8.151554465293884277e-01
2.779213428497314453e+00
-2.314510941505432129e-01
1.220809221267700195e+00
4.028851985931396484e-01
2.118470519781112671e-01
-2.815534733235836029e-02
3.806848227977752686e-01
-1.820439338684082031e+00
6.074005961418151855e-01
-3.647054433822631836e+00
2.749905824661254883e+00
-3.233934566378593445e-02
1.671693921089172363e+00
6.187414526939392090e-01
-1.350123405456542969e+00
3.257483959197998047e+00
1.808228492736816406e+00
-3.765740156173706055e+00
-1.398813724517822266e+00
4.281665802001953125e+00
1.361412882804870605e+00
2.061914801597595215e-01
7.109037041664123535e-01
-7.451919317245483398e-01
4.125052452087402344e+00
9.598561525344848633e-01
-5.192289128899574280e-02
1.859304308891296387e+00
3.932364463806152344e+00
9.356170296669006348e-01
1.830265760421752930e+00
-1.394555330276489258e+00
-3.263797163963317871e-01
-5.313533544540405273e-01
1.299839973449707031e+00
8.858790993690490723e-01
1.983196377754211426e+00
2.480372667312622070e+00
-7.207598686218261719e-01
8.898615241050720215e-01
2.551542222499847412e-01
-2.644151210784912109e+00
4.585381746292114258e-01
-3.206335604190826416e-01
1.227913618087768555e+00
-3.277598023414611816e-01
1.325933933258056641e+00
2.617736756801605225e-01
-3.652098894119262695e+00
-2.557091712951660156e-01
1.591044217348098755e-01
3.824562430381774902e-01
-1.367213368415832520e+00
8.377970457077026367e-01
1.330533981323242188e+00
-1.658125400543212891e+00
1.947260141372680664e+00
1.470599025487899780e-01
8.427105545997619629e-01
-3.654901742935180664e+00
1.097024083137512207e+00
1.768250912427902222e-01
-2.505457401275634766e+00
5.617390155792236328e+00
-4.466924965381622314e-01
-2.055748939514160156e+00
4.679217338562011719e+00
-1.309315800666809082e+00
-6.461113452911376953e+00
7.256639599800109863e-01
1.314343690872192383e+00
1.326252102851867676e+00
