2.185441017150878906e+00
-9.629143774509429932e-02
5.035868644714355469e+00
4.024912834167480469e+00
1.878807187080383301e+00
3.582442045211791992e+00
6.945586204528808594e-01
-7.082756757736206055e-01
-1.702054381370544434e+00
2.137655764818191528e-01
3.441832959651947021e-01
9.829783439636230469e-01
-2.604871988296508789e-01
3.186719894409179688e+00
1.008332014083862305e+00
1.027292087674140930e-01
-1.987870484590530396e-01
-2.884391546249389648e-01
-3.748439252376556396e-01
1.586673706769943237e-01
-1.681409239768981934e+00
-1.230747699737548828e-01
1.013224029541015625e+01
1.329402351379394531e+01
1.532386875152587891e+01
1.726446914672851562e+01
1.909714317321777344e+01
2.185801506042480469e+01
2.233623504638671875e+01
5.835769772529602051e-01
-6.640799641609191895e-01
5.457260012626647949e-01
-6.928125619888305664e-01
1.239033862948417664e-01
-1.477405667304992676e+00
-2.559772729873657227e-01
-6.794502735137939453e-01
-1.926841437816619873e-01
-1.105075702071189880e-03
-1.270311325788497925e-01
2.233299426734447479e-02
-2.218328237533569336e+00
-3.164137899875640869e-01
-9.530780911445617676e-01
7.903608679771423340e-02
5.793544650077819824e-01
2.841833591461181641e+00
1.698544383049011230e+00
-2.133461833000183105e-01
-3.889232277870178223e-01
-2.147001504898071289e+00
1.572176441550254822e-02
2.440769225358963013e-01
-8.030681014060974121e-01
1.506545543670654297e+00
1.469455838203430176e+00
5.256181716918945312e+00
8.671546727418899536e-02
-1.552049815654754639e-01
-4.014381766319274902e-02
7.254926115274429321e-02
3.075252175331115723e-01
6.947581171989440918e-01
-2.887556143105030060e-02
6.392480731010437012e-01
-1.398346424102783203e-01
1.737646609544754028e-01
1.812112629413604736e-01
7.704221010208129883e-01
-4.836965203285217285e-01
8.314623832702636719e-01
-4.356467425823211670e-01
3.469669818878173828e-01
1.538564264774322510e-01
-2.107448726892471313e-01
-2.493291050195693970e-01
-2.273483127355575562e-01
-1.465981304645538330e-01
5.529800057411193848e-01
2.415661960840225220e-01
-2.506771087646484375e-01
6.174366474151611328e-01
1.390132188796997070e+00
-2.219358980655670166e-01
-3.883357942104339600e-01
-2.135859727859497070e-01
-3.589303418993949890e-02
8.913370966911315918e-02
5.670326352119445801e-01
-6.106359958648681641e-01
2.144210934638977051e-01
-5.960900783538818359e-01
7.767073810100555420e-02
2.322448790073394775e-02
-1.262952238321304321e-01
1.505535691976547241e-01
-1.001020446419715881e-01
9.710475802421569824e-01
-1.754690706729888916e-01
6.277121305465698242e-01
-2.290343493223190308e-01
2.404186688363552094e-02
-1.335031747817993164e+00
-5.215111374855041504e-01
2.104382961988449097e-01
2.018581181764602661e-01
1.138415932655334473e+00
1.537473350763320923e-01
-7.318221032619476318e-02
-3.506886661052703857e-01
-1.762705147266387939e-01
-1.825810074806213379e-01
-2.763659954071044922e+00
8.408050984144210815e-03
7.581383455544710159e-03
-4.947684705257415771e-03
-3.039824077859520912e-03
-6.348225288093090057e-03
8.035921491682529449e-03
4.130563233047723770e-03
4.533169325441122055e-03
8.001756854355335236e-03
5.583276040852069855e-03
1.983095658943057060e-03
-4.177494905889034271e-03
-6.972094532102346420e-03
-3.296506823971867561e-03
3.151035634800791740e-03
-8.533149026334285736e-03
-8.899872191250324249e-03
-3.536103758960962296e-03
1.809636130928993225e-03
7.077971473336219788e-03
-4.258751403540372849e-03
-6.538655608892440796e-03
-7.319576106965541840e-03
9.893076494336128235e-03
-6.410042755305767059e-03
-3.649063641205430031e-03
1.365828095003962517e-03
-9.813028387725353241e-03
1.982571244239807129e+00
1.075470924377441406e+00
-2.295106410980224609e+00
7.798176407814025879e-01
