1.698149204254150391e+00
-3.273956179618835449e-01
-1.223326325416564941e+00
4.614257335662841797e+00
1.560742259025573730e+00
3.023266792297363281e+00
2.307451486587524414e+00
1.710974812507629395e+00
2.408287048339843750e+00
2.215610980987548828e+00
2.459437608718872070e+00
-3.144105896353721619e-02
2.380036860704421997e-01
2.931964695453643799e-01
8.306111097335815430e-01
-1.646007657051086426e+00
1.457302421331405640e-01
-4.384837672114372253e-02
-2.533025108277797699e-02
-6.661493182182312012e-01
3.248088955879211426e-01
-2.036059200763702393e-01
1.908982992172241211e-01
4.377591907978057861e-01
4.003206491470336914e-01
6.587648987770080566e-01
1.034350872039794922e+00
-1.103452499955892563e-02
5.499401092529296875e-01
-1.005038097500801086e-01
1.446505635976791382e-01
-1.622711122035980225e-01
-2.565517090260982513e-02
-2.453776895999908447e-01
3.074294924736022949e-01
-1.077191904187202454e-01
-3.508970141410827637e-01
-8.708875179290771484e-01
7.912578061223030090e-03
-2.251535803079605103e-01
9.847870826721191406e+00
1.004958438873291016e+01
1.321809291839599609e+01
1.339159774780273438e+01
1.562745571136474609e+01
1.501350784301757812e+01
1.486549472808837891e+01
1.761202621459960938e+01
1.928657722473144531e+01
1.925347137451171875e+01
1.994346427917480469e+01
1.934304046630859375e+01
2.113006591796875000e+01
1.160079121589660645e+00
1.535146087408065796e-01
-3.629970550537109375e-02
-9.520424008369445801e-01
7.179191112518310547e-01
-1.021881222724914551e+00
-1.850618481636047363e+00
-4.742040634155273438e-01
-4.917405545711517334e-01
1.726116061210632324e+00
2.382172584533691406e+00
-5.105302810668945312e+00
6.384371519088745117e-01
1.317345380783081055e+00
-4.244358241558074951e-01
2.509296126663684845e-02
2.463773488998413086e-01
7.354133762419223785e-03
1.141068339347839355e+00
1.465557813644409180e+00
-2.005113363265991211e+00
7.321193218231201172e-01
1.084925699979066849e-02
-1.019511580467224121e+00
-5.568780899047851562e-01
-2.662938833236694336e-01
-4.402538836002349854e-01
9.337586164474487305e-02
8.048107624053955078e-01
-1.427729249000549316e+00
-4.046901762485504150e-01
-2.597311437129974365e-01
-3.807637095451354980e-01
4.883583545684814453e+00
-1.199086093902587891e+01
2.717456102371215820e+00
-3.305747210979461670e-01
8.947860598564147949e-01
-6.155630946159362793e-01
1.098888039588928223e+00
8.402684330940246582e-01
-1.257857203483581543e+00
-3.071667253971099854e-01
-6.708496093750000000e+00
1.858806037902832031e+01
-4.061981201171875000e+00
9.399890899658203125e-01
-2.314130775630474091e-02
-1.916286349296569824e+00
-6.605544686317443848e-01
1.667696088552474976e-01
-6.690404564142227173e-02
1.356839299201965332e+00
-2.441437005996704102e+00
-1.666354060173034668e+00
-6.875222921371459961e-01
-8.888540267944335938e-01
-7.741407752037048340e-01
7.966011762619018555e-01
-4.911321103572845459e-01
8.597002625465393066e-01
1.839611172676086426e+00
-1.004583120346069336e+00
3.702505588531494141e+00
4.213058650493621826e-01
4.395149946212768555e-01
-5.901591777801513672e-01
-2.916857957839965820e+00
-3.286792516708374023e+00
2.102401018142700195e+00
1.617864727973937988e+00
-1.265207409858703613e+00
-1.742449998855590820e-01
3.032018840312957764e-01
-2.074043989181518555e+00
2.383976459503173828e+00
1.742730379104614258e+00
-4.263295531272888184e-01
-1.150148987770080566e+00
4.159732758998870850e-01
-4.571385085582733154e-01
1.180541217327117920e-01
3.320991098880767822e-01
2.268532663583755493e-01
-1.795658230781555176e+00
2.236313343048095703e+00
4.640308022499084473e-01
-4.710409641265869141e-01
-3.200844287872314453e+00
8.130179047584533691e-01
1.718558311462402344e+00
-2.855933606624603271e-01
1.224406138062477112e-01
-2.338026463985443115e-01
5.934842228889465332e-01
4.662224650382995605e-02
4.812832176685333252e-01
-1.196190267801284790e-01
1.045439615845680237e-01
-3.692494928836822510e-01
3.394190669059753418e-01
-1.858623981475830078e+00
2.136067748069763184e-01
1.359771609306335449e+00
2.453593909740447998e-01
-3.252335488796234131e-01
4.219898283481597900e-01
1.064217090606689453e-02
1.949728466570377350e-02
-4.828265905380249023e-01
2.925921082496643066e-01
2.969381809234619141e-01
6.210322678089141846e-02
-1.059051677584648132e-01
-1.274960637092590332e-01
4.360059499740600586e-01
1.642353981733322144e-01
4.156464338302612305e-01
3.765229135751724243e-02
1.786897480487823486e-01
-1.008676588535308838e-01
-1.378844380378723145e-01
-6.064913421869277954e-02
9.768412448465824127e-03
-3.568989753723144531e+00
9.784237742424011230e-01
5.034545898437500000e+00
-6.884633004665374756e-02
2.421702295541763306e-01
-3.237907588481903076e-01
4.246098399162292480e-01
-2.585368752479553223e-01
1.580274403095245361e-01
7.866415381431579590e-02
5.629030704498291016e+00
-1.754085063934326172e+00
-6.923564434051513672e+00
3.557365834712982178e-01
2.112981677055358887e-02
3.558113574981689453e-01
3.053806424140930176e-01
2.671913206577301025e-01
1.955186948180198669e-03
-7.454768056049942970e-04
6.383093595504760742e-01
1.065917313098907471e-02
4.512745440006256104e-01
1.059586524963378906e+00
-1.882917732000350952e-01
3.542888760566711426e-01
3.578240051865577698e-02
7.149373888969421387e-01
1.972966343164443970e-01
-9.197126030921936035e-01
-1.020472764968872070e+00
-2.243039906024932861e-01
5.389829352498054504e-02
-2.885067462921142578e-01
-7.607055306434631348e-01
-1.266245484352111816e+00
1.923057913780212402e+00
5.116642117500305176e-01
-2.059051096439361572e-01
6.069161891937255859e-01
-8.848652839660644531e-01
1.142809763550758362e-01
9.639363288879394531e-01
1.133964285254478455e-01
9.030551649630069733e-03
2.367568463087081909e-01
-8.781118988990783691e-01
1.725252866744995117e-01
1.119415927678346634e-02
4.156319499015808105e-01
6.703050136566162109e-01
1.311052590608596802e-01
1.725777387619018555e-01
-4.750961363315582275e-01
-2.566069066524505615e-01
8.288360238075256348e-01
2.416072845458984375e+00
3.307108402252197266e+00
-4.632125198841094971e-01
-2.821037173271179199e-01
-2.774803340435028076e-01
4.529227614402770996e-01
-1.830183863639831543e-01
5.296763181686401367e-01
4.496926963329315186e-01
2.671152651309967041e-01
2.535236179828643799e-01
-6.385080218315124512e-01
-1.481490850448608398e+00
6.562772393226623535e-01
2.128904342651367188e+00
-7.361559867858886719e-01
-3.453994542360305786e-02
-2.203041464090347290e-01
1.560139656066894531e-01
8.405193686485290527e-03
2.957050204277038574e-01
-5.423660278320312500e-01
3.806768357753753662e-01
-6.198201775550842285e-01
-7.719087004661560059e-01
-4.379250705242156982e-01
5.727335810661315918e-01
1.510914266109466553e-01
1.398832499980926514e-01
-3.455929458141326904e-02
2.639788091182708740e-01
-7.940363883972167969e-02
-1.169189512729644775e-01
9.355524182319641113e-02
7.776889204978942871e-02
-2.942259550094604492e+00
6.323850154876708984e-01
4.044952869415283203e+00
-7.142410427331924438e-02
-1.787797957658767700e-01
-3.918740451335906982e-01
1.070934161543846130e-01
-3.500837087631225586e-02
3.158170878887176514e-01
2.799442782998085022e-02
4.432769298553466797e+00
-1.107254981994628906e+00
-6.795747280120849609e+00
-2.151091992855072021e-01
-1.820298610255122185e-03
2.762391865253448486e-01
3.266279399394989014e-01
6.975399702787399292e-02
-3.464901074767112732e-02
-2.514132857322692871e-01
-1.189902946352958679e-01
9.292284250259399414e-01
-1.295854449272155762e-01
-2.357163093984127045e-02
2.537104487419128418e-01
-1.281155794858932495e-01
8.420071750879287720e-02
-1.195729598402976990e-01
1.130561605095863342e-01
3.320568203926086426e-01
-6.338232159614562988e-01
3.276114165782928467e-01
1.707049906253814697e-01
1.065551117062568665e-01
-3.105595409870147705e-01
2.641417682170867920e-01
9.315267801284790039e-01
-9.317783713340759277e-01
1.277721207588911057e-02
2.992162108421325684e-01
-6.937240362167358398e-01
7.561717182397842407e-02
4.786033034324645996e-01
-7.591529935598373413e-02
2.846613228321075439e-01
8.978298306465148926e-02
1.119656682014465332e+00
7.280713915824890137e-01
-1.851463764905929565e-01
3.535135835409164429e-02
-8.079697489738464355e-01
-5.688903331756591797e-01
8.558714389801025391e-01
-4.153990149497985840e-01
-8.721261620521545410e-01
3.573637604713439941e-01
-3.139938116073608398e-01
-1.059037327766418457e+00
1.438684877939522266e-03
3.752641379833221436e-03
-2.203080570325255394e-03
3.116041887551546097e-03
-2.992510329931974411e-03
-8.045705035328865051e-03
-5.865057930350303650e-03
-7.014233851805329323e-04
8.627584204077720642e-03
7.721047848463058472e-03
3.699852619320154190e-03
3.684329334646463394e-03
4.093641764484345913e-04
8.108569309115409851e-04
-6.952580995857715607e-03
2.283994574099779129e-03
8.498909301124513149e-04
6.902989000082015991e-03
6.604031194001436234e-03
8.677389472723007202e-03
9.950010105967521667e-03
5.380513612180948257e-03
-6.240108050405979156e-03
7.586736232042312622e-03
-6.049803458154201508e-03
-6.324793677777051926e-03
5.756119731813669205e-03
9.479953907430171967e-03
-3.011890919879078865e-03
-3.096683649346232414e-03
-1.922432798892259598e-03
-8.792926557362079620e-03
-4.280031193047761917e-03
-2.963125240057706833e-03
1.562717487104237080e-03
2.785948803648352623e-03
-1.487488771090283990e-04
9.161637164652347565e-03
-6.375455297529697418e-03
-2.693068236112594604e-03
-5.510559771209955215e-03
-5.805515684187412262e-03
8.902695029973983765e-03
5.059703718870878220e-03
2.140882890671491623e-03
4.800783935934305191e-03
-4.766934085637331009e-03
-6.690870970487594604e-03
2.329720184206962585e-03
9.644391946494579315e-03
8.178772404789924622e-03
-8.421187289059162140e-03
-6.078804377466440201e-03
-9.108318015933036804e-03
-9.991358034312725067e-03
-1.603974029421806335e-03
3.663182491436600685e-03
-5.107099190354347229e-03
-5.062682554125785828e-03
-3.275791881605982780e-03
-8.821743540465831757e-03
5.263703409582376480e-03
-2.189208986237645149e-03
6.667865440249443054e-03
2.037405647570267320e-04
3.935564775019884109e-03
3.412702586501836777e-03
-8.714045397937297821e-03
5.266517400741577148e-03
6.448199506849050522e-03
-8.038741536438465118e-03
-3.053434425964951515e-03
-5.145309027284383774e-03
6.729606073349714279e-03
3.200030419975519180e-03
-3.966664895415306091e-03
6.404663436114788055e-03
4.102810285985469818e-03
7.486622780561447144e-03
-5.367831327021121979e-04
-9.090018458664417267e-03
9.761536493897438049e-03
4.862552043050527573e-03
-5.580602679401636124e-03
9.057558141648769379e-03
3.426253329962491989e-03
9.653196670114994049e-03
6.175123620778322220e-03
-1.285692327655851841e-03
-2.634848002344369888e-03
6.989176850765943527e-03
1.054323673248291016e+00
1.100150823593139648e+00
-1.862294912338256836e+00
7.450417280197143555e-01
