1.568976879119873047e+00
-7.031616568565368652e-01
1.202503204345703125e+00
1.527658820152282715e+00
4.055253028869628906e+00
1.105413317680358887e+00
1.929118275642395020e+00
3.059370279312133789e+00
1.985408306121826172e+00
1.875075697898864746e+00
6.093191504478454590e-01
2.031879663467407227e+00
2.240042209625244141e+00
7.846227884292602539e-01
1.113664031028747559e+00
1.894950985908508301e+00
-7.817106246948242188e-01
8.920816183090209961e-01
-3.769183903932571411e-02
-8.690107613801956177e-02
4.243516176939010620e-02
8.413373827934265137e-01
-9.805433452129364014e-02
5.097553879022598267e-02
1.761431545019149780e-01
1.693798154592514038e-01
7.635203003883361816e-02
-1.470904350280761719e-01
2.614829242229461670e-01
4.681632816791534424e-01
2.578968107700347900e-01
-1.466443296521902084e-03
1.579424589872360229e-01
-3.282781243324279785e-01
-1.587891429662704468e-01
-5.111998319625854492e-02
-7.247981429100036621e-02
-1.052433252334594727e-01
-1.529391855001449585e-01
-1.015573441982269287e-01
-1.300188153982162476e-01
-8.027203381061553955e-02
-1.663084030151367188e-01
5.210328847169876099e-03
-1.234415918588638306e-01
-2.825631797313690186e-01
-7.038786262273788452e-02
-2.112402580678462982e-03
-1.186650276184082031e+00
6.534364700317382812e+00
9.258040428161621094e+00
1.095730686187744141e+01
1.316537380218505859e+01
1.374341773986816406e+01
1.403281688690185547e+01
1.541922569274902344e+01
1.485267543792724609e+01
1.660000801086425781e+01
1.910945510864257812e+01
1.784297943115234375e+01
1.901074981689453125e+01
2.420193862915039062e+01
2.009037399291992188e+01
1.952605056762695312e+01
2.452773094177246094e+01
-2.222795784473419189e-02
-3.938670828938484192e-02
1.128519400954246521e-01
-3.980008363723754883e-01
-1.306886672973632812e+00
6.692684888839721680e-01
-6.634185314178466797e-01
3.010545074939727783e-01
-1.207163855433464050e-01
-2.584164142608642578e+00
6.607909798622131348e-01
-5.120303630828857422e-01
3.388417243957519531e+00
2.017364978790283203e+00
-6.875719428062438965e-01
1.384888648986816406e+00
1.204787731170654297e+00
-3.785380423069000244e-01
2.304987609386444092e-01
-7.454091906547546387e-01
-1.355297714471817017e-01
-9.552725590765476227e-03
7.767928838729858398e-01
6.246533989906311035e-01
-6.161704063415527344e-01
-2.387718260288238525e-01
-5.382484793663024902e-01
8.934932351112365723e-01
2.076671570539474487e-01
1.987728327512741089e-01
-4.624691978096961975e-02
3.951791524887084961e-01
-4.532415568828582764e-01
1.073294952511787415e-01
-9.473924636840820312e-01
3.329916894435882568e-01
6.187716126441955566e-01
6.636597961187362671e-02
4.001026749610900879e-01
2.889503240585327148e-01
5.552065372467041016e-02
4.051058292388916016e-01
4.347761869430541992e-01
9.875505417585372925e-02
1.959882259368896484e+00
2.364340871572494507e-01
-1.777229428291320801e+00
-5.901491045951843262e-01
-1.302396804094314575e-01
4.201452732086181641e-01
-4.712026119232177734e-01
2.406491637229919434e-01
-2.607896327972412109e-01
-2.013059407472610474e-01
-8.366612344980239868e-02
-9.418889880180358887e-02
-2.607442140579223633e-01
1.398424357175827026e-01
2.683361768722534180e+00
2.451198734343051910e-02
-5.195296406745910645e-01
2.504914999008178711e-01
-4.688750803470611572e-01
-2.399698346853256226e-01
2.535056769847869873e-01
-1.126686297357082367e-02
2.515849769115447998e-01
-5.482753738760948181e-02
-6.532232761383056641e-01
2.198956012725830078e+00
2.084853410720825195e+00
-1.608115993440151215e-02
-5.132048726081848145e-01
1.197875887155532837e-01
5.717697143554687500e-01
3.928990289568901062e-02
-5.329847708344459534e-02
-1.138995528221130371e+00
4.246037602424621582e-01
7.830907404422760010e-02
-1.221681118011474609e+00
3.706224635243415833e-02
-1.333473622798919678e-01
4.846090823411941528e-02
-1.519665360450744629e+00
-5.581428110599517822e-02
7.439227402210235596e-02
-3.541736006736755371e-01
-8.399575948715209961e-02
4.538485407829284668e-02
-9.261491708457469940e-03
-6.198423504829406738e-01
-3.808482587337493896e-01
1.816023439168930054e-01
-2.942023575305938721e-01
-1.746055483818054199e-01
1.363789141178131104e-01
8.773356676101684570e-02
-1.724995523691177368e-01
7.894974350929260254e-01
-2.497367262840270996e-01
-9.457294344902038574e-01
3.387266993522644043e-01
1.778803765773773193e-02
-6.934060156345367432e-02
-7.262802124023437500e-01
1.283903717994689941e-01
-5.547142624855041504e-01
1.460811138153076172e+00
1.465549349784851074e+00
-6.531543731689453125e-01
1.672163724899291992e+00
8.876510858535766602e-01
-1.158092856407165527e+00
-1.445468544960021973e+00
2.964873015880584717e-01
1.367243230342864990e-01
1.077230811119079590e+00
-4.931834936141967773e-01
-1.101677417755126953e+00
-1.448226571083068848e+00
-1.323966145515441895e+00
-1.649909973144531250e+00
-1.578297019004821777e-01
2.180189371109008789e+00
-6.006564944982528687e-02
-1.682044386863708496e+00
-1.663941740989685059e+00
-1.861814558506011963e-01
1.164693236351013184e-01
3.258979082107543945e+00
-7.692677527666091919e-02
-9.011016488075256348e-01
-2.505856513977050781e+00
1.754248589277267456e-01
-1.763203024864196777e+00
-1.266832947731018066e+00
2.156693935394287109e-01
-8.463548123836517334e-02
5.905973259359598160e-03
1.889111548662185669e-01
6.036556363105773926e-01
5.245080590248107910e-02
3.602942079305648804e-02
-1.010432392358779907e-01
-3.175423741340637207e-01
1.262026876211166382e-01
4.029698669910430908e-01
-8.080543577671051025e-02
3.843812048435211182e-01
4.112677648663520813e-02
-7.622209787368774414e-01
1.771767735481262207e-01
2.889432199299335480e-02
-9.287463873624801636e-02
4.951827228069305420e-01
-1.221066415309906006e-01
1.201674491167068481e-01
-1.402665078639984131e-01
5.126481130719184875e-02
3.561724722385406494e-01
9.786407649517059326e-02
9.656605869531631470e-02
-3.168485164642333984e-01
3.686178103089332581e-02
8.233351260423660278e-02
2.854111790657043457e-01
2.036204785108566284e-01
2.377689033746719360e-01
2.230878919363021851e-01
1.205854639410972595e-01
-8.425519801676273346e-03
2.989974021911621094e-01
-1.976573765277862549e-01
2.149694599211215973e-03
-8.628517389297485352e-02
1.722861528396606445e-01
4.278901219367980957e-02
-1.002077013254165649e-01
-2.818771870806813240e-03
1.975921690464019775e-01
2.196265161037445068e-01
5.502730607986450195e-01
7.313735783100128174e-02
5.024227499961853027e-02
8.830869197845458984e-02
1.691977530717849731e-01
1.388821154832839966e-01
1.584610044956207275e-01
9.591958671808242798e-02
-8.798961341381072998e-02
1.479204446077346802e-01
1.907054930925369263e-01
3.982714116573333740e-01
-7.272505164146423340e-01
1.121388971805572510e-01
1.977603584527969360e-01
2.128455042839050293e-02
1.820062100887298584e-01
-8.087977021932601929e-02
-2.338372468948364258e-01
4.984236136078834534e-02
-1.312367022037506104e-01
-8.249956369400024414e-02
-3.775133518502116203e-03
-4.027878940105438232e-01
-4.200295805931091309e-01
1.191196516156196594e-01
8.598847687244415283e-02
-1.993885636329650879e-01
1.946096569299697876e-01
2.588342428207397461e-01
-1.134299635887145996e-01
2.688418924808502197e-01
7.639482617378234863e-02
1.555453389883041382e-01
7.900530099868774414e-01
1.691164225339889526e-01
1.243951320648193359e-01
5.322193726897239685e-02
1.348329037427902222e-01
1.979010850191116333e-01
8.814355731010437012e-02
-1.793055608868598938e-02
1.423660852015018463e-02
-1.851335354149341583e-02
3.642353713512420654e-01
3.692620396614074707e-01
1.391200572252273560e-01
-2.923874370753765106e-02
4.316375404596328735e-02
1.168036982417106628e-01
1.019090935587882996e-01
1.180110946297645569e-01
3.558463975787162781e-02
2.578514814376831055e-02
1.157612428069114685e-01
2.953166067600250244e-01
9.263215959072113037e-02
-6.773390620946884155e-02
-1.232690811157226562e-01
4.931401461362838745e-02
2.279192954301834106e-01
2.358690947294235229e-01
4.062336683273315430e-01
-3.350708782672882080e-01
5.225350260734558105e-01
-3.398312032222747803e-01
-4.313116967678070068e-01
-2.379056811332702637e-01
1.363120526075363159e-01
1.605909615755081177e-01
1.606155335903167725e-01
-6.069815903902053833e-02
2.627212703227996826e-01
2.102508693933486938e-01
-2.373031377792358398e-01
6.003655195236206055e-01
8.077814579010009766e-01
-9.101869463920593262e-01
-4.015727937221527100e-01
5.379231646656990051e-02
1.270719885826110840e+00
2.147585153579711914e-01
-4.266849756240844727e-01
3.258819505572319031e-02
7.576866149902343750e-01
2.517268061637878418e-01
1.469984352588653564e-01
1.201389551162719727e+00
-3.980962336063385010e-01
1.118167161941528320e+00
3.105276226997375488e-01
-1.790968030691146851e-01
-8.145004510879516602e-03
-5.723232403397560120e-02
1.722407639026641846e-01
-1.555727720260620117e-01
1.259343624114990234e-01
9.293265640735626221e-02
-2.073595225811004639e-01
3.412585705518722534e-02
9.021238237619400024e-02
3.709924221038818359e-01
4.468848109245300293e-01
2.067544013261795044e-01
-3.017750382423400879e-01
-3.376363813877105713e-01
-5.572205781936645508e-01
-1.570205390453338623e-01
2.428488433361053467e-02
-2.246042042970657349e-01
9.437892585992813110e-02
2.729104459285736084e-02
-5.481668934226036072e-02
2.186456322669982910e-01
-1.443481147289276123e-01
-1.092502623796463013e-01
-6.412196438759565353e-03
5.140072107315063477e-02
1.021407824009656906e-02
3.020039573311805725e-02
3.320880830287933350e-01
-1.474615037441253662e-01
-1.540454775094985962e-01
-3.016433417797088623e-01
2.950309216976165771e-01
-2.115956842899322510e-01
-1.940773874521255493e-01
-8.199989050626754761e-02
-3.680551648139953613e-01
-2.659126184880733490e-02
1.188457831740379333e-01
-1.797989159822463989e-01
-1.383122503757476807e-01
-9.101664274930953979e-02
-1.347345393151044846e-02
7.375613600015640259e-02
2.281787842512130737e-01
1.233055591583251953e-01
-4.242797940969467163e-02
-1.899537593126296997e-01
8.700150996446609497e-02
-1.633865982294082642e-01
-3.996354714035987854e-02
5.554243177175521851e-02
2.516623586416244507e-02
3.614353761076927185e-02
-6.490722298622131348e-03
-3.000473380088806152e-01
-6.414052844047546387e-01
7.832741737365722656e-02
-1.209923345595598221e-02
-4.046192169189453125e-01
2.836173176765441895e-01
-9.457106888294219971e-02
-2.243917286396026611e-01
3.547179326415061951e-02
2.307381778955459595e-01
6.342642009258270264e-02
-1.683487184345722198e-02
5.019463300704956055e-01
-5.502333641052246094e-01
-9.690493461675941944e-04
1.678465604782104492e-01
-2.112990915775299072e-01
-1.258284002542495728e-01
1.331228464841842651e-01
1.669506728649139404e-01
1.087286788970232010e-02
5.781479924917221069e-02
1.934283077716827393e-01
1.005716100335121155e-01
1.264273226261138916e-01
-7.142892479896545410e-02
-1.145667508244514465e-01
2.578506469726562500e-01
5.717410147190093994e-02
6.005131080746650696e-02
2.267852723598480225e-01
3.779929876327514648e-02
-5.459726974368095398e-02
-2.213621139526367188e-02
1.157025843858718872e-01
1.937510073184967041e-01
-4.555342253297567368e-03
-5.180346220731735229e-02
1.244163960218429565e-01
7.477871328592300415e-02
1.127509698271751404e-01
8.956444449722766876e-03
1.349643170833587646e-01
1.817170828580856323e-01
5.043284296989440918e-01
-3.647423088550567627e-01
-2.623633444309234619e-01
2.814888954162597656e-01
-5.233225598931312561e-02
3.219793736934661865e-01
7.047382742166519165e-02
-1.294190764427185059e+00
-7.569395303726196289e-01
6.646602749824523926e-01
-1.791568547487258911e-01
1.037751510739326477e-02
-3.835558593273162842e-01
4.660794734954833984e-01
1.020424664020538330e-01
-1.094709038734436035e-01
4.012692719697952271e-02
4.983336329460144043e-01
-1.056605577468872070e-01
3.779892325401306152e-01
4.910500645637512207e-01
2.285856753587722778e-01
-1.814678162336349487e-01
-3.906987011432647705e-01
-1.152746006846427917e-01
5.837833881378173828e-01
3.956933021545410156e-01
-3.585623949766159058e-02
-6.594946235418319702e-02
-7.728844881057739258e-01
4.938289821147918701e-01
5.897967219352722168e-01
3.451282083988189697e-01
7.976540178060531616e-02
5.957047939300537109e-01
-3.232379909604787827e-03
5.670478567481040955e-03
6.454980000853538513e-03
-1.492704264819622040e-03
4.213848151266574860e-03
-3.534111427143216133e-03
-4.907268565148115158e-03
-1.380341127514839172e-03
8.319507353007793427e-03
6.308462470769882202e-03
1.775673124939203262e-03
9.807973168790340424e-03
-2.505107782781124115e-03
2.131406450644135475e-03
-1.979750115424394608e-03
-8.449289947748184204e-03
-7.598298601806163788e-03
-8.745632134377956390e-03
-2.724296879023313522e-03
-6.531030405312776566e-03
8.934243582189083099e-03
8.880784735083580017e-03
3.173106815665960312e-03
8.770082145929336548e-03
5.298873409628868103e-03
-2.563388785347342491e-03
-8.278039284050464630e-03
-3.070047823712229729e-03
-6.650387775152921677e-03
7.830571383237838745e-03
-2.264227485284209251e-03
3.191534662619233131e-03
7.518344558775424957e-03
3.420028835535049438e-03
-7.067444268614053726e-03
-3.497551428154110909e-03
-7.739249616861343384e-03
6.550077814608812332e-03
4.152616951614618301e-03
9.265080094337463379e-03
2.658566460013389587e-03
-2.844753675162792206e-03
8.031093515455722809e-03
2.608960261568427086e-03
-2.935369033366441727e-03
-6.930993869900703430e-03
6.786704063415527344e-03
-5.483041983097791672e-03
2.095173578709363937e-03
2.652301336638629436e-04
-2.708329819142818451e-03
4.231834318488836288e-03
4.220751579850912094e-04
9.374416433274745941e-03
1.562419929541647434e-03
8.804732933640480042e-04
1.049787038937211037e-03
3.304937854409217834e-03
-7.273440132848918438e-04
7.596469018608331680e-03
3.037559567019343376e-03
6.309597287327051163e-03
-5.439071450382471085e-03
-5.498781800270080566e-03
2.972481073811650276e-03
-9.866848587989807129e-03
7.600141107104718685e-04
3.968324046581983566e-03
6.727050524204969406e-03
-2.490789396688342094e-03
-8.194944239221513271e-04
-3.670271486043930054e-03
2.783318748697638512e-03
6.588674150407314301e-03
-2.472117776051163673e-03
2.440900076180696487e-03
6.322099827229976654e-03
-7.928764447569847107e-03
-4.582029767334461212e-03
2.036065096035599709e-03
-2.513020997866988182e-03
-9.026877582073211670e-03
-1.170376082882285118e-03
-5.894423462450504303e-03
-3.822230501100420952e-03
-4.005653318017721176e-03
3.190272487699985504e-03
-6.695714779198169708e-03
-5.197592079639434814e-03
-7.826548069715499878e-03
9.996448643505573273e-03
7.908188737928867340e-03
4.177045542746782303e-03
6.590618286281824112e-03
7.837115786969661713e-03
5.389592843130230904e-04
1.968505093827843666e-03
7.575068157166242599e-04
6.984229199588298798e-03
3.815424628555774689e-03
-1.004461664706468582e-03
-9.486846625804901123e-03
-8.964758366346359253e-03
5.237982608377933502e-03
-2.522881375625729561e-03
-3.121895715594291687e-03
-9.622335783205926418e-04
-7.626529317349195480e-03
4.550079349428415298e-03
2.436974551528692245e-03
-4.723644349724054337e-03
-6.565253250300884247e-03
2.408111700788140297e-03
4.812086932361125946e-03
2.216930966824293137e-03
-3.207323374226689339e-03
-2.228153171017765999e-03
1.801386708393692970e-03
6.652651820331811905e-03
8.375290781259536743e-03
-9.402180090546607971e-03
-6.410446949303150177e-03
3.897049929946660995e-03
-9.329613298177719116e-03
-2.872925018891692162e-03
1.382594578899443150e-03
-8.706449298188090324e-04
4.194135311990976334e-03
8.579249843023717403e-04
-7.365001831203699112e-03
5.434682127088308334e-03
-1.393967831972986460e-04
-6.391792092472314835e-03
-8.996148593723773956e-03
4.958355333656072617e-03
1.534436363726854324e-03
1.170993804931640625e+00
6.215730309486389160e-01
-1.348054647445678711e+00
5.621626973152160645e-01
