5.203478503124786547e-01
2.199439046902051054e+00
5.996992133511449552e+00
2.877375806344513620e+00
-6.263784423045117844e-01
1.422252675252218657e+00
1.129590286249530617e+00
5.924626573115442385e-01
1.333864633005865663e+00
-9.506502680831945273e-01
2.750573679609835676e-01
6.607583728930671585e-02
6.135171462875202764e+00
8.991377579852734003e-01
-1.595316830654314399e+00
-1.069563400222988125e+00
-2.987178712509205969e+00
-5.202351850264805400e+00
-6.656689574190250980e-01
-1.996545019407382826e+00
1.973190101955405895e+00
-1.625788364313472123e-01
1.708654460453307711e-01
3.535298153993731707e-01
2.722160313062929049e-01
-1.228564721082917033e-02
-4.151861028234216100e-02
3.117939882439682564e-01
-7.374082977554359541e-02
-9.323385278837495460e-02
-5.642686448417754130e-01
-7.532074655348007797e-01
-3.693909301764797815e-01
-3.330627591081197214e-01
1.938173552840774805e-01
7.579021735697655249e-02
-7.535701545836513970e-01
2.664064384076352682e-02
9.250758602195827129e-02
1.644143524493780539e+00
-9.665682756168313405e-01
-2.697202611675519890e-01
-1.334989942584052791e-01
-1.852988312449710684e-01
-6.881736760380659235e-02
1.817767683926775346e-01
1.364721257475850213e-01
5.796639654337356617e-01
1.922297366083462467e-01
3.477515457095356824e-03
-6.992174404381924779e-02
1.207672707076873214e-01
1.309852129696339740e-01
-9.322185421798223626e-02
7.629585114702788218e-01
-3.131057085216643054e-02
-3.282255840811021050e-03
-2.410442573905737518e-01
5.945877465931756478e-02
-6.684992040549454784e-02
-1.049104644139987330e-01
2.053793954684254505e-02
-3.646668729071112641e-02
2.068154511662621264e-01
4.055738108762763083e-02
-2.769400643202588053e-01
-1.598810462343739802e+00
-8.225873341882178683e-03
2.522610091950605593e-01
2.315343997868209769e+00
-6.032678235685449541e-04
6.597168455133506360e-02
9.653593553230752078e-02
8.623301101108574174e-02
-6.363649074172601505e-01
-3.081672942512941216e+00
1.266541337780501042e+00
2.406429024308062825e+00
8.323511806666148427e-01
-1.516242908453192539e-01
2.412079772030172597e-01
5.352590451072758437e-01
1.016663686364078778e+00
3.603827748696192823e-01
-5.074211469221761028e-01
-5.346121330857165344e-01
5.790061710428692443e+00
1.499258214609539008e+00
-6.945187707740263505e-01
-1.372710274374595363e+00
1.099874080186723280e+00
-5.083643379202629209e-01
1.304617810977016346e+00
-2.687977497558892370e+00
9.766877324026710383e-01
1.288650735286845261e+00
-1.392765851913860264e-01
1.273394548274393356e+00
6.264564251216259150e-02
7.833918191720736779e-01
9.398834519328168602e-01
-5.080927808681316021e-02
-3.320106618781441810e-02
2.244939755983772933e+00
2.128206557766426921e-01
5.988508114856625486e-01
2.090686581443008396e-01
4.715501239619834806e-02
-5.549650944798487640e-01
3.432335293915904639e-01
1.021674219801142813e+00
8.078868457529294611e-01
4.165713274865920912e-01
6.827658543962900062e-01
1.030648158793348035e+00
2.193554936029505908e-01
4.887480540592802347e-01
2.886953347339117279e-02
1.122908307821986473e-01
2.960239140764532317e-01
-8.390122796646335424e-01
-6.331155487807149651e-02
-3.405377703245846543e-01
2.341246479613481521e-02
-4.461912664796852668e-01
1.905500507745541139e+00
2.370753580971404761e-01
1.353923951038166429e+00
1.461719574639035457e+00
-5.034886003004703792e-01
2.182577311325319958e-01
-2.520278922380904119e-01
2.050100645490045281e-02
5.452632848762166695e-01
