3.317592967885003019e-01
5.386108688860518079e-01
-9.897856759089336265e-01
6.375455595718060309e+00
5.721919979632973385e-01
-1.938072961752996148e+00
9.885289240413386302e-01
1.865864119242709729e-01
1.471914590394844291e+00
3.824127672037504894e-02
2.768019831062083824e+00
1.288430799162626927e+00
-8.489924682159620817e-01
-3.567443160579848033e-02
7.142044409785985870e-01
-2.390847624007153449e+00
-1.873840004632569833e+00
6.394393777660249967e+00
-5.241071658654274934e+00
6.564428393233884274e-02
7.932321363043642881e-02
1.457030929923038176e+00
-1.074279219910595495e+00
1.218131696870121594e+01
8.868089535152465785e-01
-6.511176130695525144e-01
-2.901470029365140313e+00
-1.672684803092940431e+00
-3.229794134178211706e+00
-3.207445222731395429e-01
-6.559235555740917933e-02
3.482415882525776163e-01
1.463014889332956980e-01
1.187890935321635200e-01
1.445659786421931436e-01
-3.642713474725093881e-01
-1.207304298643426949e-01
6.303992803060410877e-01
7.492885184184486236e-02
1.627380806228718307e-02
-9.210919626625604928e-02
-2.165327382121624289e-01
-4.870125063062205606e-02
-4.330920448954964086e-02
2.630610591599454318e-01
2.599602413956831892e-01
1.073735348271708245e-01
1.640095314770348700e-01
-7.650847265914910433e-02
1.476031532603609264e-03
2.670299125890973069e-01
-4.753105069955269879e-02
-4.378942503915951578e-02
-4.096340048036136577e-02
-9.607262603404265189e-02
-2.064622930814274601e-02
9.032151358030201388e-03
-6.502789370766036692e-01
-4.397828690451304201e-01
-3.934286917356994984e-01
5.072791289682592186e-01
-2.674500529537100074e-02
-3.146591135906846581e-01
-4.800123373307795260e-01
-4.849046172546744339e-03
1.024388372631580696e-01
9.049573331368269968e-02
2.970243707335869510e-01
-1.646012836046729655e+00
-5.575368783883410950e-01
-3.661269928639987459e-01
1.153614538469363744e-02
2.030323763163504325e-01
-2.575081504102124885e+00
-4.360675634848132365e-01
-3.917402618242509654e-02
1.827705419082816252e-01
2.131484171271362527e-01
1.687072811681088191e-01
-2.350306662584918382e-01
-1.217133822493051271e-01
1.047571748676475734e-01
6.377410410239668648e-02
-1.774003157474681736e+00
-2.522311654312228701e-01
1.989592588390648453e-02
3.559658362438538476e-02
1.802731834224233221e-01
1.257008757203473270e-01
-3.280238694455135384e-01
2.523007397202162161e-01
6.990319725166775633e-02
-9.431017499620450995e-01
2.927426799475746910e-01
7.871670724497912067e-03
8.857699195549034732e-02
-2.692227830230067495e-02
-4.350176760170325341e-02
-1.409229014087971743e+00
1.672534530922120399e-01
7.794678326314717909e-01
-3.798477275945135179e-01
-1.189954264036011816e-01
-1.744872875973467116e-02
4.221375702309529410e-01
1.894456954192712539e-01
-4.176884029968636752e-02
2.745391638305089144e-01
1.256576869785588357e-01
1.817339922768991924e-03
-7.323811377301292502e-02
-8.630547472110060292e-02
1.558437178152959068e-02
-6.890853213965350221e+00
-2.460564252324682233e+00
9.736711495189552534e-02
7.738364773003090225e-01
1.175116529882061167e+00
6.021318870938727752e-01
-8.584599645396785439e-01
2.708334011129023139e-02
1.678204747608522396e-01
1.947313231320251248e-01
1.167212398928354350e-01
-9.605147765351580366e-03
3.618299179734778270e-02
1.911923115585670210e-03
-5.268894391192870813e-02
-2.486393676529008098e-02
-5.306621564128532337e-02
4.414118466545011166e-02
-3.113761907015720753e-01
-5.194872745647227674e-02
-6.503605962093926204e-03
1.456900854832530456e-01
-3.312266333971898846e-01
-8.410374191929853582e-02
2.974257622421167327e-02
-1.268685219370996597e-01
1.599024140259102944e-01
6.162818603789807503e-02
8.901707037802690514e-02
-6.320015885337477712e-01
2.332971013496848711e-01
4.243500260541223090e-01
-6.183880645228587852e-02
-2.466384356899777586e-01
2.749603707213689185e-01
5.276880419926105459e-01
-8.709271323200669102e-01
-1.614418187252603110e-01
7.507174378353904942e-02
-5.676715940151936257e-01
3.897287611247363670e-01
-5.146726678383524434e-02
7.090410627696384083e-01
-2.066835385299383154e-01
-1.099789129013630795e-01
1.396146830622970736e-01
-3.564929144132402694e-01
2.418184532446395196e-01
5.722286410085960284e+00
2.266435128619560535e-01
-1.279586846773783426e+00
8.851347130559343857e-01
2.206715310573779398e-01
1.680463773319503362e+00
-1.016276781285024577e-01
1.445376763577392421e+00
2.193278442015301088e+00
-3.687055919520950131e-01
-8.656175638857352972e-01
6.200130967182194697e-01
3.005298598764226392e-02
-1.179334302019941355e-01
-1.015358628429664650e-01
4.377381608726441109e-02
8.803256793096493615e-02
-1.371273395757997560e-01
1.814074990654541975e-01
1.669640578134365394e-01
-3.609124305872445926e-01
1.455405283177416687e-01
-1.800098321561851081e-02
1.581763114329855169e+00
6.909378732170495807e-01
-8.355081758913265322e-01
-4.278778594743234964e-01
-8.184221349011430169e-01
-8.613001897828638231e-01
-1.372925923307656004e-01
5.649610209604191136e-01
-1.699961817342093284e-01
-4.712732131394085089e-01
2.796652053129252469e+00
-1.166550328823212856e+00
1.171378302440769653e-02
-1.706185338503285021e+00
6.436517371811874000e-01
4.932952717905682571e-01
1.563571363507139655e-01
-1.865623191662225955e-01
-7.764671691437367851e-02
1.216969190872000173e+00
1.332871739005115352e-01
1.381897063854433894e+00
-7.921126222562305946e-03
6.485345011212295674e-01
-3.067878789032241760e-01
-7.326824472500303997e-01
1.021853452615972269e-01
9.417764057682714851e-01
5.085790683332114259e-01
3.857522292919494111e-01
4.848487720200289619e-01
-1.314635457569266475e-01
-2.152012511553613450e-01
-1.937544576122129381e-01
2.315206727567136635e+00
9.583896649776527457e-03
-6.784447770151321722e-01
2.439661105843937694e-02
-1.539999036983391134e+00
7.230875971387900059e-01
1.178574828856741030e+00
3.487537804799016872e-01
-5.607056447700388135e-01
2.410832037506486503e-01
3.470143606141873893e-01
1.809486894848772343e+00
1.020262835312876482e-01
3.274359513227389495e-01
-1.018428430255674706e-02
1.450897769975677265e-01
6.416143467171364634e-02
-1.014838367075824449e-01
-7.544414826472124747e-02
-2.966583493786898451e-01
2.310259972752297108e-01
3.791242710668210059e-01
-1.364487192840365152e-03
3.119568039830560805e-03
