-6.595456078515299359e-01
-3.131373377368332989e+00
-1.721761162543209434e+00
-1.227655108637898840e+00
-2.316444611290575661e+00
8.817821371907463845e-02
1.983368074192076946e+00
6.020514676715041702e+00
9.725468007540983839e-01
5.533294527886920555e+00
-3.964684740849994338e+00
3.196332201529142325e-02
-8.254875034197022288e+00
-1.022143504017619220e+00
7.108385354084537866e+00
-1.355105735168351533e+00
3.413368580332861058e+00
7.280629168283931918e-01
7.324466522305820293e-01
-4.882838472484412051e+00
1.541858283459765777e-01
6.200421511736300406e-01
-1.420759175384016970e+01
-8.933664072527806255e+00
-1.332881702463922791e+00
6.631133807833953675e+00
-9.632357928412131898e-01
-7.671069239079644220e+00
-4.379705634709620377e+00
2.030410860925015992e-01
3.529550528525776443e+00
-3.412765641870743050e-01
-3.782018542647105797e+00
-2.736818577881001691e-01
1.782564395814670188e+00
-1.654139972069635506e-02
-1.027186064136812182e-01
-1.861591375483226951e+00
9.062916045060713799e-01
3.955596959241829413e+00
-5.380184269774312272e-02
4.035951975012201653e-02
-7.085615236419156027e+00
1.445869982392191444e+00
3.239438729955129492e+00
2.069766720221947853e+00
1.535020799604665420e+00
-2.839486477468118331e+00
4.513534361222197866e-01
-2.613666401153708074e-01
-1.150826674199223243e+00
-5.229455490635771753e+00
5.649810654286179235e-01
4.918567695744273216e+00
-4.862791837865890199e-01
-7.290407337737057958e+00
-2.359237806582017427e+00
1.177351416423402242e+00
5.499167311993161888e+00
5.376221918986635595e-01
-2.677558019314922433e+00
1.131167851259402113e+00
8.153290929490240035e-01
-1.509884083105757391e+00
-1.787163722861648152e+00
-7.245946467677576663e+00
1.401781054029868634e-01
4.376160743661342778e+00
1.071519387677439150e+00
2.741391952587806990e+00
2.218677053387636988e+00
4.460598350474962448e-01
1.999084057580793328e-01
-1.460385503827248410e+00
