-3.545242177688874285e-01
-1.494702711896248815e+00
1.352367567874075860e+00
-5.051773079712025272e-01
-5.107939714546557708e-01
1.379367553626514420e+00
-1.922573740202265347e+00
-2.416963557836316667e+00
-1.216820916837340061e+00
4.625109100778211912e-01
-5.056672478359636180e-01
-4.785459504320458968e-01
-5.820780214055285562e-01
-5.801585790427880862e-02
3.151427717694634256e-01
-5.824915172856193202e-02
2.748332501771686975e-01
2.495955665887847896e-01
1.023016095026650696e+00
4.861137025223689900e-02
-1.059681725331618196e+00
2.245813968635989102e-02
1.372246280395032825e+00
3.130622047373088912e-01
7.043929880683423850e-01
-2.214448346864424447e-02
9.832142096427016753e-01
-1.251639658109343634e+00
3.394834522078503114e-01
6.514808740106938778e-01
-9.223875686772240456e-01
5.956835849691899387e-01
-5.879196363853571583e-01
-5.298396545404022717e-01
-3.740257640485512569e-01
1.704924073589398237e+00
9.508487323451327855e-01
-2.044536231097173751e+00
-8.869063244609431962e-01
-1.453956276770091982e+00
-2.335975376556681748e+00
1.217387557390056774e+00
1.209127594897017932e+00
-4.503351176612159223e-01
-4.182952577576836140e-01
-6.999962773273088468e-01
-4.146081586018254272e-01
-1.872700369267868703e-01
2.244086532293644964e+00
-1.857054403135231624e+00
-5.269124377159237760e-01
-3.955999346466969047e-01
-5.877125791060454629e-01
1.074201640906021327e+00
2.456791286188677870e-01
-4.726281617276072433e-01
5.669115237277639885e-01
1.652079256683673059e+00
-1.785511907315756597e+00
6.904634844569018659e-01
2.757115901178555095e+00
-2.701260839222032195e-01
6.122249360396062601e-01
