-4.243333245102637874e-01
1.489487157563932795e+00
3.211122208067520578e+00
1.279092943290200068e+00
-2.230486201893278508e+00
7.156037628067954515e+00
1.124804527753545669e+00
-1.047403219415375286e+00
5.898887031716427698e-01
-1.072996196765855004e+00
9.896091096316671498e-01
-6.907045105937743568e-01
6.887133963388325508e-02
1.236184323439754706e+01
-2.992500140934698738e+00
-1.940526185207036125e+00
-5.217161622577790148e+00
-3.473429431501254966e-02
7.325559261708512737e-02
-3.170129512465711535e-02
1.047168979874429223e-01
1.074191280292116080e+00
-1.808005546831034649e-01
-2.260859150944745377e-01
3.100020917150120847e-01
-1.406797126273278353e+00
1.480594824765881778e-01
-4.626808224742468001e-01
1.682721944358669397e+00
-2.495404729236482509e-03
-4.719363167974332529e-01
9.063060917481803314e-01
-1.163457935018920135e-02
5.397441112622897164e-02
-6.068912414138679656e-01
1.128271815803245787e-01
-6.803936236661831116e-02
-3.659563334523863176e-01
-1.543658381049045347e-01
6.663808415745626768e-01
4.062523210250255229e-02
-2.178725237931431469e-01
9.644886899176599582e-02
-3.439078304749585424e+00
-8.217861661789470362e-02
1.505220072727796898e+00
-1.403552502327547025e+00
4.053334917858960674e-05
-1.548353706726312007e-01
1.858614661611473207e-01
1.066198097236005643e-01
1.011705256822692967e+00
-1.793329798127260011e+00
8.756969936580764058e-01
8.056931742064090685e-01
4.438569281446432258e-01
-4.181044998937926138e-01
2.964798135409190571e+00
-1.786974763101136232e-01
-7.097693349847316036e-01
-1.517170322823422624e-01
1.435473473415230128e+00
4.815012514306306612e-01
-1.209984760410998561e+00
2.727046782137247494e+00
9.176765473371549797e-01
-2.277724644165407264e-01
6.115441200553758394e-01
1.725355227682701997e+00
-1.920316177164259897e-01
2.506339009445159416e+00
2.019370809954710577e-01
7.025235596629527679e-01
1.659071115582212985e-01
1.265953907434506087e+00
-1.257725565254974587e+00
-5.966020926412641812e-01
-1.601876921256435021e-02
-3.024630830499853706e-01
6.884141383805875591e+00
-3.063529707213646369e-01
-2.070597764237105842e+00
-7.222038172297278180e-01
2.968890783647828435e-01
-3.853035890977973277e-01
4.494067986967867356e-01
8.478588200475892789e-01
-4.699671056063540742e-01
1.029645110966350002e-01
3.460440323395557738e-01
9.155212655112816671e-04
3.044221536245759335e-02
