-4.997306630648897021e-15
7.476418455453853751e-01
6.912194038535213192e-01
2.806219312938411203e+00
4.691794454116230639e+00
-9.897685779968422581e-01
2.166854475210364672e+00
-5.333345787499198520e-01
1.296481134436622940e+00
2.662400082345927621e-01
5.731885532486717949e-01
5.033860580104065896e+00
1.469561324647012057e+00
-8.371042414456293379e-01
-3.213664456309739403e+00
1.580881850330728700e+00
8.930767495897727892e-01
7.939584482568036172e+00
-1.869346376415993660e+00
6.945652288983190925e-02
-2.362828717749286600e+00
-6.544600307777204140e-01
1.408015443556624550e-02
-5.231868635903574649e+00
7.402584921694191245e+00
-1.074039648434014449e+00
-2.884823831953727602e+00
9.065460663135108468e-03
-4.301052404698404441e-01
9.784429494300816987e-02
2.098343630303969864e-01
-7.405458780916049366e-02
-6.704919828860211872e-02
6.289097377944141698e-03
2.888556740763845859e-02
2.253508131714008211e-01
8.449724366623406757e-02
1.931945409114615708e-01
-7.359136097888795136e-02
7.384850874251888686e-02
-1.674435546545786968e+00
1.463340041018827142e-01
-3.102665148063633027e-01
-2.997511195234875414e-01
-2.495394370656890681e-01
3.609706234781797640e-01
-4.435536805643415514e-02
8.572409277337654787e-01
9.720557592139452696e-01
1.936391175228215022e+00
-1.681512224018578416e-01
-1.999159863515549140e-01
-9.193143428615572210e-01
1.231350576680999342e+00
-5.713095081376903805e-02
3.920674048947912493e-01
-1.026369141037385413e-01
1.028470783450551040e-01
1.032847843161513457e-01
-4.390174564070183083e-02
-1.488982018490908166e+00
8.023149173397349510e-02
-3.785496399135506590e-02
-4.382846078062000439e-01
-4.992277401328595182e-02
-5.838886095879411986e-01
3.339243411983811582e-01
2.584369262309287318e-01
8.349117018581225791e-01
2.228113187857358735e-01
8.463553646584748291e-02
-6.872709616223071638e-02
-9.091638275022895926e-03
-5.565585473135307992e-02
2.283642541083799517e-03
7.351692992025715689e-02
1.064373101161055907e-01
-1.101738098006191935e-01
4.577355650526332420e-01
8.086299862948080897e-01
-1.462840264497800580e-01
-9.458300177595717340e-02
-2.507463483626189427e-01
1.554517310752259462e-01
-6.283574944469663692e-02
5.121175640606435708e-01
2.168273994191810827e-01
6.642009556812424886e-01
-4.474900473454652972e-02
-4.038797381585262913e-02
-2.682571820619247815e-01
6.714863086598166220e-02
-3.005230560210717661e-01
-2.354937037927991028e-01
-9.127835265366516238e-01
8.110011448003597023e-02
-9.747774792084905326e-03
-1.389794868108180231e-02
9.638409188421777352e-02
-5.062327817933372914e-02
-2.638838411220087443e-01
2.057080927193931721e-02
-1.731756277767093066e-01
-3.049894493146112051e+00
-1.088215385789085943e+00
-1.666478192588834117e+00
-4.362623963360937746e-02
2.847982317581922995e-01
-1.642020358066621499e+00
-1.432771618891735876e+00
7.222266760086420989e-02
-1.286556679362435562e-02
-8.732074707009513936e-01
4.153229215351486592e-01
4.837914410816080424e-01
-4.005779543615005378e-02
-5.301636603124527253e-02
6.366906470714302040e-03
2.605323777680900177e-01
-4.529265044858029818e-03
4.502477251150937554e-01
1.490568694395941751e-01
1.520291503458895410e-01
2.228399921201080214e-01
-5.244850070117808016e-01
-2.139823776483147210e-03
6.575486565524170102e-01
-2.499023450352910181e-01
1.444388783710907620e-01
-2.230892273249630332e-03
-4.421982388079254839e-02
3.913866874968527365e-01
-3.683207545071291462e-03
1.690314655268130961e+00
-5.604077574831521913e-01
-7.677943072807870417e-02
8.761242762432082387e-02
1.231396874489396387e+00
5.562928913545400755e-01
-1.846034207905341007e-01
1.261410072668723625e+00
5.619392656890263016e-01
3.225990986587704556e-01
1.197646343195830188e+00
1.548321852834443790e+00
-2.562940413092024139e-01
1.068296297343817258e+00
-7.375146338079603681e-02
3.952578749497558386e-01
2.926288441914769445e-01
2.255635064177643756e-01
1.037284170882920575e+00
4.997070403169051600e-01
-5.217095307893958589e-01
4.865220696808297163e+00
-5.571305381677651297e-02
1.355830984506708470e+00
-3.036405652323979562e-02
1.084220524508600514e+00
-1.346504180835169207e+00
6.306261650317054324e-01
-7.844379716061860019e-01
1.164146989447270464e+00
-7.855364355225370465e-01
5.496022664593060991e-01
-2.678573385081667313e-01
3.314925468386404339e-01
2.955615350476830661e-01
-1.448843512307208814e-01
-1.623289755502671794e-01
-1.532920448219644793e+00
-1.384818719944639620e-01
1.721464602863676807e-01
1.195876338723874222e+00
2.493211021061441379e-01
1.900062499358592671e-01
4.015479668389020929e-01
1.550888735084379466e-01
6.874859829195842931e-01
5.016240876693109918e-01
-4.371809769570131898e-01
2.379755189946840266e-01
-5.970054476799723231e-01
-4.625680667315628103e-01
-1.142581161541080387e-01
-2.834059970923677452e-01
-2.229690429201090507e-01
-7.288974046516609462e-02
1.854174220409217311e+00
1.471962112116257937e-01
1.471673879276476082e-01
1.763719621701730356e+00
4.458454995861058645e-01
1.791283713718372014e-02
-1.096584990649030811e+00
5.370773079558489871e-02
1.142002314474532820e+00
3.034994082136198423e-02
3.576652684532771187e-01
1.897760318624587203e-02
-1.917325116847066468e-01
8.314490432637998418e-02
-3.948885134631674454e-01
6.577954704967413413e+00
1.062586545198567212e+00
1.682959855476145461e-01
9.488688295670597572e-01
-1.966351017176527216e-01
1.570274292324131682e-01
5.082884923376401742e-01
-3.200106644590364246e-04
1.209890069431188370e-03
