1.544389438629150391e+01
2.365368270874023438e+01
5.826112747192382812e+00
1.548461723327636719e+01
1.639089584350585938e+01
8.089894294738769531e+00
3.307573080062866211e+00
2.229389905929565430e+00
-6.043107509613037109e+00
-1.301093959808349609e+01
7.850037217140197754e-01
1.671618223190307617e+00
-5.181791186332702637e-01
9.526874542236328125e+00
1.109260559082031250e+01
-3.063587903976440430e+00
1.861113190650939941e+00
1.857409238815307617e+00
1.309385108947753906e+01
-4.176502227783203125e+00
2.393539905548095703e+00
-9.554024696350097656e+00
3.884382247924804688e-01
2.511717081069946289e+00
-5.511701107025146484e+00
2.190284252166748047e+00
5.339333057403564453e+00
1.254617309570312500e+01
-3.104373693466186523e+00
-2.702135443687438965e-01
-4.322088718414306641e+00
-2.868864059448242188e+00
5.312228202819824219e+00
-7.032865524291992188e+00
5.198343276977539062e+00
-3.785283565521240234e+00
5.729699730873107910e-01
-5.322824716567993164e-01
1.223664164543151855e+00
3.401167154312133789e+00
7.344419956207275391e+00
6.798884391784667969e+00
7.662267088890075684e-01
2.019739866256713867e+00
-1.142870545387268066e+00
-8.062303066253662109e-01
1.692824840545654297e+00
-2.968940883874893188e-02
-2.861772537231445312e+00
1.516333371400833130e-01
-1.268979758024215698e-01
5.531226634979248047e+00
1.507727503776550293e-01
-2.001350164413452148e+00
-3.229576349258422852e+00
-1.673838257789611816e+00
1.395437717437744141e+00
-3.423027753829956055e+00
-3.711858510971069336e+00
-4.214117825031280518e-01
-1.110778617858886719e+01
-1.139820456504821777e+00
2.103603363037109375e+00
1.711149692535400391e+00
-1.016350626945495605e+00
-1.810630410909652710e-01
-1.293635606765747070e+00
-7.890076041221618652e-01
-1.733063936233520508e+00
3.643370419740676880e-02
1.514699697494506836e+00
1.155393362045288086e+00
2.955532670021057129e-01
1.327475428581237793e+00
4.135450124740600586e-01
-2.123805284500122070e+00
-7.223697900772094727e-01
-2.456459045410156250e+00
7.242923378944396973e-01
-3.928139209747314453e-01
9.542362093925476074e-01
-2.496621161699295044e-01
3.579483032226562500e+00
1.382602095603942871e+00
4.424818158149719238e-01
3.996937870979309082e-01
1.952124118804931641e+00
-1.708914637565612793e+00
1.704474329948425293e+00
-1.369239926338195801e+00
-2.617756137624382973e-03
1.156691193580627441e+00
