1.544508838653564453e+01
2.145351409912109375e+01
5.854118347167968750e+00
1.548715782165527344e+01
1.668922615051269531e+01
8.258824348449707031e+00
4.604214191436767578e+00
1.578430771827697754e+00
-4.482903480529785156e+00
-1.249224090576171875e+01
7.790603637695312500e-01
1.316940307617187500e+00
-7.110219448804855347e-02
8.927990913391113281e+00
1.059707832336425781e+01
-2.573552131652832031e+00
4.388905167579650879e-01
2.428032636642456055e+00
1.312597179412841797e+01
-1.399060368537902832e+00
2.903188467025756836e+00
-9.246087074279785156e+00
5.191095471382141113e-01
2.714905977249145508e+00
-4.327378749847412109e+00
2.366281986236572266e+00
5.900271415710449219e+00
1.164273357391357422e+01
-4.084914684295654297e+00
-1.065571665763854980e+00
-4.512046337127685547e+00
-2.373955249786376953e+00
6.522253513336181641e+00
-5.225608348846435547e+00
5.489137649536132812e+00
-3.150386333465576172e+00
-1.324180841445922852e+00
-5.112148523330688477e-01
8.554438352584838867e-01
3.275277614593505859e+00
6.499236583709716797e+00
4.751922130584716797e+00
4.106498062610626221e-01
2.620212316513061523e+00
-1.258892059326171875e+00
-6.956740021705627441e-01
2.249321460723876953e+00
-1.521886467933654785e+00
-2.435447931289672852e+00
-2.602395415306091309e-01
-9.896502830088138580e-03
5.519324779510498047e+00
-7.994621992111206055e-01
-1.794079661369323730e+00
-3.225863218307495117e+00
-1.482974529266357422e+00
9.584870338439941406e-01
-3.450186729431152344e+00
-3.961628437042236328e+00
-8.963362127542495728e-02
-1.057716941833496094e+01
-4.619232118129730225e-01
2.567443132400512695e+00
1.216846823692321777e+00
3.015060722827911377e-01
2.217810750007629395e-01
-7.444823384284973145e-01
-8.634684681892395020e-01
-1.588722348213195801e+00
1.105811595916748047e+00
1.217431426048278809e+00
7.952010631561279297e-01
4.478939771652221680e-01
1.215831875801086426e+00
2.806409597396850586e-01
-1.252178072929382324e+00
-3.112845420837402344e-01
-1.982129573822021484e+00
8.011966347694396973e-01
9.239330142736434937e-02
5.067573189735412598e-01
-4.522602856159210205e-01
3.546317100524902344e+00
1.048040628433227539e+00
7.079967856407165527e-01
2.542056143283843994e-01
1.969912648200988770e+00
-1.938364386558532715e+00
1.955225229263305664e+00
-1.910096406936645508e+00
2.415201216936111450e-01
1.200647950172424316e+00
