1.045856285095214844e+01
1.551209831237792969e+01
8.292049407958984375e+00
5.825464248657226562e+00
9.887217521667480469e+00
1.980215072631835938e+01
1.586609458923339844e+01
1.339264202117919922e+01
1.001859283447265625e+01
8.069590568542480469e+00
1.196899986267089844e+01
6.161204814910888672e+00
2.288507843017578125e+01
1.604167556762695312e+01
1.727010726928710938e+01
1.573368549346923828e+01
1.773570823669433594e+01
1.544414138793945312e+01
-8.541751861572265625e+00
2.022334337234497070e+00
2.267482131719589233e-01
1.730668187141418457e+00
2.759053707122802734e+00
1.015174293518066406e+01
5.911108493804931641e+00
-2.557217836380004883e+00
-1.320658922195434570e+00
3.313490629196166992e+00
-7.484230995178222656e+00
-3.519177675247192383e+00
7.937166213989257812e+00
1.100121021270751953e+01
1.213514137268066406e+01
3.044738531112670898e+00
-4.319803714752197266e-01
4.121417999267578125e+00
2.268180847167968750e+00
-1.636709332466125488e+00
1.907472968101501465e+00
8.103594183921813965e-02
1.572410821914672852e+00
2.094452857971191406e+00
4.503376483917236328e-01
1.896414995193481445e+00
2.816689908504486084e-01
1.689838767051696777e+00
-4.837251007556915283e-01
1.554638147354125977e+00
-9.806752800941467285e-01
1.315671920776367188e+00
-2.704049944877624512e-01
1.812548398971557617e+00
1.471647739410400391e+00
5.443516254425048828e+00
5.604300975799560547e+00
3.317541360855102539e+00
-3.019859790802001953e+00
7.186944961547851562e+00
-1.045448303222656250e+00
1.371314525604248047e+01
-7.205081939697265625e+00
-8.486505746841430664e-01
-5.949526309967041016e+00
-4.861557006835937500e+00
4.115124702453613281e+00
5.140182018280029297e+00
-4.046654224395751953e+00
-9.558346748352050781e+00
-8.426934480667114258e-01
-4.445317268371582031e+00
9.673647880554199219e+00
4.291702270507812500e+00
-1.509307861328125000e+00
7.478971481323242188e+00
6.160640239715576172e+00
-1.081251621246337891e+00
2.140105724334716797e+00
-3.924074649810791016e+00
-6.191580295562744141e+00
-2.784837007522583008e+00
-2.237447261810302734e+00
-9.362205505371093750e+00
-7.333998680114746094e+00
6.985007286071777344e+00
6.686922073364257812e+00
-3.522696018218994141e+00
4.210578918457031250e+00
1.230525493621826172e+01
-8.391786575317382812e+00
5.264138221740722656e+00
-7.419126987457275391e+00
1.560250997543334961e+00
1.089909744262695312e+01
-7.493497848510742188e+00
-2.445247173309326172e+00
5.906455993652343750e+00
-2.024351358413696289e+00
6.629287242889404297e+00
1.481482267379760742e+00
-5.711452364921569824e-01
-3.130224943161010742e+00
-1.181927871704101562e+01
-2.730468988418579102e+00
4.020415306091308594e+00
9.716523170471191406e+00
5.202817916870117188e+00
-1.424165964126586914e+00
3.381414175033569336e+00
-4.487908840179443359e+00
-1.143748283386230469e+01
3.305198907852172852e+00
-3.177737474441528320e+00
-4.892335891723632812e+00
-1.242263078689575195e+00
6.093416213989257812e+00
7.349911689758300781e+00
-5.896705627441406250e+00
7.426315307617187500e+00
8.241647720336914062e+00
-6.493965148925781250e+00
-9.821819067001342773e-01
-4.005613029003143311e-01
3.540913343429565430e+00
2.001937389373779297e+00
-2.824071407318115234e+00
1.119103527069091797e+01
-1.329908657073974609e+01
1.056324291229248047e+01
-9.115322113037109375e+00
4.527017593383789062e+00
1.481132268905639648e+00
-2.159096479415893555e+00
3.892837047576904297e+00
-8.758948445320129395e-01
-6.335566043853759766e+00
-1.963767528533935547e+00
1.075474357604980469e+01
-7.318356037139892578e+00
-3.386038541793823242e+00
2.174267292022705078e+00
8.417866706848144531e+00
7.224833011627197266e+00
-1.845029354095458984e+00
4.130572795867919922e+00
7.830623626708984375e+00
1.274516582489013672e+01
7.316137313842773438e+00
-2.422147035598754883e+00
6.318239688873291016e+00
-6.569487094879150391e+00
5.793668746948242188e+00
-8.633015632629394531e+00
-5.977441310882568359e+00
9.879679679870605469e+00
9.847378730773925781e+00
7.109747529029846191e-01
-1.550268650054931641e+00
-9.861181259155273438e+00
4.249598979949951172e+00
-8.190883994102478027e-01
7.364993095397949219e+00
3.791372299194335938e+00
-9.318057060241699219e+00
4.019488811492919922e+00
6.762369632720947266e+00
4.771240234375000000e+00
1.973447561264038086e+00
4.153659343719482422e+00
-6.805629730224609375e+00
-2.229862928390502930e+00
-4.511124134063720703e+00
3.648177862167358398e+00
1.971894860267639160e+00
-5.227076411247253418e-01
5.074811935424804688e+00
4.379281997680664062e+00
-1.855881333351135254e+00
9.167374610900878906e+00
1.333429813385009766e+00
1.663982629776000977e+00
7.498593330383300781e+00
-5.114086151123046875e+00
-6.616346240043640137e-01
8.547883033752441406e+00
1.103722095489501953e+00
-1.121410012245178223e+00
5.101228237152099609e+00
7.611645698547363281e+00
4.641441345214843750e+00
8.496954917907714844e+00
1.713759183883666992e+00
-2.082607448101043701e-01
4.137363433837890625e+00
2.859430551528930664e+00
4.645826339721679688e+00
1.156064510345458984e+00
-1.325747013092041016e+00
1.552690863609313965e+00
4.871425628662109375e+00
-3.798279762268066406e+00
-1.645154833793640137e+00
1.295334458351135254e+00
3.758999407291412354e-01
-1.356149196624755859e+00
-3.673921346664428711e+00
-5.578514337539672852e-01
-1.407297253608703613e+00
-1.117375135421752930e+00
1.799936652183532715e+00
1.008526563644409180e+00
1.148566722869873047e+00
-4.405123591423034668e-01
1.840263366699218750e+00
2.075387716293334961e+00
5.074337720870971680e-01
-4.522525370121002197e-01
-2.119881808757781982e-01
1.705744743347167969e+00
-3.716237545013427734e-01
1.095240712165832520e+00
6.476892232894897461e-01
1.978040933609008789e+00
-4.618114531040191650e-01
2.224336147308349609e+00
-2.830875158309936523e+00
8.419761061668395996e-01
1.914584040641784668e+00
1.640446186065673828e+00
2.154018878936767578e+00
7.003076553344726562e+00
-1.274851202964782715e+00
5.484844684600830078e+00
-1.043230295181274414e+00
1.644890427589416504e+00
-2.325289249420166016e+00
2.314005136489868164e+00
6.849948406219482422e+00
-1.173758655786514282e-01
1.250578641891479492e+00
4.929329872131347656e+00
2.734834432601928711e+00
2.779050350189208984e+00
-1.242239356040954590e+00
4.902492046356201172e+00
2.854723215103149414e+00
1.937684893608093262e+00
-3.168262481689453125e+00
-3.122127532958984375e+00
-1.910481810569763184e+00
8.675094246864318848e-01
1.240012645721435547e+00
2.911620855331420898e+00
2.320812940597534180e+00
1.088050723075866699e+00
-1.769047737121582031e+00
1.809030055999755859e+00
1.977782130241394043e+00
-1.437531560659408569e-01
-3.400073572993278503e-02
-1.838547759689390659e-03
-1.479778885841369629e+00
4.136012077331542969e+00
1.700604677200317383e+00
4.938684999942779541e-01
-1.642013430595397949e+00
4.083512783050537109e+00
3.522586345672607422e+00
-2.795737385749816895e-01
-3.527644157409667969e+00
-2.978625774383544922e+00
2.778908014297485352e+00
-1.371925234794616699e+00
2.957483291625976562e+00
4.532450199127197266e+00
6.456457376480102539e-01
3.430049896240234375e+00
5.465234518051147461e-01
-1.661991715431213379e+00
3.933215856552124023e+00
-7.202013134956359863e-01
2.326608657836914062e+00
2.607840299606323242e+00
8.636838793754577637e-01
4.154231071472167969e+00
2.535616636276245117e+00
-1.577268958091735840e+00
3.779389381408691406e+00
2.070637792348861694e-01
-1.058981060981750488e+00
-2.789984226226806641e+00
-1.624769449234008789e+00
-4.272185325622558594e+00
-4.314602315425872803e-01
4.884621143341064453e+00
9.641569256782531738e-01
-7.542265057563781738e-01
4.544570922851562500e+00
3.566846847534179688e-01
-1.875081419944763184e+00
4.116924285888671875e+00
5.721832752227783203e+00
-2.440638065338134766e+00
7.329383492469787598e-01
6.044741153717041016e+00
-4.380973577499389648e-01
1.553694009780883789e+00
4.426790237426757812e+00
3.165140390396118164e+00
-2.708761215209960938e+00
5.103343486785888672e+00
2.157648801803588867e+00
2.183400630950927734e+00
6.273931980133056641e+00
2.207167387008666992e+00
7.306833267211914062e+00
-4.325011670589447021e-01
6.381195545196533203e+00
2.537457704544067383e+00
5.439263820648193359e+00
1.327123403549194336e+00
5.853195667266845703e+00
-2.957591056823730469e+00
1.684593796730041504e+00
1.328260064125061035e+00
-8.776190876960754395e-01
3.112761259078979492e+00
3.776933193206787109e+00
-6.563704013824462891e+00
-1.498268008232116699e+00
2.977695226669311523e+00
5.454242825508117676e-01
1.710766553878784180e+00
3.460084915161132812e+00
2.195838212966918945e+00
1.845772005617618561e-02
1.516737341880798340e-01
-1.790872454643249512e+00
4.058799743652343750e+00
9.391345381736755371e-01
-3.486190080642700195e+00
4.431944370269775391e+00
-1.885521292686462402e+00
-4.812245368957519531e-01
2.991945147514343262e-01
9.388414025306701660e-01
-5.551394939422607422e+00
1.288204312324523926e+00
2.271284580230712891e+00
5.351104736328125000e+00
1.927662134170532227e+00
2.514872074127197266e+00
-1.474531650543212891e+00
-1.744731307029724121e+00
-1.038918137550354004e+00
-1.720480322837829590e+00
2.907730340957641602e+00
-7.096397280693054199e-01
1.102459192276000977e+00
1.785632133483886719e+00
-3.046666860580444336e+00
6.214870452880859375e+00
-1.218255639076232910e+00
-3.344114780426025391e+00
4.582366466522216797e+00
5.957489609718322754e-01
2.962980031967163086e+00
3.493049621582031250e+00
-1.879550576210021973e+00
1.109572649002075195e+00
6.614741325378417969e+00
-1.532640576362609863e+00
-1.129061341285705566e+00
-1.115354657173156738e+00
1.586430966854095459e-01
-2.802164077758789062e+00
-3.749730348587036133e+00
4.103280067443847656e+00
-4.019213467836380005e-02
-5.798366665840148926e-01
-1.534119397401809692e-01
1.130679965019226074e+00
-8.404608964920043945e-01
1.035767674446105957e+00
-5.162389278411865234e-01
-1.804263740777969360e-01
-2.196290045976638794e-01
9.858295917510986328e-01
9.222159981727600098e-01
1.668914854526519775e-01
1.133068919181823730e+00
-1.842969805002212524e-01
9.913309812545776367e-01
-1.333529353141784668e+00
1.241583824157714844e+00
-1.398837208747863770e+00
-1.325865745544433594e+00
1.342741370201110840e+00
5.408514738082885742e-01
2.379096984863281250e+00
2.555468559265136719e+00
5.374572753906250000e+00
-2.102006673812866211e+00
4.328279972076416016e+00
5.678084492683410645e-01
-7.882290482521057129e-01
-8.629276156425476074e-01
4.158958435058593750e+00
7.241595268249511719e+00
-1.133410453796386719e+00
3.860281705856323242e+00
2.811910152435302734e+00
2.888848066329956055e+00
2.729572534561157227e+00
-4.899849891662597656e-01
3.883368968963623047e+00
3.147432088851928711e+00
2.336530685424804688e+00
-1.911632895469665527e+00
-1.725592017173767090e+00
-2.896323442459106445e+00
1.564809679985046387e-01
-4.636780917644500732e-01
2.238108634948730469e+00
6.585279464721679688e+00
-2.208454847335815430e+00
-1.197474896907806396e-01
3.054711580276489258e+00
3.189502716064453125e+00
4.454678893089294434e-01
3.028812885284423828e+00
-5.101732611656188965e-01
-9.663501381874084473e-01
4.099881649017333984e+00
-9.307235479354858398e-02
2.068248033523559570e+00
-6.882905960083007812e-01
4.800646305084228516e+00
1.978006362915039062e+00
3.332529544830322266e+00
-1.578250050544738770e+00
-5.708045959472656250e-01
4.268750190734863281e+00
-6.916907429695129395e-01
3.200311422348022461e+00
2.039729833602905273e+00
1.434462785720825195e+00
1.907380342483520508e+00
-9.295341372489929199e-02
-6.480789929628372192e-02
6.241899728775024414e-01
-2.606858253479003906e+00
-6.215696930885314941e-01
2.190362215042114258e+00
2.019295841455459595e-01
5.224567413330078125e+00
4.299599647521972656e+00
-3.330930769443511963e-01
3.691461563110351562e+00
-3.024373769760131836e+00
-1.102138400077819824e+00
-7.990723103284835815e-02
6.874247789382934570e-01
-2.990839958190917969e+00
-2.292597591876983643e-01
3.388953447341918945e+00
6.969118118286132812e-01
-2.406992912292480469e+00
1.932127237319946289e+00
-1.385775327682495117e+00
1.820455670356750488e+00
4.912859439849853516e+00
2.655790090560913086e+00
-4.885486602783203125e+00
4.361525475978851318e-01
4.130485534667968750e+00
1.868419408798217773e+00
2.106941938400268555e+00
3.154085874557495117e+00
2.306454181671142578e+00
4.403581470251083374e-02
4.416577816009521484e+00
2.589709520339965820e+00
1.060932397842407227e+00
5.324868202209472656e+00
2.591788053512573242e+00
4.860968112945556641e+00
-9.082784652709960938e-01
5.130413055419921875e+00
4.026398658752441406e+00
2.027700424194335938e+00
2.340848594903945923e-01
3.351955175399780273e+00
-2.132790565490722656e+00
5.434675693511962891e+00
-4.892215728759765625e-01
-6.864841580390930176e-01
2.993614196777343750e+00
1.682766199111938477e+00
-1.739698529243469238e+00
-8.576657176017761230e-01
8.963064551353454590e-01
-8.226715028285980225e-02
8.555625379085540771e-02
-5.950117707252502441e-01
8.259781599044799805e-01
2.593284547328948975e-01
3.833355903625488281e+00
-4.246862605214118958e-02
1.495987057685852051e+00
2.536391019821166992e+00
-2.014434099197387695e+00
6.059354782104492188e+00
1.847202301025390625e+00
-3.143880665302276611e-01
4.442707896232604980e-01
2.618174076080322266e+00
-3.116573572158813477e+00
-9.164640307426452637e-02
-3.998581469058990479e-01
5.412331581115722656e+00
3.691089391708374023e+00
6.246410012245178223e-01
2.064987868070602417e-01
1.267065048217773438e+00
1.436805725097656250e+00
-1.731614232063293457e+00
1.459185719490051270e+00
2.467849016189575195e+00
-3.791361570358276367e+00
1.210683941841125488e+00
-1.269470930099487305e+00
-9.594225287437438965e-01
