1.697954654693603516e+00
1.608016610145568848e+00
4.444201469421386719e+00
1.236961483955383301e+00
2.160790681838989258e+00
3.440342903137207031e+00
2.170300483703613281e+00
2.274261474609375000e+00
9.797188639640808105e-01
2.418417453765869141e+00
-1.881751656532287598e+00
-2.261627763509750366e-01
-4.638183116912841797e-01
1.888445019721984863e+00
1.204422831535339355e+00
4.848659411072731018e-02
-2.095223814249038696e-01
-6.883745640516281128e-02
-5.107155442237854004e-01
-2.100369520485401154e-02
-3.861336112022399902e-01
-3.123910427093505859e-01
5.729416850954294205e-03
-3.264172971248626709e-01
-2.493957132101058960e-01
-2.079542130231857300e-01
-1.611610949039459229e-01
-4.337166622281074524e-02
-1.381788253784179688e-01
3.524074852466583252e-01
5.374048352241516113e-01
1.010587978363037109e+01
1.323698234558105469e+01
1.352019500732421875e+01
1.465196704864501953e+01
1.545548725128173828e+01
1.728283500671386719e+01
1.880315399169921875e+01
1.973275947570800781e+01
1.941716957092285156e+01
2.396386909484863281e+01
1.511524319648742676e+00
-1.686045825481414795e-01
-2.581404149532318115e-01
1.042834639549255371e+00
1.593348681926727295e-01
-5.415772199630737305e-01
-9.553654491901397705e-02
-1.092221736907958984e+00
-1.474460244178771973e+00
2.148099184036254883e+00
5.077482759952545166e-02
-1.536748528480529785e+00
-1.555152833461761475e-01
3.924851492047309875e-02
1.750187575817108154e-01
3.579710721969604492e-01
2.306374758481979370e-01
-1.135730385780334473e+00
1.504312872886657715e+00
1.832669377326965332e+00
3.883758187294006348e-01
-7.576032727956771851e-02
-1.012336555868387222e-02
-9.877024888992309570e-01
-6.838399767875671387e-01
1.077839493751525879e+00
-2.510399341583251953e+00
1.232586503028869629e+00
-1.173682093620300293e+00
-1.039478555321693420e-01
9.626029729843139648e-01
5.208958983421325684e-01
-7.600662112236022949e-02
-4.440328121185302734e+00
3.840800821781158447e-01
-1.383350491523742676e-01
-4.262581765651702881e-01
-1.637863516807556152e+00
2.587834298610687256e-01
6.061539649963378906e-01
4.401660263538360596e-01
1.066431283950805664e+00
1.113504648208618164e+00
-1.388166189193725586e+00
-1.639562994241714478e-01
-2.751830101013183594e+00
-9.997473359107971191e-01
2.713726520538330078e+00
7.238729000091552734e-01
2.021822452545166016e+00
1.426864385604858398e+00
1.051809072494506836e+00
-2.925039768218994141e+00
4.724313616752624512e-01
4.265621900558471680e-01
4.311940073966979980e-01
3.997330367565155029e-02
-9.704312682151794434e-02
2.212603241205215454e-01
-4.839718043804168701e-01
2.712062895298004150e-01
6.678755283355712891e-01
6.856918334960937500e-02
-7.451793551445007324e-02
1.879472136497497559e-01
2.243131697177886963e-01
9.055506587028503418e-01
-1.913851499557495117e-01
1.021741330623626709e-01
4.435558021068572998e-01
-6.335389614105224609e-02
8.192993998527526855e-01
-1.122699230909347534e-01
2.428793758153915405e-01
-2.012593030929565430e+00
6.248844861984252930e-01
-1.322211921215057373e-01
-3.109526932239532471e-01
1.857935190200805664e-01
-9.028939604759216309e-01
-5.148484706878662109e-01
4.126254916191101074e-01
1.085080862045288086e+00
1.849560886621475220e-01
2.528372704982757568e-01
-7.702933996915817261e-02
4.940128922462463379e-01
-2.333920001983642578e-01
-9.490105509757995605e-01
5.135014653205871582e-01
1.322208996862173080e-02
6.378936022520065308e-02
9.809511154890060425e-02
-2.602865993976593018e-01
-3.391944766044616699e-01
6.606218218803405762e-01
-3.442564010620117188e-01
1.422084122896194458e-01
2.974954843521118164e-01
-7.127322554588317871e-01
8.801282644271850586e-01
6.391665339469909668e-02
-3.650894463062286377e-01
2.477172762155532837e-01
1.048125743865966797e+00
-6.189371943473815918e-01
1.652466058731079102e-01
1.155277490615844727e+00
9.628772735595703125e-01
1.354137420654296875e+00
-8.296386599540710449e-01
-2.509787380695343018e-01
3.011075854301452637e-01
-2.118481695652008057e-01
3.384229242801666260e-01
1.651216298341751099e-01
1.145140528678894043e-01
1.707383431494235992e-02
2.842043898999691010e-02
-7.080156803131103516e-01
6.038070097565650940e-02
4.066463932394981384e-02
-8.099401742219924927e-02
-7.277586031705141068e-03
-1.902707368135452271e-01
-3.084257431328296661e-02
-3.048893809318542480e-01
2.697696350514888763e-02
-3.751635551452636719e-01
6.028773188591003418e-01
-4.807973802089691162e-01
-1.744088716804981232e-02
1.736628562211990356e-01
2.252757996320724487e-01
7.911987304687500000e-01
4.131726026535034180e-01
-9.580758959054946899e-02
-1.059882879257202148e+00
2.100430279970169067e-01
1.256877928972244263e-01
-3.335937857627868652e-01
-1.060451716184616089e-01
1.107709929347038269e-01
1.171946644783020020e+00
-2.696858644485473633e-01
2.667685747146606445e-01
8.850847184658050537e-02
-1.234829053282737732e-01
-1.058434620499610901e-01
1.791558787226676941e-02
-5.379585623741149902e-01
-2.003350853919982910e-01
7.480517029762268066e-02
5.911423563957214355e-01
-3.346282243728637695e-01
9.091383218765258789e-01
-3.433606028556823730e-01
-7.217425107955932617e-01
-2.109546363353729248e-01
-1.342627286911010742e+00
6.208039522171020508e-01
-2.760890126228332520e-01
2.073650509119033813e-01
-2.803895771503448486e-01
6.992844343185424805e-01
7.046920247375965118e-03
-2.652362454682588577e-03
2.421099459752440453e-03
-5.103833507746458054e-03
6.990229245275259018e-03
-2.804933348670601845e-03
-6.696307100355625153e-03
8.599483408033847809e-04
6.321309134364128113e-03
-3.393732476979494095e-03
-4.339862614870071411e-03
9.569788351655006409e-03
6.969975307583808899e-03
2.777626737952232361e-03
6.724282167851924896e-03
-5.958573092357255518e-05
9.020169265568256378e-03
-4.788523074239492416e-04
8.020660839974880219e-03
3.887596074491739273e-03
8.836722001433372498e-03
6.731118541210889816e-03
-9.604278951883316040e-03
1.019443850964307785e-03
-8.795439265668392181e-03
-8.618715219199657440e-03
8.565407246351242065e-03
-6.565107963979244232e-03
9.227695874869823456e-03
-8.305503986775875092e-03
-1.139743602834641933e-03
-3.875650872942060232e-04
-8.259032852947711945e-03
-3.637842368334531784e-03
-9.024407714605331421e-03
6.971248891204595566e-03
2.692942507565021515e-03
6.705652922391891479e-03
-7.333968300372362137e-03
-4.698904231190681458e-03
-3.842528909444808960e-03
-6.994706112891435623e-03
-8.738712407648563385e-03
-8.265849202871322632e-03
-8.457466959953308105e-03
-8.226488716900348663e-03
-2.766719844657927752e-04
-4.557997453957796097e-03
3.829344641417264938e-03
6.913750898092985153e-03
-2.721544122323393822e-03
2.590747317299246788e-03
7.012931630015373230e-03
5.846371059305965900e-04
6.926401518285274506e-03
1.062355041503906250e+00
9.226034283638000488e-01
-1.625344634056091309e+00
6.145904064178466797e-01
