2.182887077331542969e+00
3.069936633110046387e-01
5.006724357604980469e+00
3.850020408630371094e+00
1.294638514518737793e+00
2.059185028076171875e+00
3.477953433990478516e+00
-3.452638089656829834e-01
-2.815862894058227539e-01
-6.526086330413818359e-01
-1.540320515632629395e-01
6.547455191612243652e-01
-3.242218196392059326e-01
5.762403607368469238e-01
6.703412532806396484e-02
-1.999428987503051758e+00
1.781702518463134766e+00
4.954510629177093506e-01
-1.742876172065734863e-01
-5.103189349174499512e-01
2.121986746788024902e-01
-4.513610899448394775e-01
3.666596412658691406e-01
1.304560542106628418e+00
-3.006995320320129395e-01
9.424032211303710938e+00
1.328448677062988281e+01
1.540469646453857422e+01
1.471703720092773438e+01
1.751414299011230469e+01
1.921038436889648438e+01
2.227625656127929688e+01
2.114116668701171875e+01
-1.349734067916870117e+00
1.147887706756591797e+00
4.823451042175292969e-01
-1.990031719207763672e+00
2.096416473388671875e+00
-1.360001206398010254e+00
2.200582981109619141e+00
1.112030148506164551e+00
-7.398261427879333496e-01
-2.829885780811309814e-01
4.105596542358398438e-01
-4.652013480663299561e-01
-1.860991120338439941e-01
2.248921841382980347e-01
-2.077896595001220703e+00
7.940280437469482422e-01
-3.852584838867187500e+00
-2.288910001516342163e-01
-1.194836944341659546e-01
3.428442001342773438e+00
3.872936964035034180e+00
9.843272209167480469e+00
-2.742442131042480469e+00
1.553410410881042480e+00
-1.018388843536376953e+01
-9.081005096435546875e+00
1.783217430114746094e+00
-1.135363101959228516e+00
4.233850955963134766e+00
1.578941464424133301e+00
3.073077201843261719e-01
-3.199118137359619141e+00
-1.091899991035461426e+00
7.053903579711914062e+00
5.704181671142578125e+00
7.543584346771240234e+00
1.966097801923751831e-01
1.132449880242347717e-01
-2.761915326118469238e-01
1.270494014024734497e-01
2.243718691170215607e-02
-6.021286249160766602e-01
4.905007779598236084e-01
-9.152466654777526855e-01
2.795507013797760010e-01
2.209697812795639038e-01
-2.287957817316055298e-01
3.599748611450195312e-01
1.335314363241195679e-01
-5.897945761680603027e-01
-1.308883428573608398e-01
-6.982917189598083496e-01
1.859119534492492676e+00
-1.479532718658447266e-01
3.068499565124511719e-01
-5.351535677909851074e-01
-1.648875594139099121e+00
-2.420636653900146484e+00
6.491687297821044922e-01
-1.483628749847412109e+00
7.525505125522613525e-02
4.176968574523925781e+00
2.955940067768096924e-01
9.952976554632186890e-02
2.587155997753143311e-01
-1.211195945739746094e+00
-1.184463426470756531e-01
7.365834712982177734e-01
7.759437561035156250e-01
3.176993131637573242e+00
-5.515339970588684082e-01
-3.058056354522705078e+00
6.595317125320434570e-01
-3.297165408730506897e-02
-7.311347126960754395e-01
-3.393861651420593262e-02
-6.524804830551147461e-01
1.680622220039367676e+00
-6.193243861198425293e-01
7.585533857345581055e-01
4.315032958984375000e-01
-2.843293547630310059e-01
-8.243708312511444092e-02
-6.822346150875091553e-02
2.828175723552703857e-01
2.203929275274276733e-01
7.557474970817565918e-01
7.579231858253479004e-01
4.349452909082174301e-03
2.664079964160919189e-01
-4.932901859283447266e-01
-1.562535613775253296e-01
-1.236648917198181152e+00
-1.886747360229492188e+00
5.402349829673767090e-01
3.721378743648529053e-01
-4.494972527027130127e-01
2.048431634902954102e+00
-8.144003152847290039e-01
3.806242048740386963e-01
-1.025149226188659668e+00
-3.137882053852081299e-01
4.123195707798004150e-01
2.892105579376220703e-01
3.960214555263519287e-01
-2.138795137405395508e+00
4.609633982181549072e-01
-2.169390439987182617e+00
-1.374517800286412239e-03
6.688633933663368225e-03
-5.101446062326431274e-03
-4.975441843271255493e-03
1.444706576876342297e-03
-1.604157005203887820e-04
7.352379616349935532e-04
-9.516931022517383099e-04
3.544430248439311981e-03
3.558962140232324600e-03
-2.764209057204425335e-04
3.583093639463186264e-03
8.709482848644256592e-03
-3.361492650583386421e-03
5.739146377891302109e-03
-3.755671204999089241e-03
1.672990038059651852e-03
-6.968322210013866425e-03
-4.168871324509382248e-03
6.433506030589342117e-03
-3.320639021694660187e-03
-6.330798380076885223e-03
-6.233873777091503143e-03
5.304557271301746368e-03
-3.437881357967853546e-03
-4.997649230062961578e-03
-2.242942806333303452e-03
7.187990937381982803e-03
-1.895566820167005062e-03
8.154006209224462509e-04
-4.778833128511905670e-03
-6.787145510315895081e-03
-7.778805214911699295e-03
8.239287126343697309e-05
-5.596975795924663544e-03
1.788140740245580673e-03
8.638837933540344238e-01
8.677453994750976562e-01
-1.994075894355773926e+00
6.796887516975402832e-01
