6.134622910863296585e-01
1.843139395551864013e+00
1.436371434257118329e+00
7.935012758865683802e-01
-7.411325430925551627e-01
5.577252777473866274e+00
1.279684693389395056e+00
1.926178047697478579e+00
3.005526570618655580e+00
1.203483220068868841e-02
7.105629228657325824e-02
-4.612111414857480440e+00
1.170372290769433388e+00
6.470536589489193524e+00
-2.734111004967915370e+00
-1.013318845558657477e+00
9.552600742385987109e-01
-1.748221482971934027e+00
1.277606334058674964e+00
4.169810050054001960e-01
-9.972765651581232405e-01
1.204947439281607302e+00
-3.568213925226709216e-01
3.938054278118527929e-01
-1.368618812470548118e-01
-1.243335600629269511e+00
-2.501315534238621741e-01
3.679113757184433453e-01
-9.135175181606030037e-01
3.046869280120071410e-01
-4.679744160682798304e-01
6.439577959203883761e-01
-2.953156787344147105e+00
5.684936058477448872e-01
-1.019055328270302097e+00
7.728826747087343962e-01
-3.589428064730013079e-01
5.562569656398296258e-01
-1.503035684171852404e+00
1.437630598979334984e+00
1.434362892202542816e-01
1.038777436840361140e-01
1.716872388018891304e-01
-1.410833342423278847e+00
5.805895329605221811e-01
-1.012782872644229087e-01
4.174246654125733369e-01
-5.221580382523138830e-01
1.404973469448203283e-01
-9.922592999107132661e-02
-1.278233635633774234e-01
1.346472791495751664e-01
-1.260943773511977284e+00
1.002405241287946502e+00
2.545099978519840822e-01
-7.500811522106407003e-02
-2.309806186834128527e-01
2.236502262126459861e+00
-2.626790497082893278e-02
1.411921661516416071e+00
8.089272652238205241e-01
8.909524258692471665e-01
1.804010366642552488e-01
-4.795971339684354517e-01
1.461651281699770433e+00
4.159312313202298550e-01
2.016280628339759129e-01
6.459800344396449123e-01
1.791726631284166205e-01
1.224444625590771774e-01
-8.527172848674680061e-01
-1.642270428820960526e-01
3.732741030258958093e-01
1.923186186477600534e+00
-5.962342289073059298e-01
2.406680094464448694e-01
8.729071552834942738e-01
-1.401820113737107354e+00
-3.853004445657572941e-01
7.554958667267831274e+00
1.452239173034105990e+00
1.204377807748043594e+00
1.555651041797360357e+00
2.604899849245881360e-01
1.145394729131538475e-01
5.281694702727507407e-01
1.032429799889430289e+00
5.390618847734519603e-01
1.304375458516346509e+00
-2.624503018542335142e-01
-8.062473849644209711e-02
8.921607369254213049e-01
