6.140359811567550619e-01
1.705584313786469908e+00
1.874868378925904855e+00
1.682889912593684700e+00
-8.183770727551779034e-01
2.103565919071473722e+00
1.450847052776142121e+00
1.033492845779035996e+00
3.160616762040820316e+00
-1.019028793278592138e-01
5.709145201263688546e-02
-3.333894156428045985e+00
7.643512066842903518e-01
1.750837989754786994e+00
-1.009575544858367646e+00
-1.515037808650570694e+00
8.255610561266665259e-01
-2.852398237478981011e-02
-3.527903093162894632e-01
-1.049379269672926496e+00
8.925218982792911815e-01
9.275935781922985957e-01
1.109004652063485086e+00
-7.464098421401389460e-01
4.090251959731237008e-01
6.515072561449149202e-02
-1.425734448605646909e+00
9.067195191330252868e-01
4.433366010132991364e-01
1.285596098062197656e+00
-1.773156562348902066e-01
6.247853858033546315e-01
-2.134391217720583267e+00
3.127677524384568641e-02
2.357198889200637915e+00
1.891948602046802153e+00
-7.410651550264348852e-01
-3.723675972460094297e-01
-1.545919418899844855e-01
-4.120303240783571019e-01
-5.944921454789069415e-01
9.226775558367944496e-01
-3.051154580471073241e-01
-9.172006962809422514e-01
-3.550375740078073883e-01
5.666998724372629415e-01
-2.148848587019858147e+00
-1.979896832723275990e+00
1.361326073942107362e+00
-9.978129917473219646e-01
-1.382481322992828521e-04
3.369503151733223567e-01
5.261619813482688590e-01
4.454195083282832535e-01
2.987346648053240128e-01
1.068566348659991005e+00
1.315567604872357743e-01
1.658411917772803168e+00
-9.440625781826433860e-01
8.747178384921475702e-01
4.053865591275558899e-01
-4.537733137127873961e-01
1.221330014861493618e+00
7.436875249772495478e-01
2.054179140017136085e+00
9.859751280148038033e-01
-8.545038428317290879e-01
5.940832520206835721e-01
5.735609022543898261e-01
-6.110554320858535560e-01
9.943220416493224745e-01
-2.536731678465186324e+00
2.077959768808672614e+00
3.431718600271586594e-01
-6.388541529618777526e-01
-1.622774258505880640e+00
-1.341788991643598994e+00
1.777397041251953080e+00
1.688148011992226805e-01
-6.977188362692268164e-01
8.500670986691096775e-01
2.326285566421530948e+00
4.596997228243022704e-01
3.047913627650125079e+00
-2.820481933523540707e+00
2.287993516608379796e+00
3.849412999090317200e+00
-5.516590699207480908e-01
2.516026806170471808e+00
-2.365771591655722039e-01
-1.403785790340456863e-01
2.376255386971627193e+00
