1.544812679290771484e+00
1.230467915534973145e+00
1.493928790092468262e+00
4.113361358642578125e+00
9.330462217330932617e-01
1.944867491722106934e+00
3.044866323471069336e+00
2.131822347640991211e+00
1.949952125549316406e+00
8.101128935813903809e-01
1.969278216361999512e+00
2.262393236160278320e+00
1.918666005134582520e+00
7.990121245384216309e-01
-6.589071750640869141e-01
-2.659478187561035156e-01
2.194014191627502441e-01
1.012437939643859863e-01
1.137922286987304688e+00
2.781371474266052246e-01
-6.199118494987487793e-02
5.063961818814277649e-02
1.730963736772537231e-01
1.468147516250610352e+00
-2.053577750921249390e-01
1.380583047866821289e-01
-3.744246065616607666e-02
-4.897798299789428711e-01
-1.499687910079956055e+00
-8.929731696844100952e-02
-1.381153166294097900e-01
-7.141787558794021606e-02
-2.064410448074340820e-01
4.282668232917785645e-03
-6.242105364799499512e-02
-1.064291298389434814e-01
-8.261314779520034790e-02
-4.793583974242210388e-02
-4.110354930162429810e-02
-1.158723011612892151e-01
-8.685330301523208618e-02
-5.712959542870521545e-02
1.162072539329528809e+00
9.314108848571777344e+00
1.097086048126220703e+01
1.318764972686767578e+01
1.348748397827148438e+01
1.407625007629394531e+01
1.546089744567871094e+01
1.492015838623046875e+01
1.686441040039062500e+01
1.778052330017089844e+01
1.825025558471679688e+01
1.924224281311035156e+01
1.958463478088378906e+01
2.307166671752929688e+01
2.439331436157226562e+01
1.172734498977661133e+00
-5.886447429656982422e-01
5.793201923370361328e-01
-8.433010429143905640e-02
6.811813265085220337e-02
-3.450656235218048096e-01
1.089238747954368591e-01
4.184909760951995850e-01
-1.274981260299682617e+00
-7.103034108877182007e-02
-2.308737337589263916e-01
-5.231277346611022949e-01
-6.907937526702880859e-01
3.853028714656829834e-01
3.454208076000213623e-01
-3.762898445129394531e-01
2.320871502161026001e-01
-3.443476259708404541e-01
2.172243595123291016e-01
7.843025922775268555e-01
-2.083955258131027222e-01
-2.421431988477706909e-01
-1.174903392791748047e+00
1.030583456158638000e-01
5.716267824172973633e-01
-8.501643538475036621e-01
-6.404039263725280762e-01
2.220759093761444092e-01
-1.395356774330139160e+00
-8.700832128524780273e-01
8.556230925023555756e-03
5.425948500633239746e-01
-3.368320465087890625e-01
3.512578904628753662e-01
-5.609809160232543945e-01
-1.639899462461471558e-01
-1.987587809562683105e-01
-6.280069351196289062e-01
1.117295026779174805e+00
1.666104435920715332e+00
2.496777623891830444e-01
1.685611158609390259e-02
-5.516575574874877930e-01
-7.442378401756286621e-01
8.152722716331481934e-01
-9.390420913696289062e-01
-9.654466062784194946e-02
7.211444973945617676e-01
9.455627202987670898e-01
-2.776098728179931641e+00
2.091974735260009766e+00
1.006610915064811707e-01
-3.328010439872741699e-01
7.122497558593750000e-01
-8.316033482551574707e-01
2.353931590914726257e-02
5.978916883468627930e-01
2.716174125671386719e-01
-3.630191981792449951e-01
-7.984605431556701660e-01
9.039807319641113281e-02
-1.190286800265312195e-01
1.577747613191604614e-01
-1.083181977272033691e+00
5.081871151924133301e-01
-5.666680335998535156e-01
2.876288592815399170e-01
-4.516940712928771973e-01
5.637459158897399902e-01
-1.167237877845764160e+00
-5.825309753417968750e-01
7.633585482835769653e-02
4.718573689460754395e-01
-4.062040746212005615e-01
-3.948886394500732422e-01
-3.924593925476074219e-01
7.560019940137863159e-02
-5.789901018142700195e-01
1.924475193023681641e+00
3.933081328868865967e-01
-7.329975720494985580e-03
-6.933126449584960938e-01
5.636771917343139648e-01
-8.112325072288513184e-01
4.702439904212951660e-01
-1.858058333396911621e+00
-7.850977182388305664e-01
1.794905066490173340e+00
-9.504600167274475098e-01
-1.556834816932678223e+00
1.914890408515930176e+00
-2.239128053188323975e-01
-8.125073909759521484e-01
5.187675356864929199e-01
-1.294432759284973145e+00
2.031784802675247192e-01
7.867348194122314453e-01
3.089360475540161133e+00
-6.923247128725051880e-02
-1.263906478881835938e+00
-1.727913737297058105e+00
3.157365620136260986e-01
-1.708681106567382812e+00
2.516565024852752686e-01
-1.696065902709960938e+00
1.527595371007919312e-01
4.881268367171287537e-02
-1.100390478968620300e-01
-2.656438350677490234e-01
2.227863818407058716e-01
1.508682966232299805e-01
5.680311843752861023e-02
4.073037505149841309e-01
2.958652675151824951e-01
1.159267276525497437e-01
4.837253317236900330e-02
4.986425340175628662e-01
1.458550691604614258e-01
1.087736412882804871e-01
1.790269836783409119e-02
3.078495562076568604e-01
2.114599049091339111e-01
-9.882664307951927185e-03
1.740578860044479370e-01
-2.679256796836853027e-01
-3.869675695896148682e-01
-5.459221601486206055e-01
-1.438603848218917847e-01
1.592600941658020020e-01
-2.425613440573215485e-02
1.679599285125732422e-01
-5.465080216526985168e-02
2.213495820760726929e-01
5.388147830963134766e-01
1.583306342363357544e-01
5.438733100891113281e-02
-5.809335038065910339e-02
2.080812603235244751e-01
-5.152409076690673828e-01
3.725408390164375305e-02
8.857492357492446899e-02
1.618316173553466797e-01
-8.375930786132812500e-02
2.412376999855041504e-01
-2.839797139167785645e-01
-2.637097537517547607e-01
1.058833207935094833e-02
2.582136690616607666e-01
-2.193114608526229858e-01
-2.687038779258728027e-01
9.565433114767074585e-02
-2.359588891267776489e-01
-1.346937716007232666e-01
-7.589187473058700562e-02
2.788572907447814941e-01
-2.788554728031158447e-01
2.556419968605041504e-01
1.862979121506214142e-02
1.148391794413328171e-02
2.605455815792083740e-01
4.613665863871574402e-03
3.909061104059219360e-02
8.804700523614883423e-02
7.135099917650222778e-02
-2.566032707691192627e-01
4.211283624172210693e-01
8.726373314857482910e-02
1.477062851190567017e-01
1.562583148479461670e-01
1.469302028417587280e-01
4.201504588127136230e-01
1.735561192035675049e-01
9.044496715068817139e-02
-5.168926715850830078e-01
5.171495079994201660e-01
-1.446646824479103088e-02
1.049121469259262085e-01
-1.160943582653999329e-01
3.441397547721862793e-01
1.563536226749420166e-01
-6.311931461095809937e-02
-2.479582875967025757e-01
1.212215423583984375e-01
1.001135259866714478e-01
3.201771974563598633e-01
-3.555156588554382324e-01
-2.734231948852539062e-01
-3.914326801896095276e-02
2.832727432250976562e-01
1.332682371139526367e-01
4.720091819763183594e-02
-2.958643734455108643e-01
3.077397942543029785e-01
1.581888943910598755e-01
4.062375724315643311e-01
6.455799099057912827e-03
2.706596553325653076e-01
7.058891654014587402e-02
-3.701900839805603027e-01
-1.239591389894485474e-01
4.772891402244567871e-01
-4.453709721565246582e-01
-3.813684284687042236e-01
-3.056732714176177979e-01
1.260755538940429688e+00
2.851498126983642578e-01
-5.756143927574157715e-01
7.440527677536010742e-01
2.272536009550094604e-01
3.642469942569732666e-01
-5.306351184844970703e-01
-1.158136874437332153e-01
1.333626080304384232e-02
2.472559735178947449e-02
-3.579227924346923828e-01
-1.263353377580642700e-01
-2.732666395604610443e-02
7.814556360244750977e-02
-8.565185964107513428e-02
3.068621642887592316e-02
-1.350167244672775269e-01
6.798101961612701416e-02
5.753870308399200439e-02
-5.831822752952575684e-01
3.307366743683815002e-02
-1.832705289125442505e-01
-2.249623090028762817e-01
-4.220895469188690186e-02
-1.510241627693176270e-01
7.418091408908367157e-03
2.195524275302886963e-01
5.625439286231994629e-01
3.993034958839416504e-01
-3.113718889653682709e-02
-3.196550309658050537e-01
2.644239664077758789e-01
-6.152857542037963867e-01
4.913077503442764282e-02
1.447091102600097656e-01
2.386578768491744995e-01
-9.863506257534027100e-02
-3.344995155930519104e-02
9.985716640949249268e-02
1.031943317502737045e-02
1.944334357976913452e-01
-8.254986256361007690e-02
9.094370156526565552e-02
9.641160257160663605e-03
-2.951398193836212158e-01
-6.107205152511596680e-01
-8.426313102245330811e-02
-1.599021404981613159e-01
1.277988255023956299e-01
3.940842747688293457e-01
3.072080016136169434e-01
2.976493723690509796e-02
9.180074185132980347e-02
2.808880992233753204e-02
2.415023148059844971e-01
-2.869001030921936035e-01
-4.740880429744720459e-01
7.367650046944618225e-03
-9.552403539419174194e-02
-4.011502861976623535e-01
3.422973304986953735e-02
2.588516473770141602e-01
-6.724562495946884155e-02
-1.676896959543228149e-01
-3.250651434063911438e-02
6.098222732543945312e-02
-1.154048088937997818e-02
-6.650759279727935791e-02
-5.991484224796295166e-02
2.502009868621826172e-01
-7.540278136730194092e-02
-1.132578253746032715e-01
-1.297702640295028687e-02
2.648273706436157227e-01
-2.522945106029510498e-01
4.553977549076080322e-01
-3.485481813549995422e-02
3.022849000990390778e-02
-3.834524750709533691e-01
1.933856904506683350e-01
-1.269671320915222168e-01
3.011450171470642090e-01
1.846697926521301270e-01
4.229313135147094727e-01
-8.268453478813171387e-01
-3.119878768920898438e-01
1.103621870279312134e-01
7.582385540008544922e-01
-4.246559143066406250e-01
1.656889319419860840e-01
6.589166820049285889e-02
4.625890254974365234e-01
1.794271022081375122e-01
-1.544490754604339600e-01
1.942775547504425049e-01
4.300327897071838379e-01
-2.992692291736602783e-01
3.584480285644531250e-01
-1.599373817443847656e-01
-2.479234486818313599e-01
5.718970298767089844e-02
-3.681910932064056396e-01
-1.059322208166122437e-01
-4.367361664772033691e-01
1.258471161127090454e-01
4.031100571155548096e-01
8.469468951225280762e-01
1.999595463275909424e-01
4.379646778106689453e-01
-1.093949601054191589e-01
5.360931754112243652e-01
-3.875346854329109192e-03
3.500361461192369461e-03
8.234443143010139465e-03
2.471014158800244331e-03
-1.737550046527758241e-04
9.883591905236244202e-03
-8.491637185215950012e-03
-2.146511804312467575e-03
3.986502997577190399e-03
6.779380142688751221e-03
9.466116316616535187e-03
-2.995102200657129288e-03
-1.831576344557106495e-03
-9.895924478769302368e-03
-9.223432280123233795e-03
6.523285992443561554e-03
-8.206048980355262756e-03
-2.183184726163744926e-03
6.203440949320793152e-03
6.312768906354904175e-03
5.281148478388786316e-03
4.434821661561727524e-03
-2.495249034836888313e-03
2.310767536982893944e-03
-7.178735686466097832e-04
6.009648554027080536e-03
5.229560192674398422e-03
-1.864494173787534237e-03
1.365958247333765030e-03
5.075087770819664001e-03
1.568623585626482964e-03
5.347016849555075169e-04
-7.325962185859680176e-03
-9.585884399712085724e-03
4.190741106867790222e-03
-5.366118159145116806e-03
-7.705765776336193085e-03
5.897712428122758865e-03
-9.336715564131736755e-03
-7.822903804481029510e-03
-6.216052919626235962e-03
7.755353581160306931e-03
6.820364389568567276e-03
-7.398418616503477097e-03
8.348804898560047150e-03
8.651456795632839203e-03
-2.967604203149676323e-03
8.471122127957642078e-04
-6.170892622321844101e-03
-1.705382368527352810e-03
6.067051552236080170e-03
-5.110117606818675995e-03
-3.984457347542047501e-03
2.828654367476701736e-03
1.759194652549922466e-03
-1.309810904785990715e-03
3.744801273569464684e-03
-3.859338583424687386e-03
-5.069748964160680771e-03
-6.276658968999981880e-04
-6.257638335227966309e-03
-8.545434102416038513e-03
-3.019554540514945984e-03
-3.228264627978205681e-03
2.892118413001298904e-03
-6.702768150717020035e-03
4.318910185247659683e-03
7.381170871667563915e-05
-7.366686593741178513e-03
4.597954975906759501e-04
-4.749007988721132278e-03
8.722295984625816345e-03
-1.381233334541320801e-03
3.340072929859161377e-03
-3.041656920686364174e-03
-6.023717578500509262e-03
-7.510287687182426453e-03
-2.565001370385289192e-03
9.139172732830047607e-03
-1.039929920807480812e-04
3.069554921239614487e-03
-5.938859190791845322e-03
-3.717692568898200989e-03
-8.305019699037075043e-03
-9.499584324657917023e-03
2.643655519932508469e-03
9.357254952192306519e-03
-6.877861451357603073e-04
-5.967325065284967422e-03
-1.939085777848958969e-03
1.943468698300421238e-03
-5.214173812419176102e-03
6.253058090806007385e-03
-7.328456849791109562e-04
5.258935503661632538e-03
-3.113093785941600800e-03
-4.907984286546707153e-03
-4.411826375871896744e-04
9.769112803041934967e-03
3.285676473751664162e-03
7.153565064072608948e-03
6.471314933151006699e-03
-4.708110354840755463e-03
6.142253521829843521e-03
-5.622153636068105698e-03
1.149599194526672363e+00
7.700530290603637695e-01
-1.361527681350708008e+00
5.232204198837280273e-01
