4.999128126157829644e-01
6.029487065467144191e+00
7.143056118694689482e-01
2.763448722286074855e+00
1.813276595603258157e-02
1.186567174278039039e+00
-8.437178931369598844e-01
9.366101886029488677e-01
-9.300804555278657662e-04
4.582541053335965064e-01
-4.463869171638251032e+00
5.460021805879937684e-01
5.443470951275664049e-01
9.919391393102038323e-01
5.724705034628579936e-01
-1.112425914295786349e-02
-1.143807394630049323e+00
1.362135187397888858e+00
-5.155312916645280463e-01
-3.421901776825079233e-01
1.286445010036123549e+00
1.314403894551828156e+00
5.983443426722129033e+00
-3.229018350971168072e+00
8.880080417172043772e-01
-1.972700104911702779e+00
-6.418604217636879605e-01
-2.904355454967203709e+00
2.574247618420891559e+00
-5.667624654610437851e+00
1.318478069095088578e+00
9.261258237354185852e+00
-2.403978387875316258e+00
-1.109731473380194844e+00
-1.872945440780643400e+00
-5.239829385026296471e+00
3.802373259104551706e-01
6.619818703489449563e-02
-1.068636303198722270e+00
-6.909223362796480528e-01
2.750396805696655456e+00
7.849810630163560343e-02
6.139268636216257957e-02
-6.032527563797056569e-01
1.425233711238347023e-01
6.557162247775676356e-01
3.275896969460688757e-01
5.980966177341452417e-01
7.366878504543747930e-01
3.056040052480010760e-01
1.594762125576354661e+00
1.096110293615918940e-01
-8.510273392145313309e-01
3.275395842360721010e-01
2.427382769933326134e-01
-1.577598581742654382e-01
4.636088629396129535e-01
5.031992192499556982e-01
1.312020079188468691e-01
-2.057184393800350619e-01
1.768012877010922412e-01
-5.091006884219084760e-01
-1.752224154332163719e-01
3.725946262875359100e-02
-4.478546510155308538e-03
7.554484270227025677e-02
-2.980744366343701102e-01
-1.460905653958397554e-01
-1.607203963037745834e-02
-1.469140632497184691e-02
-4.175597938835216016e-01
-6.257102190001763431e-02
2.754794503089882385e-01
-9.256949871367659011e-02
-1.312805481182373335e-01
-1.415506727433431776e-02
1.312477349646938574e-01
-1.971548220589459666e-01
1.363654601769389609e-02
1.778994258173287601e-01
-1.847601170629652734e-01
-3.694325933138247614e-02
3.770561980157521864e-02
-5.055326988318930431e-02
-8.909188038537027010e-01
3.280134020390974015e-01
6.290506496089758211e-03
3.054273199910163827e-02
-8.796864674480028290e-01
-1.871232686214963636e-01
3.961714564331587918e-02
1.481416674116990295e+00
-8.321203782867230003e-02
1.598804641836464036e-02
1.999517416053610552e-01
-5.528654209336654191e-01
8.081652221462075347e-02
-1.728423772106956746e-01
2.486744289696911081e-01
1.202493615701606261e-01
1.905516436419752158e-01
1.972439480854541183e-01
2.047799501530133126e-01
3.024553524930444048e+00
1.052842360712689329e+00
-1.947170317474951895e-01
-1.351435775900085012e-01
2.618076499452682171e+00
2.144054819277446455e+00
1.245437830807303525e+00
6.026564835670806808e-01
1.025142537651298369e+00
-4.812415469893970843e-01
1.059574822906206026e-01
2.731022234185266129e+00
1.940238481947858196e+00
-4.584283170127946838e-01
1.993977203694260680e+00
2.034785682372187043e+00
8.893719049746005023e-01
8.025523538465123563e-01
2.534655641334752629e-01
-1.234762502373381587e-01
2.866571350310310740e-01
5.644441006765618107e-01
9.474753720046945604e-01
9.475441239029691598e-01
8.227375582807691656e-02
4.502532394338497612e-01
-2.387324304290154575e-01
-3.637617648152565164e-01
5.109921035806223033e-01
4.322094243578653572e-01
-7.366329009270325412e-02
6.432585906871826076e-01
7.285013710551706545e-01
3.197764634258519756e-01
-1.435036161094119522e-01
3.937162297858225191e-03
2.227349723623029687e-01
-1.082206831400890135e+00
-1.427733804193453276e-02
1.422097593080042799e+00
-1.246183659920017950e-01
-1.257102394808397028e-01
-1.049490699559796625e-01
-8.191329448009870839e-02
-1.153862736610800944e-02
3.201023728176835004e-01
3.557516547735493639e-01
-5.130437133454380204e-03
7.222658231420073932e-03
4.057489431761214793e-01
-1.378399400492896498e-01
-4.071985775159561172e-01
-5.335762475547310979e-01
-2.486255025291621013e-01
-8.556548978601697941e-01
-9.303466226424821073e-02
2.545245979815037307e-01
1.158653511493637212e-01
4.073181681308987168e-01
-3.020590386475798250e-01
6.564870588687675701e-01
-2.923437875639240957e-01
3.042105444055449581e-01
-9.881120439094989161e-01
5.642302808653868462e-01
5.031496082501754064e-01
-2.243737613020441835e+00
1.475753029121196658e+00
2.580337175422107610e+00
-1.458583012095273079e-01
-8.302539124719021668e-01
-5.279018384975917577e-01
7.650288653909567693e-02
2.394775767879541828e+00
2.087753073311601426e+00
4.604208719614821810e-01
1.455161149315377767e+00
9.483386384786088863e-01
1.703765038089685380e+00
-6.755374438474150145e-02
-4.283669772448770452e-01
1.049671448961309261e+00
4.144698152988933737e-01
1.994118067316530130e-01
-5.291895929240195695e-01
-1.435886136804386537e-01
1.016124162184165236e+00
9.910140398854936361e-01
-2.068071239760884139e-01
2.007444003565716617e+00
1.209922058538524858e+00
5.154016562654876177e-01
6.602681793122590070e-01
-1.667805391247191960e+00
8.232035412657587869e-01
7.609242983020227113e-02
1.289260280978663520e-01
8.244148407031687276e-01
1.252577930050650545e+00
1.542928015738947334e+00
1.968120685352335031e-01
1.396358657834930517e+00
-2.394675839586050348e+00
4.356408556350727102e-01
5.769232314472853007e-01
-8.507919344221691327e-02
4.102786289812778153e-01
1.201198955006936575e-01
-1.464178948137085934e-01
6.808998887125767840e-01
6.725408495576040702e-01
-6.795308094128509058e-02
3.862031810638628104e-01
7.066864576862600389e-01
6.156574894318116442e-01
-4.913554487333000008e-03
-3.849272516353272611e-01
-2.339867893438881963e-01
4.901485416419689156e-01
3.389835955729149641e-01
1.263687251312051396e+00
2.377441482716354526e-01
1.162895407135069892e+00
-5.112554228279986290e-01
9.592484084379053755e-01
9.217900201877848865e-02
3.988199507661770171e-02
-1.037112510721363012e-01
-6.999308737540912428e-01
-4.582034705877068848e-01
2.077605788546151300e-01
-2.334406070625897889e-01
-1.790285329668693248e-01
-2.171783190194112312e-01
8.668691652115938576e-03
-1.653724631564535308e+00
-4.074500891041996642e-01
-6.949713815923026505e-01
-3.680351273066517215e-01
2.997009220408907923e-02
1.198451211800863447e+00
-6.958699580838548782e-01
-2.900311193310215613e-02
1.632626279325342766e+00
2.404920199618994781e-01
3.221724709431495609e-02
1.088910130693363065e+00
1.506980077585217792e+00
-1.079320902029993062e-01
2.951845055950255703e-01
7.201820801541147787e-01
-4.726306600854288109e-01
8.259578066749286851e-01
2.365463560358028072e+00
-3.273312448890115522e-01
1.103913178787424565e+00
-1.740619362780828350e-01
-3.257974080897651503e-01
-1.241849615959018938e-02
-2.568198341966797527e-01
-1.836878807629966637e-01
1.531837467982204437e+00
1.926950088106686998e+00
9.716184869357464837e-01
-2.596512181131433450e-01
-7.193936804628423554e-01
1.062575343949244910e+00
3.651889807412992961e-01
-2.181646793517027505e-01
-2.317131008468845677e-01
1.057406671492255201e+00
2.046023111162471153e+00
4.341560764216429447e-01
7.688600673092365057e-01
3.930167461537539264e-01
8.260911404972378635e-01
1.201078931469583555e-01
2.158445607979952552e+00
5.565565134627273869e-01
-1.708262926509554469e-01
-2.280553709041822863e+00
4.925769199331385684e-01
4.347822421380883595e-01
6.593155702429620568e-01
4.038932683576826888e-01
-1.508051571580052153e-01
-1.110621685316176332e+00
8.938136903818437728e-01
-3.225488382064129605e-02
9.018246997869654447e-01
4.372562598657957489e-01
6.302781414147275996e-01
2.233124758918031139e-01
4.102523767424259282e-01
-2.172683294554412781e-01
-2.015996246145671800e-01
-1.236203593931868849e-01
8.000556705018530002e-02
-3.894566770660147226e-01
-3.309683311763422231e-01
-4.347461964933979073e-01
-4.623728273485154250e-01
-1.677140243730174465e-02
2.448544847812846592e-01
6.790350823878517350e-02
-4.660374084407451628e-03
-4.790983761137559971e-01
1.123809403049368799e-01
-1.244900107589498039e-01
-2.946282509016113771e-01
-3.268441170758117909e-01
4.390922333404362887e-01
1.186028053418095585e+00
-2.298059316513781647e-01
9.656099983377390839e-01
-5.842786260514624130e-01
7.043294247461884261e-01
-2.200030386824715911e-01
9.241958692339095546e-03
8.484894378920558589e-02
-9.407838277762815837e-02
1.214198795275337750e-01
2.073163866187335558e-01
3.462958959604578446e-01
-2.105332169561530409e-01
-3.483674068976910232e-01
1.244905911928065184e-01
4.013807325636676443e-02
-4.705319024673040862e-01
5.349605520673652581e-01
6.123037690723940329e-01
1.797869176421248660e+00
9.762141713463033943e-01
-2.294007174249322600e-01
2.103769410813264074e+00
4.407657853195874331e-01
9.557563796107856335e-01
4.207128571722069665e-01
-1.078673223591912200e-01
1.078919903302452549e-01
1.036149583481858066e-01
-8.552031268329486624e-02
2.682349019386057742e-01
2.988313925346602340e-01
-1.947680442295071923e-01
2.072142588307941846e+00
9.758515020404781026e-01
1.008523514491509898e+00
-8.458074599757716694e-01
2.099767143141064274e+00
-1.543625396747192735e-01
6.047255201327917939e-01
6.029038555402852495e-01
-1.881294037832243193e-01
1.523800423357707157e+00
2.998992221482423282e-01
2.461649709526586571e-01
-3.820587461145707464e-01
7.782157517569880667e-02
2.342676796088247193e-01
1.992405632965201651e-02
5.312853041495888551e-01
6.627906759172491613e-01
7.493496008014731702e-01
9.761728708249842179e-02
6.166154180802242424e-01
1.095804274329363337e-01
7.098612151701073902e-02
-9.953084184401428391e-01
9.482378386900199019e-02
6.755120199134110326e-01
-3.472655612118079049e-01
-6.051596511665675582e-01
2.778119376637877905e-02
2.992394696430559220e-01
-1.652860057647702885e-01
-3.952026499289763850e-02
9.039056711058351956e-02
-5.504987933714406978e-01
-1.734190573316878869e-01
-2.579732233510793546e-02
-3.674244115801648114e-01
1.524756971649743331e-01
1.985955783796105711e+00
-5.550446070677796939e-01
-1.458687179069821926e-01
6.945212375742889632e-01
-5.613581680301362731e-01
1.505664677188003342e-01
7.588164562055653428e-02
1.784301357014710154e+00
7.512243297294692035e-02
1.196991629691857906e+00
-4.527850403388608558e-02
-5.803750364381748961e-02
4.309733803127968055e-01
1.292271110743696161e+00
-5.719906805261284477e-01
5.312151737896949610e-01
8.567593321122498606e-01
-1.962357620220186727e-01
4.205710713670565877e-03
2.971955441727558433e-01
-1.241185472923670569e-01
8.538176952928406838e-01
-4.225008691780999803e-01
-1.012525811167850120e+00
1.171870302972924938e+00
2.113589405513208064e+00
-1.536777817458657991e-01
-7.190071162554993733e-02
5.416846754731141633e-01
-6.592151388769377229e-01
-7.169753361862811480e-02
-3.468752014557939245e-01
-2.697734687017022126e-01
-2.750477666450726888e-01
1.352948369714955579e+00
3.942581730898314096e-01
7.066797791592584199e-02
1.141975845608988349e+00
4.916946574109619106e-01
3.170017825364758179e-01
-1.826689093526982499e-01
5.273762177840129795e+00
-4.416148668903662200e-01
7.725040075738089096e-02
-7.603760669053301058e-01
-5.199005482604491385e-02
-1.541955647350931047e+00
8.368570957160428314e-01
-1.276193041434936726e+00
2.924657704143644121e+00
4.899202843429084075e-01
-1.497024492699667642e+00
-6.811235650148234066e-01
3.040717577090877241e-02
-1.254232241440485229e-01
2.750835424913162242e-01
1.183355610554463477e-01
-1.327176178442614381e-02
-1.046574902496870241e+00
-2.836077729615070764e-01
-5.078524251753985252e-01
6.485507591476476208e-02
-1.777614689277368654e-01
-5.218979471330303932e-01
3.840634994490754184e-01
-4.730945894724904177e-02
-8.012892175270057427e-02
1.251187314211964940e+00
-1.937439867035882779e-01
3.194170157519017339e-01
3.279173845772749285e-01
8.990853167065032681e-01
-1.354446294019055586e+00
1.445436193271820491e+00
4.894744079475195075e-01
3.266952944377005119e-01
-1.368449627797539703e-01
3.015488388156472091e-02
1.334401360559532568e-01
-2.776964786322133616e-01
-4.214507895675233540e-01
3.119121978254760785e-01
4.701945382812307561e-01
3.259673348312226715e-02
-1.534786944637773487e-01
6.385478674548500377e-02
4.623030863505581817e-02
-2.039936555389914585e-01
9.005444068702417315e-02
3.418712084118840089e-01
-1.885643699375106896e-01
-1.347358392940637695e-01
-2.389718198954740302e-01
-7.324616313866693859e-03
4.641427497572586658e-01
2.232003886052053687e+00
2.220052201926278057e-01
-3.263331044296692851e-01
1.265028857204129942e+00
-5.145322793466929889e-01
-8.775274725995874103e-02
1.223944574360700394e-01
5.911232489205121565e-01
-6.446595375575867592e-01
7.681297526039958523e-01
-1.099846748841582511e-01
-3.321060554408527543e-01
7.276523100550226220e-01
-5.062328105184384919e-01
3.272203292595674107e+00
7.638721408219588671e-01
-6.412584234660362315e-01
2.891597207354232313e-01
7.625449134897053227e-01
-8.194516784293306433e-01
4.153993938886938464e-01
9.694511159523248045e-01
8.426245766489444122e-01
-2.062967900891305995e-01
-4.635394979133065918e-02
-9.831179970652904193e-03
1.176006757588582419e-01
