6.242919921875000000e+00
1.771815299987792969e+01
1.019499206542968750e+01
5.479525089263916016e+00
9.418398857116699219e+00
1.549435424804687500e+01
1.581047058105468750e+01
1.788469314575195312e+01
9.742204666137695312e+00
1.544493198394775391e+01
2.379907035827636719e+01
6.294695377349853516e+00
2.198482036590576172e+00
5.004713058471679688e+00
4.182578086853027344e+00
7.659539699554443359e+00
-3.874002456665039062e+00
2.034884214401245117e+00
-1.182194232940673828e+01
4.516913890838623047e+00
4.937685966491699219e+00
7.185326099395751953e+00
-6.855214238166809082e-01
-5.886586189270019531e+00
3.521403312683105469e+00
2.784170627593994141e+00
4.309397220611572266e+00
-5.867798924446105957e-01
-2.126766145229339600e-01
6.414094924926757812e+00
3.038100957870483398e+00
1.389937973022460938e+01
1.198590278625488281e+01
-7.205392360687255859e+00
3.706390619277954102e+00
4.699480056762695312e+00
-1.699898958206176758e+00
7.611659526824951172e+00
3.002483546733856201e-01
2.338964939117431641e+00
-1.027577209472656250e+01
1.233777618408203125e+01
3.768130540847778320e+00
7.829809188842773438e+00
3.939215660095214844e+00
3.538318872451782227e+00
-5.129160881042480469e+00
-1.247658610343933105e+00
-1.373382282257080078e+01
-7.032158851623535156e+00
2.778873443603515625e+00
-4.531441688537597656e+00
-4.447076797485351562e+00
-8.995233535766601562e+00
-3.467751026153564453e+00
2.204736769199371338e-01
-1.120038509368896484e+01
7.199120044708251953e+00
7.799853324890136719e+00
-1.344365406036376953e+01
-1.935598611831665039e+00
1.018646621704101562e+01
2.134265661239624023e+00
-5.807568430900573730e-01
1.883001923561096191e+00
3.810128867626190186e-01
-4.883604869246482849e-02
-1.431500077247619629e+00
-9.848987460136413574e-01
1.001242542266845703e+01
-6.203034400939941406e+00
4.851941108703613281e+00
3.092873811721801758e+00
-2.500586748123168945e+00
-6.669417858123779297e+00
5.126717567443847656e+00
-1.774101853370666504e+00
3.943142592906951904e-01
-5.362565994262695312e+00
8.450680732727050781e+00
-1.086054229736328125e+01
8.472864031791687012e-01
-2.365418434143066406e+00
-4.736938476562500000e+00
6.135093212127685547e+00
3.674495458602905273e+00
8.259463310241699219e+00
-2.272923707962036133e+00
9.822350502014160156e+00
-3.038689136505126953e+00
-3.772969961166381836e+00
6.507038474082946777e-01
-1.608517050743103027e+00
1.333284735679626465e+00
2.087870121002197266e+00
1.258409917354583740e-01
1.414901733398437500e+00
-2.346165895462036133e+00
1.641010046005249023e-01
-3.302159070968627930e+00
-1.015169024467468262e+00
1.411437150090932846e-02
-1.876193165779113770e+00
-2.165764331817626953e+00
8.657672882080078125e+00
5.127677440643310547e+00
-2.770902216434478760e-01
-2.710668087005615234e+00
-1.968095541000366211e+00
2.965846776962280273e+00
2.736924290657043457e-01
-9.705560207366943359e-01
-2.156661033630371094e+00
-6.307575702667236328e+00
-1.345182776451110840e+00
-3.068678379058837891e-01
9.970602989196777344e-01
1.350395679473876953e+00
1.972386360168457031e+00
6.955565810203552246e-01
-8.578953742980957031e+00
2.186472177505493164e+00
3.606468200683593750e+00
-7.449123263359069824e-01
3.545119762420654297e+00
1.060735106468200684e+00
-4.246975421905517578e+00
-2.743318557739257812e+00
-3.267695426940917969e+00
2.417628049850463867e+00
-2.194881200790405273e+00
5.428151130676269531e+00
-1.691392213106155396e-01
1.944801956415176392e-01
6.725119113922119141e+00
3.243935108184814453e+00
-1.340544104576110840e+00
-6.205285549163818359e+00
-8.416230082511901855e-01
-2.259160757064819336e+00
-9.956119060516357422e-01
-2.838727533817291260e-01
-2.095754146575927734e+00
-1.381668686866760254e+00
9.118751883506774902e-01
-4.915374517440795898e-01
2.230827569961547852e+00
-1.798344969749450684e+00
1.781129360198974609e+00
4.130480766296386719e+00
-1.694430589675903320e+00
2.105317354202270508e+00
-3.233753681182861328e+00
6.179395675659179688e+00
-4.181468009948730469e+00
2.333845853805541992e+00
1.086215376853942871e+00
2.566112279891967773e+00
9.261735677719116211e-01
2.678697109222412109e+00
2.696995735168457031e+00
2.230170488357543945e+00
3.427361249923706055e+00
1.293472290039062500e+00
1.101006940007209778e-02
-4.195508956909179688e+00
4.342839241027832031e+00
-4.197928428649902344e+00
-2.475395679473876953e+00
-8.925431966781616211e-01
-1.323527097702026367e+00
5.112944841384887695e-01
1.249644637107849121e+00
1.130446434020996094e+00
2.167612791061401367e+00
-1.182994484901428223e+00
1.818298250436782837e-01
-6.296089887619018555e-01
-8.112372756004333496e-01
8.670619130134582520e-01
-1.266025781631469727e+00
-2.526247501373291016e+00
3.945431232452392578e+00
4.575946331024169922e+00
-1.265222191810607910e+00
-8.934105038642883301e-01
-2.051931858062744141e+00
3.652671337127685547e+00
1.013862848281860352e+00
-6.466234922409057617e-01
-6.661132335662841797e+00
-2.518925428390502930e+00
-4.910099506378173828e+00
5.603014230728149414e-01
-1.172140836715698242e+00
2.191466689109802246e-01
-1.380882143974304199e+00
-1.959507167339324951e-01
-4.074769020080566406e+00
7.983800172805786133e-01
2.232640981674194336e+00
-5.722882747650146484e+00
3.388293743133544922e+00
-5.829483643174171448e-02
-2.049471139907836914e+00
3.609082996845245361e-01
-1.157718777656555176e+00
9.145440906286239624e-02
-2.343781948089599609e+00
-1.393712908029556274e-01
-3.347581028938293457e-01
-5.034954547882080078e-01
6.631149768829345703e+00
4.116216659545898438e+00
-4.392320290207862854e-02
-7.417834281921386719e+00
6.798595786094665527e-01
-2.515078306198120117e+00
-1.117932558059692383e+00
-6.878675222396850586e-01
1.914856553077697754e+00
1.753127336502075195e+00
-8.574668169021606445e-01
2.448481768369674683e-01
-1.573014974594116211e+00
-9.628306627273559570e-01
1.545787572860717773e+00
4.640750885009765625e+00
4.812766015529632568e-01
-1.418625235557556152e+00
9.160354733467102051e-01
4.428735733032226562e+00
-4.669159889221191406e+00
2.414401531219482422e+00
2.051493644714355469e+00
5.875139236450195312e+00
-1.114334911108016968e-01
3.147952556610107422e+00
2.562891960144042969e+00
4.406256675720214844e+00
2.655596256256103516e+00
-5.610270500183105469e-01
-1.954395174980163574e-01
-3.083087503910064697e-01
2.871041536331176758e+00
-6.389909744262695312e+00
-8.189711570739746094e-01
