2.180882692337036133e+00
8.325901627540588379e-02
-1.129889488220214844e-01
4.601004600524902344e+00
2.029159784317016602e+00
3.701857805252075195e+00
1.644646406173706055e+00
2.001910924911499023e+00
2.373261213302612305e+00
2.570939064025878906e+00
-3.214272260665893555e-01
1.045319736003875732e-01
1.517626047134399414e+00
1.365967035293579102e+00
1.661097258329391479e-01
2.522917985916137695e-01
1.381445974111557007e-01
1.400532275438308716e-01
1.649712622165679932e-01
5.481499060988426208e-02
1.193319335579872131e-01
1.635117411613464355e+00
-1.157037854194641113e+00
-5.273948907852172852e-01
-9.177250415086746216e-02
-2.253348566591739655e-02
-1.849440932273864746e-01
-1.005714535713195801e-01
-3.270488679409027100e-01
-4.936635494232177734e-02
-1.585444062948226929e-01
-1.692588180303573608e-01
-2.333802282810211182e-01
1.027046680450439453e+00
8.973151206970214844e+00
1.029994010925292969e+01
1.327792453765869141e+01
1.334358310699462891e+01
1.538529586791992188e+01
1.515377426147460938e+01
1.748833847045898438e+01
1.923245620727539062e+01
1.911342430114746094e+01
2.031313896179199219e+01
2.433263015747070312e+01
-9.499512314796447754e-01
1.014997512102127075e-01
-3.102854192256927490e-01
-7.963702082633972168e-01
4.289401695132255554e-02
3.054623901844024658e-01
-4.515430033206939697e-01
3.869460225105285645e-01
-1.702908277511596680e-01
-1.196244597434997559e+00
3.769308328628540039e-01
8.809102773666381836e-01
3.133122026920318604e-01
-7.087402939796447754e-01
4.789839982986450195e-01
1.153352022171020508e+00
2.156988233327865601e-01
9.673249125480651855e-01
-7.229299545288085938e-01
-4.904541671276092529e-01
1.499291181564331055e+00
7.546278238296508789e-01
-2.576834678649902344e+00
1.989921480417251587e-01
-1.523394435644149780e-01
-6.495458632707595825e-02
1.446461379528045654e-01
1.367956995964050293e-01
-1.637029051780700684e+00
2.099799871444702148e+00
3.354492664337158203e+00
-1.491664499044418335e-01
-2.209484279155731201e-01
1.773174703121185303e-01
-8.038812279701232910e-01
-6.047650575637817383e-01
1.501921057701110840e+00
-3.685071945190429688e+00
-7.621927559375762939e-02
-8.593654036521911621e-01
-4.605010151863098145e-01
-2.289337813854217529e-01
2.686005532741546631e-01
-1.365117579698562622e-01
1.101614952087402344e+00
3.550484478473663330e-01
-1.083684563636779785e+00
2.041549533605575562e-01
-2.581267654895782471e-01
-2.668958902359008789e-01
1.429505467414855957e+00
1.555894732475280762e+00
1.142009422183036804e-01
-1.270566821098327637e+00
1.062064647674560547e+00
-2.023382902145385742e+00
1.489288210868835449e-01
-3.312838450074195862e-02
4.544011056423187256e-01
2.283380746841430664e+00
3.544648289680480957e-01
-5.263411998748779297e-01
1.447683334350585938e+00
3.172363936901092529e-01
-8.173571825027465820e-01
3.764092683792114258e+00
-4.415674805641174316e-01
3.430230915546417236e-01
-3.950935322791337967e-03
1.896706819534301758e-01
2.859565019607543945e-01
-1.305759102106094360e-01
3.429530858993530273e-01
3.104894459247589111e-01
-1.900619864463806152e-01
4.251323938369750977e-01
4.207356274127960205e-01
-2.283720076084136963e-01
2.154599875211715698e-02
2.799823582172393799e-01
-2.961856499314308167e-02
-6.734325885772705078e-01
9.148680604994297028e-03
-1.595818698406219482e-01
1.007582396268844604e-01
2.053897231817245483e-01
-5.975065827369689941e-01
-2.916789352893829346e-01
8.839861154556274414e-01
2.033648826181888580e-02
1.136822029948234558e-01
-1.013890504837036133e-01
-1.774407476186752319e-01
-3.139377012848854065e-02
1.041460752487182617e+00
-5.828106403350830078e-01
-1.033246994018554688e+00
-3.456439077854156494e-02
9.732200950384140015e-02
3.498809784650802612e-02
2.658922970294952393e-01
2.473019361495971680e-01
-1.323809623718261719e+00
5.811107754707336426e-01
4.145542681217193604e-01
1.998842358589172363e-01
1.345589309930801392e-01
-7.258544117212295532e-02
4.697373509407043457e-02
-6.817037463188171387e-01
-7.228096723556518555e-01
4.706524014472961426e-01
3.292473852634429932e-01
-4.300063475966453552e-02
-2.512078732252120972e-02
3.247839212417602539e-02
2.559839189052581787e-01
1.464886367321014404e-01
4.405156150460243225e-02
6.137805581092834473e-01
2.734664380550384521e-01
5.765473097562789917e-02
-1.260934770107269287e-01
-4.896705970168113708e-02
-2.736093401908874512e-01
-6.126784682273864746e-01
1.126405298709869385e-01
2.701967358589172363e-01
-5.638204216957092285e-01
-4.000793993473052979e-01
1.329007148742675781e-01
1.928758382797241211e+00
-2.204363197088241577e-01
1.564636826515197754e-01
-2.583990991115570068e-01
3.323068916797637939e-01
4.353470802307128906e-01
-2.795272767543792725e-01
7.276394367218017578e-01
-1.163012068718671799e-02
-4.872613251209259033e-01
6.651391834020614624e-02
2.459161877632141113e-01
-3.176072835922241211e-01
-5.117514356970787048e-02
3.225604295730590820e-01
-1.049706712365150452e-01
-5.596219897270202637e-01
1.836704462766647339e-01
1.193890571594238281e-01
2.423239350318908691e-01
3.283423185348510742e-01
-6.823055148124694824e-01
4.926759377121925354e-02
7.486528754234313965e-01
3.589460253715515137e-02
1.308128237724304199e-01
-8.192086219787597656e-02
1.192165687680244446e-01
8.061858266592025757e-02
9.679895639419555664e-01
2.168612182140350342e-02
-1.015002965927124023e+00
-3.150376975536346436e-01
-6.943856831640005112e-03
4.084599018096923828e-02
1.679116636514663696e-01
1.037937030196189880e-01
-8.133820295333862305e-01
8.579353988170623779e-02
1.306134611368179321e-01
1.386552155017852783e-01
2.471313923597335815e-01
2.488027811050415039e-01
2.082814723253250122e-01
-2.832805216312408447e-01
5.344219878315925598e-02
-1.595808267593383789e-01
1.608347594738006592e-01
6.938419491052627563e-02
-1.152391657233238220e-01
-9.135225415229797363e-02
-1.579159498214721680e-01
-7.303577065467834473e-01
-2.278244346380233765e-01
2.773078978061676025e-01
-3.926587998867034912e-01
7.780124247074127197e-02
2.742664217948913574e-01
2.933820784091949463e-01
-1.537277847528457642e-01
-8.478597998619079590e-01
-9.967304766178131104e-02
1.540213525295257568e-01
2.455833703279495239e-01
-5.843800306320190430e-01
3.359184414148330688e-02
-1.325406551361083984e+00
5.714573431760072708e-03
-7.889031432569026947e-03
-7.653822191059589386e-03
-5.102082155644893646e-03
4.410678986459970474e-03
-6.590077653527259827e-03
-8.514560759067535400e-03
7.549405563622713089e-03
1.059342408552765846e-03
-3.209100803360342979e-03
3.383551491424441338e-03
-3.375904168933629990e-03
-3.384541720151901245e-03
-6.436129566282033920e-03
6.774833425879478455e-03
3.164331661537289619e-03
-2.670705551281571388e-03
-4.256995394825935364e-03
5.485873669385910034e-03
-1.579227828187867999e-04
4.014386213384568691e-04
-8.395510725677013397e-03
3.928151447325944901e-03
-4.725706763565540314e-03
-2.398228272795677185e-03
8.886896073818206787e-03
9.954711422324180603e-03
-1.104514813050627708e-03
5.370477214455604553e-03
5.827726796269416809e-03
-8.194808848202228546e-03
-7.320660632103681564e-03
-2.336045028641819954e-03
3.074258565902709961e-04
6.756030488759279251e-03
9.349505417048931122e-03
2.817360917106270790e-03
7.115881890058517456e-03
6.922657135874032974e-03
-6.887948838993906975e-04
-1.915689790621399879e-05
1.289577223360538483e-03
-1.131058088503777981e-03
-6.398972123861312866e-03
-3.347553545609116554e-03
5.925714969635009766e-03
-9.237255901098251343e-03
-6.675661541521549225e-03
-7.898917538113892078e-04
2.558085252530872822e-04
3.426147857680916786e-03
8.916672319173812866e-03
5.333236884325742722e-03
-4.521750845015048981e-03
1.577697257744148374e-04
9.837301447987556458e-03
5.426070187240839005e-03
-9.561258368194103241e-03
7.695693988353013992e-03
-2.868887037038803101e-03
8.772800676524639130e-03
1.998435473069548607e-03
-6.345954257994890213e-03
-9.476708946749567986e-04
-4.952460993081331253e-03
-6.786215119063854218e-03
7.408142685890197754e-01
9.080341458320617676e-01
-2.085619688034057617e+00
6.554218530654907227e-01
