1.713681221008300781e+00
-6.248774528503417969e-01
-1.350635170936584473e+00
4.458167552947998047e+00
1.573166728019714355e+00
3.469692468643188477e+00
2.155714988708496094e+00
2.200443983078002930e+00
-4.016185998916625977e-01
3.354284524917602539e+00
1.504603743553161621e+00
1.563245296478271484e+00
1.046951174736022949e+00
-1.804229430854320526e-02
7.859384417533874512e-01
5.681423544883728027e-01
-2.434330433607101440e-01
4.149390459060668945e-01
-8.484774231910705566e-01
1.848054975271224976e-01
1.418342143297195435e-01
6.365092098712921143e-02
1.322598755359649658e-01
-1.145042181015014648e-01
-2.358577698469161987e-01
-2.262690812349319458e-01
1.225149407982826233e-01
1.152889616787433624e-02
-4.027345180511474609e-01
2.904147207736968994e-01
6.385709643363952637e-01
-5.612402558326721191e-01
-2.030582427978515625e+00
-1.731663048267364502e-01
9.335349082946777344e+00
1.018033599853515625e+01
1.325663089752197266e+01
1.335454177856445312e+01
1.549816799163818359e+01
1.478563976287841797e+01
1.754105567932128906e+01
1.970316505432128906e+01
1.922837829589843750e+01
1.112475872039794922e+01
2.511467552185058594e+01
-3.400750756263732910e-01
-9.979821443557739258e-01
-1.642856240272521973e+00
7.794749140739440918e-01
-4.128948450088500977e-01
7.032622694969177246e-01
-1.458571910858154297e+00
8.274894952774047852e-02
1.325603246688842773e+00
-3.796144008636474609e+00
-6.680876761674880981e-02
1.104596614837646484e+00
8.840422034263610840e-01
-1.941102147102355957e+00
6.003671884536743164e-01
1.167186737060546875e+00
2.989698350429534912e-01
2.361877918243408203e+00
-2.667994499206542969e-01
-2.080757766962051392e-01
1.823674559593200684e+00
2.867985486984252930e+00
-6.354876995086669922e+00
4.781273603439331055e-01
-4.581300914287567139e-01
7.191523164510726929e-02
-6.258473396301269531e-01
-3.873809576034545898e-01
6.511729955673217773e-01
2.593080282211303711e+00
1.015550804138183594e+01
-2.053654007613658905e-02
1.687740206718444824e+00
-9.042758494615554810e-02
1.963730573654174805e+00
-2.551291584968566895e-01
-1.735437154769897461e+00
-5.370813846588134766e+00
3.291487395763397217e-01
-7.516248822212219238e-01
3.090443611145019531e-01
-6.624954938888549805e-01
2.778616733849048615e-02
4.527666792273521423e-02
1.598561406135559082e+00
6.432777643203735352e-01
-1.425872325897216797e+00
2.277370691299438477e+00
6.011813282966613770e-01
9.995720982551574707e-01
2.674038410186767578e+00
1.236265540122985840e+00
-3.991460204124450684e-01
-6.460592150688171387e-01
-1.522522449493408203e+00
-4.189738273620605469e+00
2.252942323684692383e+00
5.634600296616554260e-03
5.043975353240966797e+00
2.779509305953979492e+00
2.427258640527725220e-01
7.691419124603271484e-01
2.636636972427368164e+00
-4.863766670227050781e+00
1.985428333282470703e+00
9.444927215576171875e+00
-4.544108808040618896e-01
-2.220092862844467163e-01
-1.918951570987701416e-01
-3.984397351741790771e-01
2.069464884698390961e-02
2.240093797445297241e-01
8.501502871513366699e-01
1.734127640724182129e+00
1.201265957206487656e-02
7.288902997970581055e-01
1.064974904060363770e+00
2.708006501197814941e-01
5.300816521048545837e-02
-9.358116984367370605e-01
3.694343268871307373e-01
-3.830955028533935547e-01
-4.888521134853363037e-01
4.357142746448516846e-01
-2.699949145317077637e-01
1.072701334953308105e+00
-4.738355875015258789e-01
-6.636612415313720703e-01
1.489819765090942383e+00
4.420145452022552490e-01
-2.159849703311920166e-01
-1.284544467926025391e-01
-1.777979731559753418e-01
7.243607193231582642e-02
5.015206336975097656e+00
3.758464455604553223e-01
-2.123857021331787109e+00
-3.069056272506713867e-01
4.354543387889862061e-01
1.290914416313171387e-01
6.382124423980712891e-01
-5.624609440565109253e-02
-8.892957687377929688e+00
-1.928978085517883301e+00
7.508656978607177734e-01
-3.232164978981018066e-01
4.667644798755645752e-01
-3.552941381931304932e-01
1.437649577856063843e-01
-9.946331977844238281e-01
-9.019423723220825195e-01
9.802103638648986816e-01
-8.323442190885543823e-02
6.474215537309646606e-02
-1.670372039079666138e-01
-9.969682693481445312e-01
5.965191721916198730e-01
1.532253623008728027e-01
-7.829589843750000000e-01
4.938013553619384766e-01
2.652233541011810303e-01
7.117980718612670898e-01
1.775626778602600098e+00
5.796297639608383179e-02
-1.269641757011413574e+00
1.210527867078781128e-01
-5.332309007644653320e-02
-7.984922528266906738e-01
-1.566027879714965820e+00
7.306797027587890625e+00
2.648974895477294922e+00
3.561448812484741211e+00
-4.002817273139953613e-01
2.378834635019302368e-01
-1.056218892335891724e-02
1.133159548044204712e-01
1.028620302677154541e-01
5.059666037559509277e-01
2.393906116485595703e-01
-4.215395748615264893e-01
-5.802017450332641602e-01
4.561737179756164551e-02
2.544044256210327148e-01
-3.282484114170074463e-01
6.649036705493927002e-02
5.103905797004699707e-01
-1.940313726663589478e-02
-6.327629089355468750e-01
4.607190489768981934e-01
-5.041751265525817871e-01
3.324564099311828613e-01
1.462391614913940430e+00
1.040796518325805664e+00
-3.621619343757629395e-01
1.123727440834045410e+00
2.068051993846893311e-01
-3.759679198265075684e-01
-1.278121918439865112e-01
-1.799116432666778564e-01
3.235509991645812988e-01
3.688022136688232422e+00
1.451259851455688477e+00
-1.006298422813415527e+00
-6.813939809799194336e-01
2.654350697994232178e-01
4.207095503807067871e-01
5.298385024070739746e-01
9.192459285259246826e-02
-6.351163864135742188e+00
-2.468525648117065430e+00
-4.893430769443511963e-01
6.408203244209289551e-01
-1.125990152359008789e-01
1.573248654603958130e-01
1.999400854110717773e-01
1.596906781196594238e+00
1.491319775581359863e+00
-5.973880887031555176e-01
4.105418324470520020e-01
-8.089023232460021973e-01
-2.262518703937530518e-01
-8.810355067253112793e-01
-2.153655052185058594e+00
-6.045700907707214355e-01
1.927347779273986816e-01
1.004573553800582886e-01
3.152602910995483398e-02
8.465102314949035645e-02
-7.036905288696289062e-01
-5.383979901671409607e-02
-1.189321398735046387e+00
-1.767365813255310059e+00
2.878884077072143555e-01
-9.849467128515243530e-02
-2.781433053314685822e-02
3.079068422317504883e+00
1.948896050453186035e+00
-1.715458154678344727e+00
5.714573431760072708e-03
-7.889031432569026947e-03
-7.653822191059589386e-03
-5.102082155644893646e-03
4.410678986459970474e-03
-6.590077653527259827e-03
-8.514560759067535400e-03
7.549405563622713089e-03
1.059342408552765846e-03
-3.209100803360342979e-03
3.383551491424441338e-03
-3.375904168933629990e-03
-3.384541720151901245e-03
-6.436129566282033920e-03
6.774833425879478455e-03
3.164331661537289619e-03
-2.670705551281571388e-03
-4.256995394825935364e-03
5.485873669385910034e-03
-1.579227828187867999e-04
4.014386213384568691e-04
-8.395510725677013397e-03
3.928151447325944901e-03
-4.725706763565540314e-03
-2.398228272795677185e-03
8.886896073818206787e-03
9.954711422324180603e-03
-1.104514813050627708e-03
5.370477214455604553e-03
5.827726796269416809e-03
-8.194808848202228546e-03
-7.320660632103681564e-03
-2.336045028641819954e-03
3.074258565902709961e-04
6.756030488759279251e-03
9.349505417048931122e-03
2.817360917106270790e-03
7.115881890058517456e-03
6.922657135874032974e-03
-6.887948838993906975e-04
-1.915689790621399879e-05
1.289577223360538483e-03
-1.131058088503777981e-03
-6.398972123861312866e-03
-3.347553545609116554e-03
5.925714969635009766e-03
-9.237255901098251343e-03
-6.675661541521549225e-03
-7.898917538113892078e-04
2.558085252530872822e-04
3.426147857680916786e-03
8.916672319173812866e-03
5.333236884325742722e-03
-4.521750845015048981e-03
1.577697257744148374e-04
9.837301447987556458e-03
5.426070187240839005e-03
-9.561258368194103241e-03
7.695693988353013992e-03
-2.868887037038803101e-03
8.772800676524639130e-03
1.998435473069548607e-03
-6.345954257994890213e-03
-9.476708946749567986e-04
-4.952460993081331253e-03
-6.786215119063854218e-03
1.015955924987792969e+00
1.094399452209472656e+00
-1.911036729812622070e+00
7.178575992584228516e-01
