1.452386498451232910e+00
-4.829235374927520752e-01
-2.495699524879455566e-01
-2.395436912775039673e-01
-2.971081137657165527e-01
5.572799444198608398e-01
7.726684957742691040e-02
1.603013753890991211e+00
4.139526844024658203e+00
-1.125705599784851074e+00
2.280583858489990234e+00
3.348233699798583984e+00
1.926186800003051758e+00
1.455422163009643555e+00
9.212862253189086914e-01
1.521993875503540039e+00
2.442548990249633789e+00
1.890075087547302246e+00
8.343923687934875488e-01
-1.408921033143997192e-01
2.738064825534820557e-01
-2.018454670906066895e-01
4.906603693962097168e-01
3.540106117725372314e-01
2.416637986898422241e-01
-1.390248686075210571e-01
2.319715172052383423e-02
4.450503587722778320e-01
1.775555729866027832e+00
-8.058935999870300293e-01
3.102740049362182617e-01
-7.590606343001127243e-03
-1.396949738264083862e-01
1.855886578559875488e-01
3.015509843826293945e-01
6.340258717536926270e-01
7.543583512306213379e-01
4.040784016251564026e-02
-1.106840446591377258e-01
-5.562288761138916016e-01
-3.813448548316955566e-01
-1.862972527742385864e-01
-4.024961590766906738e-01
5.318471193313598633e-01
9.627227783203125000e-01
-2.234005779027938843e-01
1.360761642456054688e+00
5.729049444198608398e-01
9.090628623962402344e-01
1.842969059944152832e-01
5.048016905784606934e-01
1.081249788403511047e-01
6.386952400207519531e-01
1.704445108771324158e-02
3.399713337421417236e-01
9.191884994506835938e-01
-2.026357948780059814e-01
-2.962029278278350830e-01
1.206531152129173279e-01
2.267425507307052612e-02
3.561227917671203613e-01
1.120601221919059753e-01
1.024106591939926147e-01
-3.431843817234039307e-01
-1.230842173099517822e-01
7.848536968231201172e-01
-2.130287140607833862e-02
1.272691041231155396e-01
5.286235213279724121e-01
-6.811209022998809814e-02
2.914663076400756836e+00
4.915911197662353516e+00
8.083006858825683594e+00
7.513191223144531250e+00
9.601410865783691406e+00
1.000490760803222656e+01
1.018044376373291016e+01
1.320870971679687500e+01
1.180762672424316406e+01
1.422017669677734375e+01
1.530057048797607422e+01
1.644523620605468750e+01
1.758895874023437500e+01
2.280167198181152344e+01
1.786990356445312500e+01
1.901006126403808594e+01
1.959252166748046875e+01
2.009692764282226562e+01
2.411014938354492188e+01
2.627370643615722656e+01
2.761365509033203125e+01
2.862192916870117188e+01
3.000282096862792969e+01
1.134188055992126465e+00
-9.895925521850585938e-01
3.451623916625976562e-01
8.329936265945434570e-01
5.199408531188964844e-01
-1.016411185264587402e+00
3.759287595748901367e+00
5.172444581985473633e-01
1.573573708534240723e+00
8.814837336540222168e-01
-5.520124435424804688e-01
1.982521295547485352e+00
5.321024656295776367e-01
-1.587086021900177002e-01
1.707412719726562500e+00
1.312086343765258789e+00
2.024458795785903931e-01
8.860542774200439453e-01
5.826677322387695312e+00
1.334801793098449707e+00
2.288502454757690430e+00
2.162414550781250000e+00
8.933688998222351074e-01
6.545336842536926270e-01
-1.164351031184196472e-01
4.402225911617279053e-01
7.341545820236206055e-01
-1.558625102043151855e+00
-1.903926253318786621e+00
1.149797916412353516e+00
3.158295452594757080e-01
1.082274079322814941e+00
-4.893431067466735840e-01
1.019330024719238281e+00
-6.528567671775817871e-01
-6.328769922256469727e-01
-8.868480920791625977e-01
6.821592450141906738e-01
5.183061361312866211e-01
-7.836346626281738281e-01
-1.141902565956115723e+00
-9.616261720657348633e-01
-8.749459981918334961e-01
2.979799032211303711e+00
1.496103763580322266e+00
1.674855947494506836e+00
-6.117551326751708984e-01
-1.201629638671875000e+00
1.269439578056335449e+00
5.000483393669128418e-01
-8.407263159751892090e-01
-7.485522031784057617e-01
-1.635968387126922607e-01
6.775715947151184082e-01
1.656173825263977051e+00
5.044705867767333984e-01
-4.093965053558349609e+00
-9.339240193367004395e-01
-5.328069329261779785e-01
1.237520217895507812e+00
-1.599091738462448120e-01
-1.759928464889526367e+00
1.539764046669006348e+00
-1.038644537329673767e-01
6.330654621124267578e-01
2.896970272064208984e+00
3.659257292747497559e-01
-1.417599558830261230e+00
3.000999689102172852e+00
-1.096708476543426514e-01
-5.347393751144409180e-01
8.949698805809020996e-01
1.347403168678283691e+00
3.929663896560668945e-01
8.791050314903259277e-01
-6.439308524131774902e-01
-1.278622627258300781e+00
2.170861244201660156e+00
-1.546968698501586914e+00
-1.620297282934188843e-01
3.407356739044189453e+00
-3.706434965133666992e+00
5.554928183555603027e-01
1.811254143714904785e+00
2.062096834182739258e+00
-2.953845858573913574e-01
1.224191546440124512e+00
8.871468305587768555e-01
-1.717758655548095703e+00
-1.285495012998580933e-01
-7.159428000450134277e-01
1.218769550323486328e+00
-1.125603318214416504e+00
6.864034533500671387e-01
-3.907068967819213867e-01
3.821229636669158936e-01
7.479443550109863281e-01
5.546759366989135742e-01
2.589080035686492920e-01
1.214541316032409668e+00
-1.091510415077209473e+00
-4.943892061710357666e-01
-1.301084905862808228e-01
1.103458046913146973e+00
2.730724334716796875e+00
-4.858705401420593262e-02
3.717183828353881836e+00
1.217348933219909668e+00
3.436849832534790039e+00
3.320498168468475342e-01
-2.650175571441650391e+00
3.486397862434387207e-01
1.733700633049011230e+00
1.522290468215942383e+00
-3.834669291973114014e-01
5.473168492317199707e-01
-9.719380736351013184e-02
7.221879363059997559e-01
7.335923671722412109e+00
4.984619140625000000e+00
3.692249774932861328e+00
2.081033229827880859e+00
5.739598870277404785e-01
1.678732633590698242e+00
-7.511578202247619629e-01
-1.113042831420898438e+00
-6.813764572143554688e-01
1.246252894401550293e+00
-8.472267389297485352e-01
-7.867748737335205078e-01
-4.023154377937316895e-01
1.649814963340759277e+00
8.124673366546630859e-01
-9.786961674690246582e-01
2.119898557662963867e+00
1.161610484123229980e+00
2.257605314254760742e+00
-9.859088063240051270e-02
-1.927423179149627686e-01
7.880493998527526855e-01
-8.010478615760803223e-01
-1.553042411804199219e+00
-5.237562060356140137e-01
2.341177910566329956e-01
-2.307343631982803345e-01
-8.003212809562683105e-01
-1.326649427413940430e+00
1.135580301284790039e+00
3.988407850265502930e-01
2.578455209732055664e-01
-4.691069126129150391e-01
-1.741413593292236328e+00
-1.889974623918533325e-01
6.632310748100280762e-01
1.555278420448303223e+00
-2.345947176218032837e-02
-2.926495790481567383e+00
-2.757280170917510986e-01
1.326256036758422852e+00
1.839950442314147949e+00
-3.150908052921295166e-01
-2.983289718627929688e+00
4.493678212165832520e-01
8.799317479133605957e-02
-3.665796041488647461e+00
2.176118135452270508e+00
-2.460934400558471680e+00
5.008482933044433594e-01
1.801455616950988770e-01
-4.950453341007232666e-01
3.867695093154907227e+00
1.600530862808227539e+00
-5.842180848121643066e-01
-1.194670557975769043e+00
-1.668811321258544922e+00
-2.469593286514282227e+00
-1.219424009323120117e+00
1.008519411087036133e+00
-4.856502711772918701e-01
-2.526209950447082520e-01
-6.657519936561584473e-01
8.284369707107543945e-01
-3.109386861324310303e-01
-1.652181744575500488e+00
2.914643526077270508e+00
1.439630389213562012e-01
5.104349255561828613e-01
5.320585966110229492e-01
3.950275480747222900e-01
-5.904084444046020508e-01
-1.640170693397521973e+00
3.540605902671813965e-01
1.742309331893920898e+00
2.174129337072372437e-01
-6.353254914283752441e-01
1.399145126342773438e+00
3.061962425708770752e-01
-1.397911071777343750e+00
3.391529992222785950e-02
1.990024596452713013e-01
1.551582574844360352e+00
-6.138380169868469238e-01
9.636682271957397461e-01
-1.354749083518981934e+00
1.029864907264709473e+00
7.856854200363159180e-01
2.364620685577392578e+00
1.180812120437622070e+00
-1.828042387962341309e+00
-8.269008994102478027e-01
-1.064271450042724609e+00
2.531047344207763672e+00
1.925704836845397949e+00
4.962480068206787109e-01
-2.613718509674072266e+00
1.908844590187072754e+00
-6.610168218612670898e-01
8.321310281753540039e-01
4.724963903427124023e-01
1.890864849090576172e+00
-2.113534927368164062e+00
1.103640437126159668e+00
-5.977869033813476562e-01
-1.667702078819274902e+00
1.503227949142456055e+00
-3.882007360458374023e+00
9.880790710449218750e-01
1.983210206031799316e+00
7.278814315795898438e-01
-2.425586938858032227e+00
1.900727599859237671e-01
-1.673705816268920898e+00
1.497133821249008179e-01
1.023591876029968262e+00
-4.198141574859619141e+00
-1.207390666007995605e+00
-1.925437450408935547e-01
1.108314871788024902e+00
7.910003066062927246e-01
8.033197522163391113e-01
-1.741508580744266510e-02
6.894668340682983398e-01
-1.450415253639221191e+00
1.866805255413055420e-01
-8.376520872116088867e-01
7.336944341659545898e-01
1.944167971611022949e+00
2.498820610344409943e-02
-2.141737461090087891e+00
3.851908206939697266e+00
-4.061160385608673096e-01
-1.382541656494140625e+00
1.115339756011962891e+00
-7.241044044494628906e-01
-2.497394084930419922e+00
-1.941312670707702637e+00
5.705081820487976074e-01
-6.361743807792663574e-01
-3.643948435783386230e-01
4.395511150360107422e-01
-2.070217370986938477e+00
-2.142423629760742188e+00
1.007912278175354004e+00
7.679667472839355469e-01
4.833068847656250000e-01
7.688034772872924805e-01
-2.173424243927001953e+00
7.388289570808410645e-01
1.697300314903259277e+00
7.558285593986511230e-01
3.405691683292388916e-01
7.944064736366271973e-01
1.281912684440612793e+00
-3.887406587600708008e-01
1.321655988693237305e+00
9.214929342269897461e-01
6.351938843727111816e-01
1.284160017967224121e+00
6.206238865852355957e-01
-5.004026889801025391e-01
3.618006408214569092e-01
1.218922138214111328e+00
2.056613862514495850e-01
8.398182392120361328e-01
1.001925945281982422e+00
-4.306522607803344727e-01
2.368627935647964478e-01
6.936661005020141602e-01
5.059407949447631836e-01
-6.398766040802001953e-01
-2.269561886787414551e-01
2.654166705906391144e-02
-7.097955942153930664e-01
-2.187906980514526367e+00
1.282979011535644531e+00
6.929159760475158691e-01
-3.348822891712188721e-01
1.816057264804840088e-01
5.870898365974426270e-01
1.646438956260681152e+00
6.556825339794158936e-02
1.059873461723327637e+00
8.626509308815002441e-01
1.224810004234313965e+00
7.931697368621826172e-01
1.425236910581588745e-01
9.240036010742187500e-01
4.911013245582580566e-01
-3.985623717308044434e-01
-1.374872624874114990e-01
-2.186528444290161133e+00
2.523524999618530273e+00
2.218179941177368164e+00
3.212902843952178955e-01
-2.515152215957641602e+00
3.219247341156005859e+00
1.757038831710815430e+00
6.663990765810012817e-02
7.873688638210296631e-02
1.133935004472732544e-01
1.129180788993835449e+00
1.333441257476806641e+00
6.560637354850769043e-01
1.058899164199829102e+00
3.896068036556243896e-01
-2.390919327735900879e-01
5.060190558433532715e-01
1.639909386634826660e+00
-2.027026265859603882e-01
5.209265351295471191e-01
1.156559959053993225e-01
5.202804803848266602e-01
2.058019399642944336e+00
-3.574067354202270508e-01
-1.635976135730743408e-01
5.481743812561035156e-01
-1.681645393371582031e+00
1.644703269004821777e+00
1.852840185165405273e-01
7.501570582389831543e-01
1.286399126052856445e+00
3.682936429977416992e-01
8.441070914268493652e-01
1.377293825149536133e+00
1.110634446144104004e+00
4.380426406860351562e-01
9.025474637746810913e-02
5.202423930168151855e-01
-7.711815088987350464e-02
4.189100265502929688e-01
-5.362589955329895020e-01
1.171856150031089783e-01
-5.803673267364501953e-01
-1.223321165889501572e-02
6.152619719505310059e-01
4.731569066643714905e-02
4.657931327819824219e-01
1.289292097091674805e+00
1.616527318954467773e+00
6.746923923492431641e-01
3.040859401226043701e-01
6.417115926742553711e-01
2.283716350793838501e-01
-3.374578058719635010e-01
2.148552179336547852e+00
-9.841538965702056885e-03
1.790539622306823730e+00
-9.722016751766204834e-02
-9.156274050474166870e-02
1.128545999526977539e-01
-2.960413694381713867e-01
5.711342091672122478e-04
-1.909371167421340942e-01
-3.001197874546051025e-01
-5.719632506370544434e-01
7.091861963272094727e-01
2.140860795974731445e+00
1.430313706398010254e+00
4.683267474174499512e-01
8.067258596420288086e-01
1.171491146087646484e+00
-9.854342043399810791e-02
1.469278454780578613e+00
3.264754116535186768e-01
1.297426700592041016e+00
-6.333154439926147461e-01
8.880375623703002930e-01
2.078924141824245453e-02
-2.951056361198425293e-01
-1.109278559684753418e+00
3.184389173984527588e-01
1.118525624275207520e+00
-1.421337008476257324e+00
8.602479696273803711e-01
1.117447853088378906e+00
1.422106742858886719e+00
1.049041032791137695e+00
6.543403267860412598e-01
-1.338475793600082397e-01
-7.785347700119018555e-01
-1.500415652990341187e-01
-5.601242184638977051e-01
4.003179371356964111e-01
-2.189492434263229370e-01
-7.879739403724670410e-01
6.988505721092224121e-01
1.653695106506347656e-01
5.079831480979919434e-01
-8.794716000556945801e-01
3.384428322315216064e-01
-6.691052913665771484e-01
-8.358190655708312988e-01
-2.631409168243408203e-01
2.696994878351688385e-02
6.612471342086791992e-01
-2.584371268749237061e-01
3.390595614910125732e-01
1.414560228586196899e-01
2.344443202018737793e-01
-2.466640993952751160e-02
-1.119416579604148865e-01
2.785722725093364716e-02
-1.153065040707588196e-01
-5.355029702186584473e-01
3.447568714618682861e-01
-3.010560385882854462e-02
3.796586394309997559e-01
4.999302327632904053e-01
2.732659578323364258e-01
2.693936526775360107e-01
1.197580546140670776e-01
5.901757478713989258e-01
1.567186594009399414e+00
-6.122921705245971680e-01
-5.428812503814697266e-01
-7.294927537441253662e-02
8.424268364906311035e-01
2.089969158172607422e+00
-2.688515782356262207e-01
-4.879879057407379150e-01
3.785589039325714111e-01
-1.223927438259124756e-01
1.351466894149780273e+00
6.499159932136535645e-01
6.282903552055358887e-01
8.142003417015075684e-01
-2.099052667617797852e-01
1.510150432586669922e-01
1.149441450834274292e-01
3.369576036930084229e-01
1.912453174591064453e-01
-4.749482274055480957e-01
4.003365337848663330e-01
-9.687579423189163208e-02
-1.624988168478012085e-01
9.550974369049072266e-01
-5.137739181518554688e-01
-7.584803700447082520e-01
4.077726900577545166e-01
1.909222267568111420e-02
-8.839987218379974365e-02
3.444731831550598145e-01
7.439187169075012207e-02
2.659271955490112305e-01
4.094045758247375488e-01
-7.496278882026672363e-01
9.701119661331176758e-01
4.887638092041015625e-01
-6.119030117988586426e-01
1.011659950017929077e-01
1.014030814170837402e+00
-4.285009205341339111e-01
-7.280935645103454590e-01
-6.311067342758178711e-01
4.344410821795463562e-02
8.528079092502593994e-02
3.113113939762115479e-01
-1.387354135513305664e-01
-3.274590373039245605e-01
1.597229540348052979e-01
1.807719022035598755e-01
-5.245672464370727539e-01
-1.127677440643310547e+00
-3.377763628959655762e-01
1.131131529808044434e+00
-8.766362071037292480e-01
2.588310241699218750e+00
-4.710500538349151611e-01
-2.228304624557495117e+00
-5.662742853164672852e-01
2.346621036529541016e+00
-1.036973118782043457e+00
1.521766781806945801e+00
5.826811790466308594e-01
-7.354717254638671875e-01
-1.829019561409950256e-02
1.177032470703125000e+00
1.310806393623352051e+00
8.977749943733215332e-01
5.025508403778076172e-01
-1.007315635681152344e+00
-4.151022806763648987e-02
1.819618195295333862e-01
2.548512816429138184e-01
-2.872043848037719727e-01
-3.669076263904571533e-01
2.820886075496673584e-01
7.458233237266540527e-01
6.228480339050292969e-01
-6.698036193847656250e-01
8.040862083435058594e-01
-1.594186276197433472e-01
-8.005656003952026367e-01
3.084664344787597656e-01
-2.245105057954788208e-01
6.314405202865600586e-01
1.002249360084533691e+00
-6.911004185676574707e-01
4.600779414176940918e-01
-4.743539988994598389e-01
1.207864284515380859e+00
-1.659303903579711914e-02
6.981538534164428711e-01
5.468779802322387695e-01
1.572637319564819336e+00
-5.728121995925903320e-01
2.052381336688995361e-01
5.014480352401733398e-01
-1.394553929567337036e-01
-6.946477890014648438e-01
9.425457566976547241e-02
6.313697993755340576e-02
-1.055751562118530273e+00
2.800818383693695068e-01
-1.428607106208801270e-01
1.463387250900268555e+00
4.453724622726440430e-01
1.276816248893737793e+00
-1.963226646184921265e-01
-8.896982669830322266e-02
1.441755890846252441e+00
1.750030815601348877e-01
8.538730144500732422e-01
-3.802601695060729980e-01
8.129304051399230957e-01
8.741582036018371582e-01
1.241258144378662109e+00
1.483043909072875977e+00
4.529447853565216064e-01
1.347588062286376953e+00
3.631177544593811035e-01
2.325406670570373535e-01
1.407202363014221191e+00
6.358091831207275391e-01
7.225739359855651855e-01
1.180828452110290527e+00
9.208459258079528809e-01
1.060557365417480469e+00
-8.433026075363159180e-02
3.362564146518707275e-01
7.255278825759887695e-01
6.349986791610717773e-01
3.594850599765777588e-01
1.475538462400436401e-01
7.672122120857238770e-01
5.019570589065551758e-01
8.803921937942504883e-01
-9.067041873931884766e-01
-4.497165232896804810e-02
-4.584597051143646240e-01
1.198403835296630859e+00
1.256234645843505859e-01
-1.757028400897979736e-01
9.090400338172912598e-01
9.105591177940368652e-01
1.008794188499450684e+00
2.220700681209564209e-01
3.635097444057464600e-01
1.214024186134338379e+00
8.426786661148071289e-01
7.154161334037780762e-01
-3.741563260555267334e-01
3.296477794647216797e-01
8.822158724069595337e-02
1.544136554002761841e-01
-4.293280243873596191e-01
-1.099069476127624512e+00
2.376628398895263672e+00
1.457267761230468750e+00
7.815392017364501953e-01
-6.516392827033996582e-01
1.320065379142761230e+00
1.996487021446228027e+00
4.982725083827972412e-01
3.961758911609649658e-01
1.014507651329040527e+00
-6.099376082420349121e-01
6.362106204032897949e-01
9.260184764862060547e-01
1.162526011466979980e+00
1.860723495483398438e+00
2.991273403167724609e-01
6.674744933843612671e-02
3.291251361370086670e-01
-3.174496889114379883e-01
6.485873460769653320e-01
-8.686317801475524902e-01
6.352493166923522949e-01
1.870452284812927246e+00
-4.835790097713470459e-01
1.975861787796020508e-01
-3.879358470439910889e-01
1.058162152767181396e-01
1.073133945465087891e+00
9.394903779029846191e-01
9.842831492424011230e-01
1.763221740722656250e+00
1.072585463523864746e+00
1.447930693626403809e+00
4.814147651195526123e-01
1.706037044525146484e+00
2.895126938819885254e-01
-2.434863150119781494e-01
-6.577381491661071777e-02
-3.551697731018066406e-01
3.936595916748046875e-01
-8.804504275321960449e-01
3.446261882781982422e-01
1.502265214920043945e+00
4.329480528831481934e-01
3.918426334857940674e-01
4.255641698837280273e-01
4.200365245342254639e-01
7.159670591354370117e-01
1.233502149581909180e+00
1.611048221588134766e+00
7.862225174903869629e-01
6.424862146377563477e-01
4.708208739757537842e-01
2.415277361869812012e-01
6.123093962669372559e-01
5.284839868545532227e-01
8.830810189247131348e-01
-5.859368443489074707e-01
6.274762749671936035e-01
-3.435527384281158447e-01
6.549032330513000488e-01
1.065806388854980469e+00
9.055773019790649414e-01
3.109417855739593506e-01
-8.446025848388671875e-01
8.836060762405395508e-02
1.383757472038269043e+00
5.162508487701416016e-01
5.107612907886505127e-02
-6.906488537788391113e-02
-2.377477660775184631e-02
1.480430483818054199e+00
4.762350320816040039e-01
-2.426539957523345947e-01
-1.802769005298614502e-01
-6.335453391075134277e-01
1.134243130683898926e+00
-7.810196876525878906e-01
-2.153094112873077393e-01
3.211608231067657471e-01
-2.400833666324615479e-01
6.939771771430969238e-02
5.955433472990989685e-02
-1.604727745056152344e+00
-4.284295141696929932e-01
5.002167820930480957e-01
1.518964529037475586e+00
1.721961259841918945e+00
4.940385222434997559e-01
-4.391082823276519775e-01
1.749482601881027222e-01
4.775138497352600098e-01
4.511229321360588074e-02
2.539373636245727539e-01
-2.673691511154174805e-01
6.550180912017822266e-01
2.104314327239990234e+00
1.576859056949615479e-01
-2.130631059408187866e-01
-4.154973328113555908e-01
3.750725388526916504e-01
2.612989246845245361e-01
1.704490929841995239e-01
2.502447664737701416e-01
7.920513153076171875e-01
2.956251204013824463e-01
4.303604662418365479e-01
7.943727374076843262e-01
5.451737344264984131e-02
-2.290060818195343018e-01
1.352133005857467651e-01
7.505965232849121094e-01
9.444748163223266602e-01
-9.616654366254806519e-02
-3.718340098857879639e-01
-2.077925056219100952e-01
4.956270381808280945e-02
6.812452077865600586e-01
-2.715893387794494629e-01
-2.993790209293365479e-01
2.335142046213150024e-01
2.934655547142028809e-01
4.058944880962371826e-01
7.033171504735946655e-02
1.565523073077201843e-02
-6.217064335942268372e-02
9.122859835624694824e-01
1.122580409049987793e+00
-2.911646617576479912e-03
-4.856778681278228760e-01
-1.277414262294769287e-01
3.080798089504241943e-01
1.515477776527404785e+00
3.749080002307891846e-01
-5.479258298873901367e-01
4.720709323883056641e-01
1.039904236793518066e+00
-8.264614939689636230e-01
5.119373798370361328e-01
5.033017322421073914e-02
3.135110139846801758e-01
-4.171331524848937988e-01
1.069363474845886230e+00
-2.674656361341476440e-02
-4.084124267101287842e-01
4.504736661911010742e-01
7.723884582519531250e-01
-3.237332999706268311e-01
3.466713428497314453e-01
1.648066341876983643e-01
-6.356844305992126465e-01
-2.283823788166046143e-01
-9.003940969705581665e-02
-7.474159002304077148e-01
2.868671119213104248e-01
4.300009086728096008e-02
4.824615418910980225e-01
4.323573112487792969e-01
-2.713968157768249512e-01
4.943521916866302490e-01
3.808851242065429688e-01
-4.539677798748016357e-01
2.863544225692749023e-01
1.109603047370910645e+00
8.972723037004470825e-02
-5.131432414054870605e-01
1.818890720605850220e-01
4.652964472770690918e-01
1.974010765552520752e-01
-7.191549539566040039e-01
-6.469489540904760361e-03
7.736017107963562012e-01
-6.736452579498291016e-01
-4.910802543163299561e-01
3.883678913116455078e-01
-1.760700345039367676e-01
2.502490758895874023e+00
-7.514072060585021973e-01
-1.020390272140502930e+00
-1.473607540130615234e+00
1.574020266532897949e+00
-8.518987894058227539e-01
9.730328917503356934e-01
3.045223355293273926e-01
3.502073287963867188e-01
1.801791787147521973e-01
-1.254972219467163086e+00
-3.540352731943130493e-02
8.199791312217712402e-01
7.483857274055480957e-01
-1.213752985000610352e+00
3.552014827728271484e-01
9.026070237159729004e-01
5.842232108116149902e-01
6.655303239822387695e-01
-1.038578391075134277e+00
1.396906375885009766e-01
1.649733424186706543e+00
-2.095937281847000122e-01
-5.546963810920715332e-01
1.103552341461181641e+00
5.359746813774108887e-01
3.590072393417358398e-01
-7.941786050796508789e-01
5.709095597267150879e-01
3.781218826770782471e-01
-1.054553315043449402e-01
-4.414231479167938232e-01
-5.816477909684181213e-02
-1.105380177497863770e+00
2.650276720523834229e-01
3.716818690299987793e-01
3.605447709560394287e-01
9.982913732528686523e-01
7.021908760070800781e-01
-7.516425848007202148e-01
-5.479825288057327271e-02
5.323773622512817383e-01
9.636021256446838379e-01
5.556082725524902344e-01
-4.933788180351257324e-01
-2.309118583798408508e-02
-3.963358998298645020e-01
1.638113707304000854e-01
9.033645689487457275e-02
-9.439598321914672852e-01
-1.721521258354187012e+00
1.819775223731994629e+00
1.562028527259826660e-01
3.108464777469635010e-01
2.673979699611663818e-01
1.671113014221191406e+00
1.836469411849975586e+00
1.802036911249160767e-01
-2.148648500442504883e-01
6.210304498672485352e-01
-3.524931073188781738e-01
1.028086692094802856e-01
-4.973341524600982666e-02
-2.487285286188125610e-01
1.122083663940429688e+00
-1.064835190773010254e+00
5.668359994888305664e-01
7.160421013832092285e-01
8.408165574073791504e-01
8.579074740409851074e-01
7.096950411796569824e-01
6.782808154821395874e-02
7.965566515922546387e-01
5.008084774017333984e-01
7.098788619041442871e-01
1.951469182968139648e-01
8.012275099754333496e-01
9.757445007562637329e-02
8.756644725799560547e-01
9.534247517585754395e-01
8.143491148948669434e-01
7.448396086692810059e-01
8.915027976036071777e-01
5.582224130630493164e-01
9.078240990638732910e-01
1.021183952689170837e-01
4.026722311973571777e-01
4.066392034292221069e-02
9.142807126045227051e-01
3.864684998989105225e-01
2.542367950081825256e-02
4.163897037506103516e-01
3.797040581703186035e-01
3.683570399880409241e-02
6.296141147613525391e-01
6.940684318542480469e-01
2.548895478248596191e-01
6.794383525848388672e-01
1.379560828208923340e-01
6.201505661010742188e-01
2.487102150917053223e-01
6.057150363922119141e-01
8.190552592277526855e-01
2.638277411460876465e-01
4.605827927589416504e-01
2.765372097492218018e-01
3.239411413669586182e-01
3.076526820659637451e-01
1.905709803104400635e-01
9.792486578226089478e-02
4.378311932086944580e-01
9.659337997436523438e-01
9.511672854423522949e-01
2.587170302867889404e-01
8.430897593498229980e-01
1.048990115523338318e-01
7.480212450027465820e-01
5.579999089241027832e-01
5.122233033180236816e-01
6.473546624183654785e-01
2.485461980104446411e-01
2.858649492263793945e-01
5.903429985046386719e-01
7.088403701782226562e-01
6.467370390892028809e-01
9.214776158332824707e-01
2.994033992290496826e-01
6.768556833267211914e-01
5.081357955932617188e-01
4.595889151096343994e-01
6.224765256047248840e-02
7.380419969558715820e-01
1.031404435634613037e-01
2.842510640621185303e-01
5.147127509117126465e-01
9.308688640594482422e-01
2.513514161109924316e-01
3.510617911815643311e-01
6.120734810829162598e-01
5.360595583915710449e-01
4.148653745651245117e-01
7.256235480308532715e-01
8.549539446830749512e-01
1.465642899274826050e-01
5.365357995033264160e-01
7.131351232528686523e-01
4.552575349807739258e-01
9.019008278846740723e-01
1.150932535529136658e-02
8.138136863708496094e-01
9.243915677070617676e-01
3.261952698230743408e-01
1.839182078838348389e-01
8.864105343818664551e-01
2.890755534172058105e-01
3.211756348609924316e-01
4.421092271804809570e-01
2.214826345443725586e-01
3.158724904060363770e-01
1.843232661485671997e-01
1.096525862812995911e-01
9.502509236335754395e-01
1.127611249685287476e-01
5.651771426200866699e-01
3.551952838897705078e-01
8.424171060323715210e-02
6.307275891304016113e-01
5.987135171890258789e-01
3.424416184425354004e-01
5.618832707405090332e-01
8.126795887947082520e-01
5.889685750007629395e-01
2.359114587306976318e-01
5.560879707336425781e-01
5.203623771667480469e-01
9.526113867759704590e-01
2.042360156774520874e-01
7.552925348281860352e-01
6.803351044654846191e-01
3.211556375026702881e-01
6.353678703308105469e-01
6.703892350196838379e-01
8.131951093673706055e-01
7.453715801239013672e-01
6.806412935256958008e-01
7.298985719680786133e-01
4.856443032622337341e-02
4.590917825698852539e-01
7.048501372337341309e-01
2.654054760932922363e-01
6.056072711944580078e-01
5.825628060847520828e-03
5.429059267044067383e-01
7.952857613563537598e-01
1.737065613269805908e-01
1.212376281619071960e-01
7.124310135841369629e-01
7.769887447357177734e-01
4.309210777282714844e-01
2.315559536218643188e-01
9.486183524131774902e-01
4.467171430587768555e-01
6.953248977661132812e-01
8.552405834197998047e-01
8.230280876159667969e-01
1.557739228010177612e-01
3.047623932361602783e-01
7.124886512756347656e-01
4.359520599246025085e-02
4.508679509162902832e-01
4.377244710922241211e-01
5.934576392173767090e-01
9.363926649093627930e-01
9.965998530387878418e-01
4.415402710437774658e-01
8.578926324844360352e-02
2.909132242202758789e-01
1.283079087734222412e-01
3.605128824710845947e-01
4.571315646171569824e-01
5.932380557060241699e-01
7.505345940589904785e-01
1.585509181022644043e-01
7.179883122444152832e-01
7.467244863510131836e-01
5.200244784355163574e-01
1.752816140651702881e-01
7.705782055854797363e-01
8.232228755950927734e-01
3.801009654998779297e-01
8.741647601127624512e-01
6.935079395771026611e-02
7.225676774978637695e-01
6.481087207794189453e-01
9.321897625923156738e-01
1.525891125202178955e-01
4.031204283237457275e-01
8.249113559722900391e-01
7.240409255027770996e-01
9.857966899871826172e-01
6.292026638984680176e-01
7.028951048851013184e-01
3.230089247226715088e-01
2.501867711544036865e-01
1.292114108800888062e-01
3.763712346553802490e-01
6.226017475128173828e-01
4.775877594947814941e-01
9.656363725662231445e-01
8.483435511589050293e-01
5.903349444270133972e-02
9.204614162445068359e-01
5.918374061584472656e-01
8.208227157592773438e-01
7.218948751688003540e-02
7.969038486480712891e-01
3.950213789939880371e-01
6.972469091415405273e-01
7.092407941818237305e-01
7.011582255363464355e-01
9.069620631635189056e-03
7.171702384948730469e-01
3.019990324974060059e-01
5.172575265169143677e-02
7.577595710754394531e-01
1.710704863071441650e-01
4.471537768840789795e-01
3.881702721118927002e-01
9.960520267486572266e-01
6.671974062919616699e-01
7.010074853897094727e-01
5.324457883834838867e-01
5.931428447365760803e-02
5.790524482727050781e-01
6.293522119522094727e-01
8.444931507110595703e-01
8.542703390121459961e-01
8.440118432044982910e-01
5.984043478965759277e-01
7.803569436073303223e-01
5.924392938613891602e-01
8.472877740859985352e-02
7.909076809883117676e-01
9.705201983451843262e-01
6.751596331596374512e-01
6.117126345634460449e-01
1.768888346850872040e-02
2.382858246564865112e-01
4.667522907257080078e-01
5.707784891128540039e-01
1.037823706865310669e-01
2.517880797386169434e-01
4.494795501232147217e-01
7.946604490280151367e-02
1.192080080509185791e-01
9.149990677833557129e-01
5.413643717765808105e-01
9.527717232704162598e-01
2.571616768836975098e-01
9.616795182228088379e-01
6.691829562187194824e-01
7.180058956146240234e-01
6.285333633422851562e-01
2.670589983463287354e-01
4.175128042697906494e-02
9.027050137519836426e-01
2.189885824918746948e-01
8.761919140815734863e-01
6.469604372978210449e-01
9.270975589752197266e-01
2.495285719633102417e-01
4.026262462139129639e-01
8.830686211585998535e-01
5.696163177490234375e-01
3.205730617046356201e-01
3.323274478316307068e-02
4.307736158370971680e-01
9.765061736106872559e-01
6.302721500396728516e-01
2.790549099445343018e-01
6.820486783981323242e-01
3.216002881526947021e-01
8.962245583534240723e-01
4.032778143882751465e-01
6.535524129867553711e-01
3.118782639503479004e-01
7.548129558563232422e-01
6.466440558433532715e-01
2.109103351831436157e-01
5.873440206050872803e-02
7.159106135368347168e-01
2.678398787975311279e-01
9.491323232650756836e-01
3.084174990653991699e-01
6.423968821763992310e-02
4.688149392604827881e-01
7.100676745176315308e-02
7.940125465393066406e-01
7.547965049743652344e-01
2.697900831699371338e-01
7.198762148618698120e-02
9.218525290489196777e-01
1.932112932205200195e+00
7.952331900596618652e-01
-9.908974170684814453e-01
3.405871093273162842e-01
