3.793219804763793945e+00
5.383628368377685547e+00
1.544479942321777344e+01
1.550942134857177734e+01
1.838452720642089844e+01
9.125701904296875000e+00
1.635674667358398438e+01
1.294759559631347656e+01
9.869088172912597656e+00
8.656375885009765625e+00
-8.494047164916992188e+00
3.029160797595977783e-01
-1.088250637054443359e+00
-8.865409493446350098e-01
1.640457344055175781e+01
-1.299883842468261719e+01
-9.934815019369125366e-02
-7.096065521240234375e+00
2.804005861282348633e+00
1.658123135566711426e+00
4.761797904968261719e+00
5.307648703455924988e-02
1.076110076904296875e+01
9.111603736877441406e+00
3.412811085581779480e-02
-7.940426349639892578e+00
-7.605258464813232422e+00
4.374242305755615234e+00
-1.236927223205566406e+01
2.162230730056762695e+00
-1.394515752792358398e+00
7.136733531951904297e-01
-1.190561294555664062e+00
-4.414594769477844238e-01
-1.419722676277160645e+00
-1.314625835418701172e+01
1.154632377624511719e+01
1.019350051879882812e+01
1.096927285194396973e+00
-1.921121406555175781e+01
-1.825430107116699219e+01
8.064153671264648438e+00
-6.268309593200683594e+00
-5.707654356956481934e-01
-7.944802045822143555e-01
-5.341200351715087891e+00
-2.267569780349731445e+00
1.895171046257019043e+00
5.863993644714355469e+00
-3.325065612792968750e+00
3.318766355514526367e+00
9.549209475517272949e-01
-2.989785194396972656e+00
3.396727561950683594e+00
-1.894993066787719727e+00
3.639546394348144531e+00
3.314765214920043945e+00
-1.177713274955749512e+00
3.043887138366699219e+00
1.068212747573852539e+00
-3.928990364074707031e-01
-2.080266952514648438e+00
-3.099891424179077148e+00
-7.057488441467285156e+00
1.678217411041259766e+00
-1.598693370819091797e+00
-5.366373658180236816e-01
1.733490467071533203e+00
-4.402279481291770935e-02
7.008031010627746582e-01
-1.809000968933105469e+00
-4.256727695465087891e+00
3.052213430404663086e+00
2.804276943206787109e+00
2.763045549392700195e+00
-2.993119478225708008e+00
2.985203981399536133e+00
-2.115606307983398438e+00
-1.469871640205383301e+00
-3.037042140960693359e+00
-1.622663736343383789e+00
1.047978401184082031e+00
2.190188407897949219e+00
-8.493966609239578247e-02
1.436031222343444824e+00
-6.101181507110595703e-01
4.484500408172607422e+00
-1.713658690452575684e+00
-7.278648376464843750e+00
-2.177154541015625000e+00
1.327713370323181152e+00
5.553733825683593750e+00
2.974798440933227539e+00
1.395393013954162598e-01
8.358448982238769531e+00
3.578696727752685547e+00
3.823740035295486450e-02
-2.864743709564208984e+00
-2.060644388198852539e+00
-3.091049909591674805e+00
2.159471511840820312e+00
-3.669491410255432129e-01
-7.751183509826660156e-01
-5.890242457389831543e-01
-1.727132350206375122e-01
-5.027834177017211914e-01
-5.423678874969482422e+00
-3.181338548660278320e+00
-1.964740633964538574e+00
-5.108833685517311096e-02
5.214009284973144531e+00
-4.791995048522949219e+00
2.360110282897949219e+00
-9.441270232200622559e-01
-1.197336077690124512e+00
-3.748748540878295898e+00
-8.238890767097473145e-01
