7.294369697570800781e+00
9.027251243591308594e+00
1.544492912292480469e+01
2.704900503158569336e+00
1.545970249176025391e+01
1.967154693603515625e+01
-7.355857849121093750e+00
-3.051863431930541992e+00
-1.968562126159667969e+01
1.837977981567382812e+01
1.936870455741882324e+00
-3.723474740982055664e+00
-4.755579948425292969e+00
-1.314381790161132812e+01
1.182950115203857422e+01
-1.937281727790832520e+00
-8.216518402099609375e+00
-3.787540495395660400e-01
-6.116591930389404297e+00
8.357634544372558594e-01
1.282400488853454590e+00
5.907875061035156250e+00
-1.097908854484558105e+00
1.773719596862792969e+01
2.137621879577636719e+00
3.871936202049255371e-01
-2.579341173171997070e+00
3.671747684478759766e+00
5.928856849670410156e+00
-6.364483237266540527e-01
-2.424283027648925781e+00
3.138183951377868652e-01
-9.429289698600769043e-01
7.511363506317138672e+00
-3.305356502532958984e+00
3.639142274856567383e+00
2.067913860082626343e-01
1.448285460472106934e+00
-2.260451078414916992e+00
4.881458759307861328e+00
4.270991325378417969e+00
3.370162010192871094e+00
-2.092637777328491211e+00
2.419502496719360352e+00
-6.766335487365722656e+00
-8.937138915061950684e-01
1.437431812286376953e+00
-3.193473577499389648e+00
3.845963716506958008e+00
5.895657539367675781e+00
-7.006347179412841797e-01
2.939209699630737305e+00
8.763721585273742676e-01
-3.775260686874389648e+00
5.248157501220703125e+00
-5.571714401245117188e+00
1.689632534980773926e+00
-9.466696381568908691e-01
-1.969621658325195312e+00
-1.733057975769042969e+01
-3.437352895736694336e+00
-3.840163230895996094e+00
-3.280480861663818359e+00
-1.029596447944641113e+00
-1.026550173759460449e+00
1.185565280914306641e+01
-1.191865444183349609e+00
-8.512922525405883789e-01
-4.990209043025970459e-01
-1.080168843269348145e+00
