1.691151499748229980e+00
1.672700524330139160e+00
4.200888156890869141e+00
9.130510687828063965e-01
2.103453874588012695e+00
2.816751956939697266e+00
2.443446874618530273e+00
1.789398670196533203e+00
1.963659048080444336e+00
3.083543539047241211e+00
8.477066159248352051e-01
6.293411850929260254e-01
1.958012223243713379e+00
1.034782081842422485e-01
-4.225202202796936035e-01
1.744996190071105957e+00
1.444907188415527344e+00
4.824371039867401123e-01
-7.154131680727005005e-02
1.351285457611083984e+00
5.245226025581359863e-01
-7.155515551567077637e-01
-3.782014846801757812e-01
-1.349369883537292480e-01
1.175250530242919922e+00
1.129802241921424866e-01
-1.908189207315444946e-01
-1.142792850732803345e-01
-5.029460042715072632e-02
-1.558506041765213013e-01
-5.155893787741661072e-02
2.157221175730228424e-02
1.114257499575614929e-01
-6.303778290748596191e-02
3.154697418212890625e-01
2.768869102001190186e-01
-7.349432706832885742e-01
1.019128990173339844e+01
1.318871974945068359e+01
1.327469158172607422e+01
1.401537132263183594e+01
1.549877643585205078e+01
1.511215305328369141e+01
1.690731430053710938e+01
1.798626327514648438e+01
1.927372169494628906e+01
2.173544311523437500e+01
2.684245300292968750e+01
3.130226898193359375e+01
1.468700289726257324e+00
-2.057528495788574219e-01
4.736236929893493652e-01
-1.527638792991638184e+00
-4.523086249828338623e-01
1.122511267662048340e+00
1.568991899490356445e+00
-2.372937463223934174e-02
1.228332798928022385e-02
1.596367955207824707e+00
-3.559078276157379150e-01
-8.425664305686950684e-01
4.530234932899475098e-01
-8.963497281074523926e-01
-1.440915346145629883e+00
-5.166319012641906738e-01
6.936529278755187988e-01
-1.095947265625000000e+00
8.739724755287170410e-01
-5.553568154573440552e-02
-1.659131646156311035e+00
-1.294368743896484375e+00
-1.467712521553039551e+00
5.368860363960266113e-01
5.518691241741180420e-02
6.330627799034118652e-01
-9.496900439262390137e-01
2.230222463607788086e+00
-6.190868616104125977e-01
-4.441738426685333252e-01
2.501211404800415039e+00
9.948295354843139648e-01
3.853945732116699219e-01
2.646764993667602539e+00
-4.501096904277801514e-01
1.249841973185539246e-01
7.457880973815917969e-01
-1.218303665518760681e-01
2.086201906204223633e-01
-1.369461059570312500e+00
3.051703572273254395e-01
2.481032848358154297e+00
1.165042519569396973e-01
2.885102629661560059e-01
-1.361254602670669556e-01
-3.396473452448844910e-02
-8.967411518096923828e-01
1.133309602737426758e+00
-1.491478800773620605e+00
1.510231971740722656e+00
-1.829750299453735352e+00
4.742000699043273926e-01
-3.938572704792022705e-01
-3.759096860885620117e-01
5.881000757217407227e-01
3.614336252212524414e-02
3.482637703418731689e-01
-1.267788767814636230e+00
1.942536473274230957e+00
7.274801135063171387e-01
-1.645634770393371582e-01
5.522607564926147461e-01
7.966065406799316406e-01
-5.536894202232360840e-01
5.525445938110351562e-01
4.690368771553039551e-01
-1.043863654136657715e+00
1.724503517150878906e+00
1.742224097251892090e-01
-2.993334233760833740e-01
3.057138919830322266e+00
2.529757976531982422e+00
-1.447657704353332520e+00
-4.693534851074218750e+00
9.438481330871582031e-01
1.091708540916442871e+00
-1.955754309892654419e-01
-3.489300966262817383e+00
-2.889881730079650879e-01
2.776077687740325928e-01
-1.065263152122497559e+00
6.889919042587280273e-01
1.301225721836090088e-01
-3.014676868915557861e-01
3.078579008579254150e-01
5.615747570991516113e-01
2.425926923751831055e-01
4.219453334808349609e-01
-2.596440911293029785e-01
1.734721511602401733e-01
1.178271472454071045e-01
1.322430372238159180e+00
-1.688372716307640076e-02
-2.270437628030776978e-01
1.869269013404846191e-01
2.141591161489486694e-01
1.048202812671661377e-01
5.544267296791076660e-01
-2.366988211870193481e-01
1.422078162431716919e-01
1.011637330055236816e+00
-2.853192090988159180e+00
1.079903244972229004e+00
-1.628584265708923340e-01
-8.845653533935546875e-01
-1.933488100767135620e-01
3.353239595890045166e-01
-2.424353808164596558e-01
-7.016067504882812500e-01
-7.434782385826110840e-01
-1.626396059989929199e+00
-1.459554910659790039e+00
1.809103041887283325e-01
6.865860223770141602e-01
4.297415539622306824e-02
1.619363427162170410e-01
-2.895175851881504059e-02
5.403535366058349609e-01
-3.061386942863464355e-01
-5.552628636360168457e-01
3.786860108375549316e-01
2.427024692296981812e-01
-6.093526259064674377e-02
1.059458255767822266e-01
2.649663984775543213e-01
1.065639592707157135e-02
-1.608300358057022095e-01
4.797850251197814941e-01
2.764217555522918701e-01
-4.914253577589988708e-02
-8.358963765203952789e-03
4.922508299350738525e-01
-7.726026773452758789e-01
2.611097395420074463e-01
1.937957853078842163e-01
6.693817377090454102e-01
-1.987155899405479431e-02
-3.090959042310714722e-02
-1.628591567277908325e-01
4.591785371303558350e-01
-3.687206804752349854e-01
6.358249187469482422e-01
4.480073153972625732e-01
1.037841439247131348e+00
7.347702383995056152e-01
2.211832106113433838e-01
5.692917704582214355e-01
-5.095448717474937439e-02
-9.265829324722290039e-01
9.568173289299011230e-01
1.334999918937683105e+00
2.265024185180664062e+00
3.267492353916168213e-01
2.986548662185668945e+00
-2.225993722677230835e-01
-9.393242597579956055e-01
-2.200938314199447632e-01
3.612201288342475891e-02
2.945098578929901123e-01
-1.528127789497375488e-01
1.077818199992179871e-01
-3.471964001655578613e-01
-4.296847581863403320e-01
-2.539334893226623535e-01
-1.372973471879959106e-01
-3.977262377738952637e-01
2.989250421524047852e-01
4.120710790157318115e-01
-6.415304541587829590e-02
-3.104991316795349121e-01
3.143967390060424805e-01
3.803281784057617188e-01
-3.184390664100646973e-01
3.690446494147181511e-03
-1.660497039556503296e-01
-1.219999510794878006e-02
4.446969330310821533e-01
-3.792049884796142578e-01
-1.417518109083175659e-01
1.023275494575500488e+00
-4.110253751277923584e-01
-1.211102977395057678e-01
6.333122849464416504e-01
-4.837148487567901611e-01
3.156616687774658203e-01
1.549716442823410034e-01
5.356033444404602051e-01
2.330868840217590332e-01
8.678357601165771484e-01
4.747712239623069763e-02
-7.743003219366073608e-02
-3.536565899848937988e-01
-2.534239888191223145e-01
-5.693715065717697144e-02
1.620197296142578125e-02
-1.936285793781280518e-01
3.199363648891448975e-01
8.668062835931777954e-02
-8.555170148611068726e-02
-3.196101784706115723e-01
1.287487149238586426e-01
5.156357772648334503e-03
-3.736416995525360107e-02
-3.882889747619628906e-01
1.052163600921630859e+00
1.202160641551017761e-01
5.188857316970825195e-01
-2.373089827597141266e-02
1.840424984693527222e-01
-3.787594437599182129e-01
7.886937260627746582e-01
1.112816929817199707e-01
4.390223622322082520e-01
-2.225226536393165588e-02
-7.137998342514038086e-01
1.224160343408584595e-01
9.644811600446701050e-02
-1.279793977737426758e+00
2.870354056358337402e-01
-1.255404502153396606e-01
-2.575396299362182617e-01
-1.267253994941711426e+00
-1.097225770354270935e-01
-2.143073379993438721e-01
-2.696273028850555420e-01
2.742816805839538574e-01
-7.649730890989303589e-02
1.384600698947906494e-01
-1.057059884071350098e+00
-2.753040492534637451e-01
-4.044249057769775391e-01
-3.151296138763427734e+00
5.402497053146362305e-01
1.513826370239257812e+00
4.815878928638994694e-04
-7.791241630911827087e-03
7.958981208503246307e-03
-3.124972572550177574e-03
-5.307686980813741684e-03
-7.953717373311519623e-03
3.080488881096243858e-03
-7.552233990281820297e-03
-3.481504973024129868e-04
6.516042631119489670e-03
-3.274159738793969154e-03
-5.114881205372512341e-04
1.661590184085071087e-03
-4.137793090194463730e-03
3.586798906326293945e-03
-3.843368263915181160e-03
-2.576907165348529816e-03
-1.824043923988938332e-03
5.437063518911600113e-03
8.010624907910823822e-03
6.071512587368488312e-03
9.203556692227721214e-04
-3.768380498513579369e-03
9.765988215804100037e-03
8.262470946647226810e-04
-6.897893268615007401e-03
-7.367270532995462418e-03
-5.991447716951370239e-03
3.805671585723757744e-03
-5.472449585795402527e-03
3.776349127292633057e-03
-2.415257506072521210e-03
3.627197816967964172e-03
-6.673051044344902039e-03
9.373366832733154297e-03
-4.124678205698728561e-03
-6.343290209770202637e-03
-5.261736456304788589e-03
-1.681828289292752743e-03
-5.775189958512783051e-03
-1.354501117020845413e-03
-4.378292243927717209e-03
3.088247030973434448e-03
2.705533290281891823e-03
-2.108834218233823776e-03
-4.149382933974266052e-03
6.475932896137237549e-03
6.039688363671302795e-03
-5.987946409732103348e-03
3.517015604302287102e-03
3.325204830616712570e-03
-5.646393168717622757e-03
5.822577048093080521e-03
4.944757558405399323e-03
4.979182267561554909e-04
-8.713843417353928089e-04
3.511051181703805923e-03
7.742285728454589844e-03
-9.235223755240440369e-03
-4.752472974359989166e-03
-5.968795157968997955e-03
-9.972702246159315109e-04
5.874577444046735764e-03
7.505717687308788300e-03
-7.874634116888046265e-03
-8.712320588529109955e-03
3.570211352780461311e-03
-1.837356598116457462e-03
-5.157736130058765411e-03
8.856206201016902924e-03
3.394453786313533783e-03
-4.267330281436443329e-03
-5.780241452157497406e-03
5.656106397509574890e-03
1.003807759843766689e-03
7.970603764988481998e-04
1.129790674895048141e-03
-1.496254699304699898e-03
1.402291893959045410e+00
7.624490857124328613e-01
-1.414163589477539062e+00
4.847230017185211182e-01
