1.713021278381347656e+00
-2.266039609909057617e+00
-3.040897548198699951e-01
4.622696876525878906e+00
1.372114062309265137e+00
3.722974061965942383e+00
1.982403874397277832e+00
2.271083831787109375e+00
2.329929351806640625e+00
2.451240301132202148e+00
1.549660563468933105e-01
-4.969922602176666260e-01
-6.002954840660095215e-01
4.434554874897003174e-01
1.752758771181106567e-01
4.221371412277221680e-01
-2.920075654983520508e-01
6.381011605262756348e-01
-3.948744535446166992e-01
8.285657167434692383e-01
1.477292925119400024e-01
-9.651622176170349121e-01
-7.332880496978759766e-01
-1.766257643699645996e+00
6.427082419395446777e-01
4.147851839661598206e-02
-6.752277612686157227e-01
-3.408721983432769775e-01
3.447277471423149109e-03
-6.659364700317382812e-02
1.778696179389953613e-01
-3.957553580403327942e-02
3.113271594047546387e-01
-3.425907194614410400e-01
7.126258313655853271e-02
1.484318971633911133e+00
-4.392929077148437500e-01
9.960185050964355469e+00
9.962370872497558594e+00
1.320284938812255859e+01
1.338270568847656250e+01
1.546908378601074219e+01
1.438242626190185547e+01
1.755502128601074219e+01
1.907327461242675781e+01
1.938413238525390625e+01
1.964122962951660156e+01
2.156462478637695312e+01
2.158457183837890625e+01
1.411762475967407227e+00
-1.788536459207534790e-01
2.002785205841064453e-01
9.794409573078155518e-02
-6.180038303136825562e-02
1.445657491683959961e+00
-2.129494428634643555e+00
4.364545345306396484e-01
2.088591754436492920e-01
1.495306611061096191e+00
-5.939916968345642090e-01
1.813574731349945068e-01
1.366941809654235840e+00
1.067996677011251450e-02
-1.525419831275939941e+00
6.948272883892059326e-02
8.624718785285949707e-01
1.281587719917297363e+00
4.147083461284637451e-01
-1.961229085922241211e+00
9.903773665428161621e-01
1.027263879776000977e+00
4.219497144222259521e-01
-1.669996142387390137e+00
2.014552116394042969e+00
-9.633615612983703613e-01
-3.367858827114105225e-01
2.733585596084594727e+00
-5.167351722717285156e+00
3.856380939483642578e+00
1.030233478546142578e+01
1.395317935943603516e+01
-2.387420892715454102e+00
-4.782467365264892578e+00
1.519806385040283203e+00
5.645131692290306091e-02
-4.099690437316894531e+00
6.731617927551269531e+00
-4.079705238342285156e+00
-1.483891391754150391e+01
-2.093289947509765625e+01
3.592484235763549805e+00
2.364860773086547852e-01
-1.159483313560485840e+00
4.283788502216339111e-01
-7.534607648849487305e-01
7.267520762979984283e-03
-2.718059122562408447e-01
1.211772799491882324e+00
-1.329661250114440918e+00
2.592355966567993164e+00
-3.493152856826782227e+00
-3.670493364334106445e-01
3.653338849544525146e-01
-1.588307857513427734e+00
5.634862184524536133e-01
3.993928432464599609e+00
1.424578785896301270e+00
1.556846261024475098e+00
-1.780863404273986816e+00
2.033115386962890625e+00
-7.560606598854064941e-01
-4.217818737030029297e+00
3.998065590858459473e-01
-1.142532467842102051e+00
-1.077998638153076172e+00
5.015990138053894043e-01
7.202351093292236328e-01
2.242474555969238281e+00
9.153041243553161621e-01
6.165145337581634521e-02
-6.340072751045227051e-01
3.753132581710815430e+00
-2.540526151657104492e+00
-5.202370643615722656e+00
-8.186110496520996094e+00
-4.601479053497314453e+00
7.344643592834472656e+00
1.444580554962158203e-01
3.211044669151306152e-01
1.379792541265487671e-01
-3.736748173832893372e-02
-1.582931429147720337e-01
1.000330686569213867e+00
4.137491583824157715e-01
-9.080649018287658691e-01
-1.147129312157630920e-01
-7.518088221549987793e-01
1.062404632568359375e+00
2.131397724151611328e-01
4.323514103889465332e-01
-8.933609724044799805e-01
1.827969670295715332e+00
-1.261716783046722412e-01
-5.185621380805969238e-01
6.623623967170715332e-01
-9.832823872566223145e-01
2.608620226383209229e-01
2.771942317485809326e-01
-4.316674470901489258e-01
6.884567141532897949e-01
3.912636339664459229e-01
9.684756398200988770e-01
8.985957503318786621e-01
-2.090080022811889648e+00
-1.206208020448684692e-01
-2.273104667663574219e+00
1.690343260765075684e+00
-1.718076705932617188e+00
-6.172832965850830078e+00
-2.302530407905578613e-01
-2.271035194396972656e+00
-1.611587285995483398e+00
3.295397996902465820e+00
6.149092912673950195e-01
2.866044998168945312e+00
-2.088651180267333984e+00
1.976140379905700684e+00
8.133525848388671875e+00
-3.540827333927154541e-01
5.770142674446105957e-01
-1.349332481622695923e-01
-4.995571374893188477e-01
1.754085272550582886e-01
1.700083166360855103e-01
-2.461044639348983765e-01
-1.353404283523559570e+00
-5.253360792994499207e-02
7.665190696716308594e-01
-1.191776543855667114e-01
7.112828493118286133e-01
2.279138565063476562e-01
-6.746112704277038574e-01
5.729746222496032715e-01
2.692563772201538086e+00
4.788318872451782227e-01
1.833995687775313854e-03
-1.527680456638336182e-01
5.468813776969909668e-01
5.231053233146667480e-01
1.104314446449279785e+00
1.050861835479736328e+00
-5.438387989997863770e-01
-6.555860638618469238e-01
1.503438830375671387e+00
-8.200683593750000000e-01
8.581674695014953613e-01
-6.827074885368347168e-01
-2.948154509067535400e-01
3.518046736717224121e-01
1.022833466529846191e+00
-1.628621816635131836e-01
9.187465906143188477e-01
5.019595623016357422e+00
2.637615203857421875e+00
2.262682199478149414e+00
-4.650155305862426758e-01
2.198377698659896851e-01
-2.116807401180267334e-01
-1.964520812034606934e-01
7.248473763465881348e-01
-9.528245329856872559e-01
1.016825914382934570e+00
-8.485040664672851562e-01
1.835899204015731812e-01
5.663878321647644043e-01
-4.682543873786926270e-01
-1.578992366790771484e+00
-6.340599656105041504e-01
-8.553411364555358887e-01
9.420287013053894043e-01
-6.663848161697387695e-01
3.873606026172637939e-01
4.664835035800933838e-01
-8.384422063827514648e-01
6.105377674102783203e-01
-3.041609227657318115e-01
-4.922908172011375427e-02
4.626948758959770203e-02
4.612877070903778076e-01
3.715608716011047363e-01
8.882741332054138184e-01
-2.342317581176757812e+00
-4.470677375793457031e-01
-1.769383072853088379e+00
1.009765625000000000e+00
-7.926289439201354980e-01
-4.260702133178710938e+00
-3.687711656093597412e-01
-1.170484066009521484e+00
-1.028557300567626953e+00
2.950960874557495117e+00
6.009849905967712402e-01
3.478058815002441406e+00
-1.573780059814453125e+00
1.705185055732727051e+00
5.981272697448730469e+00
6.147216260433197021e-02
2.531202137470245361e-01
-5.605892539024353027e-01
3.739214539527893066e-01
-5.837570428848266602e-01
5.862737298011779785e-01
1.029673814773559570e+00
-1.826749444007873535e+00
-6.787192225456237793e-01
8.566816449165344238e-01
8.069160580635070801e-01
4.698531031608581543e-01
-1.103532314300537109e+00
-3.189749717712402344e-01
2.545206546783447266e+00
-1.396234035491943359e-01
-8.861671686172485352e-01
-6.891231536865234375e-01
9.334548711776733398e-01
-1.513022035360336304e-01
5.786795616149902344e-01
4.552790522575378418e-02
-1.135204732418060303e-01
-9.420140832662582397e-02
-2.393783926963806152e-01
6.511073708534240723e-01
2.950706005096435547e+00
-1.027497351169586182e-01
5.958477854728698730e-01
-1.521059513092041016e+00
-1.519833207130432129e+00
-6.642537713050842285e-01
-5.825166106224060059e-01
3.653541207313537598e-01
3.623648405075073242e+00
2.307355403900146484e+00
-2.484936237335205078e+00
3.128953103441745043e-04
-4.141117911785840988e-03
-9.368076920509338379e-03
3.728407900780439377e-03
-5.860608536750078201e-03
1.461596810258924961e-03
7.186999428085982800e-04
6.714868824928998947e-03
-1.488391775637865067e-03
-4.293146543204784393e-03
9.818669408559799194e-03
4.316305276006460190e-04
-7.486770395189523697e-03
-2.839760854840278625e-03
6.167162209749221802e-03
4.691811744123697281e-03
-3.279756288975477219e-03
3.798563731834292412e-03
-6.775270216166973114e-03
-7.145783398300409317e-03
3.164819441735744476e-03
-1.662875874899327755e-03
2.766743069514632225e-03
1.233327900990843773e-03
-8.513222448527812958e-03
5.940206814557313919e-03
4.599398002028465271e-03
-2.293091500177979469e-03
-1.709324191324412823e-03
6.022099871188402176e-03
6.519303191453218460e-03
-8.891170844435691833e-03
-4.682261031121015549e-03
6.431894842535257339e-03
2.560609253123402596e-03
-3.731482662260532379e-03
-6.266662850975990295e-03
-4.188022576272487640e-03
8.126424625515937805e-03
7.472391705960035324e-03
8.386379107832908630e-03
7.823965512216091156e-03
6.743431091308593750e-03
-6.262429524213075638e-04
2.147530671209096909e-03
3.301785793155431747e-03
-9.660695679485797882e-03
6.128805223852396011e-03
-3.023942466825246811e-03
-3.680275054648518562e-03
-3.804240142926573753e-03
9.561084210872650146e-03
7.614843547344207764e-03
3.177951090037822723e-03
-1.639685360714793205e-03
-6.713177543133497238e-03
8.349001407623291016e-03
7.902245037257671356e-03
4.774666391313076019e-03
-3.250668756663799286e-03
-3.585666650906205177e-03
7.441894616931676865e-03
4.994357004761695862e-03
6.132813636213541031e-03
-8.639677427709102631e-03
-6.346561014652252197e-03
-1.668938901275396347e-03
9.631535038352012634e-03
8.504020981490612030e-03
6.032903678715229034e-03
9.356102906167507172e-03
-8.222958073019981384e-03
2.592677250504493713e-03
1.081437105312943459e-03
9.835674427449703217e-03
-7.514499593526124954e-03
-6.119302473962306976e-03
8.993198163807392120e-03
9.489312171936035156e-01
1.083566546440124512e+00
-1.896164774894714355e+00
6.914228200912475586e-01
