1.525421738624572754e+00
1.209834694862365723e+00
1.535994052886962891e+00
3.881431341171264648e+00
1.095564365386962891e+00
2.356573820114135742e+00
3.025417804718017578e+00
1.757126569747924805e+00
1.923836469650268555e+00
2.518480777740478516e+00
2.079354763031005859e+00
1.793074131011962891e+00
7.062142491340637207e-01
8.501554131507873535e-01
6.752916574478149414e-01
-1.668779492378234863e+00
-1.458872258663177490e-01
1.482395529747009277e-01
-1.943928748369216919e-01
1.926988005638122559e+00
-1.633479259908199310e-02
1.432631164789199829e-01
3.644600277766585350e-03
1.256396472454071045e-01
1.935807019472122192e-01
-6.714886426925659180e-02
1.019949615001678467e-01
1.395419090986251831e-01
6.079781055450439453e-01
-1.929893791675567627e-01
-2.698961257934570312e+00
5.912821739912033081e-02
1.335065811872482300e-02
-1.718037873506546021e-01
-3.938185274600982666e-01
-1.870917677879333496e-01
-1.858344525098800659e-01
-2.856636233627796173e-02
6.412876304239034653e-03
3.661768734455108643e-01
-1.912680119276046753e-01
-2.401095777750015259e-01
7.394513487815856934e-02
-2.244370728731155396e-01
-1.576117426156997681e-02
1.304930806159973145e+00
9.308207511901855469e+00
1.098235797882080078e+01
1.313522911071777344e+01
1.341632843017578125e+01
1.402491950988769531e+01
1.536870479583740234e+01
1.496612930297851562e+01
1.649798202514648438e+01
1.904972076416015625e+01
1.780066871643066406e+01
1.969251441955566406e+01
2.837320899963378906e+01
2.266853523254394531e+01
1.992166900634765625e+01
3.010356521606445312e+01
1.437780976295471191e+00
-5.124879479408264160e-01
7.751311063766479492e-01
-4.091721177101135254e-01
-2.656323015689849854e-01
-1.781384944915771484e-01
-8.994776606559753418e-01
-1.190508380532264709e-01
-8.824328780174255371e-01
9.108132719993591309e-01
3.462786972522735596e-01
-2.006346583366394043e-01
7.060086936689913273e-04
1.042514070868492126e-01
2.612384036183357239e-02
6.151647567749023438e-01
-1.036073043942451477e-01
5.329754948616027832e-01
-1.353279232978820801e+00
-1.331363618373870850e-02
2.833870612084865570e-02
3.387870192527770996e-01
2.990280687808990479e-01
-1.887511163949966431e-01
1.357977390289306641e+00
3.393084406852722168e-01
-4.633886516094207764e-01
-5.967685580253601074e-01
-1.363341212272644043e+00
6.529000997543334961e-01
-1.290945887565612793e+00
-1.190947890281677246e+00
4.251851141452789307e-02
4.642458558082580566e-01
-3.716477453708648682e-01
8.809765428304672241e-02
4.343453422188758850e-02
8.697171807289123535e-01
-6.553484201431274414e-01
-1.640149950981140137e+00
-5.788111090660095215e-01
9.472604393959045410e-01
1.232999682426452637e+00
-2.741876244544982910e-02
4.216337203979492188e-01
-7.824467420578002930e-01
4.963365495204925537e-01
8.832015991210937500e-01
-1.225339174270629883e+00
-9.835775196552276611e-02
9.695518016815185547e-01
5.813156366348266602e-01
-2.649553418159484863e-01
-2.588266611099243164e+00
2.224069595336914062e+00
-6.062170267105102539e-01
1.048492118716239929e-01
-1.097763299942016602e+00
-6.008109450340270996e-01
1.071349382400512695e+00
-5.179411172866821289e-01
-1.092430710792541504e+00
4.299015700817108154e-01
2.083970755338668823e-01
-3.037251830101013184e-01
1.660989224910736084e-01
-6.644342094659805298e-02
-2.597691416740417480e-01
-8.365986943244934082e-01
-4.148996770381927490e-01
-7.554561495780944824e-01
-3.298864960670471191e-01
4.375867247581481934e-01
3.195997178554534912e-01
-5.920262932777404785e-01
-1.776252865791320801e+00
9.527581334114074707e-01
-6.264032721519470215e-01
-2.221762388944625854e-01
-6.665100455284118652e-01
-4.521500170230865479e-01
1.936279892921447754e+00
2.518744170665740967e-01
-7.179017663002014160e-01
1.476972997188568115e-01
-7.380051016807556152e-01
1.551564931869506836e-01
1.214013576507568359e+00
5.501242876052856445e-01
2.064985036849975586e-01
-3.358872532844543457e-01
1.139714941382408142e-01
2.161516062915325165e-02
8.770825862884521484e-01
3.007957339286804199e-01
8.956024050712585449e-01
-2.109488725662231445e+00
-4.811385571956634521e-01
-7.451404929161071777e-01
6.087834239006042480e-01
-1.454423785209655762e+00
5.929325222969055176e-01
-1.129774689674377441e+00
-4.194562435150146484e-01
6.068432331085205078e-01
-4.344001710414886475e-01
-1.613770365715026855e+00
8.060339093208312988e-01
1.538052678108215332e+00
1.162523105740547180e-01
1.866290926933288574e+00
-1.254053831100463867e+00
-1.641166567802429199e+00
1.276276856660842896e-01
1.565185308456420898e+00
-7.503173779696226120e-03
5.946168676018714905e-02
2.089056253433227539e+00
-2.079431265592575073e-01
1.152273118495941162e-01
-2.078052461147308350e-01
7.987349480390548706e-02
-1.796738356351852417e-01
3.034795224666595459e-01
5.236846208572387695e-02
-1.992495954036712646e-01
9.717388153076171875e-01
3.037129044532775879e-01
1.330044567584991455e-01
-4.109221100807189941e-01
-8.981753885746002197e-02
4.160797595977783203e-01
3.495244979858398438e-01
4.215973019599914551e-01
-4.238774478435516357e-01
2.583133280277252197e-01
1.167604029178619385e-01
-3.190716803073883057e-01
2.600094079971313477e-01
2.297373861074447632e-01
-2.387791574001312256e-01
3.661657571792602539e-01
-2.631702721118927002e-01
1.462063044309616089e-01
2.726543843746185303e-01
8.301249742507934570e-01
-1.727589219808578491e-01
7.735316455364227295e-02
-4.300128519535064697e-01
-6.379203498363494873e-02
8.048934936523437500e-01
4.545007050037384033e-01
-1.096036657691001892e-01
1.963188499212265015e-02
8.502329885959625244e-02
-1.222626343369483948e-01
1.262384802103042603e-01
3.278913497924804688e-01
-2.510142624378204346e-01
-5.475012212991714478e-02
1.271695196628570557e-01
-1.106977388262748718e-01
-1.092277407646179199e+00
-1.400390565395355225e-01
1.893110573291778564e-01
-3.198255002498626709e-01
-5.796382576227188110e-02
-3.479508161544799805e-01
2.432834655046463013e-01
-7.216356396675109863e-01
-1.131908059120178223e+00
5.899090766906738281e-01
-5.218181014060974121e-01
5.538719892501831055e-01
-5.124769210815429688e-01
3.157875537872314453e-01
-3.860751539468765259e-02
2.652795016765594482e-01
-3.879656642675399780e-02
-1.476055979728698730e-01
7.265973091125488281e-01
1.308631300926208496e-01
-8.691022396087646484e-01
3.315844535827636719e-01
-6.379644572734832764e-02
2.167098671197891235e-01
2.299154996871948242e-01
1.091971248388290405e-01
-3.289066255092620850e-01
1.950090825557708740e-01
1.526935547590255737e-01
-2.990303933620452881e-01
-8.617696166038513184e-02
3.962462544441223145e-01
-2.389056384563446045e-01
4.980993270874023438e-01
-3.006826899945735931e-02
5.479881167411804199e-01
-2.996673583984375000e-01
6.141856312751770020e-03
-7.048586010932922363e-01
8.120909333229064941e-01
4.314303398132324219e-02
-5.098543763160705566e-01
-2.870888821780681610e-02
-7.501615583896636963e-02
-1.813355274498462677e-02
1.469703018665313721e-01
6.323608756065368652e-02
2.289223223924636841e-01
2.204980254173278809e-01
1.498834192752838135e-01
9.944565296173095703e-01
1.273328214883804321e-01
-6.172211170196533203e-01
7.568881511688232422e-01
-3.638932406902313232e-01
-6.313225030899047852e-01
1.091726794838905334e-01
-1.087631955742835999e-01
1.613215804100036621e-01
-6.244075298309326172e-01
4.592793881893157959e-01
2.496374696493148804e-01
2.331914901733398438e-01
8.070281147956848145e-01
2.227912098169326782e-01
4.818839132785797119e-01
3.932313621044158936e-01
-1.805684417486190796e-01
-5.209607481956481934e-01
-2.981766164302825928e-01
2.972443103790283203e-01
-1.095423176884651184e-01
-1.261411666870117188e+00
3.030088841915130615e-01
8.044611215591430664e-01
-4.900449514389038086e-01
1.626495718955993652e-01
-5.991536751389503479e-02
-3.056051433086395264e-01
8.677659556269645691e-03
1.524347066879272461e-01
1.239821836352348328e-01
-1.145911067724227905e-01
-1.290429383516311646e-01
-3.069684207439422607e-01
-8.535685390233993530e-02
5.152137577533721924e-02
6.665011495351791382e-02
-9.063559700734913349e-04
-1.385899335145950317e-01
-1.322550326585769653e-01
-2.585623785853385925e-02
1.257497966289520264e-01
-3.363864421844482422e-01
-4.098134115338325500e-02
-2.368256151676177979e-01
1.146489307284355164e-01
-1.048313751816749573e-01
2.537924945354461670e-01
-1.054911464452743530e-01
-1.304685175418853760e-01
1.260664612054824829e-01
-5.192525386810302734e-01
-4.640431404113769531e-01
2.814946472644805908e-01
-4.399564862251281738e-01
-3.054876923561096191e-01
5.421600863337516785e-02
5.330625548958778381e-02
9.045630693435668945e-02
-8.510001748800277710e-02
-4.947340115904808044e-02
1.552049815654754639e-01
-1.941405534744262695e-01
5.882041528820991516e-03
-1.706901490688323975e-01
8.300551772117614746e-02
3.249288797378540039e-01
1.231250390410423279e-01
-6.799912452697753906e-02
-2.951752580702304840e-02
1.598440110683441162e-01
-2.725063264369964600e-01
4.747040867805480957e-01
-2.136082351207733154e-01
-2.080356888473033905e-02
3.274007141590118408e-01
-2.912240624427795410e-01
9.033660888671875000e-01
1.557410657405853271e-01
4.382178783416748047e-01
-5.271561816334724426e-02
-4.001071155071258545e-01
5.633245781064033508e-02
-1.972578167915344238e-01
1.430080533027648926e-01
1.742568165063858032e-01
-6.148135662078857422e-02
2.809624075889587402e-01
-3.400594890117645264e-01
1.126347854733467102e-01
-1.819822043180465698e-01
-7.200207561254501343e-02
-2.317525818943977356e-02
-2.218536883592605591e-01
1.230089440941810608e-01
1.576189249753952026e-01
2.864231169223785400e-02
2.519273459911346436e-01
4.009597375988960266e-02
1.075121611356735229e-01
-6.453693658113479614e-02
-8.768539875745773315e-02
7.104793190956115723e-01
-6.237856745719909668e-01
1.125344932079315186e-01
4.485760629177093506e-01
-8.472484350204467773e-02
8.750401735305786133e-01
-1.399287939071655273e+00
1.398790925741195679e-01
-3.987659215927124023e-01
4.957522079348564148e-02
4.410607516765594482e-01
-1.480620056390762329e-01
-3.592963814735412598e-01
-3.712399303913116455e-01
8.295225352048873901e-02
-1.876805424690246582e-01
-7.371827960014343262e-01
-5.022308826446533203e-01
-4.475549757480621338e-01
4.060358703136444092e-01
-4.789021909236907959e-01
3.268284797668457031e-01
3.875334858894348145e-01
1.296982169151306152e+00
-2.119591459631919861e-02
4.388657808303833008e-01
7.512590289115905762e-01
-7.956130057573318481e-02
1.816496253013610840e-01
1.950129270553588867e-01
-2.004290372133255005e-01
1.497032493352890015e-01
5.118069797754287720e-02
-4.121100604534149170e-01
-1.657025516033172607e-02
-2.914794683456420898e-01
2.639574408531188965e-01
4.888669028878211975e-02
1.355128735303878784e-01
7.273113131523132324e-01
1.722400449216365814e-02
-7.726264595985412598e-01
-6.088701486587524414e-01
-7.944073677062988281e-01
-8.771685361862182617e-01
-4.927615635097026825e-03
4.024703230243176222e-04
9.293947950936853886e-04
-2.473024651408195496e-03
7.755392696708440781e-03
-2.730857813730835915e-03
-1.340199494734406471e-03
-4.755822941660881042e-03
5.029017105698585510e-03
-3.084451425820589066e-03
7.839126512408256531e-03
4.503457341343164444e-03
6.429982837289571762e-03
-4.791659303009510040e-03
3.949086240027099848e-04
4.034265293739736080e-05
-2.621073741465806961e-03
-1.008108883979730308e-04
-4.159674048423767090e-03
8.703717030584812164e-03
6.838855333626270294e-04
1.787691493518650532e-03
5.160200875252485275e-03
-6.431577261537313461e-03
-3.306919708847999573e-03
6.189151317812502384e-04
-1.639175461605191231e-03
2.223132178187370300e-03
5.139613989740610123e-03
-7.797467522323131561e-03
2.731996355578303337e-03
-7.382148178294301033e-04
4.708990920335054398e-03
-7.892204448580741882e-03
6.782284472137689590e-03
-7.451810408383607864e-03
-3.209273796528577805e-03
-4.504727839957922697e-04
-1.390815887134522200e-04
-6.058650091290473938e-03
-8.636906743049621582e-03
6.598030682653188705e-03
5.544505547732114792e-03
-2.817220985889434814e-03
4.932525102049112320e-03
3.490858245640993118e-03
4.075170960277318954e-03
1.581537188030779362e-03
-5.118979141116142273e-03
6.945518776774406433e-03
8.727067150175571442e-03
-6.220253417268395424e-04
-2.709839493036270142e-03
5.025920458137989044e-03
9.753681719303131104e-03
-3.913721069693565369e-03
-1.084536896087229252e-03
8.591258898377418518e-03
-2.114849397912621498e-03
4.814616404473781586e-04
-4.948172252625226974e-03
2.537397667765617371e-03
-3.228966146707534790e-03
-1.041838200762867928e-03
-6.154128815978765488e-03
-1.167385373264551163e-03
5.523984436877071857e-04
1.432241755537688732e-03
-2.505440963432192802e-03
-3.757619764655828476e-03
6.775808287784457207e-04
-9.482119232416152954e-03
8.957407437264919281e-03
-6.159410811960697174e-03
1.716451370157301426e-04
9.278312209062278271e-04
2.156972419470548630e-03
-8.672514930367469788e-03
-1.016969326883554459e-03
-4.783075128216296434e-04
1.418282394297420979e-03
7.807881571352481842e-03
3.065301338210701942e-03
7.589130662381649017e-03
7.705010473728179932e-03
2.628889167681336403e-03
-5.083752330392599106e-03
-7.748803589493036270e-03
-9.385078214108943939e-03
1.451750635169446468e-03
-7.231491152197122574e-03
7.472377736121416092e-03
-9.705058299005031586e-03
-3.911766223609447479e-03
9.870149195194244385e-03
-7.980706170201301575e-03
-1.928860670886933804e-03
-2.826675307005643845e-03
-8.215714246034622192e-03
8.576664142310619354e-03
-9.201187640428543091e-03
9.420013986527919769e-03
-4.301132634282112122e-03
9.610929526388645172e-03
-6.639116909354925156e-03
-8.760098367929458618e-03
-9.996889159083366394e-03
-6.769126281142234802e-03
-6.664083804935216904e-03
6.489235442131757736e-03
-2.529722871258854866e-03
-1.747192116454243660e-03
8.530383929610252380e-03
-5.136778345331549644e-04
-4.905156325548887253e-03
9.981284849345684052e-03
-4.804884083569049835e-04
5.915209185332059860e-03
-3.806333523243665695e-03
8.190706372261047363e-03
1.591092348098754883e+00
6.504394412040710449e-01
-1.048193812370300293e+00
3.957637250423431396e-01
