1.562188243865966797e+01
1.547189235687255859e+01
7.124620914459228516e+00
9.952430725097656250e+00
8.919883728027343750e+00
1.649951171875000000e+01
6.469317436218261719e+00
4.601519405841827393e-01
-6.437045574188232422e+00
-2.285212278366088867e+00
1.418158721923828125e+01
-2.146745204925537109e+00
1.830149292945861816e+00
-2.533427238464355469e+00
4.445336759090423584e-01
-2.258808135986328125e+00
7.038846611976623535e-01
5.925096988677978516e+00
1.512140035629272461e+00
4.041678905487060547e+00
7.536129951477050781e+00
-1.375103855133056641e+01
-8.089535713195800781e+00
-7.209014892578125000e+00
-3.861376285552978516e+00
8.259351730346679688e+00
6.877897739410400391e+00
-3.540003299713134766e+00
1.470195174217224121e+00
2.099987506866455078e+00
2.592867851257324219e+00
4.513038635253906250e+00
8.847286701202392578e-01
-1.941998720169067383e+00
-9.424975514411926270e-01
-3.364782333374023438e+00
-1.638721823692321777e+00
-8.731747865676879883e-01
-1.935297489166259766e+00
2.409437417984008789e+00
-5.455965995788574219e+00
4.556930541992187500e+00
-2.269769668579101562e+00
5.516072273254394531e+00
5.820251464843750000e+00
3.568040132522583008e+00
-1.808140277862548828e+00
-8.463098406791687012e-01
-3.151105880737304688e+00
-1.011406481266021729e-01
3.911710262298583984e+00
9.111778736114501953e-01
3.659126758575439453e+00
-7.974898815155029297e-01
-5.554485321044921875e-01
6.087615489959716797e-01
2.659757137298583984e+00
-5.163238644599914551e-01
-3.930150717496871948e-02
-9.493567943572998047e-01
1.789197206497192383e+00
-5.556356430053710938e+00
1.441476702690124512e+00
-2.396082639694213867e+00
6.153611660003662109e+00
5.789170742034912109e+00
3.805667400360107422e+00
-1.478242993354797363e+00
1.462100744247436523e+00
1.524894714355468750e+00
