8.479459762573242188e+00
1.049085044860839844e+01
1.068813419342041016e+01
1.146041393280029297e+01
1.544499015808105469e+01
1.790739440917968750e+01
1.978215026855468750e+01
1.708332443237304688e+01
1.622677230834960938e+01
1.025661277770996094e+01
8.612128257751464844e+00
1.718369865417480469e+01
1.399048328399658203e+01
1.645144271850585938e+01
1.908826828002929688e+01
1.719080924987792969e+01
1.292142677307128906e+01
9.379426002502441406e+00
1.576353073120117188e+01
9.499127388000488281e+00
-8.990995287895202637e-01
8.688675880432128906e+00
-2.895722150802612305e+00
-8.658340454101562500e+00
-3.885195255279541016e+00
-4.015885353088378906e+00
-9.768533706665039062e-01
-5.638287544250488281e+00
4.879011154174804688e+00
7.585007190704345703e+00
-3.153191804885864258e+00
-5.565533161163330078e+00
1.054014682769775391e+01
-3.557768583297729492e+00
6.889147758483886719e+00
9.715347290039062500e+00
-2.548285245895385742e+00
7.579577445983886719e+00
6.631511211395263672e+00
-7.295654773712158203e+00
-8.392081260681152344e+00
-4.512894153594970703e+00
-2.662208080291748047e+00
-3.224215269088745117e+00
3.609182357788085938e+00
4.799721717834472656e+00
5.658209323883056641e+00
-3.522618770599365234e+00
5.049493789672851562e+00
7.109689712524414062e+00
5.399713993072509766e+00
5.928831100463867188e+00
-4.811998367309570312e+00
-7.742929458618164062e-01
1.390208053588867188e+01
-5.178473472595214844e+00
-2.647278308868408203e+00
7.100293636322021484e+00
3.616795241832733154e-01
6.739026069641113281e+00
-1.882096290588378906e+00
-1.895518541336059570e+00
-7.653676509857177734e+00
-5.937222480773925781e+00
1.412236690521240234e+00
-1.817315936088562012e+00
7.265010833740234375e+00
-1.306064963340759277e+00
9.605704307556152344e+00
5.587366580963134766e+00
-1.096695899963378906e+01
-7.664684295654296875e+00
2.764859437942504883e+00
1.140801310539245605e+00
4.733609676361083984e+00
6.118075370788574219e+00
4.264742851257324219e+00
3.768069982528686523e+00
-6.743622303009033203e+00
6.246435165405273438e+00
1.039942455291748047e+01
-4.622745513916015625e+00
1.363866448402404785e+00
8.434685707092285156e+00
7.680507302284240723e-01
-1.441078931093215942e-01
2.086522579193115234e+00
-3.777249336242675781e+00
2.988276004791259766e+00
6.828813552856445312e+00
7.529815196990966797e+00
-1.211109757423400879e+00
4.028182029724121094e+00
-2.282400369644165039e+00
4.189408302307128906e+00
-1.248226642608642578e+01
-5.962393760681152344e+00
4.788826942443847656e+00
6.207912445068359375e+00
4.181454777717590332e-01
4.573585033416748047e+00
4.985077977180480957e-01
-6.028526782989501953e+00
2.586530923843383789e+00
4.367614269256591797e+00
-5.929738521575927734e+00
4.175955295562744141e+00
2.542596340179443359e+00
-6.030883789062500000e-01
2.340849161148071289e+00
-2.017035007476806641e+00
-9.502840638160705566e-01
3.445231914520263672e+00
-1.111505413055419922e+01
-2.565399408340454102e+00
-6.926517009735107422e+00
3.518490791320800781e+00
3.519503593444824219e+00
4.764705657958984375e+00
-5.172346115112304688e+00
1.274178624153137207e+00
2.851452112197875977e+00
1.948702812194824219e+00
4.775720596313476562e+00
-3.452854394912719727e+00
-3.921265840530395508e+00
9.883791923522949219e+00
-5.778769493103027344e+00
3.399696826934814453e+00
2.508247613906860352e+00
2.778222084045410156e+00
1.147035884857177734e+01
2.600764274597167969e+00
1.119830322265625000e+01
2.605869531631469727e+00
6.812388896942138672e-01
6.831172943115234375e+00
-4.178591251373291016e+00
-1.361809611320495605e+00
-8.665109872817993164e-01
1.748748064041137695e+00
-7.873767614364624023e-01
-4.834580123424530029e-01
7.324880957603454590e-01
-6.676189899444580078e+00
4.562138080596923828e+00
3.024563312530517578e+00
1.383845448493957520e+00
-1.785068273544311523e+00
-1.876957774162292480e+00
-3.571573257446289062e+00
2.240842431783676147e-01
9.076366424560546875e+00
4.554769039154052734e+00
4.686929225921630859e+00
-1.975822329521179199e+00
-2.629650235176086426e-01
-7.072245597839355469e+00
-5.245562791824340820e-01
5.369453430175781250e+00
5.851834774017333984e+00
-8.957125663757324219e+00
-8.583555817604064941e-01
-8.190711975097656250e+00
4.045908451080322266e+00
2.177290439605712891e+00
-1.110170841217041016e+00
-5.383954048156738281e+00
-3.907584428787231445e+00
2.252780914306640625e+00
-4.903994083404541016e+00
1.695748090744018555e+00
4.612902641296386719e+00
2.520207881927490234e+00
1.208345666527748108e-01
3.337738275527954102e+00
-4.873773097991943359e+00
1.471285462379455566e+00
2.601065635681152344e+00
2.580944299697875977e+00
4.181817531585693359e+00
3.659464597702026367e+00
-5.744796276092529297e+00
9.600962638854980469e+00
5.833097457885742188e+00
6.270189762115478516e+00
-4.626330375671386719e+00
5.651258945465087891e+00
2.267367839813232422e+00
1.068919086456298828e+01
-7.163057327270507812e-01
4.683878898620605469e+00
6.221748828887939453e+00
-4.289552867412567139e-01
-2.530388593673706055e+00
3.146234035491943359e+00
1.579425454139709473e+00
9.524137496948242188e+00
6.516108512878417969e+00
8.404302597045898438e+00
-3.644552946090698242e+00
4.306872844696044922e+00
-6.632425785064697266e-01
9.166697502136230469e+00
-3.693765640258789062e+00
3.558609724044799805e+00
4.910585880279541016e+00
2.984670877456665039e+00
-6.115846157073974609e+00
-3.604965925216674805e+00
8.980381011962890625e+00
-1.650991439819335938e+00
2.615894556045532227e+00
4.440265655517578125e+00
4.958290457725524902e-01
2.051554918289184570e+00
2.713664770126342773e+00
1.709070205688476562e+00
-1.288786888122558594e+00
1.701448798179626465e+00
-1.622885584831237793e+00
4.926284790039062500e+00
-8.158547282218933105e-01
-2.035794019699096680e+00
2.220736026763916016e+00
4.051085472106933594e+00
-6.096401214599609375e-01
5.423183441162109375e+00
-6.372606277465820312e+00
1.857388138771057129e+00
-4.626195907592773438e+00
2.441676616668701172e+00
1.507959604263305664e+00
5.830537080764770508e-01
2.136441022157669067e-01
3.762829303741455078e+00
6.141440868377685547e+00
-9.239012598991394043e-01
-1.869024187326431274e-01
2.850471735000610352e+00
7.813660144805908203e+00
-7.029590606689453125e-01
2.249315261840820312e+00
-2.932628691196441650e-01
-4.035591125488281250e+00
5.100783109664916992e-01
5.395314693450927734e+00
3.365493297576904297e+00
3.513620376586914062e+00
-1.977955102920532227e+00
-2.147711277008056641e+00
3.035612106323242188e-01
-2.180453062057495117e+00
5.073435306549072266e-01
1.143163681030273438e+00
-5.705741643905639648e-01
2.373787641525268555e+00
4.817021846771240234e+00
8.437062263488769531e+00
6.896427631378173828e+00
-2.595422029495239258e+00
4.171854019165039062e+00
3.753025531768798828e+00
-1.274629831314086914e-01
-2.073549985885620117e+00
4.517532587051391602e-01
-3.091389656066894531e+00
1.657359838485717773e+00
-6.941781044006347656e-01
-2.936565577983856201e-01
1.707792043685913086e+00
3.525205552577972412e-01
3.471642732620239258e+00
-4.458526611328125000e+00
1.930590391159057617e+00
1.469429582357406616e-01
7.992337226867675781e+00
6.666424274444580078e-01
-2.598733663558959961e+00
-2.213410377502441406e+00
2.488935708999633789e+00
2.244702100753784180e+00
3.218659162521362305e-01
5.627913475036621094e-01
-1.972666501998901367e+00
6.502583980560302734e+00
-3.729501247406005859e+00
4.285761356353759766e+00
1.127876281738281250e+00
-2.515357494354248047e+00
-2.060838699340820312e+00
1.528000712394714355e+00
4.316637992858886719e+00
3.775759458541870117e+00
4.786071777343750000e-01
2.657175540924072266e+00
1.390821218490600586e+00
1.735571026802062988e+00
5.456692218780517578e+00
4.756577491760253906e+00
-1.798829317092895508e+00
-2.958800792694091797e+00
2.178235292434692383e+00
2.015333890914916992e+00
2.930269956588745117e+00
2.308612108230590820e+00
1.351971507072448730e+00
-2.008514642715454102e+00
1.671907305717468262e+00
1.117726922035217285e+00
-1.257871508598327637e+00
-9.714303612709045410e-01
-1.179764509201049805e+00
-2.758891820907592773e+00
-3.345633745193481445e+00
1.158684372901916504e+00
5.845380481332540512e-03
4.284802436828613281e+00
4.603014945983886719e+00
7.277911186218261719e+00
1.253819465637207031e+00
-2.221640199422836304e-01
4.039832592010498047e+00
1.643936157226562500e+00
-1.068953275680541992e+00
3.672369718551635742e+00
3.489333868026733398e+00
-5.974751949310302734e+00
5.127601623535156250e+00
4.977099418640136719e+00
-3.516960620880126953e+00
9.971737861633300781e-01
-3.568371534347534180e+00
-5.253714919090270996e-01
-1.818813085556030273e+00
3.020970821380615234e+00
2.094721555709838867e+00
3.578639507293701172e+00
2.363205909729003906e+00
1.854765772819519043e+00
1.466954469680786133e+00
-4.510143995285034180e-01
2.087043523788452148e+00
-1.595722317695617676e+00
1.523047566413879395e+00
-2.782663345336914062e+00
-1.273550033569335938e+00
-5.844018459320068359e-01
4.127223491668701172e+00
5.139436244964599609e+00
1.720295786857604980e+00
6.153769969940185547e+00
-1.823399782180786133e+00
3.971853017807006836e+00
-3.958384037017822266e+00
1.263243913650512695e+00
-2.372803211212158203e+00
2.078135013580322266e+00
3.304462909698486328e+00
-4.448663711547851562e+00
2.011213302612304688e+00
1.281477093696594238e+00
-2.807636976242065430e+00
-3.158967018127441406e+00
6.357172966003417969e+00
-1.079322934150695801e+00
-2.950231552124023438e+00
-2.524201869964599609e-01
1.670739173889160156e+00
-5.866317152976989746e-01
-5.064551234245300293e-01
1.328432440757751465e+00
-6.069546341896057129e-01
2.726068258285522461e+00
-2.044008731842041016e+00
4.059195995330810547e+00
2.228515148162841797e+00
-2.963876962661743164e+00
-2.577560663223266602e+00
-1.549485325813293457e+00
3.351725041866302490e-01
2.108414173126220703e+00
-2.446115016937255859e+00
3.330487608909606934e-01
-4.440706670284271240e-01
-1.335302114486694336e+00
-1.374899268150329590e+00
3.207414627075195312e+00
-2.475261688232421875e+00
-1.788989543914794922e+00
1.437024474143981934e+00
1.642849326133728027e+00
3.410587787628173828e+00
-3.516126394271850586e+00
7.510055303573608398e-01
2.611711978912353516e+00
-4.853978157043457031e+00
2.673913955688476562e+00
-1.946814417839050293e+00
6.891403198242187500e-01
5.430860042572021484e+00
9.555434808135032654e-03
2.954878211021423340e-01
2.028246641159057617e+00
-6.273367404937744141e-01
2.838279962539672852e+00
-2.172273397445678711e+00
7.793186902999877930e-01
7.559624314308166504e-01
-1.481881380081176758e+00
2.298239707946777344e+00
1.728371381759643555e+00
-2.276452779769897461e-01
1.588856935501098633e+00
1.975928068161010742e+00
4.876825958490371704e-02
6.936544775962829590e-01
2.046838283538818359e+00
-3.628506183624267578e+00
-3.080255985260009766e+00
-2.012454032897949219e+00
-3.944991827011108398e-01
-1.527135491371154785e+00
3.431314229965209961e+00
1.667354345321655273e+00
2.552551984786987305e+00
3.931880712509155273e+00
-3.490253984928131104e-01
3.152174711227416992e+00
2.477312088012695312e+00
2.177459239959716797e+00
3.430573940277099609e+00
6.465895175933837891e-01
2.152880907058715820e+00
-3.092786312103271484e+00
1.396975994110107422e+00
2.958163738250732422e+00
-5.200452804565429688e-01
1.605945348739624023e+00
-3.883106231689453125e+00
-5.869260430335998535e-01
4.081508636474609375e+00
1.509679317474365234e+00
4.580656528472900391e+00
1.082825899124145508e+00
-1.035544648766517639e-01
2.116438865661621094e+00
1.006709814071655273e+00
9.112514853477478027e-01
3.360867023468017578e+00
-4.885550737380981445e-01
4.263539314270019531e+00
-8.500974774360656738e-01
3.170874118804931641e+00
2.838892936706542969e-01
-2.654371596872806549e-02
-3.741179466247558594e+00
2.875816583633422852e+00
1.073587656021118164e+00
-9.014844894409179688e-01
3.714061260223388672e+00
-4.007913172245025635e-01
2.708201706409454346e-01
-4.924708843231201172e+00
1.434861779212951660e+00
1.280714988708496094e+00
5.936282634735107422e+00
4.701962172985076904e-01
2.225839853286743164e+00
2.040288448333740234e+00
9.519715309143066406e-01
-2.677038013935089111e-01
-2.204686880111694336e+00
1.452887773513793945e+00
-2.012733459472656250e+00
-4.204121232032775879e-01
4.914991855621337891e+00
1.909734487533569336e+00
3.095376491546630859e+00
6.585850119590759277e-01
5.542888164520263672e+00
1.534132003784179688e+00
3.912738323211669922e+00
-2.630450010299682617e+00
-1.036239266395568848e+00
2.569780111312866211e+00
1.831634402275085449e+00
1.780669093132019043e+00
4.393866062164306641e+00
2.087729930877685547e+00
1.886412620544433594e+00
-3.317987322807312012e-01
1.100343346595764160e+00
1.678747087717056274e-01
4.945790767669677734e+00
2.578881740570068359e+00
4.491362094879150391e+00
-1.770698189735412598e+00
2.202649593353271484e+00
1.811879038810729980e+00
-2.138844966888427734e+00
9.410219192504882812e-01
2.476847171783447266e-01
1.775735616683959961e+00
6.175237298011779785e-01
1.379116028547286987e-01
-1.425741672515869141e+00
-3.032974712550640106e-02
1.570088386535644531e+00
4.057213306427001953e+00
2.756993770599365234e+00
1.099778413772583008e+00
7.873353362083435059e-01
3.975879251956939697e-01
2.784173250198364258e+00
-2.522903203964233398e+00
4.356126487255096436e-01
1.479308843612670898e+00
1.024064868688583374e-01
5.124546527862548828e+00
-1.375480413436889648e+00
2.521290540695190430e+00
7.699201703071594238e-01
8.433670997619628906e-01
-2.365320205688476562e+00
4.008162021636962891e+00
-2.106236457824707031e+00
2.988790273666381836e+00
-1.612452864646911621e-01
8.300807476043701172e-01
-8.146676421165466309e-02
-9.154949337244033813e-03
-7.578399181365966797e-01
3.330787420272827148e+00
2.269224882125854492e+00
-6.687967777252197266e-01
1.458099126815795898e+00
1.625751256942749023e+00
2.490947961807250977e+00
9.439169764518737793e-01
-1.125460490584373474e-02
2.801778793334960938e+00
-1.462822914123535156e+00
7.239376008510589600e-02
1.255125641822814941e+00
-1.038441181182861328e+00
-1.449725031852722168e-01
2.282012701034545898e+00
5.480805039405822754e-01
-1.338393211364746094e+00
2.396122932434082031e+00
5.366746187210083008e-01
1.700671672821044922e+00
1.169863462448120117e+00
-5.203833580017089844e+00
1.306461989879608154e-01
1.563054203987121582e+00
1.417369365692138672e+00
2.793638706207275391e-01
-4.224183857440948486e-01
1.720393776893615723e+00
-4.461504220962524414e-01
3.527331829071044922e+00
2.348135784268379211e-02
2.261986017227172852e+00
4.649481296539306641e+00
2.470392942428588867e+00
3.639290094375610352e+00
-2.111211538314819336e+00
1.456698477268218994e-01
4.007121622562408447e-01
4.084825515747070312e+00
-2.671853303909301758e+00
3.434458374977111816e-01
2.085112333297729492e+00
-4.479911804199218750e+00
-3.917973637580871582e-01
2.104940176010131836e+00
-3.705664575099945068e-01
-7.846362590789794922e-01
2.262178659439086914e+00
-1.690835475921630859e+00
-7.346259355545043945e-01
-1.842835783958435059e+00
-1.045829653739929199e+00
2.576872110366821289e+00
-1.944066882133483887e+00
3.063746452331542969e+00
6.678028702735900879e-01
1.197253704071044922e+00
