8.173047065734863281e+00
1.050332927703857422e+01
1.035199069976806641e+01
1.182954216003417969e+01
1.544485855102539062e+01
1.833810615539550781e+01
1.940464401245117188e+01
1.707685089111328125e+01
1.622710990905761719e+01
9.983635902404785156e+00
8.480859756469726562e+00
1.718138504028320312e+01
1.401014232635498047e+01
1.607500457763671875e+01
2.017210960388183594e+01
1.760746383666992188e+01
1.273393058776855469e+01
8.972751617431640625e+00
1.569597244262695312e+01
9.421563148498535156e+00
-1.032962679862976074e+00
8.788985252380371094e+00
-2.903532505035400391e+00
-8.502650260925292969e+00
-3.874276399612426758e+00
-4.414011478424072266e+00
-8.385604023933410645e-01
-5.688502311706542969e+00
4.864123344421386719e+00
7.574913978576660156e+00
-3.067775011062622070e+00
-5.538658142089843750e+00
1.037777137756347656e+01
-3.508847475051879883e+00
7.074549674987792969e+00
9.539596557617187500e+00
-2.325965166091918945e+00
7.570733547210693359e+00
6.461474418640136719e+00
-7.363003730773925781e+00
-8.440564155578613281e+00
-3.906519651412963867e+00
-2.629205942153930664e+00
-3.070026159286499023e+00
3.870410919189453125e+00
4.935059547424316406e+00
6.314741611480712891e+00
-3.965569972991943359e+00
5.183237075805664062e+00
7.809319496154785156e+00
4.322168350219726562e+00
5.937666893005371094e+00
-5.042211532592773438e+00
-2.042020320892333984e+00
1.411954402923583984e+01
-5.050007820129394531e+00
-2.589218854904174805e+00
7.085221290588378906e+00
5.340794473886489868e-02
6.686009883880615234e+00
-1.429131150245666504e+00
-1.757979989051818848e+00
-7.576285839080810547e+00
-5.655369758605957031e+00
1.442456722259521484e+00
-1.853390455245971680e+00
7.186606407165527344e+00
-1.298711061477661133e+00
9.743468284606933594e+00
5.434464931488037109e+00
-1.078336715698242188e+01
-7.535597801208496094e+00
2.941312551498413086e+00
1.274876832962036133e+00
5.446839332580566406e+00
6.263637542724609375e+00
4.842696189880371094e+00
3.846401453018188477e+00
-6.914899349212646484e+00
5.855469703674316406e+00
1.013290023803710938e+01
-4.447097778320312500e+00
1.354819416999816895e+00
8.829411506652832031e+00
-1.115963935852050781e+00
5.818715691566467285e-01
2.073846817016601562e+00
-4.223999977111816406e+00
2.822685718536376953e+00
6.180687427520751953e+00
8.673944473266601562e+00
-1.019116520881652832e+00
3.790178298950195312e+00
-2.205619335174560547e+00
4.612258434295654297e+00
-1.249935913085937500e+01
-5.998082160949707031e+00
4.902192592620849609e+00
6.703245162963867188e+00
2.126466751098632812e+00
4.156555175781250000e+00
5.329824090003967285e-01
-6.111887931823730469e+00
2.257268905639648438e+00
4.357980728149414062e+00
-6.183681964874267578e+00
4.240711688995361328e+00
2.743862390518188477e+00
-5.131590366363525391e-01
2.488906860351562500e+00
-2.070084571838378906e+00
-1.300252914428710938e+00
3.523704290390014648e+00
-1.107645702362060547e+01
-2.068934679031372070e+00
-6.427157402038574219e+00
3.767576456069946289e+00
3.793053388595581055e+00
5.543611526489257812e+00
-4.211135864257812500e+00
1.148429155349731445e+00
2.252442359924316406e+00
2.362468242645263672e+00
5.093543052673339844e+00
-3.891721487045288086e+00
-3.648223400115966797e+00
9.445053100585937500e+00
-5.375844001770019531e+00
4.629111766815185547e+00
7.676371335983276367e-01
2.427669286727905273e+00
1.150170040130615234e+01
2.460569620132446289e+00
1.040530872344970703e+01
2.628916501998901367e+00
5.237544178962707520e-01
6.743049144744873047e+00
-4.481261253356933594e+00
-1.035543084144592285e+00
-1.386410593986511230e+00
1.438027739524841309e+00
-6.855052113533020020e-01
-4.290906786918640137e-01
6.778814196586608887e-01
-7.153162479400634766e+00
4.541369915008544922e+00
3.022192716598510742e+00
1.258488059043884277e+00
-1.881012558937072754e+00
-1.689154267311096191e+00
-3.569223165512084961e+00
2.601294815540313721e-01
9.061739921569824219e+00
4.650184631347656250e+00
4.716315269470214844e+00
-1.925529122352600098e+00
-2.160933464765548706e-01
-7.138834953308105469e+00
-1.761427521705627441e+00
4.505381107330322266e+00
5.876141071319580078e+00
-9.048222541809082031e+00
-9.426589012145996094e-01
-8.258313179016113281e+00
3.995069026947021484e+00
2.154161214828491211e+00
-1.057913064956665039e+00
-5.528626918792724609e+00
-4.174126148223876953e+00
2.194713592529296875e+00
-4.816904544830322266e+00
1.734948873519897461e+00
4.631060123443603516e+00
2.440758943557739258e+00
2.597685456275939941e-01
3.419261932373046875e+00
-5.180565834045410156e+00
1.022431135177612305e+00
2.660823822021484375e+00
2.444069147109985352e+00
4.006806373596191406e+00
3.650042295455932617e+00
-5.224078178405761719e+00
9.480705261230468750e+00
6.118976593017578125e+00
6.241905689239501953e+00
-5.233566284179687500e+00
5.606740951538085938e+00
1.651936173439025879e+00
1.194921302795410156e+01
-5.895566344261169434e-01
4.057079315185546875e+00
6.155937194824218750e+00
3.430319428443908691e-01
-2.220854043960571289e+00
2.901023387908935547e+00
1.155617594718933105e+00
9.153687477111816406e+00
6.409269332885742188e+00
7.716519832611083984e+00
-3.427725553512573242e+00
4.163106918334960938e+00
-8.309111595153808594e-01
9.678719520568847656e+00
-3.954861164093017578e+00
3.338765621185302734e+00
4.939267635345458984e+00
3.088783502578735352e+00
-6.000467300415039062e+00
-3.623279094696044922e+00
8.926556587219238281e+00
-1.492941975593566895e+00
2.933162689208984375e+00
4.400342464447021484e+00
4.655066430568695068e-01
2.193406343460083008e+00
2.743064165115356445e+00
1.636531352996826172e+00
-1.358659267425537109e+00
1.650190949440002441e+00
-1.673799276351928711e+00
4.977678298950195312e+00
-8.773027062416076660e-01
-2.048857688903808594e+00
1.751541495323181152e+00
3.946944475173950195e+00
-4.605547487735748291e-01
5.418522834777832031e+00
-6.434106826782226562e+00
2.089093208312988281e+00
-4.320252895355224609e+00
2.385747909545898438e+00
1.571920514106750488e+00
6.575170159339904785e-01
2.231218963861465454e-01
3.683258295059204102e+00
5.949850082397460938e+00
-1.435191750526428223e+00
-2.090899646282196045e-01
3.288122415542602539e+00
7.810098171234130859e+00
-1.176661133766174316e+00
3.136523485183715820e+00
-2.799383997917175293e-01
-4.071793556213378906e+00
4.472512602806091309e-01
5.419249534606933594e+00
3.577080011367797852e+00
3.195486545562744141e+00
-2.375952959060668945e+00
-1.884885311126708984e+00
3.943592011928558350e-01
-2.214688539505004883e+00
4.047593474388122559e-01
1.259184122085571289e+00
-5.715011954307556152e-01
1.927998185157775879e+00
5.099095821380615234e+00
9.044775962829589844e+00
7.201504230499267578e+00
-2.503577947616577148e+00
4.100557327270507812e+00
3.767941236495971680e+00
8.998387306928634644e-02
-2.088772296905517578e+00
9.121521115303039551e-01
-3.982228755950927734e+00
1.942161917686462402e+00
-9.361774325370788574e-01
-2.461380660533905029e-01
1.351181864738464355e+00
2.272550910711288452e-01
3.650214195251464844e+00
-5.368514060974121094e+00
1.807318329811096191e+00
-1.879147738218307495e-01
8.033731460571289062e+00
-2.866814136505126953e-01
-2.867654323577880859e+00
-2.126260042190551758e+00
2.488618612289428711e+00
1.983480095863342285e+00
4.981153607368469238e-01
5.850177407264709473e-01
-1.863844871520996094e+00
6.700644493103027344e+00
-3.625589132308959961e+00
4.260409355163574219e+00
9.270162582397460938e-01
-2.418914079666137695e+00
-2.108990669250488281e+00
1.467462301254272461e+00
4.744177341461181641e+00
3.742227792739868164e+00
6.261491775512695312e-01
2.273259639739990234e+00
1.127751350402832031e+00
1.726865887641906738e+00
3.974064350128173828e+00
4.688127994537353516e+00
-1.772486805915832520e+00
-3.029135227203369141e+00
2.383633136749267578e+00
3.873508930206298828e+00
2.199815034866333008e+00
2.586035013198852539e+00
1.625169634819030762e+00
-1.834266304969787598e+00
2.118395566940307617e+00
1.232352495193481445e+00
-1.122858047485351562e+00
-1.150227904319763184e+00
-7.038898468017578125e-01
-2.883712053298950195e+00
-3.410995960235595703e+00
9.583543539047241211e-01
-1.538989245891571045e-01
4.259991168975830078e+00
4.658259391784667969e+00
6.801418781280517578e+00
1.317822813987731934e+00
-2.164088189601898193e-01
4.363939762115478516e+00
9.243524074554443359e-01
-1.096923947334289551e+00
3.582384347915649414e+00
3.460827827453613281e+00
-6.369437217712402344e+00
6.128800392150878906e+00
5.456697940826416016e+00
-3.545992612838745117e+00
9.619120955467224121e-01
-3.534559249877929688e+00
-5.550029873847961426e-01
-1.873607397079467773e+00
2.990308523178100586e+00
2.126966476440429688e+00
3.614019393920898438e+00
2.098171949386596680e+00
1.830783605575561523e+00
1.316368103027343750e+00
-3.341426849365234375e-01
2.008236408233642578e+00
-1.644829273223876953e+00
1.488040685653686523e+00
-2.838704824447631836e+00
-1.168840050697326660e+00
-4.253038763999938965e-01
4.589756488800048828e+00
4.360064983367919922e+00
2.373758316040039062e+00
6.292387485504150391e+00
-1.879588961601257324e+00
4.025702476501464844e+00
-3.921992301940917969e+00
1.164427399635314941e+00
-2.404736995697021484e+00
2.033995866775512695e+00
2.684354305267333984e+00
-4.342145442962646484e+00
1.946163058280944824e+00
1.651536226272583008e+00
-2.841568470001220703e+00
-3.074300289154052734e+00
6.380397319793701172e+00
-9.645148515701293945e-01
-2.762390613555908203e+00
-2.615837752819061279e-01
1.737988591194152832e+00
-3.959539532661437988e-01
-4.548130631446838379e-01
1.374196648597717285e+00
-5.137595534324645996e-01
2.868636369705200195e+00
-2.082002162933349609e+00
4.229515552520751953e+00
2.287005186080932617e+00
-2.944700717926025391e+00
-2.754777908325195312e+00
-1.539150953292846680e+00
2.247076481580734253e-01
2.543066978454589844e+00
-2.265314817428588867e+00
2.601788043975830078e-01
-8.278437852859497070e-01
4.931129813194274902e-01
-9.382823705673217773e-01
2.782305955886840820e+00
-2.513390541076660156e+00
-2.984176635742187500e+00
1.717670798301696777e+00
2.225016355514526367e+00
3.485708236694335938e+00
-3.405668973922729492e+00
6.405379176139831543e-01
2.621576070785522461e+00
-4.913668632507324219e+00
2.575230836868286133e+00
-1.980248451232910156e+00
6.142291426658630371e-01
5.384203910827636719e+00
2.688458263874053955e-01
2.639245092868804932e-01
1.915285110473632812e+00
-7.030095458030700684e-01
3.032546997070312500e+00
-2.200852632522583008e+00
7.398791313171386719e-01
7.977527379989624023e-01
-1.517936706542968750e+00
2.341275930404663086e+00
1.737402677536010742e+00
-3.630789518356323242e-01
1.684750318527221680e+00
1.480058908462524414e+00
7.912178337574005127e-02
1.023173570632934570e+00
2.073728799819946289e+00
-3.928548097610473633e+00
-2.765310764312744141e+00
-2.658631324768066406e+00
-4.014083743095397949e-01
-1.341185688972473145e+00
3.756231069564819336e+00
1.642895340919494629e+00
2.473250389099121094e+00
3.974780082702636719e+00
-6.064684391021728516e-01
3.174019336700439453e+00
2.634042978286743164e+00
1.992013454437255859e+00
3.289947509765625000e+00
1.494596362113952637e+00
2.936798572540283203e+00
-2.953494787216186523e+00
1.344888210296630859e+00
3.092846155166625977e+00
-3.863206505775451660e-01
1.282871842384338379e+00
-4.136454105377197266e+00
-7.441641688346862793e-01
4.606900215148925781e+00
1.544571757316589355e+00
4.743389129638671875e+00
9.590746164321899414e-01
-8.768697828054428101e-02
2.103682279586791992e+00
1.079770088195800781e+00
1.260588526725769043e+00
3.545215845108032227e+00
-7.183274626731872559e-01
4.154415607452392578e+00
-1.016133666038513184e+00
3.385792255401611328e+00
1.536636650562286377e-01
2.710292935371398926e-01
-4.612520694732666016e+00
3.397424221038818359e+00
1.228390812873840332e+00
-8.327008485794067383e-01
3.758013963699340820e+00
-3.458789288997650146e-01
1.552568376064300537e-01
-5.335788249969482422e+00
1.504474043846130371e+00
7.087948322296142578e-01
5.442551136016845703e+00
-3.144385665655136108e-02
2.369693279266357422e+00
2.117646455764770508e+00
9.647975564002990723e-01
-3.828578889369964600e-01
-2.513488054275512695e+00
1.387527465820312500e+00
-2.035519361495971680e+00
-2.445291876792907715e-01
5.074149131774902344e+00
2.016256809234619141e+00
3.144210338592529297e+00
6.829113960266113281e-01
5.369380474090576172e+00
1.672945022583007812e+00
4.399738311767578125e+00
-2.706099510192871094e+00
-9.384427070617675781e-01
2.300665140151977539e+00
1.638450264930725098e+00
1.929166674613952637e+00
3.789594173431396484e+00
1.564119219779968262e+00
1.912930369377136230e+00
-4.262341260910034180e-01
1.184865832328796387e+00
5.257856845855712891e-01
5.384390354156494141e+00
2.907908916473388672e+00
4.230538845062255859e+00
-1.708371758460998535e+00
2.385241031646728516e+00
1.979790210723876953e+00
-2.187175035476684570e+00
7.698602676391601562e-01
4.112632572650909424e-01
1.646516442298889160e+00
7.087877392768859863e-01
-4.458319246768951416e-01
-1.143872857093811035e+00
6.795029342174530029e-02
1.625901699066162109e+00
3.948504447937011719e+00
2.821681261062622070e+00
7.239468693733215332e-01
2.854874134063720703e-01
-4.146491289138793945e-01
2.926533937454223633e+00
-2.506046533584594727e+00
3.194504678249359131e-01
1.433104038238525391e+00
1.814253628253936768e-01
5.323943138122558594e+00
-1.224758982658386230e+00
2.408433437347412109e+00
7.171179652214050293e-01
8.535117506980895996e-01
-2.208273410797119141e+00
3.967350959777832031e+00
-2.127912044525146484e+00
3.018698215484619141e+00
-3.625465333461761475e-01
7.288046479225158691e-01
2.963918447494506836e-02
-1.506872773170471191e-01
-8.306272625923156738e-01
3.294171094894409180e+00
2.354176521301269531e+00
-7.661458849906921387e-01
1.321001172065734863e+00
1.731005907058715820e+00
2.469725608825683594e+00
2.261780053377151489e-01
4.148999452590942383e-01
2.682873964309692383e+00
-1.813264012336730957e+00
7.160426676273345947e-02
1.358491659164428711e+00
-1.013146519660949707e+00
-2.147764712572097778e-01
2.372323989868164062e+00
7.787218093872070312e-01
-1.575271368026733398e+00
2.182749271392822266e+00
5.872273445129394531e-01
1.715086460113525391e+00
1.216508507728576660e+00
-5.226464748382568359e+00
1.519093364477157593e-01
1.730455160140991211e+00
1.065276980400085449e+00
2.200979590415954590e-01
-3.481387794017791748e-01
1.693980693817138672e+00
-3.937504291534423828e-01
3.660315513610839844e+00
5.207908898591995239e-02
2.287196636199951172e+00
4.879218101501464844e+00
2.395455121994018555e+00
3.633961200714111328e+00
-2.261003255844116211e+00
4.684417545795440674e-01
5.327233076095581055e-01
4.217421531677246094e+00
-2.469192981719970703e+00
3.367452323436737061e-01
1.916382789611816406e+00
-4.320006847381591797e+00
-8.172481060028076172e-01
1.251620650291442871e+00
-4.139942228794097900e-01
-1.199251413345336914e+00
3.523983955383300781e+00
-1.404636144638061523e+00
-8.568646311759948730e-01
-1.733275771141052246e+00
-1.837303996086120605e+00
2.495973348617553711e+00
-2.150314092636108398e+00
2.956629037857055664e+00
6.469867825508117676e-01
1.168282747268676758e+00
