8.675477981567382812e+00
1.056583404541015625e+01
1.083501625061035156e+01
1.191936683654785156e+01
1.544516563415527344e+01
1.794399452209472656e+01
1.966900444030761719e+01
1.703281021118164062e+01
1.625046920776367188e+01
1.034548473358154297e+01
8.673271179199218750e+00
1.724356651306152344e+01
1.403098773956298828e+01
1.632184600830078125e+01
1.849726486206054688e+01
1.664183044433593750e+01
1.300942039489746094e+01
9.576310157775878906e+00
1.580334568023681641e+01
9.570838928222656250e+00
-8.820278048515319824e-01
8.636197090148925781e+00
-3.159118175506591797e+00
-8.450932502746582031e+00
-3.747811317443847656e+00
-3.814519882202148438e+00
-1.027951598167419434e+00
-5.666442871093750000e+00
4.827105522155761719e+00
7.526403427124023438e+00
-3.211022377014160156e+00
-5.646790981292724609e+00
1.061029624938964844e+01
-3.944798469543457031e+00
6.897733211517333984e+00
9.764787673950195312e+00
-2.647657155990600586e+00
7.639516830444335938e+00
6.731733322143554688e+00
-7.112967014312744141e+00
-8.412300109863281250e+00
-4.622884273529052734e+00
-2.449463844299316406e+00
-3.212487220764160156e+00
3.690925598144531250e+00
4.712114810943603516e+00
5.605071067810058594e+00
-3.312133789062500000e+00
5.070774555206298828e+00
6.636847972869873047e+00
5.851251125335693359e+00
5.937746047973632812e+00
-5.410743236541748047e+00
-3.434159159660339355e-01
1.374166011810302734e+01
-5.199429035186767578e+00
-2.737379074096679688e+00
7.028779029846191406e+00
7.090066671371459961e-01
6.596024990081787109e+00
-1.590192079544067383e+00
-2.230697870254516602e+00
-7.634982109069824219e+00
-5.953629016876220703e+00
1.408427000045776367e+00
-1.803720712661743164e+00
7.318746566772460938e+00
-1.223269581794738770e+00
9.726942062377929688e+00
5.770332336425781250e+00
-1.108670997619628906e+01
-7.762394905090332031e+00
2.706593990325927734e+00
1.646073102951049805e+00
4.193557739257812500e+00
5.947133541107177734e+00
4.162239074707031250e+00
3.768068075180053711e+00
-6.626827239990234375e+00
6.343866348266601562e+00
1.074425315856933594e+01
-4.652285099029541016e+00
1.415655374526977539e+00
8.232712745666503906e+00
1.441333770751953125e+00
-4.873413145542144775e-01
2.252068758010864258e+00
-3.781153678894042969e+00
2.866368293762207031e+00
6.754357814788818359e+00
7.417598247528076172e+00
-1.568428874015808105e+00
4.460217952728271484e+00
-2.389529466629028320e+00
4.218981742858886719e+00
-1.255796527862548828e+01
-5.985793113708496094e+00
4.659796237945556641e+00
5.665163516998291016e+00
-6.884911060333251953e-01
4.490678310394287109e+00
6.521127223968505859e-01
-5.788483619689941406e+00
2.777813911437988281e+00
4.412593841552734375e+00
-5.876194477081298828e+00
4.059201717376708984e+00
2.449313163757324219e+00
-1.156804561614990234e+00
2.466957807540893555e+00
-2.038174152374267578e+00
-8.296626806259155273e-01
3.323756933212280273e+00
-1.077278327941894531e+01
-2.136328458786010742e+00
-7.111034870147705078e+00
3.231577873229980469e+00
3.305930376052856445e+00
4.562558174133300781e+00
-5.730789661407470703e+00
1.280081272125244141e+00
3.325895786285400391e+00
1.615841984748840332e+00
4.776610851287841797e+00
-3.484220504760742188e+00
-3.583180904388427734e+00
9.667533874511718750e+00
-5.680002212524414062e+00
3.107430458068847656e+00
3.330614805221557617e+00
2.883526563644409180e+00
1.131803417205810547e+01
2.718809604644775391e+00
1.108697605133056641e+01
2.795876264572143555e+00
6.883588433265686035e-01
6.951553821563720703e+00
-3.939247846603393555e+00
-1.680192589759826660e+00
-3.304386436939239502e-01
1.611307024955749512e+00
-9.766928553581237793e-01
-4.493928551673889160e-01
7.384687662124633789e-01
-6.594936370849609375e+00
4.510757923126220703e+00
3.051990509033203125e+00
1.463699340820312500e+00
-1.647389650344848633e+00
-1.943704247474670410e+00
-3.739671707153320312e+00
3.496285080909729004e-01
9.036426544189453125e+00
4.475907802581787109e+00
4.695320129394531250e+00
-2.003520250320434570e+00
-9.259731322526931763e-02
-7.075134277343750000e+00
1.319872587919235229e-01
5.869905471801757812e+00
5.830390453338623047e+00
-8.922084808349609375e+00
-8.649827837944030762e-01
-8.155246734619140625e+00
4.066641807556152344e+00
2.367656946182250977e+00
-1.123390793800354004e+00
-5.179833889007568359e+00
-3.822161197662353516e+00
2.299565553665161133e+00
-4.881881237030029297e+00
1.758965492248535156e+00
4.582907676696777344e+00
2.583718061447143555e+00
2.161771617829799652e-02
3.292570590972900391e+00
-4.735257148742675781e+00
1.656659126281738281e+00
2.597775220870971680e+00
2.684003829956054688e+00
4.278345584869384766e+00
3.659315109252929688e+00
-5.852230072021484375e+00
9.263841629028320312e+00
5.608284950256347656e+00
6.288312435150146484e+00
-4.188137054443359375e+00
5.688306331634521484e+00
2.582171678543090820e+00
9.801128387451171875e+00
-7.140389680862426758e-01
5.277564525604248047e+00
6.209105014801025391e+00
-6.590996980667114258e-01
-1.864353537559509277e+00
2.974164247512817383e+00
1.854369521141052246e+00
9.858769416809082031e+00
6.844131946563720703e+00
8.915326118469238281e+00
-3.396225929260253906e+00
4.818298339843750000e+00
-6.350240111351013184e-01
8.686284065246582031e+00
-3.749294757843017578e+00
3.661244630813598633e+00
4.859867095947265625e+00
2.857645034790039062e+00
-6.189404010772705078e+00
-3.602088451385498047e+00
8.989704132080078125e+00
-1.721389889717102051e+00
2.608418941497802734e+00
4.439770221710205078e+00
5.229560732841491699e-01
2.068549394607543945e+00
2.653594732284545898e+00
1.735931754112243652e+00
-1.187822580337524414e+00
1.701666593551635742e+00
-1.594622492790222168e+00
4.928414821624755859e+00
-7.894033789634704590e-01
-2.048499822616577148e+00
2.261299610137939453e+00
4.095358371734619141e+00
-7.891057729721069336e-01
5.443877696990966797e+00
-6.334946632385253906e+00
1.779234170913696289e+00
-4.559105396270751953e+00
2.534909725189208984e+00
1.265548348426818848e+00
6.912716031074523926e-01
2.177518159151077271e-01
3.795400381088256836e+00
6.047852039337158203e+00
-5.851539373397827148e-01
-2.006865739822387695e-01
2.505056619644165039e+00
7.815413951873779297e+00
-2.597513794898986816e-01
2.001326084136962891e+00
-4.037582278251647949e-01
-4.045604228973388672e+00
5.536261200904846191e-01
5.393507480621337891e+00
3.076912879943847656e+00
3.656331777572631836e+00
-1.822511553764343262e+00
-2.200237035751342773e+00
2.220532745122909546e-01
-2.167879104614257812e+00
5.150980949401855469e-01
1.182532668113708496e+00
-5.664683580398559570e-01
2.528268814086914062e+00
4.650912284851074219e+00
7.640988826751708984e+00
6.818044185638427734e+00
-2.567740678787231445e+00
4.155801773071289062e+00
3.766695976257324219e+00
-2.002755701541900635e-01
-2.150270462036132812e+00
2.119446843862533569e-01
-2.352961063385009766e+00
1.482506394386291504e+00
-3.987349867820739746e-01
-1.951277442276477814e-02
1.783117294311523438e+00
2.904771566390991211e-01
3.585587501525878906e+00
-4.278244018554687500e+00
2.053125143051147461e+00
2.851200103759765625e-01
7.791338443756103516e+00
1.337532758712768555e+00
-2.447544813156127930e+00
-2.163832902908325195e+00
2.536057949066162109e+00
2.279217720031738281e+00
2.859381437301635742e-01
5.210148096084594727e-01
-2.159338474273681641e+00
6.436701774597167969e+00
-3.763367652893066406e+00
4.263307571411132812e+00
1.161530733108520508e+00
-2.641763687133789062e+00
-2.088725090026855469e+00
1.462969779968261719e+00
4.122370243072509766e+00
3.764740705490112305e+00
5.531834959983825684e-01
2.765425920486450195e+00
1.464895367622375488e+00
1.775420784950256348e+00
5.224524021148681641e+00
4.670222282409667969e+00
-1.836094379425048828e+00
-2.946556329727172852e+00
2.071813106536865234e+00
1.713778853416442871e+00
3.006717443466186523e+00
2.200360059738159180e+00
1.241451621055603027e+00
-2.102022886276245117e+00
1.444713592529296875e+00
1.161385774612426758e+00
-1.311632633209228516e+00
-8.573145866394042969e-01
-1.337783336639404297e+00
-2.731796741485595703e+00
-3.325956821441650391e+00
1.255203127861022949e+00
4.945008456707000732e-01
4.087797164916992188e+00
4.413426876068115234e+00
7.235132694244384766e+00
1.276314616203308105e+00
-3.319432437419891357e-01
3.944106340408325195e+00
1.933662176132202148e+00
-1.428306818008422852e+00
3.670912504196166992e+00
3.577733516693115234e+00
-5.837430477142333984e+00
4.692838191986083984e+00
4.564071655273437500e+00
-3.352992057800292969e+00
1.227972626686096191e+00
-3.540703058242797852e+00
-5.043044090270996094e-01
-1.705839395523071289e+00
3.006402015686035156e+00
2.082248926162719727e+00
3.578715562820434570e+00
2.509544372558593750e+00
1.903519630432128906e+00
1.594784498214721680e+00
-5.616760253906250000e-01
2.160134077072143555e+00
-1.568343043327331543e+00
1.455058813095092773e+00
-2.730469465255737305e+00
-1.364141464233398438e+00
-6.345371007919311523e-01
3.837704896926879883e+00
5.352082729339599609e+00
1.742840409278869629e+00
5.921895027160644531e+00
-2.040218591690063477e+00
3.978544950485229492e+00
-3.987156391143798828e+00
1.374251127243041992e+00
-2.347971677780151367e+00
1.987020611763000488e+00
3.360372543334960938e+00
-4.431231021881103516e+00
2.018629789352416992e+00
9.956251382827758789e-01
-2.785460472106933594e+00
-3.209561824798583984e+00
6.332405090332031250e+00
-1.171229124069213867e+00
-2.998980283737182617e+00
-2.496765106916427612e-01
1.651376128196716309e+00
-6.376433372497558594e-01
-5.519109964370727539e-01
1.297766327857971191e+00
-6.596838831901550293e-01
2.666740894317626953e+00
-2.062265634536743164e+00
3.985246181488037109e+00
2.365190982818603516e+00
-2.978971004486083984e+00
-2.528885126113891602e+00
-1.577897071838378906e+00
5.570745468139648438e-01
1.941851735115051270e+00
-2.312589406967163086e+00
3.508310019969940186e-01
-3.670723140239715576e-01
-2.337068080902099609e+00
-1.433386206626892090e+00
3.197866916656494141e+00
-2.379594326019287109e+00
-1.468202114105224609e+00
1.373073577880859375e+00
1.514956712722778320e+00
3.224414348602294922e+00
-3.550017595291137695e+00
9.110880494117736816e-01
2.580044746398925781e+00
-4.783777236938476562e+00
2.743255853652954102e+00
-1.916914105415344238e+00
7.459611892700195312e-01
5.362883090972900391e+00
-1.426372081041336060e-01
3.212018907070159912e-01
2.011521577835083008e+00
-5.660929083824157715e-01
2.806459188461303711e+00
-2.224571704864501953e+00
8.093377947807312012e-01
7.992861270904541016e-01
-1.480518102645874023e+00
2.255858659744262695e+00
1.748548865318298340e+00
-1.917577832937240601e-01
1.502100825309753418e+00
2.083681821823120117e+00
8.184185251593589783e-03
4.012202620506286621e-01
2.040632486343383789e+00
-3.422224283218383789e+00
-3.132374763488769531e+00
-1.725895762443542480e+00
-4.157098233699798584e-01
-1.717041134834289551e+00
3.226679325103759766e+00
1.585152149200439453e+00
2.581975221633911133e+00
3.855157852172851562e+00
-2.949457466602325439e-01
3.138032674789428711e+00
2.457906723022460938e+00
2.345901012420654297e+00
3.543469667434692383e+00
3.298352360725402832e-01
1.753662824630737305e+00
-3.222012758255004883e+00
1.442488551139831543e+00
2.850260496139526367e+00
-4.846960604190826416e-01
1.784156203269958496e+00
-3.777076482772827148e+00
-6.472213864326477051e-01
3.842074871063232422e+00
1.501240849494934082e+00
4.442981243133544922e+00
1.166340827941894531e+00
-1.131496354937553406e-01
2.093741416931152344e+00
8.997291922569274902e-01
7.779176831245422363e-01
3.362632751464843750e+00
-3.449993431568145752e-01
4.295737266540527344e+00
-7.178904414176940918e-01
3.031323909759521484e+00
2.922132313251495361e-01
-4.934055730700492859e-02
-3.227890729904174805e+00
2.398142814636230469e+00
1.101817131042480469e+00
-7.401667833328247070e-01
3.652226924896240234e+00
-4.717174470424652100e-01
5.164469480514526367e-01
-4.525696754455566406e+00
1.450240731239318848e+00
1.403772354125976562e+00
5.906535148620605469e+00
5.826696753501892090e-01
2.189239978790283203e+00
2.081118583679199219e+00
9.313005208969116211e-01
-2.489256262779235840e-01
-1.872337460517883301e+00
1.477278351783752441e+00
-2.062708139419555664e+00
-4.771559536457061768e-01
4.866918563842773438e+00
1.828347563743591309e+00
3.129348993301391602e+00
5.554243326187133789e-01
5.412336826324462891e+00
1.409539341926574707e+00
3.778485536575317383e+00
-2.605061054229736328e+00
-8.973143696784973145e-01
2.654320716857910156e+00
1.812615156173706055e+00
1.705330848693847656e+00
4.098299026489257812e+00
2.317008972167968750e+00
1.868063449859619141e+00
-3.352322876453399658e-01
1.157450199127197266e+00
1.668073236942291260e-01
4.543535232543945312e+00
2.401049613952636719e+00
4.548972606658935547e+00
-1.813936829566955566e+00
2.182527303695678711e+00
1.816242218017578125e+00
-2.065337181091308594e+00
1.018514156341552734e+00
1.705152541399002075e-01
1.770467638969421387e+00
5.503076314926147461e-01
3.048232197761535645e-01
-1.358625292778015137e+00
-8.685984462499618530e-02
1.514336228370666504e+00
3.981857776641845703e+00
2.779597997665405273e+00
1.173762798309326172e+00
1.194671154022216797e+00
5.961455702781677246e-01
2.704103469848632812e+00
-2.603004932403564453e+00
5.839729309082031250e-01
1.451075792312622070e+00
-1.358911097049713135e-01
5.038119792938232422e+00
-1.109072685241699219e+00
2.388043165206909180e+00
8.750391006469726562e-01
8.298741579055786133e-01
-2.375484704971313477e+00
4.010564327239990234e+00
-2.084096193313598633e+00
2.987383127212524414e+00
-8.543962240219116211e-02
9.525364637374877930e-01
-1.535411477088928223e-01
5.039964243769645691e-02
-6.693890690803527832e-01
3.345498323440551758e+00
2.188097000122070312e+00
-6.023129820823669434e-01
1.472132325172424316e+00
1.572845816612243652e+00
2.176350355148315430e+00
1.307435274124145508e+00
-5.899432580918073654e-03
2.731747388839721680e+00
-1.196993589401245117e+00
9.369101375341415405e-02
1.173066020011901855e+00
-1.072233080863952637e+00
-8.992186933755874634e-02
2.107044696807861328e+00
2.610342502593994141e-01
-1.179794192314147949e+00
2.594627618789672852e+00
4.746666550636291504e-01
1.689827203750610352e+00
1.151597499847412109e+00
-5.174798011779785156e+00
9.804232418537139893e-02
1.536744356155395508e+00
1.567456722259521484e+00
3.234947621822357178e-01
-4.143404066562652588e-01
1.738355040550231934e+00
-4.888471961021423340e-01
3.421687602996826172e+00
4.598290193825960159e-03
2.229237794876098633e+00
4.520144939422607422e+00
2.566127061843872070e+00
3.640614748001098633e+00
-2.025743961334228516e+00
-1.918437145650386810e-02
6.337454319000244141e-01
4.058652877807617188e+00
-2.676656007766723633e+00
2.723050415515899658e-01
2.044466733932495117e+00
-4.462762832641601562e+00
-1.276207268238067627e-01
2.248974561691284180e+00
-2.854688763618469238e-01
-6.192169785499572754e-01
1.743103146553039551e+00
-1.627059102058410645e+00
-6.995551586151123047e-01
-1.904014110565185547e+00
-6.094199419021606445e-01
2.656133890151977539e+00
-1.798069477081298828e+00
3.087502479553222656e+00
6.865774393081665039e-01
1.238697171211242676e+00
