8.797051429748535156e+00
1.059554767608642578e+01
1.085124301910400391e+01
1.212847232818603516e+01
1.544440555572509766e+01
1.805659866333007812e+01
1.946855163574218750e+01
1.714528465270996094e+01
1.626476860046386719e+01
1.036270332336425781e+01
8.708368301391601562e+00
1.728786849975585938e+01
1.405538463592529297e+01
1.629281997680664062e+01
1.814933204650878906e+01
1.644701385498046875e+01
1.289662647247314453e+01
9.681342124938964844e+00
1.582357025146484375e+01
9.614817619323730469e+00
-8.229280710220336914e-01
8.604841232299804688e+00
-3.309756994247436523e+00
-8.301502227783203125e+00
-3.652451276779174805e+00
-3.686857461929321289e+00
-1.087153434753417969e+00
-5.718358993530273438e+00
4.765498161315917969e+00
7.502291202545166016e+00
-3.244713544845581055e+00
-5.696043968200683594e+00
1.066123008728027344e+01
-4.285474300384521484e+00
6.898833751678466797e+00
9.771450996398925781e+00
-2.720733404159545898e+00
7.681134700775146484e+00
6.810488700866699219e+00
-6.975149631500244141e+00
-8.489858627319335938e+00
-4.614787101745605469e+00
-2.268794775009155273e+00
-3.321551561355590820e+00
3.742638826370239258e+00
4.654273033142089844e+00
5.536412715911865234e+00
-3.218125343322753906e+00
5.097063541412353516e+00
6.265830039978027344e+00
5.983855247497558594e+00
5.951931476593017578e+00
-5.625276565551757812e+00
-2.192554473876953125e-01
1.362669086456298828e+01
-5.180809497833251953e+00
-2.783473014831542969e+00
6.984871387481689453e+00
8.876198530197143555e-01
6.473522186279296875e+00
-1.410923719406127930e+00
-2.434673070907592773e+00
-7.620075702667236328e+00
-5.933708667755126953e+00
1.414839982986450195e+00
-1.808760404586791992e+00
7.320420265197753906e+00
-1.148957967758178711e+00
9.628244400024414062e+00
5.916835784912109375e+00
-1.103586292266845703e+01
-7.787174224853515625e+00
2.646541357040405273e+00
1.955712199211120605e+00
3.819931030273437500e+00
5.727287769317626953e+00
4.177797317504882812e+00
3.853677749633789062e+00
-6.537320613861083984e+00
6.341882705688476562e+00
1.091848564147949219e+01
-4.629835605621337891e+00
1.444579601287841797e+00
8.057560920715332031e+00
1.547377467155456543e+00
-5.437220335006713867e-01
2.347586154937744141e+00
-3.844556808471679688e+00
2.815158367156982422e+00
6.727282047271728516e+00
7.331453323364257812e+00
-1.756818413734436035e+00
4.686703205108642578e+00
-2.422086000442504883e+00
4.270975589752197266e+00
-1.255506896972656250e+01
-6.031972408294677734e+00
4.540439605712890625e+00
5.431435585021972656e+00
-1.363923192024230957e+00
4.489734172821044922e+00
8.195278048515319824e-01
-5.678403854370117188e+00
2.905823469161987305e+00
4.461239337921142578e+00
-5.885196685791015625e+00
3.949354171752929688e+00
2.395694971084594727e+00
-1.458057522773742676e+00
2.556762695312500000e+00
-2.062365531921386719e+00
-7.864115834236145020e-01
3.262428760528564453e+00
-1.011521148681640625e+01
-1.652721524238586426e+00
-7.145142555236816406e+00
3.076607465744018555e+00
3.173162937164306641e+00
4.500242233276367188e+00
-6.022963047027587891e+00
1.263396024703979492e+00
3.700422763824462891e+00
1.422598004341125488e+00
4.780026435852050781e+00
-3.466572761535644531e+00
-3.373033523559570312e+00
9.612404823303222656e+00
-5.656229972839355469e+00
2.952141761779785156e+00
3.653514862060546875e+00
2.905938863754272461e+00
1.114073276519775391e+01
2.715873003005981445e+00
1.090130138397216797e+01
2.947780132293701172e+00
6.786947846412658691e-01
7.051339626312255859e+00
-3.769349575042724609e+00
-1.768333077430725098e+00
4.864724725484848022e-02
1.607680797576904297e+00
-1.025412917137145996e+00
-4.597763419151306152e-01
7.263303399085998535e-01
-6.566850662231445312e+00
4.474390029907226562e+00
3.083491802215576172e+00
1.515590310096740723e+00
-1.537110686302185059e+00
-1.977102756500244141e+00
-3.859943866729736328e+00
4.193800687789916992e-01
9.013061523437500000e+00
4.425819873809814453e+00
4.709915161132812500e+00
-2.016412973403930664e+00
5.486132204532623291e-02
-7.074588775634765625e+00
4.143024086952209473e-01
6.294243812561035156e+00
5.615439414978027344e+00
-8.903259277343750000e+00
-9.037050604820251465e-01
-8.128684997558593750e+00
4.073081970214843750e+00
2.506693363189697266e+00
-1.131016850471496582e+00
-5.072207450866699219e+00
-3.762587547302246094e+00
2.374101638793945312e+00
-4.866078376770019531e+00
1.786993145942687988e+00
4.564345836639404297e+00
2.620174407958984375e+00
-4.308891668915748596e-02
3.285505056381225586e+00
-4.662057876586914062e+00
1.702901840209960938e+00
2.610821008682250977e+00
2.728004455566406250e+00
4.329870700836181641e+00
3.669929504394531250e+00
-5.889599800109863281e+00
8.987484931945800781e+00
5.398602485656738281e+00
6.252525329589843750e+00
-3.952786445617675781e+00
5.710636138916015625e+00
2.740360498428344727e+00
9.073565483093261719e+00
-8.295155167579650879e-01
5.471643447875976562e+00
6.118469238281250000e+00
-7.075866460800170898e-01
-1.340121030807495117e+00
2.637004613876342773e+00
2.099007129669189453e+00
1.003216838836669922e+01
7.113374233245849609e+00
9.132473945617675781e+00
-3.096052885055541992e+00
5.084437370300292969e+00
-6.250725984573364258e-01
8.473118782043457031e+00
-3.775912523269653320e+00
3.661990880966186523e+00
4.855526924133300781e+00
2.781539916992187500e+00
-6.228976726531982422e+00
-3.597148895263671875e+00
8.996497154235839844e+00
-1.774995446205139160e+00
2.641238927841186523e+00
4.442622661590576172e+00
5.386426448822021484e-01
2.083951473236083984e+00
2.613537311553955078e+00
1.747403025627136230e+00
-1.139157533645629883e+00
1.696449518203735352e+00
-1.577273488044738770e+00
4.930764198303222656e+00
-7.825012803077697754e-01
-2.053744554519653320e+00
2.261995792388916016e+00
4.098980426788330078e+00
-9.024083614349365234e-01
5.463726043701171875e+00
-6.339208126068115234e+00
1.734230160713195801e+00
-4.512083530426025391e+00
2.585274219512939453e+00
1.130391716957092285e+00
7.540414929389953613e-01
1.935714036226272583e-01
3.815715312957763672e+00
6.024665832519531250e+00
-3.747600018978118896e-01
-2.134794145822525024e-01
2.272901058197021484e+00
7.802366733551025391e+00
-5.030568316578865051e-02
1.910808444023132324e+00
-5.106804966926574707e-01
-4.048277854919433594e+00
5.873396992683410645e-01
5.399103641510009766e+00
2.861097335815429688e+00
3.732533454895019531e+00
-1.742660284042358398e+00
-2.211175918579101562e+00
1.758552789688110352e-01
-2.153743982315063477e+00
5.116135478019714355e-01
1.237473845481872559e+00
-5.591025352478027344e-01
2.544351816177368164e+00
4.591248989105224609e+00
7.163658618927001953e+00
6.825276374816894531e+00
-2.528869867324829102e+00
4.149830818176269531e+00
3.793128013610839844e+00
-2.504177987575531006e-01
-2.179857492446899414e+00
2.187098264694213867e-01
-2.015533685684204102e+00
1.397389888763427734e+00
-2.280201464891433716e-01
1.555941253900527954e-01
1.806741833686828613e+00
2.248171865940093994e-01
3.700360298156738281e+00
-4.236636161804199219e+00
2.111104011535644531e+00
3.063272237777709961e-01
7.678463935852050781e+00
1.591536998748779297e+00
-2.391367197036743164e+00
-2.121361017227172852e+00
2.560636281967163086e+00
2.284625530242919922e+00
2.469164580106735229e-01
4.901861548423767090e-01
-2.302570819854736328e+00
6.430530548095703125e+00
-3.777454614639282227e+00
4.249654769897460938e+00
1.123149871826171875e+00
-2.708091259002685547e+00
-2.105514526367187500e+00
1.391274571418762207e+00
3.999068260192871094e+00
3.757282495498657227e+00
5.826735496520996094e-01
2.833626985549926758e+00
1.506124019622802734e+00
1.792043685913085938e+00
5.108200550079345703e+00
4.605075836181640625e+00
-1.849665641784667969e+00
-2.933665990829467773e+00
1.989702701568603516e+00
1.538840413093566895e+00
2.976701498031616211e+00
2.173064231872558594e+00
1.188137412071228027e+00
-2.166455507278442383e+00
1.330851793289184570e+00
1.224245071411132812e+00
-1.346454739570617676e+00
-8.729298710823059082e-01
-1.414764761924743652e+00
-2.724586963653564453e+00
-3.306097745895385742e+00
1.301295280456542969e+00
8.435164093971252441e-01
3.976729154586791992e+00
4.286029815673828125e+00
7.171839714050292969e+00
1.288304686546325684e+00
-4.129868745803833008e-01
3.912488460540771484e+00
2.002013444900512695e+00
-1.786458849906921387e+00
3.661918401718139648e+00
3.657674312591552734e+00
-5.732276439666748047e+00
4.571269035339355469e+00
4.344296455383300781e+00
-3.255043745040893555e+00
1.400950551033020020e+00
-3.542778491973876953e+00
-4.876143336296081543e-01
-1.633654952049255371e+00
2.998369932174682617e+00
2.076615571975708008e+00
3.577554941177368164e+00
2.581319093704223633e+00
1.957259774208068848e+00
1.648430943489074707e+00
-6.239355802536010742e-01
2.207234859466552734e+00
-1.548072814941406250e+00
1.435278296470642090e+00
-2.704611539840698242e+00
-1.408210277557373047e+00
-6.575250625610351562e-01
3.757827997207641602e+00
5.519893646240234375e+00
1.786923527717590332e+00
5.743809700012207031e+00
-2.167879581451416016e+00
3.987105369567871094e+00
-4.003828525543212891e+00
1.432257890701293945e+00
-2.333263635635375977e+00
1.951269149780273438e+00
3.409338951110839844e+00
-4.435057640075683594e+00
2.025570869445800781e+00
8.174188733100891113e-01
-2.772680759429931641e+00
-3.242539167404174805e+00
6.311447143554687500e+00
-1.219542264938354492e+00
-3.055451154708862305e+00
-2.293539792299270630e-01
1.641988396644592285e+00
-6.618613600730895996e-01
-5.970278382301330566e-01
1.278515219688415527e+00
-6.668032407760620117e-01
2.647651195526123047e+00
-2.081444740295410156e+00
3.958564758300781250e+00
2.488329648971557617e+00
-2.989992380142211914e+00
-2.483308076858520508e+00
-1.630123138427734375e+00
6.364516019821166992e-01
1.912935376167297363e+00
-2.224873542785644531e+00
3.419688045978546143e-01
-3.647302687168121338e-01
-2.990948677062988281e+00
-1.496577024459838867e+00
3.156662702560424805e+00
-2.314123392105102539e+00
-1.392155051231384277e+00
1.317572593688964844e+00
1.503589034080505371e+00
3.100790262222290039e+00
-3.555293083190917969e+00
1.050094485282897949e+00
2.549282073974609375e+00
-4.739501476287841797e+00
2.795144319534301758e+00
-1.897199273109436035e+00
7.838377356529235840e-01
5.301232337951660156e+00
-2.389682233333587646e-01
3.406274616718292236e-01
1.981410861015319824e+00
-5.309484004974365234e-01
2.812078714370727539e+00
-2.268217086791992188e+00
8.255409598350524902e-01
8.139304518699645996e-01
-1.480853199958801270e+00
2.229719877243041992e+00
1.761882662773132324e+00
-1.446345895528793335e-01
1.442075490951538086e+00
2.122557878494262695e+00
-2.874518744647502899e-02
2.479929178953170776e-01
2.039326667785644531e+00
-3.321319818496704102e+00
-3.140409708023071289e+00
-1.659839868545532227e+00
-4.654825925827026367e-01
-1.749693036079406738e+00
3.076499223709106445e+00
1.574858427047729492e+00
2.597956895828247070e+00
3.816990137100219727e+00
-2.298915535211563110e-01
3.137470483779907227e+00
2.444289922714233398e+00
2.414419889450073242e+00
3.569331884384155273e+00
2.264986038208007812e-01
1.576618313789367676e+00
-3.303156614303588867e+00
1.494018435478210449e+00
2.788312435150146484e+00
-4.342981278896331787e-01
1.890477418899536133e+00
-3.694808244705200195e+00
-7.519998550415039062e-01
3.685515880584716797e+00
1.512508630752563477e+00
4.351849555969238281e+00
1.201871991157531738e+00
-1.229188144207000732e-01
2.063440322875976562e+00
8.541746139526367188e-01
6.983034610748291016e-01
3.417921304702758789e+00
-2.638487219810485840e-01
4.310354709625244141e+00
-6.250051856040954590e-01
2.943911552429199219e+00
3.015667498111724854e-01
4.461718350648880005e-02
-2.951456546783447266e+00
2.102754116058349609e+00
1.114112615585327148e+00
-6.001607179641723633e-01
3.574470520019531250e+00
-5.229515433311462402e-01
7.188144922256469727e-01
-4.287849903106689453e+00
1.434271454811096191e+00
1.478846311569213867e+00
5.854446411132812500e+00
5.993726849555969238e-01
2.137414455413818359e+00
2.111798286437988281e+00
9.256442189216613770e-01
-2.295308709144592285e-01
-1.762349247932434082e+00
1.490745782852172852e+00
-2.102921485900878906e+00
-4.636973142623901367e-01
4.863516330718994141e+00
1.771599888801574707e+00
3.123229265213012695e+00
4.883967936038970947e-01
5.324704647064208984e+00
1.332021832466125488e+00
3.709908246994018555e+00
-2.580602407455444336e+00
-8.287393450736999512e-01
2.721455574035644531e+00
1.835585236549377441e+00
1.647363662719726562e+00
3.808098077774047852e+00
2.487168550491333008e+00
1.866746306419372559e+00
-3.484658598899841309e-01
1.205762982368469238e+00
9.851150959730148315e-02
4.202459812164306641e+00
2.315618276596069336e+00
4.468323707580566406e+00
-1.844323992729187012e+00
2.184903144836425781e+00
1.845379352569580078e+00
-2.025512933731079102e+00
1.027797222137451172e+00
1.356347054243087769e-01
1.748217105865478516e+00
5.130596160888671875e-01
3.494459986686706543e-01
-1.218890786170959473e+00
-9.543348103761672974e-02
1.458626270294189453e+00
3.939328193664550781e+00
2.790893077850341797e+00
1.225013971328735352e+00
1.429257154464721680e+00
6.564056277275085449e-01
2.659402608871459961e+00
-2.656599283218383789e+00
7.215855121612548828e-01
1.464761495590209961e+00
-2.981192171573638916e-01
5.056570053100585938e+00
-8.217331767082214355e-01
2.255963802337646484e+00
9.807819724082946777e-01
8.241183757781982422e-01
-2.361580610275268555e+00
4.005974292755126953e+00
-2.070678949356079102e+00
2.990852355957031250e+00
-6.193011999130249023e-02
1.039861202239990234e+00
-2.098676562309265137e-01
9.172561019659042358e-02
-6.093105673789978027e-01
3.351639270782470703e+00
2.154404640197753906e+00
-5.646176934242248535e-01
1.477755069732666016e+00
1.542991280555725098e+00
2.117679357528686523e+00
1.609028220176696777e+00
-7.220741361379623413e-03
2.650156974792480469e+00
-9.793386459350585938e-01
1.087860912084579468e-01
1.122834444046020508e+00
-1.100687265396118164e+00
-5.447301641106605530e-02
2.047575950622558594e+00
5.384875461459159851e-02
-1.092544317245483398e+00
2.774187564849853516e+00
4.212893247604370117e-01
1.682121992111206055e+00
1.138742685317993164e+00
-5.167338371276855469e+00
6.788766384124755859e-02
1.532976984977722168e+00
1.672310352325439453e+00
3.550424277782440186e-01
-4.083811640739440918e-01
1.743296861648559570e+00
-5.194969177246093750e-01
3.390558242797851562e+00
3.343655914068222046e-02
2.196918725967407227e+00
4.414530754089355469e+00
2.660525083541870117e+00
3.643617868423461914e+00
-1.968735694885253906e+00
-1.019638031721115112e-01
8.438977599143981934e-01
4.048184394836425781e+00
-2.641415357589721680e+00
2.115334272384643555e-01
1.974670767784118652e+00
-4.357964992523193359e+00
-1.945743709802627563e-02
2.307239532470703125e+00
-2.270884662866592407e-01
-5.907046794891357422e-01
1.411296963691711426e+00
-1.580298423767089844e+00
-6.782114505767822266e-01
-1.938054323196411133e+00
-4.073899984359741211e-01
2.730351924896240234e+00
-1.708494901657104492e+00
3.096538543701171875e+00
6.962410211563110352e-01
1.267663240432739258e+00
