1.695625782012939453e+00
-7.237060926854610443e-03
-5.208930969238281250e-01
-7.556843757629394531e-01
1.674946188926696777e+00
4.451541423797607422e+00
1.062868833541870117e+00
1.981150746345520020e+00
3.510686874389648438e+00
1.988417387008666992e+00
1.987465262413024902e+00
1.305935740470886230e+00
2.722473144531250000e+00
4.328245818614959717e-01
2.566581666469573975e-01
4.787862598896026611e-01
-4.069346189498901367e-01
-4.364147409796714783e-02
-2.906192541122436523e-01
-1.419873237609863281e-01
2.675921618938446045e-01
6.020614877343177795e-02
-1.793300174176692963e-02
-3.589120507240295410e-02
3.272975981235504150e-01
4.755922853946685791e-01
5.751398205757141113e-01
-5.556337237358093262e-01
-1.443026661872863770e-01
1.173121929168701172e+00
1.126214027404785156e+00
7.390189170837402344e-02
2.717748582363128662e-01
-9.207072257995605469e-01
-1.793623417615890503e-01
-1.634830385446548462e-01
9.328666329383850098e-02
-3.483385145664215088e-01
-1.121686398983001709e-01
-1.644635200500488281e-01
-5.667376518249511719e-02
-1.891254931688308716e-01
1.973286420106887817e-01
7.343558669090270996e-01
-5.887093544006347656e-01
-1.351259201765060425e-01
7.622864723205566406e+00
6.004117488861083984e+00
8.024726867675781250e+00
1.027365684509277344e+01
1.322791099548339844e+01
1.377205562591552734e+01
1.457005977630615234e+01
1.540799808502197266e+01
1.706418418884277344e+01
1.833175277709960938e+01
1.978531837463378906e+01
1.929445075988769531e+01
2.554253196716308594e+01
2.845309257507324219e+01
2.894627189636230469e+01
-3.669171333312988281e+00
-6.645942211151123047e+00
3.033601641654968262e-01
3.192894458770751953e-01
-1.004787325859069824e+00
1.336823582649230957e+00
5.460024476051330566e-01
1.172272682189941406e+00
3.750192880630493164e+00
-8.512597084045410156e+00
-5.496970653533935547e+00
7.069448947906494141e+00
-6.169398427009582520e-01
7.126390933990478516e+00
3.134497165679931641e+00
-7.658774375915527344e+00
3.514440357685089111e-01
-1.266828656196594238e+00
-4.190869033336639404e-01
6.307127952575683594e+00
-1.535652279853820801e+00
1.830062717199325562e-01
-3.670833110809326172e-01
-2.826949596405029297e+00
-5.601609706878662109e+00
7.518290042877197266e+00
-2.718580961227416992e+00
-4.666118144989013672e+00
-4.096731185913085938e+00
2.359514981508255005e-01
3.389092683792114258e-01
1.082097053527832031e+00
-1.097019672393798828e+00
-5.839455723762512207e-01
-4.471574127674102783e-01
-1.319253921508789062e+00
-9.228722751140594482e-02
-5.081247910857200623e-02
-9.200228452682495117e-01
4.490821361541748047e-01
7.764522433280944824e-01
1.339504718780517578e+00
1.294714212417602539e+00
-1.723599880933761597e-01
2.465003967285156250e+00
-4.448884129524230957e-01
-1.567843198776245117e+00
5.451894402503967285e-01
2.178930491209030151e-02
-3.885055780410766602e-01
1.141909241676330566e+00
-2.010984867811203003e-01
-5.193199157714843750e+00
-4.280948162078857422e+00
2.417769879102706909e-01
-3.369155406951904297e+00
8.174281567335128784e-02
2.636277079582214355e-01
6.622667908668518066e-01
-4.206168949604034424e-01
-7.003403902053833008e-01
-9.421612620353698730e-01
3.671187460422515869e-01
-3.988904356956481934e-01
1.474788546562194824e+00
9.570196151733398438e+00
7.672740221023559570e-01
-5.870212912559509277e-01
4.145302176475524902e-01
1.145200282335281372e-01
-4.045787751674652100e-01
-3.760104775428771973e-01
1.227207109332084656e-01
4.000597894191741943e-01
-2.845868110656738281e+00
9.277192354202270508e-01
-8.544502258300781250e-01
-1.817766308784484863e+00
7.674942612648010254e-01
-4.053874015808105469e-01
7.721880078315734863e-01
-7.214667201042175293e-01
-1.364396214485168457e-01
-3.758716821670532227e+00
1.736127436161041260e-01
-5.575970932841300964e-02
-5.998372435569763184e-01
5.333716273307800293e-01
-2.117522656917572021e-01
-1.085730791091918945e+00
-7.498037219047546387e-01
1.084863543510437012e+00
-1.861320495605468750e+00
3.040598392486572266e+00
-1.432947635650634766e+00
-6.302125453948974609e-01
-1.609544618986546993e-03
1.872515678405761719e+00
9.094461798667907715e-02
-4.376902580261230469e+00
-1.662428140640258789e+00
2.886036157608032227e+00
1.334012508392333984e+00
1.816729426383972168e+00
-1.185020327568054199e+00
1.762704014778137207e+00
1.622625708580017090e+00
-1.366102814674377441e+00
-4.170152187347412109e+00
-2.515849471092224121e-01
-2.751608371734619141e+00
-1.076574325561523438e+00
7.980117797851562500e-01
-1.850780487060546875e+00
-3.995331764221191406e+00
7.366883009672164917e-02
1.013679027557373047e+00
4.390545845031738281e+00
1.501604557037353516e+00
2.023824453353881836e+00
1.708443522453308105e+00
-4.323693215847015381e-01
-1.429207026958465576e-01
-4.394389986991882324e-01
5.488610863685607910e-01
1.406673491001129150e-01
-1.630052447319030762e+00
2.923129796981811523e-01
-2.954592406749725342e-01
1.735492825508117676e+00
-2.745516300201416016e+00
9.166820347309112549e-02
2.048041820526123047e+00
-2.004882097244262695e+00
9.891991503536701202e-03
3.732970237731933594e+00
-3.559549152851104736e-01
6.516140699386596680e-01
-5.616284441202878952e-03
-2.647949934005737305e+00
-4.269839525222778320e-01
8.162958025932312012e-01
4.688487946987152100e-01
6.451984643936157227e-01
4.472269058227539062e+00
-2.921520948410034180e+00
1.455923557281494141e+00
2.876670360565185547e+00
1.711006045341491699e+00
-8.635129332542419434e-01
-1.025752499699592590e-01
6.008162349462509155e-02
2.815608680248260498e-01
-2.278568297624588013e-01
1.188763603568077087e-01
5.083553791046142578e-01
-7.854344248771667480e-01
-3.261376917362213135e-01
1.256877332925796509e-01
7.734767198562622070e-01
-4.652884602546691895e-01
-1.513352751731872559e+00
-1.951952874660491943e-01
2.257566750049591064e-01
-1.386520862579345703e+00
2.936617434024810791e-01
3.285062015056610107e-01
-7.703942060470581055e-02
-2.122241109609603882e-01
9.718447923660278320e-01
-3.528436124324798584e-01
-2.513928711414337158e-01
4.418127059936523438e+00
6.820297837257385254e-01
1.918222606182098389e-01
1.308224678039550781e+00
-1.590786427259445190e-01
6.607748568058013916e-02
-7.800580561161041260e-02
1.405385732650756836e-01
-2.548015415668487549e-01
9.925215505063533783e-03
-3.810099363327026367e-01
-1.532410144805908203e+00
-2.463740408420562744e-01
-4.644056320190429688e+00
-1.213833019137382507e-01
4.597036540508270264e-01
2.761978469789028168e-02
-1.524151563644409180e-01
-3.078014850616455078e-01
5.469865798950195312e-01
2.249460965394973755e-01
5.426986694335937500e+00
1.271434068679809570e+00
3.339061141014099121e-01
1.784701645374298096e-01
6.238750815391540527e-01
-7.080812007188796997e-02
3.176322877407073975e-01
-1.647005975246429443e-01
-4.132629930973052979e-02
9.476711750030517578e-01
1.200873702764511108e-01
2.503680288791656494e-01
5.269958078861236572e-02
1.714874431490898132e-02
-1.366776973009109497e-02
1.607784926891326904e-01
-8.790083229541778564e-02
-1.737202852964401245e-01
-6.464191079139709473e-01
9.449439644813537598e-01
-5.767920017242431641e-01
9.214505553245544434e-01
8.341708034276962280e-02
-1.244841456413269043e+00
-5.038982033729553223e-01
5.917905569076538086e-01
7.817039489746093750e-01
-4.867593944072723389e-02
-2.022266685962677002e-01
1.965075582265853882e-01
-7.115229368209838867e-01
5.599400997161865234e-01
1.646942734718322754e+00
-4.482229351997375488e-01
-1.328772068023681641e+00
4.861005544662475586e-01
-1.624127268791198730e+00
5.044540762901306152e-01
8.574883937835693359e-01
1.226611614227294922e+00
1.097098231315612793e+00
4.628774225711822510e-01
-9.308649301528930664e-01
-1.693743020296096802e-01
-6.642163276672363281e+00
-1.281384587287902832e+00
-2.149665057659149170e-01
2.240913867950439453e+00
-3.539101183414459229e-01
8.297359198331832886e-02
4.767917469143867493e-02
2.462941557168960571e-01
-9.900483489036560059e-01
3.613703548908233643e-01
-8.057914376258850098e-01
-1.156271696090698242e+00
2.606630325317382812e+00
-1.248271346092224121e+00
2.212426811456680298e-02
-2.923211336135864258e+00
-2.633825063705444336e+00
-1.221627712249755859e+00
2.534106254577636719e+00
-2.274451255798339844e-01
8.785343728959560394e-03
3.786370456218719482e-01
-9.604230523109436035e-01
8.180015087127685547e-01
-8.803710341453552246e-01
1.122238278388977051e+00
4.913868010044097900e-01
6.995319128036499023e-01
-2.074351787567138672e+00
8.037301301956176758e-01
2.124222040176391602e+00
-2.220351248979568481e-02
2.305922955274581909e-01
-2.821930050849914551e-01
3.098746240139007568e-01
2.506239414215087891e-01
-2.786803245544433594e-01
-8.889909088611602783e-02
-4.531328380107879639e-02
2.509419620037078857e-02
-4.523237645626068115e-01
3.169473409652709961e-01
-2.557704150676727295e-01
-7.710103392601013184e-01
1.518303006887435913e-01
-2.658294141292572021e-01
-4.794174060225486755e-02
-2.174169570207595825e-01
5.308199673891067505e-02
2.087821811437606812e-01
-9.357318282127380371e-02
-1.540442854166030884e-01
1.868176311254501343e-01
-3.136692345142364502e-01
2.272406816482543945e-01
2.012031972408294678e-01
-3.739259541034698486e-01
-3.169408068060874939e-02
9.236253499984741211e-01
-7.744898647069931030e-02
-2.318659722805023193e-01
-1.878153532743453979e-02
3.021275401115417480e-01
1.362980306148529053e-01
1.920329034328460693e-01
-5.082452893257141113e-01
-1.147645115852355957e+00
1.604384556412696838e-02
-3.272468566894531250e+00
3.185108304023742676e-01
8.089630305767059326e-02
-4.060528576374053955e-01
-1.084355860948562622e-01
8.141486048698425293e-01
-7.506409883499145508e-01
-3.443481326103210449e-01
2.667122602462768555e+00
-8.793435096740722656e-01
-4.121546149253845215e-01
1.675869524478912354e-01
4.000712633132934570e-01
-2.886013090610504150e-01
-9.984497725963592529e-02
1.007939651608467102e-01
1.966699361801147461e-01
-7.368146181106567383e-01
9.242541790008544922e-01
1.360591314733028412e-02
8.970102667808532715e-02
7.860384881496429443e-02
-4.685341417789459229e-01
1.855832636356353760e-01
-1.302285194396972656e-01
-1.620157361030578613e-01
-4.420813918113708496e-02
1.290904730558395386e-01
-3.960716724395751953e-01
9.138534069061279297e-01
-4.700623750686645508e-01
8.412742614746093750e-01
7.131001949310302734e-01
9.387097954750061035e-01
1.316810131072998047e+00
-4.089655280113220215e-01
-1.687659919261932373e-01
-3.239428997039794922e-01
6.140988692641258240e-02
7.588984072208404541e-02
1.137357950210571289e-01
-7.170078158378601074e-01
6.533195376396179199e-01
6.649208068847656250e-01
1.152037620544433594e+00
9.849514961242675781e-01
-3.305753171443939209e-01
-2.208634316921234131e-01
-5.950262546539306641e-01
-9.977725744247436523e-01
-2.437427520751953125e+00
-4.638342857360839844e-01
-4.816150188446044922e+00
-1.392396837472915649e-01
-1.589131832122802734e+00
9.502635220997035503e-04
-8.245582692325115204e-03
9.821932762861251831e-03
7.451539859175682068e-03
5.297335796058177948e-03
7.861767895519733429e-03
-5.773602984845638275e-03
-5.005988758057355881e-03
-2.410327782854437828e-03
-4.814755171537399292e-03
2.674714894965291023e-03
-8.632960729300975800e-03
-3.054022090509533882e-03
6.052602548152208328e-03
-1.510785659775137901e-03
-9.879674762487411499e-03
-8.135534822940826416e-03
9.917825460433959961e-03
9.182819165289402008e-03
-9.918839670717716217e-03
-6.430034060031175613e-03
5.619743373245000839e-03
-7.055646739900112152e-03
1.765210879966616631e-03
4.003827052656561136e-05
7.613172288984060287e-03
-4.325794056057929993e-03
-8.057244122028350830e-03
-2.223483053967356682e-03
-4.516028333455324173e-03
-9.589575231075286865e-03
6.781865376979112625e-03
3.114749561063945293e-04
-1.616187626495957375e-03
-7.396330591291189194e-03
-2.686481224372982979e-03
-4.246142692863941193e-03
-2.059739781543612480e-03
-1.318419235758483410e-03
-1.826153718866407871e-03
-1.802669285098090768e-04
6.152479443699121475e-03
7.597079500555992126e-03
-6.396816577762365341e-03
4.298762069083750248e-04
-6.816831883043050766e-03
-2.698449243325740099e-04
7.511012256145477295e-03
-4.205313045531511307e-03
-9.765518829226493835e-03
-9.836517274379730225e-03
-2.163465833291411400e-03
-4.105577711015939713e-03
-3.954465501010417938e-03
-7.520854007452726364e-03
8.553905412554740906e-03
-2.565508708357810974e-03
-6.840288173407316208e-03
2.714441390708088875e-03
-9.133636020123958588e-03
6.067487411201000214e-03
9.858304634690284729e-03
-8.536741137504577637e-03
2.188856247812509537e-03
-6.185551173985004425e-03
-4.271028097718954086e-03
-7.755450904369354248e-03
-8.560327813029289246e-03
3.776296274736523628e-03
3.084874944761395454e-03
-9.964778088033199310e-03
8.237422443926334381e-03
7.954445318318903446e-04
-9.697778150439262390e-03
-9.368393570184707642e-03
1.138725783675909042e-03
-7.198376581072807312e-03
3.233807859942317009e-03
-4.753513727337121964e-03
-8.172341622412204742e-03
-7.397775538265705109e-03
4.205704201012849808e-03
-7.500289939343929291e-03
-2.904302906244993210e-03
6.664803717285394669e-03
4.858784377574920654e-03
-6.147503736428916454e-04
-9.409373626112937927e-03
-5.626223515719175339e-03
4.522782750427722931e-03
-8.933660574257373810e-03
-2.597522456198930740e-03
6.289342418313026428e-03
2.453314373269677162e-03
8.097900077700614929e-03
-7.409526035189628601e-03
1.216609147377312183e-03
-9.680545888841152191e-03
-7.089674007147550583e-03
5.682300310581922531e-03
4.702378530055284500e-03
-8.127124165184795856e-04
4.088746383786201477e-03
-7.194576784968376160e-03
-5.156602710485458374e-03
6.823976291343569756e-04
-5.774461664259433746e-03
4.346724133938550949e-03
4.233913496136665344e-03
5.736342282034456730e-04
3.474797820672392845e-03
6.984841544181108475e-03
-6.249216850847005844e-03
-3.324758261442184448e-03
4.122682381421327591e-03
-1.532572903670370579e-03
-9.180980734527111053e-03
6.476609967648983002e-03
9.516643360257148743e-03
6.337954197078943253e-03
1.388168811798095703e+00
8.417187929153442383e-01
-1.567012786865234375e+00
5.520766973495483398e-01
