1.739039301872253418e+00
-6.558826565742492676e-01
-1.063036918640136719e-01
-1.535289883613586426e+00
4.753809928894042969e+00
3.896498441696166992e+00
7.971924729645252228e-03
1.900998473167419434e+00
1.762503266334533691e+00
3.212556123733520508e+00
-2.247180342674255371e-01
5.278354883193969727e-02
-2.429826110601425171e-01
-5.024543404579162598e-01
5.035148859024047852e-01
-1.182776451110839844e+00
2.864264845848083496e-01
9.913526177406311035e-01
-3.362747430801391602e-01
7.938295602798461914e-01
4.237214326858520508e-01
-1.420628905296325684e+00
5.435232520103454590e-01
-6.152124404907226562e-01
-1.869791984558105469e+00
6.440362334251403809e-01
-4.102665185928344727e-01
1.705533862113952637e-01
6.245951056480407715e-01
5.950368046760559082e-01
4.061476141214370728e-02
-4.155453145503997803e-01
-6.365751624107360840e-01
-3.551918566226959229e-01
7.538866996765136719e-01
-1.441765427589416504e-01
8.456090092658996582e-01
7.270283699035644531e-01
-5.059532523155212402e-01
1.069838628172874451e-01
7.110349178314208984e+00
8.328268051147460938e+00
1.024685287475585938e+01
1.329903221130371094e+01
1.527986717224121094e+01
9.064828872680664062e+00
1.698917198181152344e+01
1.813436317443847656e+01
1.926242446899414062e+01
2.726667213439941406e+01
2.876870346069335938e+01
2.865067481994628906e+01
3.306843948364257812e+01
1.550583600997924805e+00
-9.226199388504028320e-01
5.531540513038635254e-01
1.704859137535095215e+00
-6.324108839035034180e-01
1.406212329864501953e+00
-1.914516925811767578e+00
1.619885563850402832e-01
1.010325908660888672e+00
-7.735245227813720703e-01
6.496868133544921875e-01
-4.323986470699310303e-01
4.965319037437438965e-01
-5.046148777008056641e+00
2.118953466415405273e+00
5.410123467445373535e-01
-1.077235817909240723e+00
-2.720132589340209961e+00
-3.572369337081909180e+00
6.092345237731933594e+00
2.462576031684875488e-01
-5.996685028076171875e+00
2.532313764095306396e-01
-8.796022832393646240e-02
-2.907589912414550781e+00
3.059041202068328857e-01
2.715149819850921631e-01
8.131320029497146606e-02
-4.734121263027191162e-01
-8.515095710754394531e-01
-4.704578220844268799e-01
9.587506651878356934e-01
3.438724756240844727e+00
-3.735193312168121338e-01
3.105111598968505859e+00
2.073010206222534180e+00
-8.327159285545349121e-01
1.224889457225799561e-01
-1.170438408851623535e+00
-6.988573074340820312e-01
2.233799934387207031e+00
-1.163214892148971558e-01
8.740303516387939453e-01
-6.252788901329040527e-01
1.434179663658142090e+00
6.712072491645812988e-01
-1.238874793052673340e+00
3.210812807083129883e+00
1.944153308868408203e+00
-2.782460927963256836e+00
-4.150680899620056152e-01
-1.411354303359985352e+00
-2.028530359268188477e+00
4.349056482315063477e-01
-2.882514953613281250e+00
-6.414826393127441406e+00
-1.259751892089843750e+01
1.103269195556640625e+01
-1.444878101348876953e+00
-5.574539661407470703e+00
8.319599628448486328e-01
3.142775774002075195e+00
5.158997535705566406e+00
-7.855119705200195312e+00
8.085064888000488281e+00
-9.244297146797180176e-01
5.195118427276611328e+00
1.668294429779052734e+00
-1.775117874145507812e+00
5.492026805877685547e-01
-6.960453510284423828e+00
3.210237920284271240e-01
2.261376567184925079e-02
3.711731910705566406e+00
5.314200744032859802e-02
2.111682653427124023e+00
2.504819333553314209e-01
-2.146599054336547852e+00
3.322859406471252441e-01
6.260510087013244629e-01
-3.405006647109985352e+00
1.703314065933227539e+00
8.261899352073669434e-01
-4.926476776599884033e-01
-1.037951111793518066e+00
1.843657374382019043e+00
-7.036010622978210449e-01
3.125975847244262695e+00
6.432119607925415039e-01
2.149027347564697266e+00
2.070681333541870117e+00
1.005958437919616699e+00
6.911179423332214355e-01
-2.920209765434265137e-01
-5.251716971397399902e-01
2.444564402103424072e-01
1.908662915229797363e-01
-5.006960630416870117e-01
8.170602321624755859e-01
1.600450277328491211e-01
3.720326721668243408e-01
1.367149472236633301e+00
-9.592643380165100098e-01
6.630275845527648926e-01
9.919958114624023438e-01
-8.027018904685974121e-01
1.937451362609863281e-01
1.197725683450698853e-01
1.270820021629333496e+00
3.571990728378295898e-01
9.885984063148498535e-01
-8.491697162389755249e-02
1.385637879371643066e+00
1.018034934997558594e+00
-1.072085618972778320e+00
6.201486587524414062e-01
5.038961768150329590e-02
9.485014714300632477e-03
2.207237780094146729e-01
4.187915027141571045e-01
9.685909152030944824e-01
4.272241592407226562e-01
-6.810065507888793945e-01
-1.016077876091003418e+00
-1.746086627244949341e-01
-1.154388308525085449e+00
1.469528228044509888e-01
7.314155697822570801e-01
-1.673561483621597290e-01
4.528003633022308350e-01
8.805676102638244629e-01
-2.668665349483489990e-01
-8.426207304000854492e-02
2.242148071527481079e-01
9.561722278594970703e-01
-1.640477031469345093e-02
-7.039935588836669922e-01
9.042473435401916504e-01
-7.726649641990661621e-01
-5.344885587692260742e-01
3.152463138103485107e-01
9.628045558929443359e-02
4.357720911502838135e-01
-1.492821332067251205e-02
9.899810552597045898e-01
2.961761355400085449e-01
2.469438314437866211e+00
4.038606166839599609e+00
-2.224657535552978516e+00
-3.147388100624084473e-01
3.629193544387817383e+00
7.659459710121154785e-01
1.141907930374145508e+00
1.941040992736816406e+00
1.741445899009704590e+00
-1.562937498092651367e+00
7.470468878746032715e-01
-1.587204694747924805e+00
7.397086620330810547e-01
1.643083840608596802e-01
-6.039168834686279297e-01
1.804428935050964355e+00
-4.535296931862831116e-02
4.587562978267669678e-01
1.684222817420959473e+00
3.067717552185058594e-01
-1.579359620809555054e-01
-5.045993626117706299e-02
3.696050941944122314e-01
-2.074029147624969482e-01
2.534315288066864014e-01
1.754774332046508789e+00
-1.366725325584411621e+00
-5.282958596944808960e-02
-1.677131839096546173e-02
3.363060653209686279e-01
2.016918659210205078e+00
2.148600071668624878e-01
1.152464389801025391e+00
-1.560470461845397949e-01
-1.153294086456298828e+00
3.285513639450073242e+00
1.810691356658935547e+00
-4.628282785415649414e-01
7.746249437332153320e-01
8.908249437808990479e-02
1.624888539314270020e+00
-1.635518550872802734e+00
-1.586575269699096680e+00
7.382244467735290527e-01
-5.137073397636413574e-01
-1.359696239233016968e-01
-8.543745875358581543e-01
9.769237041473388672e-02
1.291844367980957031e+00
1.787792444229125977e-01
1.966900676488876343e-01
-3.481429517269134521e-01
4.997478052973747253e-02
9.286435842514038086e-01
2.158477008342742920e-01
-7.731626629829406738e-01
9.962846338748931885e-02
1.135862588882446289e+00
-1.059462316334247589e-02
5.038029551506042480e-01
3.130168616771697998e-01
7.063060998916625977e-02
7.216954231262207031e-02
-1.870650351047515869e-01
2.247879058122634888e-01
1.274818629026412964e-01
-2.059972286224365234e-01
-1.907276362180709839e-02
-4.194879233837127686e-01
9.643997997045516968e-02
1.056112408638000488e+00
2.205913811922073364e-01
1.233411859720945358e-02
4.035905469208955765e-03
9.973800927400588989e-02
-1.137514710426330566e-01
-1.556669324636459351e-01
3.576192259788513184e-01
-3.457868099212646484e-01
-3.013589978218078613e-01
6.555106490850448608e-02
-9.198382496833801270e-02
1.068776026368141174e-01
-6.006423234939575195e-01
-5.817266702651977539e-01
8.121995925903320312e-01
-7.275965064764022827e-02
-5.140296816825866699e-01
6.825978052802383900e-04
8.942123055458068848e-01
1.217196702957153320e+00
1.940632104873657227e+00
2.925534009933471680e+00
-2.718341827392578125e+00
-4.995089471340179443e-01
9.942787289619445801e-01
1.199617624282836914e+00
7.703711092472076416e-02
-6.295233368873596191e-01
2.133710622787475586e+00
-2.329890727996826172e+00
-7.322420924901962280e-02
1.181699521839618683e-02
-4.219750761985778809e-01
4.114678502082824707e-01
-1.674314498901367188e+00
1.465491771697998047e+00
-2.415947988629341125e-02
5.953748822212219238e-01
-5.447217822074890137e-01
-5.127641558647155762e-01
-1.070005893707275391e+00
2.715924084186553955e-01
2.129420936107635498e-01
2.971655130386352539e-01
-8.473556637763977051e-01
2.915187478065490723e-01
7.483426332473754883e-01
-4.803114831447601318e-01
-7.940667867660522461e-02
6.723858714103698730e-01
-4.569907858967781067e-02
4.946545362472534180e-01
-1.042433977127075195e+00
-6.801868081092834473e-01
4.051443338394165039e-01
-5.010354042053222656e+00
2.805956602096557617e-01
1.264003068208694458e-01
1.095439419150352478e-01
8.713278770446777344e-01
9.453974366188049316e-01
2.939442098140716553e-01
4.805509746074676514e-01
8.917516469955444336e-01
6.708296537399291992e-01
3.419134914875030518e-01
1.690042912960052490e-01
5.037169530987739563e-02
7.190964221954345703e-01
4.113624691963195801e-01
6.882796436548233032e-02
8.706735372543334961e-01
5.736485123634338379e-01
6.042653918266296387e-01
8.281012177467346191e-01
6.825820207595825195e-01
6.824265122413635254e-01
2.472774535417556763e-01
5.125796198844909668e-01
5.549527406692504883e-01
2.992522418498992920e-01
8.489720821380615234e-01
3.121410310268402100e-01
5.956625938415527344e-01
4.103149473667144775e-01
3.688472807407379150e-01
5.393423438072204590e-01
6.352173089981079102e-01
9.690912812948226929e-02
3.829652070999145508e-01
4.212704002857208252e-01
9.910076260566711426e-01
4.190793037414550781e-01
5.965885519981384277e-01
4.416145980358123779e-01
6.696429848670959473e-01
4.816951155662536621e-01
2.705312669277191162e-01
9.844902753829956055e-01
2.732549011707305908e-01
5.260884165763854980e-01
5.665308237075805664e-01
6.579638719558715820e-01
7.731801867485046387e-01
5.464273095130920410e-01
8.775522112846374512e-01
7.209048867225646973e-01
1.882224678993225098e-01
4.526867568492889404e-01
2.123971730470657349e-01
2.990743517875671387e-01
6.038180589675903320e-01
2.740632370114326477e-02
7.209398150444030762e-01
7.383458614349365234e-01
1.997436732053756714e-01
3.892542421817779541e-01
6.756643056869506836e-01
5.623024702072143555e-01
7.677411437034606934e-01
7.546258568763732910e-01
9.059982895851135254e-01
2.195743471384048462e-01
7.587303519248962402e-01
7.826588749885559082e-01
3.150268793106079102e-01
1.157512962818145752e-01
4.470063149929046631e-01
2.271191030740737915e-01
9.167122840881347656e-01
6.907171010971069336e-01
6.119325160980224609e-01
1.779745370149612427e-01
6.286071240901947021e-02
6.237814947962760925e-02
7.810426950454711914e-01
1.185437142848968506e-01
4.728078097105026245e-02
8.170552253723144531e-01
2.102051675319671631e-01
5.240465998649597168e-01
2.230699509382247925e-01
7.276803851127624512e-01
4.243194460868835449e-01
3.987364768981933594e-01
7.525842785835266113e-01
6.653454899787902832e-01
1.902574300765991211e+00
1.073619961738586426e+00
-1.899786472320556641e+00
7.214056253433227539e-01
