1.696871995925903320e+00
-1.521716564893722534e-01
1.569647550582885742e+00
-1.773249357938766479e-01
4.551788806915283203e+00
1.745543360710144043e+00
2.893850803375244141e+00
2.734909534454345703e+00
1.430066108703613281e+00
2.288716554641723633e+00
1.167185902595520020e+00
3.075039625167846680e+00
4.000791814178228378e-03
1.589870601892471313e-01
1.457119435071945190e-01
-1.340311765670776367e+00
-5.015436410903930664e-01
3.240692615509033203e-01
5.422809123992919922e-01
4.483443200588226318e-01
3.756809234619140625e-01
1.880328804254531860e-01
-2.305998951196670532e-01
-8.869636654853820801e-01
6.994356513023376465e-01
1.016624569892883301e-01
-4.049130380153656006e-01
-2.052940845489501953e+00
8.709849119186401367e-01
1.905528008937835693e-01
-2.433879673480987549e-01
-1.032484397292137146e-01
-9.732022881507873535e-02
-1.050763577222824097e-01
-3.241331875324249268e-01
-2.224778980016708374e-01
1.909289658069610596e-01
-7.304694503545761108e-02
-3.926756083965301514e-01
1.524434983730316162e-01
7.652090787887573242e-01
-3.161216080188751221e-01
-1.245386242866516113e+00
9.941086769104003906e+00
1.018892765045166016e+01
8.861821174621582031e+00
1.315544223785400391e+01
1.356087112426757812e+01
1.577810001373291016e+01
1.500706768035888672e+01
1.492880821228027344e+01
1.770078468322753906e+01
1.913151741027832031e+01
1.931589508056640625e+01
1.946700477600097656e+01
2.082137489318847656e+01
2.258558654785156250e+01
9.838607907295227051e-01
-1.121176362037658691e+00
-1.068377256393432617e+00
2.612065374851226807e-01
-9.985505938529968262e-01
1.586376786231994629e+00
6.730599999427795410e-01
-2.267358779907226562e+00
-1.415179222822189331e-01
1.605301380157470703e+00
6.357677578926086426e-01
-6.861348748207092285e-01
4.045357227325439453e+00
-4.225642681121826172e+00
7.958785891532897949e-01
-3.372160494327545166e-01
-1.110843539237976074e+00
6.742402911186218262e-02
-5.261028409004211426e-01
2.252877235412597656e+00
-2.472394227981567383e+00
2.412099599838256836e+00
-2.350184440612792969e+00
-6.932453513145446777e-01
-2.897948741912841797e+00
5.185042619705200195e-01
-3.138074278831481934e-01
1.282031893730163574e+00
-1.271712779998779297e-01
6.451431512832641602e-01
-9.390154480934143066e-01
9.781052470207214355e-01
1.714893817901611328e+00
-1.428855419158935547e+00
-3.169331550598144531e-01
-2.577116787433624268e-01
-5.546076297760009766e-01
7.929571866989135742e-01
-1.672523498535156250e+00
-1.141899704933166504e+00
7.013288140296936035e-01
-5.564850568771362305e-01
7.922903448343276978e-02
2.524908073246479034e-02
8.240770697593688965e-01
1.798934638500213623e-01
-1.162928462028503418e+00
6.104054450988769531e+00
2.217760658264160156e+01
-7.455705165863037109e+00
-2.269739866256713867e+00
8.466701954603195190e-02
2.619462609291076660e-01
1.218752026557922363e+00
2.285851836204528809e-01
-7.018167972564697266e-01
5.333795547485351562e-01
-8.513069152832031250e+00
-3.285506439208984375e+01
1.289257335662841797e+01
1.293717980384826660e+00
8.668825030326843262e-01
-4.104391574859619141e+00
-1.357723236083984375e+00
6.433615088462829590e-02
2.133907675743103027e-01
-1.184117794036865234e+00
3.045492172241210938e+00
-2.767955303192138672e+00
-1.224671840667724609e+00
-1.708330988883972168e+00
-5.848363637924194336e-01
2.529273331165313721e-01
3.624946177005767822e-01
7.645431756973266602e-01
4.892344474792480469e+00
-2.690020084381103516e+00
9.512017250061035156e+00
1.208619952201843262e+00
-2.358090639114379883e+00
7.549029588699340820e-01
5.249263286590576172e+00
1.985016226768493652e+00
5.623072624206542969e+00
1.669799327850341797e+00
2.012640953063964844e+00
-1.807748913764953613e+00
8.301821351051330566e-01
-1.272731721401214600e-01
6.806558463722467422e-03
-5.658750534057617188e-01
-5.959165841341018677e-02
2.949326634407043457e-01
-1.893174201250076294e-01
-2.255235433578491211e+00
7.918741106986999512e-01
1.985065042972564697e-01
6.560183167457580566e-01
-1.251485586166381836e+00
1.474480390548706055e+00
6.906937599182128906e+00
2.112329721450805664e+00
7.230605602264404297e+00
3.379372835159301758e+00
1.996549844741821289e+00
-2.284187227487564087e-01
1.472886204719543457e-01
-1.080053895711898804e-01
-2.535331845283508301e-01
-2.630492448806762695e-01
-1.106009006500244141e+00
7.212091088294982910e-01
9.786748290061950684e-01
-2.570452988147735596e-01
-9.378935098648071289e-01
-5.582552552223205566e-01
-2.595828175544738770e-01
-1.187802433967590332e+00
2.188175469636917114e-01
7.907291054725646973e-01
-1.241184473037719727e-01
1.191048324108123779e-01
-3.367974162101745605e-01
2.480615824460983276e-01
-7.742329239845275879e-01
3.402397632598876953e-01
-7.248420119285583496e-01
-3.621259629726409912e-01
5.156947970390319824e-01
-1.126916170120239258e+00
-1.383892416954040527e+00
-2.401376515626907349e-01
-4.100624918937683105e-01
-2.755006551742553711e-01
8.100951462984085083e-02
-1.318979740142822266e+00
8.109318017959594727e-01
5.114467740058898926e-01
3.895519375801086426e-01
-1.882446169853210449e+00
9.227035641670227051e-01
4.310298860073089600e-01
2.033901214599609375e-01
-1.917918622493743896e-01
2.980940341949462891e-01
4.546827077865600586e-01
8.820626139640808105e-02
1.851494908332824707e-01
3.436018824577331543e-01
1.652622520923614502e-01
2.947511970996856689e-01
-4.940749406814575195e-01
-5.153084278106689453e+00
2.986728906631469727e+00
3.493756294250488281e+00
3.807473480701446533e-01
4.005749151110649109e-02
-4.404039680957794189e-01
-2.862792015075683594e-01
2.914263308048248291e-01
7.144877910614013672e-01
-2.090497463941574097e-01
7.091253280639648438e+00
-3.409679889678955078e+00
-4.296665668487548828e+00
2.226452380418777466e-01
-7.333501428365707397e-02
7.130002975463867188e-01
8.107414096593856812e-02
-7.239371538162231445e-01
5.268064737319946289e-01
-1.082479953765869141e+00
-5.637687444686889648e-01
6.659629940986633301e-01
7.821008563041687012e-01
4.409981667995452881e-01
-2.520868778228759766e-01
-1.113201737403869629e+00
6.733644008636474609e-01
1.002927720546722412e-01
4.197909533977508545e-01
1.513521194458007812e+00
-1.413380742073059082e+00
4.813352823257446289e-01
2.279819965362548828e+00
-1.929002106189727783e-01
-1.464186119846999645e-03
-7.160468697547912598e-01
-6.279100775718688965e-01
-1.406030952930450439e-01
6.810703277587890625e-01
1.147672832012176514e-01
-8.752433657646179199e-01
2.399625062942504883e+00
6.355065107345581055e-02
1.527335286140441895e+00
-8.979039192199707031e-01
-3.495214283466339111e-01
-1.594847887754440308e-01
1.057466983795166016e+00
4.785879850387573242e-01
8.752681612968444824e-01
2.516947388648986816e-01
1.365472078323364258e-01
-1.321884989738464355e+00
1.304526209831237793e+00
-1.560163617134094238e+00
2.723507165908813477e+00
-3.877748847007751465e-01
3.951830148696899414e+00
4.866303130984306335e-02
2.676215171813964844e-01
6.610808372497558594e-01
-5.354468822479248047e-01
4.647110998630523682e-01
3.611494302749633789e-01
1.423383802175521851e-01
-5.047348514199256897e-02
2.254323065280914307e-01
-5.646438002586364746e-01
-3.812221586704254150e-01
-7.678241133689880371e-01
6.050470471382141113e-01
7.706222534179687500e-01
-7.961739897727966309e-01
-4.753828644752502441e-01
2.582402825355529785e-01
2.122744917869567871e-01
-1.063357219099998474e-01
-1.683318316936492920e-01
3.381185233592987061e-01
-4.100623726844787598e-02
-5.213947892189025879e-01
1.509908288717269897e-01
5.390067696571350098e-01
-1.261517703533172607e-01
3.059579133987426758e-01
5.634613037109375000e-01
-1.291095912456512451e-01
2.537041902542114258e-01
3.495258688926696777e-01
5.170514583587646484e-01
-2.365814149379730225e-01
3.757641017436981201e-01
-8.425717353820800781e-01
2.118882387876510620e-01
3.461827039718627930e-01
-3.644891977310180664e-01
1.107436567544937134e-01
-2.596612274646759033e-01
1.301764100790023804e-01
4.853824526071548462e-02
1.302377283573150635e-01
2.602703869342803955e-01
-1.741326451301574707e-01
-9.346682578325271606e-02
2.264941483736038208e-01
-4.217846393585205078e+00
2.130132198333740234e+00
1.741693258285522461e+00
1.563555896282196045e-01
1.054365187883377075e-01
-4.593951404094696045e-01
-4.922230541706085205e-01
-1.057173982262611389e-01
2.749688923358917236e-01
-5.902298912405967712e-02
7.337491035461425781e+00
-3.781658411026000977e+00
-3.508903264999389648e+00
-5.512681603431701660e-01
2.578273117542266846e-01
4.962137341499328613e-01
2.260839194059371948e-01
4.170745611190795898e-01
-9.917417913675308228e-02
-4.209675192832946777e-01
7.684994935989379883e-01
3.196229934692382812e-01
7.537230104207992554e-02
3.886681497097015381e-01
2.399705499410629272e-01
-4.751444756984710693e-01
1.189925298094749451e-01
-1.184335231781005859e+00
3.545848131179809570e-01
1.011125326156616211e+00
-2.347907066345214844e+00
6.350468099117279053e-02
1.298541784286499023e+00
-9.730864167213439941e-01
-2.356179475784301758e+00
1.312855243682861328e+00
-2.911979258060455322e-01
-3.271412551403045654e-01
-9.389496445655822754e-01
4.278472065925598145e-01
8.775398731231689453e-01
-1.158750295639038086e+00
-4.382099509239196777e-01
-8.830431103706359863e-01
6.724734306335449219e-01
7.248119264841079712e-02
9.481880664825439453e-01
9.134461283683776855e-01
-1.927940398454666138e-01
-7.724531292915344238e-01
-3.379082679748535156e-01
5.125488638877868652e-01
-3.496901392936706543e-01
-2.256734371185302734e+00
-7.761651873588562012e-01
1.249620243906974792e-01
2.179186820983886719e+00
-7.528289556503295898e-01
2.635912271216511726e-03
6.300042849034070969e-03
2.261490561068058014e-03
4.462865181267261505e-03
-1.903586089611053467e-03
-4.472651984542608261e-03
-5.691754166036844254e-03
-4.951593000441789627e-04
-1.352254068478941917e-03
1.409588614478707314e-03
9.082129225134849548e-03
6.320113316178321838e-03
-7.593861664645373821e-04
7.903950288891792297e-03
9.652329608798027039e-03
1.273347646929323673e-03
-6.565749179571866989e-03
-1.137309882324188948e-04
5.699831061065196991e-03
-3.884895239025354385e-03
9.231167845427989960e-03
4.089248366653919220e-03
-2.319254912436008453e-03
-7.108067627996206284e-03
1.149009447544813156e-03
1.660556699789594859e-05
4.575165919959545135e-03
3.758346196264028549e-03
-7.586637046188116074e-03
-5.759715102612972260e-03
3.465914400294423103e-03
9.918400086462497711e-03
6.663022097200155258e-03
-3.993670921772718430e-03
6.324763526208698750e-04
5.684544332325458527e-03
5.092769861221313477e-04
-6.116320844739675522e-03
4.607884213328361511e-03
-9.744572453200817108e-03
-3.571997396647930145e-03
6.293598562479019165e-03
8.817856200039386749e-03
-1.826022635214030743e-03
7.662238087505102158e-03
2.101411111652851105e-03
-8.442499674856662750e-03
7.001513615250587463e-03
2.691799774765968323e-03
-4.946524742990732193e-03
-8.438936434686183929e-03
-4.658117424696683884e-03
6.012741941958665848e-03
6.754681468009948730e-03
8.886795490980148315e-03
4.856701008975505829e-03
-2.796882530674338341e-03
-3.301114542409777641e-03
9.825400076806545258e-03
-3.747002221643924713e-03
-6.303166504949331284e-03
7.045371923595666885e-03
-4.779264330863952637e-03
6.508738733828067780e-03
-9.673669119365513325e-04
4.980561789125204086e-05
-1.595576875843107700e-03
-8.697300218045711517e-03
-1.524758525192737579e-03
7.829695940017700195e-03
3.085040953010320663e-03
1.637512585148215294e-03
1.350277685560286045e-03
-9.883557446300983429e-03
4.103376995772123337e-03
-4.409959656186401844e-04
7.603411097079515457e-03
7.552318857051432133e-04
-1.796232572814915329e-05
9.194183163344860077e-03
-5.170880816876888275e-03
-4.533431027084589005e-03
6.635570898652076721e-03
-7.479320745915174484e-03
9.096996858716011047e-03
-5.350778345018625259e-03
8.269399404525756836e-03
9.348919265903532505e-04
-6.656698882579803467e-03
-1.035428140312433243e-03
7.911263033747673035e-03
-8.919209358282387257e-04
-6.916571874171495438e-03
3.845077240839600563e-03
-6.898128893226385117e-03
3.657987806946039200e-03
-7.520276587456464767e-03
5.828802473843097687e-03
1.841191551648080349e-03
9.026107378304004669e-03
-9.789627045392990112e-03
-8.244545198976993561e-03
5.610918626189231873e-03
1.175422570668160915e-03
8.888849057257175446e-03
1.652532458305358887e+00
9.915568828582763672e-01
-1.703904509544372559e+00
6.621969342231750488e-01
