1.566844272613525391e+01
1.681911087036132812e+01
1.937091636657714844e+01
1.300446891784667969e+01
5.491430282592773438e+00
1.589448070526123047e+01
7.707700729370117188e+00
1.544477844238281250e+01
1.339714622497558594e+01
9.860759735107421875e+00
1.867389106750488281e+01
1.155927276611328125e+01
1.845068550109863281e+01
9.416687965393066406e+00
1.580236721038818359e+01
1.526027679443359375e+00
-1.192646741867065430e+00
1.834636688232421875e+00
1.802802234888076782e-01
2.176281929016113281e+00
-4.710382521152496338e-01
1.519530057907104492e+00
1.713111639022827148e+00
-5.358508229255676270e-01
1.971283793449401855e+00
-1.875324845314025879e+00
4.442063570022583008e-01
1.545450448989868164e+00
-1.475842118263244629e+00
4.579827308654785156e+00
3.406808137893676758e+00
4.716295242309570312e+00
1.457044005393981934e+00
1.235705137252807617e+00
7.795530796051025391e+00
-1.133812999725341797e+01
3.742102861404418945e+00
-3.207076787948608398e+00
-2.533474206924438477e+00
4.999620318412780762e-01
3.510262727737426758e+00
2.449327707290649414e+00
-6.701830387115478516e+00
-1.764283180236816406e+00
-3.161430835723876953e+00
-2.871081829071044922e+00
9.491032600402832031e+00
9.941570281982421875e+00
-3.006021022796630859e+00
1.286972761154174805e+00
-6.374730169773101807e-02
3.883829355239868164e+00
4.188156604766845703e+00
-7.101027965545654297e+00
8.167843818664550781e+00
-6.162764549255371094e+00
-3.266331434249877930e+00
1.675643920898437500e+00
-2.959380865097045898e+00
-4.188062667846679688e+00
-6.890451431274414062e+00
5.790328025817871094e+00
1.247318363189697266e+01
3.220859467983245850e-01
-8.413468360900878906e+00
1.046152400970458984e+01
-6.724527835845947266e+00
-3.283502161502838135e-01
7.478052616119384766e+00
5.345173835754394531e+00
4.866636276245117188e+00
-8.061529159545898438e+00
8.330890655517578125e+00
-2.509430408477783203e+00
-4.902048587799072266e+00
-4.976117610931396484e+00
-8.316515922546386719e+00
1.507006406784057617e+00
-2.307926654815673828e+00
6.055489555001258850e-02
7.190832138061523438e+00
-4.269793510437011719e+00
-4.424440860748291016e-01
-1.282351875305175781e+01
-4.109759807586669922e+00
-5.488922119140625000e+00
-1.326512694358825684e+00
4.725650310516357422e+00
5.414025306701660156e+00
2.525303602218627930e+00
3.078459739685058594e+00
1.425912189483642578e+01
7.400670647621154785e-01
6.283893585205078125e+00
6.060252666473388672e+00
-4.067068099975585938e+00
1.006135082244873047e+01
1.528902435302734375e+01
-2.498533010482788086e+00
8.357080459594726562e+00
5.029428482055664062e+00
-6.055939197540283203e+00
-6.856897830963134766e+00
4.210956573486328125e+00
-3.003990173339843750e+00
1.645464181900024414e+00
-2.418676763772964478e-01
4.126198291778564453e+00
7.621014118194580078e+00
-1.031835436820983887e+00
-1.224275779724121094e+01
-4.818370044231414795e-01
-5.125792980194091797e+00
8.398422241210937500e+00
2.618724107742309570e-01
-3.409402608871459961e+00
8.093076705932617188e+00
7.727613925933837891e+00
7.399163722991943359e+00
9.038543701171875000e+00
5.416815757751464844e+00
1.064082264900207520e+00
-9.634034156799316406e+00
-4.292881488800048828e+00
-2.158457279205322266e+00
9.994966506958007812e+00
6.702802181243896484e+00
-4.105249881744384766e+00
-6.250483915209770203e-03
5.583213329315185547e+00
-2.410419225692749023e+00
5.797838211059570312e+00
5.016396522521972656e+00
1.376766395568847656e+01
6.714034080505371094e-01
-1.566664457321166992e+00
-1.455272674560546875e+00
2.223003149032592773e+00
7.744298577308654785e-01
-1.260424219071865082e-02
6.551245450973510742e-01
5.562675595283508301e-01
-1.417959183454513550e-01
-2.049264430999755859e+00
1.977993965148925781e+00
2.210019826889038086e+00
-1.246809959411621094e+00
7.258328199386596680e-01
1.144671797752380371e+00
-2.089054584503173828e+00
-7.787834167480468750e+00
-7.380053400993347168e-01
1.271332204341888428e-01
3.837136507034301758e+00
-8.014261126518249512e-01
1.257857084274291992e+00
-5.585718154907226562e+00
5.119094848632812500e+00
1.457319974899291992e+00
-6.183061599731445312e-01
7.064606666564941406e+00
7.538703441619873047e+00
4.353178739547729492e-01
-5.091727256774902344e+00
-6.585264205932617188e-01
9.633559226989746094e+00
5.568284034729003906e+00
4.695808410644531250e+00
-5.704094409942626953e+00
4.890524864196777344e+00
-6.059113144874572754e-01
-1.597967147827148438e+00
4.754869937896728516e+00
-5.001863241195678711e-01
-7.087346553802490234e+00
6.927633762359619141e+00
2.340620756149291992e+00
5.194174766540527344e+00
9.652835726737976074e-01
3.180288791656494141e+00
-6.005038022994995117e-01
-6.983966350555419922e+00
3.135934770107269287e-01
-6.313898086547851562e+00
2.500920295715332031e+00
-2.573860287666320801e-01
6.014718055725097656e+00
-4.797420203685760498e-01
7.519653797149658203e+00
-9.117127954959869385e-02
-5.119982361793518066e-01
3.461896657943725586e+00
2.440801620483398438e+00
-1.973874092102050781e+00
8.194991111755371094e+00
2.168779611587524414e+00
-4.050309181213378906e+00
1.666426539421081543e+00
-1.328592181205749512e+00
2.521767377853393555e+00
-5.384511947631835938e+00
8.079562187194824219e+00
-4.050751209259033203e+00
3.759069740772247314e-01
2.603807449340820312e+00
-2.511149048805236816e-01
4.932391643524169922e+00
-2.714023590087890625e+00
7.145859241485595703e+00
1.134837627410888672e+00
-4.993574619293212891e+00
-5.048278331756591797e+00
7.619479656219482422e+00
3.211162328720092773e+00
3.647059440612792969e+00
8.101010322570800781e-01
-2.739152014255523682e-01
-3.452334180474281311e-02
3.685716390609741211e+00
3.010725975036621094e+00
3.239491939544677734e+00
8.743479251861572266e-01
1.849826574325561523e+00
5.936996459960937500e+00
1.902784943580627441e+00
1.106506228446960449e+00
1.295419216156005859e+01
-4.383266448974609375e+00
1.942148327827453613e+00
2.706093549728393555e+00
4.630834102630615234e+00
2.788347721099853516e+00
-2.317464590072631836e+00
3.774615764617919922e+00
4.334986686706542969e+00
1.431124567985534668e+00
-6.952778339385986328e+00
4.851973056793212891e+00
9.117278456687927246e-02
-1.064809709787368774e-01
-5.987635254859924316e-01
7.606249451637268066e-01
-7.500101625919342041e-02
-9.678605198860168457e-01
-3.602323293685913086e+00
-4.009508192539215088e-01
2.901082515716552734e+00
5.159695148468017578e+00
-3.737586259841918945e+00
-1.527562737464904785e+00
-1.358793258666992188e+00
-2.467751502990722656e-02
-2.115662574768066406e+00
-4.493707656860351562e+00
-3.160105943679809570e+00
-3.806023299694061279e-02
2.114665746688842773e+00
2.264789104461669922e+00
1.348317265510559082e+00
-5.524392724037170410e-01
8.745782375335693359e-01
1.859698414802551270e+00
2.408828258514404297e+00
2.401534557342529297e+00
-1.579502224922180176e+00
-1.979407191276550293e+00
1.179990172386169434e+00
6.417266130447387695e-01
1.569962024688720703e+00
1.071071147918701172e+00
-1.720259666442871094e+00
-1.097974404692649841e-01
1.610657334327697754e+00
1.818284690380096436e-01
4.072489261627197266e+00
1.402050614356994629e+00
2.133173704147338867e+00
4.712730407714843750e+00
2.687299489974975586e+00
-6.597175598144531250e-01
2.091037034988403320e+00
3.098576784133911133e+00
-1.604596376419067383e-01
6.985937356948852539e-01
2.674344480037689209e-01
4.208716392517089844e+00
3.931397676467895508e+00
-1.832141041755676270e+00
4.559708833694458008e-01
1.533277273178100586e+00
-7.251152992248535156e-01
1.892748594284057617e+00
-4.376432299613952637e-01
3.522614479064941406e+00
1.180291175842285156e+00
4.387222290039062500e+00
3.267203569412231445e+00
1.260982871055603027e+00
-3.230687677860260010e-01
-9.760013222694396973e-02
1.756026387214660645e+00
-2.088575124740600586e+00
3.834969997406005859e-01
-2.378654181957244873e-01
2.612354755401611328e+00
-1.599598973989486694e-01
8.811268806457519531e-01
1.687169075012207031e+00
2.128043651580810547e+00
1.356773376464843750e+00
1.928767800331115723e+00
-1.838717609643936157e-01
1.570738404989242554e-01
-1.312910795211791992e+00
2.443969964981079102e+00
-1.245384216308593750e+00
6.753265261650085449e-01
3.124157667160034180e+00
-5.715962648391723633e-01
3.291821718215942383e+00
8.140419125556945801e-01
2.728568553924560547e+00
2.469386458396911621e-01
2.024929285049438477e+00
1.320073455572128296e-01
5.130387306213378906e+00
4.917269051074981689e-01
3.790081739425659180e+00
3.824026346206665039e+00
-1.596125006675720215e+00
-1.155290126800537109e+00
1.326017379760742188e+00
1.822346568107604980e+00
2.819533109664916992e+00
-2.350360870361328125e+00
2.903098106384277344e+00
-4.382735252380371094e+00
-5.089214444160461426e-01
5.101684093475341797e+00
1.598515510559082031e+00
1.728712916374206543e+00
2.638636827468872070e+00
1.518824338912963867e+00
4.005064368247985840e-01
-9.319664239883422852e-01
1.874016642570495605e+00
5.135681629180908203e+00
5.297984480857849121e-01
1.643551945686340332e+00
6.671115756034851074e-01
3.025548160076141357e-01
2.467309951782226562e+00
-6.530683040618896484e-01
1.160333395004272461e+00
1.939546942710876465e+00
-5.449246883392333984e+00
-4.425990581512451172e+00
2.862404823303222656e+00
3.809282064437866211e+00
2.917244136333465576e-01
-1.794637084007263184e+00
-5.639447569847106934e-01
-2.654613494873046875e+00
1.993445038795471191e+00
1.368616342544555664e+00
2.317277908325195312e+00
6.912208795547485352e-01
3.768529415130615234e+00
1.601967811584472656e+00
2.083096265792846680e+00
-2.178657054901123047e+00
-2.582946062088012695e+00
1.918199062347412109e+00
-7.539369910955429077e-02
-3.429289162158966064e-01
1.277347564697265625e+00
