1.744265365600585938e+01
1.565881729125976562e+01
1.660312843322753906e+01
9.939514160156250000e+00
9.225387573242187500e+00
1.810530090332031250e+01
4.462331771850585938e+00
1.552158355712890625e+01
6.140902042388916016e+00
1.514533710479736328e+01
1.544448661804199219e+01
1.030103969573974609e+01
-2.527968645095825195e+00
2.072229146957397461e+00
-8.942760467529296875e+00
2.411334514617919922e+00
-9.412396550178527832e-01
-8.478636145591735840e-01
-2.480357736349105835e-01
1.064882278442382812e+01
-4.276625156402587891e+00
-1.167926788330078125e+00
1.523733854293823242e+00
4.380269527435302734e+00
-4.132867336273193359e+00
-1.123466014862060547e+00
7.099746227264404297e+00
-9.173610687255859375e+00
-5.454401493072509766e+00
6.518397331237792969e+00
-3.178525686264038086e+00
5.744917869567871094e+00
1.670825839042663574e+00
4.251118659973144531e+00
1.049099540710449219e+01
-1.120233297348022461e+00
3.217750191688537598e-01
3.784344673156738281e+00
-4.333488464355468750e+00
6.477064132690429688e+00
8.735522627830505371e-02
-1.059760951995849609e+01
-4.479953765869140625e+00
3.614825487136840820e+00
-7.235637664794921875e+00
2.842069625854492188e+00
1.109850311279296875e+01
-4.233427047729492188e+00
7.200508117675781250e+00
-1.564203500747680664e+00
-6.471740722656250000e+00
8.168806076049804688e+00
6.588968753814697266e+00
9.272230148315429688e+00
-9.304114580154418945e-01
3.208374500274658203e+00
5.165060520172119141e+00
-5.510833263397216797e+00
-3.491897106170654297e+00
-3.159207820892333984e+00
6.592500686645507812e+00
-2.966183423995971680e+00
4.793756008148193359e+00
6.169221878051757812e+00
-5.543904781341552734e+00
5.355488300323486328e+00
-7.281786441802978516e+00
4.984717845916748047e+00
4.168158531188964844e+00
-8.149699211120605469e+00
3.022938728332519531e+00
8.623429298400878906e+00
-5.226387977600097656e-01
8.926394462585449219e+00
-1.498720496892929077e-01
6.780334949493408203e+00
-1.453449964523315430e+00
-1.283815741539001465e+00
8.443964719772338867e-01
2.046772092580795288e-01
6.592670440673828125e+00
3.208117723464965820e+00
-2.751038670539855957e-01
2.849098682403564453e+00
-1.512751698493957520e+00
2.716005742549896240e-01
2.217994213104248047e+00
9.034469723701477051e-01
3.984337151050567627e-01
1.117943301796913147e-01
2.346013337373733521e-01
-5.178437232971191406e-01
-1.305343151092529297e+00
2.825576782226562500e+00
-5.048735141754150391e+00
6.101049423217773438e+00
3.056367337703704834e-01
1.905822157859802246e+00
-2.109718024730682373e-01
-2.096286773681640625e+00
-6.406671524047851562e+00
-4.760758206248283386e-02
4.697441577911376953e+00
-4.552857875823974609e+00
-5.754632949829101562e+00
-3.891661643981933594e+00
2.010605812072753906e+00
-7.903135776519775391e+00
9.950572997331619263e-02
-1.599763631820678711e+00
3.258299112319946289e+00
-8.298381805419921875e+00
5.925206184387207031e+00
1.199650406837463379e+00
-2.648591279983520508e+00
-3.280165195465087891e+00
3.838994801044464111e-01
2.463416337966918945e+00
5.892431259155273438e+00
-1.954492926597595215e+00
-6.733081936836242676e-01
-6.646923065185546875e+00
-2.109934329986572266e+00
5.239233970642089844e-01
-1.316654562950134277e+00
-2.041820764541625977e+00
-1.081477999687194824e-01
-6.800956726074218750e+00
-4.401834964752197266e+00
4.151114940643310547e+00
-8.423054218292236328e-01
3.560324609279632568e-01
2.367722511291503906e+00
-4.004428863525390625e+00
-1.729939699172973633e+00
1.290046572685241699e+00
3.522437572479248047e+00
4.074549198150634766e+00
-3.489724636077880859e+00
-5.853353023529052734e+00
-2.296244859695434570e+00
6.149167537689208984e+00
-5.026218414306640625e+00
8.036406636238098145e-01
-1.179687023162841797e+00
1.172746181488037109e+00
-5.103679299354553223e-01
3.321054458618164062e+00
-8.672627806663513184e-01
1.714550971984863281e+00
1.008191823959350586e+00
-3.266638755798339844e+00
-8.961767554283142090e-01
-2.222043037414550781e+00
3.089424371719360352e-01
-7.672985792160034180e-01
3.149963915348052979e-01
-2.840955257415771484e-01
-2.494418472051620483e-01
-2.051274292171001434e-02
1.988609313964843750e+00
-1.364429593086242676e-01
1.215011596679687500e+00
1.370815515518188477e+00
-1.823372840881347656e+00
-5.314856171607971191e-01
1.334831595420837402e+00
-6.624059677124023438e-01
2.545202493667602539e+00
2.363664150238037109e+00
-1.802830815315246582e+00
1.265637993812561035e+00
2.734443902969360352e+00
-3.720316648483276367e+00
-7.511224150657653809e-01
-4.391359090805053711e-01
4.885419845581054688e+00
2.112815856933593750e+00
-5.117255449295043945e-01
-1.160794258117675781e+00
-1.602414965629577637e+00
-2.980419874191284180e+00
2.012824296951293945e+00
2.809314489364624023e+00
-1.769174575805664062e+00
-9.639815092086791992e-01
4.769243299961090088e-01
-1.314315676689147949e+00
3.559482395648956299e-01
-4.742545783519744873e-01
5.346706509590148926e-01
2.050219058990478516e+00
-1.128928661346435547e+00
4.096206665039062500e+00
-3.011052131652832031e+00
-2.769009828567504883e+00
3.181505918502807617e+00
3.658311843872070312e+00
1.411923050880432129e+00
1.888182997703552246e+00
-1.460314989089965820e+00
-5.606401920318603516e+00
-3.566793918609619141e+00
5.391411304473876953e+00
2.255861520767211914e+00
3.483630418777465820e-01
-1.549531102180480957e+00
2.644795179367065430e+00
2.978595018386840820e+00
1.287886261940002441e+00
