1.661618041992187500e+01
1.577508258819580078e+01
1.673394393920898438e+01
9.841406822204589844e+00
9.510814666748046875e+00
1.798740768432617188e+01
5.779986381530761719e+00
1.573613262176513672e+01
6.854369163513183594e+00
1.544629096984863281e+01
1.544702148437500000e+01
9.180862426757812500e+00
-2.782631635665893555e+00
1.984320282936096191e+00
-1.072354507446289062e+01
3.272446155548095703e+00
-1.516593813896179199e+00
-8.621283769607543945e-01
-5.110787749290466309e-01
1.066918659210205078e+01
-5.235738277435302734e+00
-6.699313968420028687e-02
2.153817415237426758e+00
2.953357219696044922e+00
-5.337036132812500000e+00
-1.007497787475585938e+00
7.775952816009521484e+00
-1.102325630187988281e+01
-6.565351009368896484e+00
5.258329868316650391e+00
-3.316251277923583984e+00
7.735372543334960938e+00
1.764183282852172852e+00
2.922282457351684570e+00
1.295050430297851562e+01
-2.448148131370544434e-01
-1.244558691978454590e+00
3.774283170700073242e+00
-5.782562255859375000e+00
6.832889080047607422e+00
2.193664789199829102e+00
-6.717727184295654297e+00
-3.848124980926513672e+00
3.022295951843261719e+00
-8.321656227111816406e+00
2.827956914901733398e+00
8.393299102783203125e+00
-4.437661647796630859e+00
9.107114791870117188e+00
-1.564656496047973633e+00
-6.510021209716796875e+00
7.567345619201660156e+00
4.640621662139892578e+00
7.944950103759765625e+00
-1.988178938627243042e-01
2.098399996757507324e-01
5.545012950897216797e+00
-4.858351707458496094e+00
-3.228364944458007812e+00
-3.992333412170410156e+00
5.460821628570556641e+00
-3.468812465667724609e+00
4.976907253265380859e+00
5.903568744659423828e+00
-4.139748096466064453e+00
6.320049285888671875e+00
-5.001207351684570312e+00
5.013096809387207031e+00
2.615658521652221680e+00
-8.968667984008789062e+00
6.385762989521026611e-02
8.987668037414550781e+00
1.729558408260345459e-01
1.231064128875732422e+01
1.507307767868041992e+00
6.671096801757812500e+00
1.190336823463439941e+00
-1.524065494537353516e+00
6.790329515933990479e-02
8.993971347808837891e-01
6.402433395385742188e+00
3.369957685470581055e+00
-6.838630437850952148e-01
2.387050628662109375e+00
-2.585140705108642578e+00
-2.266107797622680664e-01
3.309645891189575195e+00
-5.722694396972656250e-01
-1.050664037466049194e-01
2.344927191734313965e-01
2.588454401120543480e-03
-4.991487860679626465e-01
-1.387908816337585449e+00
2.967430591583251953e+00
-5.225931167602539062e+00
6.622791767120361328e+00
-3.235860764980316162e-01
2.812749624252319336e+00
-1.240194290876388550e-01
-1.878550171852111816e+00
-7.219987869262695312e+00
-2.016724199056625366e-01
4.623690605163574219e+00
-4.295963287353515625e+00
-4.206209182739257812e+00
-4.411944866180419922e+00
1.273133039474487305e+00
-7.109379291534423828e+00
1.797499656677246094e-01
-8.377044200897216797e-01
4.131250381469726562e+00
-6.946385860443115234e+00
6.643107891082763672e+00
3.587501287460327148e+00
-2.594018459320068359e+00
-2.942782878875732422e+00
4.008720815181732178e-01
2.553101062774658203e+00
6.163991928100585938e+00
-1.300987005233764648e+00
-4.940639436244964600e-01
-4.663757801055908203e+00
-1.978067517280578613e+00
3.754239380359649658e-01
-1.496704459190368652e+00
-2.304933071136474609e+00
7.354997098445892334e-02
-6.400517940521240234e+00
-4.040621280670166016e+00
4.561799049377441406e+00
3.323209583759307861e-01
2.551127672195434570e-01
3.243795633316040039e+00
-3.997892618179321289e+00
-8.959437608718872070e-01
1.147129297256469727e+00
3.842161178588867188e+00
5.617203235626220703e+00
-3.443044900894165039e+00
-5.194304943084716797e+00
-9.402229785919189453e-01
6.363732337951660156e+00
-4.240094184875488281e+00
6.862338185310363770e-01
-1.143828034400939941e+00
5.491610169410705566e-01
-1.125424265861511230e+00
3.129580259323120117e+00
-1.129349827766418457e+00
1.973424911499023438e+00
9.934871792793273926e-01
-2.468438148498535156e+00
-2.918934524059295654e-01
-2.733834505081176758e+00
5.915623903274536133e-01
-7.917206883430480957e-01
2.228671461343765259e-01
-2.443581447005271912e-02
-3.721409738063812256e-01
7.938360422849655151e-02
2.127140760421752930e+00
9.488208591938018799e-02
1.057300925254821777e+00
1.722905397415161133e+00
-1.847107172012329102e+00
3.214941546320915222e-02
9.329358339309692383e-01
-8.055658340454101562e-01
2.380030155181884766e+00
2.218998908996582031e+00
-1.582240581512451172e+00
1.134555220603942871e+00
1.664325237274169922e+00
-3.444041013717651367e+00
-6.672253012657165527e-01
-9.903063178062438965e-01
4.731492519378662109e+00
1.869647383689880371e+00
1.549787819385528564e-01
-2.494959235191345215e-01
-2.628504991531372070e+00
-2.313261032104492188e+00
2.157986164093017578e+00
2.739272832870483398e+00
-8.668888211250305176e-01
-8.904779553413391113e-01
7.526943683624267578e-01
-8.970607519149780273e-01
6.598353385925292969e-02
-9.459938406944274902e-01
4.315929487347602844e-02
1.874276518821716309e+00
-3.397855758666992188e-01
3.441918134689331055e+00
-3.292461633682250977e+00
-2.981687307357788086e+00
3.233330011367797852e+00
3.831538915634155273e+00
1.504404425621032715e+00
1.355578780174255371e+00
-1.668552398681640625e+00
-5.232375621795654297e+00
-3.260915279388427734e+00
5.930133819580078125e+00
2.502746820449829102e+00
-4.115211963653564453e-01
-1.378495454788208008e+00
2.321962594985961914e+00
3.562629938125610352e+00
2.081404924392700195e+00
