2.210611343383789062e+01
3.435728073120117188e+00
1.544476604461669922e+01
2.035807991027832031e+01
7.566126346588134766e+00
2.570223808288574219e+00
1.544979858398437500e+01
3.052745103836059570e+00
7.618920803070068359e+00
1.643584370613098145e-01
4.152360916137695312e+00
-5.375615596771240234e+00
2.077221155166625977e+00
-1.468362569808959961e+00
8.225412368774414062e+00
-5.652060031890869141e+00
9.974622726440429688e+00
-5.529028415679931641e+00
-3.472921133041381836e+00
-1.869845390319824219e+00
1.547802090644836426e+00
6.459282875061035156e+00
-1.017025089263916016e+01
-4.081497192382812500e+00
-1.068293526768684387e-01
5.097379684448242188e+00
-6.150387287139892578e+00
-3.541290521621704102e+00
-1.455184966325759888e-01
-1.323511123657226562e+01
6.290417194366455078e+00
-5.530561804771423340e-01
-6.410109519958496094e+00
3.798529386520385742e+00
2.137312650680541992e+00
1.813572406768798828e+00
4.427225112915039062e+00
1.026294589042663574e+00
1.735259890556335449e-01
-1.291183352470397949e+00
-1.945265054702758789e+00
-2.230839729309082031e+00
3.787978410720825195e+00
-8.523697853088378906e+00
7.579928636550903320e-01
6.701473236083984375e+00
-7.109001636505126953e+00
2.883226871490478516e-01
2.798621654510498047e+00
-2.207991927862167358e-01
2.486841201782226562e+00
5.871599674224853516e+00
4.258808195590972900e-01
-1.729096412658691406e+00
7.276484489440917969e+00
1.254575371742248535e+00
-2.451169043779373169e-01
-1.313251399993896484e+01
7.416563034057617188e+00
1.838108181953430176e+00
-5.185942649841308594e+00
3.542062044143676758e-01
-1.328826308250427246e+00
-2.771019458770751953e+00
8.127084374427795410e-01
-1.065263390541076660e+00
-4.283432483673095703e+00
-4.532786905765533447e-01
-3.186144351959228516e+00
1.872262954711914062e+00
3.300376415252685547e+00
-1.521204590797424316e+00
-1.866542816162109375e+00
-1.390957117080688477e+00
-3.918285369873046875e+00
9.475180506706237793e-01
8.483840823173522949e-01
1.598323583602905273e+00
1.132984399795532227e+00
1.401119828224182129e+00
-6.246086582541465759e-02
-2.225081026554107666e-01
-7.306757926940917969e+00
-3.943188190460205078e-01
4.793401360511779785e-01
-1.451925277709960938e+01
3.517960786819458008e+00
-9.694385528564453125e-01
1.121064543724060059e+00
1.394266963005065918e+00
-7.403770089149475098e-01
-1.184068322181701660e+00
