1.990298652648925781e+01
6.257296085357666016e+00
1.548761367797851562e+01
1.766067314147949219e+01
7.513470649719238281e+00
4.739236831665039062e+00
1.545921039581298828e+01
3.238214731216430664e+00
6.916963100433349609e+00
1.592198729515075684e+00
2.990472078323364258e+00
-7.744892120361328125e+00
2.108344793319702148e+00
-1.421033024787902832e+00
7.373799324035644531e+00
-3.551760911941528320e+00
1.002426815032958984e+01
-4.650422096252441406e+00
-3.240870237350463867e+00
-3.745431423187255859e+00
1.884940981864929199e+00
5.095618247985839844e+00
-1.045772457122802734e+01
-3.790885210037231445e+00
-2.785281538963317871e-01
1.881001234054565430e+00
-5.374903202056884766e+00
-4.180986404418945312e+00
-1.222447752952575684e-01
-1.123468112945556641e+01
8.803678512573242188e+00
1.589359998703002930e+00
-6.290010929107666016e+00
4.114413738250732422e+00
2.422369718551635742e+00
1.820539593696594238e+00
2.911789655685424805e+00
1.360773444175720215e+00
4.589401185512542725e-02
-1.924720168113708496e+00
-2.621512889862060547e+00
-1.945600867271423340e+00
3.876374244689941406e+00
-6.959773063659667969e+00
-6.450206637382507324e-01
6.149352073669433594e+00
-8.181474685668945312e+00
3.329382538795471191e-01
-5.879390239715576172e-01
2.815730273723602295e-01
1.094779968261718750e+00
6.121526241302490234e+00
7.933460474014282227e-01
-2.007954597473144531e+00
6.053006172180175781e+00
3.916516304016113281e-01
-4.614353179931640625e-01
-1.275302028656005859e+01
8.471774101257324219e+00
1.691111087799072266e+00
-4.373895645141601562e+00
3.485437929630279541e-01
-1.499182105064392090e+00
-1.890089273452758789e+00
2.081816196441650391e+00
2.210218906402587891e+00
-3.191846132278442383e+00
2.353395462036132812e+00
-2.737881660461425781e+00
1.260816693305969238e+00
4.152719020843505859e+00
-2.550867557525634766e+00
-1.409224390983581543e+00
-4.727243781089782715e-01
-4.793965339660644531e+00
4.576787650585174561e-01
3.629352524876594543e-02
1.038277387619018555e+00
1.242321014404296875e+00
1.310963153839111328e+00
-3.277134299278259277e-01
3.043931424617767334e-01
-4.803705215454101562e+00
-1.700457781553268433e-01
6.716083288192749023e-01
-1.174869823455810547e+01
2.715498685836791992e+00
-6.032751202583312988e-01
1.295448541641235352e+00
1.350031495094299316e+00
-5.704240798950195312e-01
-1.487997651100158691e+00
