-5.053618110966110466e-01
7.192475189365092891e-01
6.385673389851804771e-01
4.299811187205135332e-01
-1.402438633209066587e+00
-4.011357353052156793e-01
-5.242943314300815283e-01
-6.878048707345900681e-01
-5.504129998741420504e-01
-1.025815158924708204e+00
-7.546248214431859891e-01
6.626794748336149732e-02
2.971346608704643621e-01
4.645475711147526443e-01
3.817184824384614594e-01
-1.414088186194220276e+00
-1.163126926377717085e+00
-7.475816953763558814e-02
-1.068804033280479571e+00
-9.380240625321688563e-01
1.957560473294104042e-01
6.066706922186632100e-01
-6.768051163788255664e-01
-1.187106506900859060e+00
3.693260159752396743e-01
-5.739953320492190425e-01
1.789386560789885394e-01
6.580973259492775007e-01
-2.586246564614211874e-01
1.190120336601916129e-01
1.247607195505833350e-01
-1.556450115465191353e-01
-1.996510012233442821e-01
-8.614162526192967739e-01
8.198504447323843314e-01
-9.625460258324647356e-02
-4.111383832619743828e-01
-1.338577509673201382e-01
-3.583214939309672942e-01
-5.756594916159964992e-01
8.740729982827305511e-01
2.447150970737365511e-02
-2.626283622978443089e-01
4.428334202498054872e-02
-8.509497629761845205e-01
3.568392473344886850e-01
-7.505726913206668405e-01
4.353431765739856352e-01
9.569400785495684181e-01
-3.165945065836152095e-01
1.252666334258668857e-01
-4.681155180270029637e-01
8.357314837485141368e-01
9.398354821699741457e-01
7.960338680257500465e-01
5.603617300821559510e-01
1.906757208032017759e-01
-7.090450846296612875e-02
3.507784868013300583e-01
-3.252819595142142917e-01
1.094566625423475797e-01
-9.574864153608940720e-01
6.969445227067085913e-01
1.786053663303532046e-01
6.674860494315432158e-01
-1.518596412044679045e-01
1.352306457545090213e-01
-3.429346175207125258e-01
-2.169627765228370753e-01
-1.034677725038971152e+00
1.166468368506263648e-01
1.193903644826290078e+00
9.378952692350488451e-01
4.555825522269413286e-01
-4.736727783101888911e-01
5.551160852907126575e-01
-2.002987386379800616e-01
7.332803164810923480e-02
-6.548209038935964843e-01
3.306106731671722421e-01
-8.385740460890348524e-01
7.673983059529657647e-01
-5.052548627696289429e-01
-8.839668664296211897e-01
-2.047062159730597963e-01
-5.592716714537405709e-01
-1.383155686365063891e-02
-6.016035672335905415e-01
-4.218367155815239133e-01
-1.045050688894092916e+00
4.446784924314407528e-01
1.054102179190175681e+00
-1.049069831766128225e+00
-1.172110321778437214e+00
9.312359460671413292e-01
-5.198391728028491782e-02
7.588553481936387568e-01
3.912316284644945519e-01
4.773135197306385691e-01
-1.637132757194010024e-01
6.996250067856590871e-01
-3.027943659153614631e-01
-5.331985467071018725e-01
-4.614673979980362106e-01
-3.488195837606860583e-01
6.190077651160353911e-01
6.289896246754767342e-03
-4.453846919812550764e-01
1.531352780233550051e-02
-4.359325283572159093e-01
1.698545020076607237e-01
-4.527941771615755506e-01
3.691115912966570489e-01
-5.002601760052753921e-01
9.933859646159567403e-01
-8.473058475643419074e-01
4.808321277360079193e-01
-3.012327764457745083e-01
-8.214790360924425494e-01
1.362616028455680695e-01
7.300840979335784242e-01
-1.348470956644806540e+00
-8.682294766132979680e-01
-8.644544817039268025e-02
4.651909537342385215e-01
5.390558816136056253e-01
6.512370887390389607e-01
6.880996850592571157e-01
-6.230351196635436350e-01
-8.533432578767477517e-02
4.030970002009831576e-01
7.331017485311408510e-02
1.262998987897946401e-01
-1.644772166836651617e-01
4.990011939353566350e-01
8.757294485749242963e-01
-7.033262289968544856e-01
5.569603660108590759e-01
5.780685512147499816e-01
-1.080614208836585544e+00
-8.195082748361851577e-01
5.607283761692651858e-01
3.335304360295879844e-01
1.025250256886049982e+00
1.028548286388683008e+00
-9.372495461838833419e-01
-1.023426090706714753e+00
6.699181224446807414e-01
-7.071329225282968478e-02
6.260022666246832790e-01
1.701275819353496310e-01
-6.414422912342074845e-01
-1.243782783811117065e-01
1.446009806769680550e-01
3.754127067748458946e-01
7.864737370134476935e-01
9.782433952039849834e-02
-3.964085098223388282e-01
-6.944062774924223413e-01
-1.786105541440001221e-01
-7.070832524611239678e-02
-5.893859978386767340e-01
1.824375696663402824e-01
9.417797929474955310e-02
-1.027798066064577881e-01
-3.567531469519583109e-02
3.236889925705020987e-01
9.126650803162824621e-01
8.848746866422322332e-01
5.514276861828665277e-01
-4.739706150898367887e-01
-6.577118457237024485e-01
2.216313124401758927e-01
-4.183566049089469385e-01
2.100496120172369863e-01
6.439148543377710698e-01
1.160814572506858378e+00
-1.141088961727644152e-01
3.472111798507424019e-01
5.400236911129652206e-01
-1.001916209934838875e-01
-2.802151558888640870e-01
-8.705840382867203742e-01
1.278555443158212901e+00
-3.432025004786209421e-01
1.011013050612372899e+00
-5.174368907296830189e-01
4.731635660464165727e-01
2.250999555809170272e-01
7.803075361828271106e-01
5.491796559133099720e-01
8.573589192485486787e-01
-4.777245075300406985e-01
9.105147640203528070e-01
-1.023408285575608145e+00
3.197351276615501003e-01
5.099544048074807767e-01
3.469099704201190626e-01
5.953218753036974009e-01
5.890995383171990785e-01
-1.360754028640535074e-01
2.400794509127045506e-01
-1.808468742343863622e-01
5.890359085546172935e-01
-7.652420127838521768e-01
-1.190515693826255550e+00
-5.322530636125365477e-01
5.441033831259156628e-01
-9.543998826660509138e-01
6.881639339254814747e-01
1.807960074867380473e-01
8.670745037207039374e-01
6.606950000605131823e-01
3.225431003389424567e-01
-6.361521474299784984e-01
7.066641518504586106e-01
7.009274534948820579e-01
-3.170894793584991822e-01
1.477876545006559794e-01
1.421448023844917030e-01
-8.977854462705235628e-02
1.106873248115091690e-01
1.097157334487179892e+00
5.400072300442045892e-01
1.218275694831517653e+00
2.838706759860177287e-01
-8.048434518219678147e-01
8.385518892878797148e-01
-3.808037907425040336e-01
1.782927991382088073e-01
9.792136895571598165e-01
2.957251784790943527e-01
6.242947797853454217e-01
7.003825246696487872e-01
1.392039091549301277e+00
-6.524752513414160404e-01
-2.352686675989092702e-01
-5.681501930036060299e-01
-2.116036084085171076e-01
9.948385993084268852e-01
5.134092581952186957e-02
-7.340561287678091240e-01
-2.828524936913771048e-01
1.013359918963825379e+00
-1.096722136832447347e+00
-2.467464672010429294e-01
-3.280850175159800708e-01
-4.029734353658277479e-01
-1.308348728911361780e+00
-3.585194485790765828e-01
5.607026671535954021e-01
-4.559725918065719030e-01
-1.226607294979209062e+00
-2.970644865317437766e-01
4.379049443236376349e-01
-2.433237426469795905e-01
1.148402921404499066e+00
-5.310126431430327587e-01
7.692327335882875872e-01
-1.247488711651914411e-01
8.402252144017292590e-01
2.824307211619024316e-01
-3.721512272609181493e-01
-1.003350997460225269e+00
9.309210464272401619e-01
9.151649654258935396e-01
2.672592547568844457e-01
-2.386385181559305124e-01
-2.158464696392553006e-01
8.691191138244249714e-01
-2.170156911060449889e-01
-3.682707083896060163e-01
6.929573552843255879e-02
6.919210713186764172e-01
1.813735698459265910e-01
-4.273965767006487892e-01
6.667548056144484425e-01
-1.949142240384767744e-01
1.043117026523198376e+00
1.150314036083691233e-01
-5.549620981319104418e-01
-5.034172201046548112e-02
-9.163769495940011778e-01
-9.865191781921334169e-01
-4.712412575528209246e-01
1.889853492493936138e-01
-1.391698663766057775e-01
8.728176289766764739e-01
3.467415286613082515e-01
-7.692926753410376239e-01
6.926449875169146120e-01
-1.262196589354901644e+00
-8.866010864350712950e-01
-8.779379642986573362e-01
1.092324291060970065e+00
-6.224692289589075500e-01
-7.332262324156606503e-01
1.339657519474534597e+00
6.770952465682675836e-01
8.207965687183695902e-01
8.720462599528983061e-01
1.210016314086012068e+00
7.755597356705681289e-01
-6.952647029517000643e-01
-9.737134537244297450e-01
-2.210941485955129904e-01
9.366584723363013953e-01
2.902157885322258490e-01
5.053448841104549727e-01
-7.596441708998913356e-01
5.472167107946796644e-02
-8.070748062410434409e-01
-7.175665068134225999e-01
-1.037095919999389215e+00
-6.459551220193746612e-01
-4.045508984513120909e-01
1.018904101577300603e+00
3.869821578911059601e-01
-2.006332064313380570e-02
1.367162128687226419e+00
-8.816891467686795991e-01
4.229357814991764331e-01
-5.376748999735606743e-02
-8.788544189247836647e-01
1.364302847862170154e+00
-1.353307059541311030e+00
6.105466520220023119e-01
2.610683286029534186e-02
-4.688720109952484311e-02
1.179202888616804751e-01
4.028577085341704667e-01
6.857456875854830436e-01
-7.973669152211442235e-01
-3.899597586547030592e-01
3.272251364301158039e-01
-8.922202390775683112e-01
-4.751313548224769256e-01
-3.660183253998409159e-01
-6.267745726076775492e-01
5.557841457707397570e-01
-8.248821677224489335e-01
-2.326963542332693424e-01
1.119782693609482072e-01
-6.334104634641944953e-01
-1.513680927194733794e-01
3.304648701866034211e-01
7.971333828341078398e-01
-6.083177476773465875e-02
-7.315558535280272112e-01
1.070670451570261195e+00
1.171027213224376862e+00
-3.636518077591530118e-01
-1.642078150622701058e-02
-3.409846608138738383e-02
7.526598383279553550e-01
-1.872505040442228319e-01
-1.271273847513316957e+00
6.456284772916632830e-01
7.717230233262197814e-01
-1.223615095455000690e+00
-8.843063879230977919e-01
-1.160680664724582922e-01
-9.068810170486069078e-01
9.653320681713303264e-01
4.582278530936813588e-01
-4.950990251316786939e-01
8.259215385848988067e-01
8.373397105947106844e-01
9.088155693602467666e-01
8.235437989900365463e-02
-1.052064780349033501e+00
-1.376558785838583876e-01
3.985497168450906069e-01
-7.775611515959387487e-01
-1.140703844763500729e+00
-6.066873566442737564e-01
3.396664879153012406e-01
-9.994902863611585531e-01
6.814167950974595600e-01
-5.546478928737550440e-01
-6.697992378467575447e-01
-4.311073853057129091e-01
6.596182089577992125e-01
-1.465969208132018309e-01
7.539546207156770929e-01
5.510759801939970615e-01
-4.316508867616820622e-01
-5.104848671842344698e-01
1.543049075636547807e+00
3.791049600568200395e-01
-8.239571468343930283e-01
3.397416186926924264e-01
-9.589079848725683142e-02
-9.129922833018168093e-01
-2.297120987376381762e-01
7.927502041829098678e-01
-3.550114535159236140e-01
-7.758813050972374059e-01
-1.578012990784756486e-02
1.072750155386647863e+00
3.271390428889998647e-01
-1.085163837504762724e-01
8.556080475446562958e-03
9.233545170274163327e-01
8.338926651637087462e-01
2.633505696126338114e-01
6.180205693167205583e-01
1.444220771552896299e+00
-6.429802431889749537e-01
-6.647080052734843925e-01
1.117732904938407934e+00
2.240155141097134039e-01
-7.817890659005544141e-01
6.598477414609547065e-01
2.734272436241871884e-01
-2.065265310336951432e-01
8.201468380799357138e-01
-5.675029819567166678e-01
2.680089680062887059e-01
-1.048688215155167747e+00
3.942206047327566631e-01
2.568989502485444221e-01
8.836726093806649418e-01
6.334827065015879999e-01
1.461365397109606057e-01
-3.240277176723058150e-01
3.097636504998231288e-01
1.093615385936653472e-01
-6.226793937462669210e-02
9.705256053182322873e-01
3.282467697792395556e-01
2.858802522970405047e-01
3.229348501224330592e-01
6.782593174736655239e-01
7.600891171577941474e-01
7.992865821595511733e-01
1.055171199430171791e+00
-2.409721463792889873e-01
-8.305805098143806964e-01
1.122817294231524654e+00
-6.274147862039470835e-01
-7.284325140638889806e-01
-3.305446092718800633e-01
1.318799365460994855e+00
-5.483792864360422792e-01
-1.256834245248183102e+00
-2.843952150178305494e-01
-5.449426212216234022e-01
1.099222668530609598e-01
-1.110482623173650429e+00
2.375433694186471906e-02
-4.219309741981818185e-01
6.484382901825405110e-01
1.212991892078820078e+00
-5.528308555538438140e-01
5.528368968704373554e-01
9.002716774832247859e-02
1.027760980925404910e+00
-4.578094618912041391e-01
1.262696620286788418e+00
6.456861936578963679e-01
-1.098177184272151607e-01
9.528523706221390943e-02
5.524702714226140676e-01
1.790696482524021804e-01
-1.746698010735383833e-01
-4.571534817993417321e-01
1.489823005600494042e-02
6.608567803429495902e-01
-8.550660282687785885e-02
1.323808660862751063e+00
1.044493521021701427e-01
-1.613816933329175751e-01
-5.175622311981695756e-01
-3.442612149073339539e-02
3.168484088140598454e-01
-3.699936496783119422e-01
6.107071559920312920e-01
1.007994742994515330e-01
-9.463362699276103296e-01
-1.310076393754829316e-01
-1.259364536044572436e+00
-6.563190645423823133e-01
-6.452539696744661324e-01
1.911179753237328693e-01
5.221062153827301516e-02
-1.123123398500632142e+00
-6.346655038924000625e-01
-1.053101348283922711e-01
-9.687550857724835929e-02
-6.069557203495966613e-01
-5.430276079937629286e-01
1.355356207430009063e-01
5.872907236675900533e-01
-1.302205413128074474e+00
1.109627533381925879e+00
8.505533891588543671e-01
1.065454467684134654e+00
-8.066614645284601037e-01
-1.003097322861147056e+00
-9.320344335351250509e-01
-3.288457798774055973e-01
4.680325887544247165e-01
7.514085804067359708e-01
5.881224163978006070e-01
2.425320683082256290e-01
-1.284542804212432721e+00
2.297699376270129767e-01
1.150143671162083964e-01
-1.261901044961649399e-01
-5.094204749051000070e-01
-6.937345589157999370e-01
-6.448259639333735471e-01
-6.427108234715217527e-01
-1.093049735609271877e+00
-5.394100653289228831e-01
1.113804686664441768e+00
-2.293000822547694162e-01
-5.019161909557723344e-01
-1.291398536289216858e+00
8.632884596019674284e-01
-5.224756948783796373e-01
3.781571185200464230e-02
1.452720534681911299e-02
1.612625974608588697e+00
8.262102390456416146e-01
1.076641670068321649e-01
1.595613802995708985e+00
3.675828165054040308e-01
-1.916788885692667921e-01
-1.025173585272974586e-01
-3.276814447783785722e-01
4.930939613612402295e-01
6.612557979162245747e-01
-1.170268067929306044e+00
-8.533596583317174522e-01
-6.764917532438896597e-01
-9.486093857793378437e-01
-5.419700820750287251e-01
7.078699502941619981e-01
1.891119361363712559e-01
-2.833157692882329881e-01
-5.784490067518839318e-01
-1.211873842516549837e-01
4.448875737657744245e-01
7.134895781618391108e-01
-2.363772903064091102e-01
4.194113174398192978e-01
-5.594621275856599407e-01
3.463606315653117718e-01
3.649002687717201043e-01
1.837918622970728388e-01
8.667503549614778979e-01
4.653822583904789201e-01
1.113662620905884748e-01
-8.144005469758485161e-01
-2.627836430145105151e-01
-5.851487544330150614e-01
-1.491039209304181878e-01
5.967764945350683137e-01
2.849639144967242022e-01
-8.615000038542438565e-01
-5.355824124691066501e-02
-4.366282752767437492e-01
-7.400445465822964586e-01
9.542610457709773675e-01
5.959181988160193733e-01
-7.834884995829883847e-01
-6.287796110557404283e-01
9.154514994474198530e-02
5.296509602107968284e-01
-3.830197802414799790e-01
-6.088346936337132309e-01
-5.683953895593502059e-01
6.662945381084196539e-01
