-5.053661239830496976e-01
7.171261752714326310e-01
6.374628792764986951e-01
4.275808279535088241e-01
-1.401816394958691703e+00
-3.999473778817704273e-01
-5.243881075150339521e-01
-6.891005126839070405e-01
-5.503951906563006036e-01
-1.025860761704430635e+00
-7.549226932236541288e-01
6.578351850061810169e-02
2.966382141541008544e-01
4.644139694165353438e-01
3.795767040819766902e-01
-1.410318552879029852e+00
-1.163637308269080961e+00
-7.090274719032507722e-02
-1.069560930557590828e+00
-9.349367274919727633e-01
1.942133600833900464e-01
6.068983921026230854e-01
-6.744440594989670190e-01
-1.187296391394458750e+00
3.692756265719117081e-01
-5.736891376150733413e-01
1.817502034965250701e-01
6.588310146729599026e-01
-2.581781471201688993e-01
1.187390779289449888e-01
1.251044088026864731e-01
-1.548843620149143452e-01
-1.985143187699932033e-01
-8.613221101951070713e-01
8.210562018304107257e-01
-9.616465056637946152e-02
-4.107372730991669663e-01
-1.337965794765259842e-01
-3.584836390064357614e-01
-5.754829799971926674e-01
8.696844031828526722e-01
2.313667781901073556e-02
-2.637841752379980753e-01
4.107281068877511460e-02
-8.512631139601354313e-01
3.575300063555914010e-01
-7.509574189028926927e-01
4.339873435620830722e-01
9.558185829564908031e-01
-3.170226188263541856e-01
1.251612593389108963e-01
-4.700152288659250610e-01
8.368493702668480250e-01
9.388102682083047101e-01
7.927619205587403961e-01
5.609367026330727146e-01
1.908107475303778000e-01
-7.052076711727710279e-02
3.518330541712059167e-01
-3.253821118005483237e-01
9.848922179152098944e-02
-9.570726708233855407e-01
6.935292410114946016e-01
1.789683461222498773e-01
6.686041728180455168e-01
-1.528845073687688239e-01
1.359999628369200630e-01
-3.446626015579067337e-01
-2.165751570481453669e-01
-1.034790603847055568e+00
1.166375752390666348e-01
1.194938356884611474e+00
9.380063390138794199e-01
4.544568019585100149e-01
-4.733251492749761535e-01
5.548043115583909390e-01
-2.002081203853404989e-01
7.408496576009224177e-02
-6.540858510866832676e-01
3.312764385504138875e-01
-8.394887663034132919e-01
7.646420492916945477e-01
-5.054122243144885118e-01
-8.882335440720996456e-01
-2.047938700857703243e-01
-5.598453431776654332e-01
-1.261669127985111383e-02
-6.022375320531160314e-01
-4.232272930133033628e-01
-1.044058458271908130e+00
4.444528818567127226e-01
1.052483807759947210e+00
-1.049021647172273752e+00
-1.170998823344808093e+00
9.324255621588345422e-01
-5.169829782384399719e-02
7.588044627884460436e-01
3.902654554130282616e-01
4.770140602346900627e-01
-1.634378376164182245e-01
6.986524309907916619e-01
-2.958974090128450585e-01
-5.324545665642944625e-01
-4.623553468108296260e-01
-3.482606462758865429e-01
6.200918215772971420e-01
5.282235248598761944e-03
-4.437932455611984239e-01
1.176258308204849133e-02
-4.357622695466295548e-01
1.698284044801939840e-01
-4.510519047270660775e-01
3.703294624157726922e-01
-5.011383710737656871e-01
9.914860089657105968e-01
-8.475457415721973087e-01
4.799439188618038754e-01
-3.008053085500806967e-01
-8.200678976197528502e-01
1.354546100918105622e-01
7.340621104048035139e-01
-1.346941826453265767e+00
-8.590182753937202209e-01
-8.324150422048832987e-02
4.656978516737325657e-01
5.407574634098936128e-01
6.479179832272186079e-01
6.866480946683359843e-01
-6.237213515762849436e-01
-8.500337471013040547e-02
4.039505650894843480e-01
7.482412858328996164e-02
1.252688509025456087e-01
-1.645891599314194542e-01
4.997067554261911404e-01
8.757211368514813410e-01
-7.038302068264628009e-01
5.577687134385038714e-01
5.788463287295895210e-01
-1.080211484583661008e+00
-8.156318549212184799e-01
5.630624384405692462e-01
3.324728485515510701e-01
1.023020348009764380e+00
1.026998322275606945e+00
-9.364988010706859489e-01
-1.023564705543974274e+00
6.695570987392415185e-01
-6.954435438731866592e-02
6.263175960171664114e-01
1.693149115545658778e-01
-6.416301345226113062e-01
-1.232169441227535939e-01
1.453080109301573275e-01
3.792522856971395351e-01
7.883529669840867449e-01
9.862726765216281444e-02
-3.941267105341236254e-01
-6.944276790786758635e-01
-1.793731542257620271e-01
-7.058368270817708123e-02
-5.902402002721476304e-01
1.824668995693440599e-01
9.441235115729580685e-02
-1.035220622684282915e-01
-3.253785558681732831e-02
3.241937070593534087e-01
9.120187382410046562e-01
8.853616819403867799e-01
5.512391364396679316e-01
-4.823997110716800041e-01
-6.592851475690313379e-01
2.212391963998742994e-01
-4.196040383368880300e-01
2.114418233242420786e-01
6.427477260739726805e-01
1.158928312648872083e+00
-1.179312016847642586e-01
3.510620810095512745e-01
5.388010268707930095e-01
-9.946210439667065029e-02
-2.805116558504465174e-01
-8.703000237710192266e-01
1.279766595100886972e+00
-3.426724045711427302e-01
1.013533042246824056e+00
-5.160729579522307375e-01
4.730894861388273420e-01
2.244887354289565040e-01
7.823884280178183825e-01
5.481023998763160376e-01
8.576370761592586600e-01
-4.819087548875791716e-01
9.099725571578159977e-01
-1.023645026584545592e+00
3.211897873533343661e-01
5.094155336353161090e-01
3.479322745321410948e-01
5.948188251005233074e-01
5.889712101571923375e-01
-1.272376342300437224e-01
2.429874175059598129e-01
-1.731249312403257412e-01
5.894762202893841785e-01
-7.654116378652087160e-01
-1.186774843298034510e+00
-5.326322416134925408e-01
5.435864968424337640e-01
-9.546004934163536682e-01
6.876365462498860159e-01
1.805874345360662103e-01
8.676301970013446940e-01
6.599243575064540623e-01
3.219951880906526398e-01
-6.359737707847517019e-01
7.055765155022487578e-01
7.011071266070701968e-01
-3.167838236670887375e-01
1.478920257750999390e-01
1.421240692494770974e-01
-9.044039578944154667e-02
1.113854459241643557e-01
1.097196793815528704e+00
5.395735906022648409e-01
1.218429665780593529e+00
2.825766463849266885e-01
-8.041105110939685829e-01
8.395867317217176051e-01
-3.805756970976879039e-01
1.783766607130115034e-01
9.792183840821551133e-01
2.980871991904134322e-01
6.244410852167810999e-01
6.999865227829725756e-01
1.390334060726537313e+00
-6.516961714132700756e-01
-2.356697855295097344e-01
-5.684033529904510829e-01
-2.086556124068580653e-01
9.939833708360855669e-01
5.051278098170545322e-02
-7.348587632910501544e-01
-2.826804440318343437e-01
1.014136553712746469e+00
-1.097996537505048220e+00
-2.465335186125636735e-01
-3.271255928436472837e-01
-4.030203379439778466e-01
-1.302222434083430969e+00
-3.583673056596468065e-01
5.606934386017597971e-01
-4.557636005460068418e-01
-1.225515649002034690e+00
-2.980660313716037568e-01
4.381278379295255321e-01
-2.407689383221803814e-01
1.146208492349868990e+00
-5.275762348742419894e-01
7.650036131977286935e-01
-1.277087675521626220e-01
8.410265483130685560e-01
2.819564841622753670e-01
-3.711214996756474482e-01
-9.926706341922018062e-01
9.339603545471321100e-01
9.163000770596465561e-01
2.648378691142846963e-01
-2.359135932151193993e-01
-2.162900321992745067e-01
8.705069970698744442e-01
-2.200085173931561888e-01
-3.675693616693500587e-01
7.292506092463303669e-02
6.932761719119657773e-01
1.828973703625468294e-01
-4.282741419594315313e-01
6.681495616531872850e-01
-1.929387563681756457e-01
1.048180100738634657e+00
1.157061675019594449e-01
-5.559994766143414591e-01
-5.092318298203046822e-02
-9.139990534689692581e-01
-9.866922966758502334e-01
-4.696473125752124722e-01
1.892217755954155589e-01
-1.404280171363847529e-01
8.702037875036140457e-01
3.415490519587318641e-01
-7.680496965894423322e-01
6.933540187529260157e-01
-1.260070299684141970e+00
-8.867547556500745554e-01
-8.766840870559896581e-01
1.086731140772437820e+00
-6.219203696219136601e-01
-7.305582573354971743e-01
1.339566187371021622e+00
6.746194984490615498e-01
8.201772844311618904e-01
8.687189717360990215e-01
1.210835040830298137e+00
7.766487482158318523e-01
-6.954415696743259101e-01
-9.748198644515881917e-01
-2.194606041108580208e-01
9.348562258901124133e-01
2.920298284492951479e-01
5.052678310636018466e-01
-7.599665057919924305e-01
5.612091171278699858e-02
-8.067854215793626160e-01
-7.159318185826671899e-01
-1.036624508194310623e+00
-6.444585949454965101e-01
-4.068792229822388307e-01
1.016206199953010092e+00
3.887353487128593077e-01
-2.038572212658277746e-02
1.370134657435987835e+00
-8.811359297955340120e-01
4.221264282004442703e-01
-5.548983107633657236e-02
-8.797309240473246694e-01
1.365225295933306437e+00
-1.350310096065799215e+00
6.104618698189350212e-01
2.399008214058706220e-02
-4.777010262067538787e-02
1.164265122647287765e-01
4.062378294590193173e-01
6.851644349161722936e-01
-7.963900007030099149e-01
-3.886065843712728785e-01
3.342540355274656871e-01
-8.945881143116831691e-01
-4.864761451279253635e-01
-3.665536609945598268e-01
-6.298037061240546741e-01
5.559210456887804241e-01
-8.259252183112147927e-01
-2.327169436534483327e-01
1.133622072310946777e-01
-6.310550562548665754e-01
-1.528073999193755861e-01
3.292519468135194916e-01
7.912586412860864726e-01
-6.111701093111364391e-02
-7.325698280903087944e-01
1.069006799598550606e+00
1.167222633115699848e+00
-3.632506462630203936e-01
-1.638936145918128487e-02
-3.309042007815943265e-02
7.544272732996205599e-01
-1.866564252452193595e-01
-1.269796727697972916e+00
6.514056167101845984e-01
7.677768142599035173e-01
-1.222597040266169666e+00
-8.842138260314644782e-01
-1.157746192531902141e-01
-9.073431365479959210e-01
9.626585357758922212e-01
4.591799527150235427e-01
-5.000706623160342534e-01
8.306377529871424858e-01
8.274956687014187739e-01
9.087980491728543386e-01
8.813813190254353447e-02
-1.049624851541614223e+00
-1.422534070309966758e-01
4.017992280891194423e-01
-7.782904697803790794e-01
-1.142737882342368172e+00
-6.144364428704685022e-01
3.409886160710094982e-01
-1.000397208480276134e+00
6.766351032776838359e-01
-5.559293513083468641e-01
-6.683475877804130327e-01
-4.314716571021601221e-01
6.603341225280466853e-01
-1.463526392874553161e-01
7.536307465620255552e-01
5.488053423138095077e-01
-4.311141646965406804e-01
-5.133607027170764558e-01
1.543510211420713762e+00
3.855354585173491611e-01
-8.358547345781003335e-01
3.403948657037887404e-01
-9.900749008204791368e-02
-9.181666734621908299e-01
-2.319859468354448784e-01
7.891859887581957889e-01
-3.634532880866346849e-01
-7.777909338397471783e-01
-1.652631561284179443e-02
1.069978656642174952e+00
3.302983285627590360e-01
-1.097074981108744351e-01
7.309886443974560055e-03
9.284383556262483239e-01
8.333240477785447409e-01
2.632326929869348575e-01
6.201084617768026774e-01
1.442556075565365248e+00
-6.446602150270449583e-01
-6.617286467872924849e-01
1.118307112123604785e+00
2.265902310157122679e-01
-7.858601192847423089e-01
6.587030622855467588e-01
2.631061174792464485e-01
-2.071201215172137067e-01
8.212211244056073500e-01
-5.646477407392374026e-01
2.691453520520440956e-01
-1.051563466355220244e+00
3.954344043011641108e-01
2.585512925953550867e-01
8.831299493370455833e-01
6.333339754894805607e-01
1.497568590729583538e-01
-3.263555629659175006e-01
3.086320804471426316e-01
1.085594422377966217e-01
-6.264562452611198429e-02
9.697006978665260180e-01
3.295062003669861905e-01
2.874793792081722366e-01
3.211075211707372090e-01
6.783342026835995631e-01
7.589134046499683706e-01
8.004686448701306967e-01
1.055825105864156566e+00
-2.407110606404715691e-01
-8.303681652557213244e-01
1.122082891983517516e+00
-6.250848446946820625e-01
-7.197645895320036180e-01
-3.340855846093986337e-01
1.320890648455127714e+00
-5.492773931441392588e-01
-1.253849158419756638e+00
-2.873426885259642849e-01
-5.422991933082006444e-01
1.142178234837835510e-01
-1.111223429006071406e+00
2.176716548876869370e-02
-4.206133894768983583e-01
6.456349347547900575e-01
1.218452080140980609e+00
-5.542989194650818074e-01
5.527435927466665122e-01
8.309488871086644080e-02
1.027854340858100901e+00
-4.601368284368650974e-01
1.262799753880074816e+00
6.444477624386637515e-01
-1.074500658938221109e-01
8.827400102015811600e-02
5.521695981745250448e-01
1.831958528037698208e-01
-1.743627683802543571e-01
-4.501861921631553076e-01
1.482394197081376291e-02
6.599868745766752642e-01
-8.504064489478636857e-02
1.324853772743620928e+00
1.053638742632134057e-01
-1.574264938572624839e-01
-5.192050061396059624e-01
-2.999946976380530109e-02
3.156007470294713291e-01
-3.735409038435904550e-01
5.993978622413400625e-01
1.018506783684874351e-01
-9.373500729431156753e-01
-1.410252585941212944e-01
-1.266568624463343617e+00
-6.525634923648397923e-01
-6.412859684666259996e-01
1.897627722909701886e-01
5.179695551916851243e-02
-1.123450063100404517e+00
-6.363066424257791676e-01
-1.066786485671698398e-01
-9.672274249798304413e-02
-6.065614821482598895e-01
-5.441001994584901968e-01
1.351094337151756974e-01
5.871201441254676467e-01
-1.302249891356622724e+00
1.110965158208809811e+00
8.505921809632075448e-01
1.065659059802446906e+00
-8.063287308425697297e-01
-1.005052105752749947e+00
-9.317488373035999194e-01
-3.274054145450663311e-01
4.682101829276695271e-01
7.519303945973582204e-01
5.889278003157202290e-01
2.419183448949493720e-01
-1.284460717996004142e+00
2.298292428356363548e-01
1.148053077818448064e-01
-1.253902749519933690e-01
-5.149375181260755774e-01
-6.877664694705339921e-01
-6.473022818985627591e-01
-6.409572542336949841e-01
-1.089302984299177046e+00
-5.423599199162817408e-01
1.113892858536410513e+00
-2.287080166058740871e-01
-4.995932565770430656e-01
-1.290868567261526323e+00
8.617153552871298361e-01
-5.211567359465827387e-01
4.039355220019015535e-02
1.754465599173328158e-02
1.607837843131192157e+00
8.294003264607932024e-01
1.050251815750838508e-01
1.594215697270066734e+00
3.668515859733985085e-01
-1.970697117942952770e-01
-1.052974284129743615e-01
-3.278062611126867920e-01
5.022940389182212195e-01
6.630089247730005519e-01
-1.168678436964654566e+00
-8.527650463765495958e-01
-6.820258025560574922e-01
-9.515536075721325870e-01
-5.434254468355513845e-01
7.131147927387472274e-01
1.975294001957896561e-01
-2.807917825774846610e-01
-5.797615159464373225e-01
-1.246801519162319266e-01
4.470299236994378367e-01
7.246250702089853668e-01
-2.435891013426568774e-01
4.232687908474888627e-01
-5.596883371931749007e-01
3.482313947250804675e-01
3.665708637272600545e-01
1.848687164423672979e-01
8.691961991990614367e-01
4.679880076329357430e-01
1.131300894581752925e-01
-8.134212810047997122e-01
-2.618397367882570048e-01
-5.855308135980310524e-01
-1.489851932074024166e-01
5.932961482338140469e-01
2.846522801780376200e-01
-8.607964412818910338e-01
-5.242393728506648809e-02
-4.365402741935980324e-01
-7.387598432592383801e-01
9.539023735690572714e-01
5.959188284372803901e-01
-7.872450761296151400e-01
-6.327036786972456417e-01
8.920927152757242296e-02
5.293344965073714103e-01
-3.847083764978834197e-01
-6.071307839170845266e-01
-5.722022563297221032e-01
6.647801094653192910e-01
