2.229709625244140625e+00
1.715931177139282227e+00
5.158336162567138672e+00
4.110125064849853516e+00
3.786735773086547852e+00
-1.311506628990173340e-01
-8.026508092880249023e-01
7.932703495025634766e-01
-2.431841045618057251e-01
-3.847438395023345947e-01
-4.143224358558654785e-01
8.600046038627624512e-01
-6.845024228096008301e-01
6.566963791847229004e-01
-4.994253516197204590e-01
1.034990310668945312e+00
7.254126548767089844e+00
1.333940792083740234e+01
1.547923851013183594e+01
1.893329620361328125e+01
6.929513549804687500e+01
3.542360067367553711e+00
6.319032907485961914e-01
2.392994314432144165e-01
-1.490818977355957031e+00
7.300360202789306641e+00
-8.893700242042541504e-01
1.043617427349090576e-01
8.083019256591796875e-01
-2.588846683502197266e+00
-9.021140933036804199e-01
-4.702411293983459473e-01
4.599909305572509766e+00
-2.381972968578338623e-01
-6.301445960998535156e+00
6.209765625000000000e+01
3.360733985900878906e+00
-8.285098671913146973e-01
1.079387307167053223e+00
8.590002059936523438e-01
6.497002124786376953e+00
5.746238231658935547e-01
-2.027322351932525635e-01
-2.039551883935928345e-01
5.430846810340881348e-01
7.369648218154907227e-01
9.916713833808898926e-01
3.014952898025512695e+00
2.214687615633010864e-01
4.137840270996093750e+00
1.874859619140625000e+01
-2.380191564559936523e+00
9.540391564369201660e-01
-6.453446745872497559e-01
-6.210358142852783203e-01
-7.259993076324462891e+00
1.790633052587509155e-01
-1.031415611505508423e-01
3.125452399253845215e-01
1.178750753402709961e+00
2.258923351764678955e-01
-3.123880326747894287e-01
-3.369549751281738281e+00
3.753958940505981445e-01
-9.356446862220764160e-01
-3.251093292236328125e+01
-6.618078798055648804e-03
-1.210236223414540291e-03
-4.333411809056997299e-03
9.716506465338170528e-04
8.313533617183566093e-04
-3.176386468112468719e-03
-8.388587273657321930e-03
1.463476219214498997e-03
1.138925901614129543e-03
1.804351224564015865e-03
-6.641608662903308868e-03
3.706787014380097389e-03
3.766206325963139534e-03
-9.487487375736236572e-03
5.050420295447111130e-03
1.185495138168334961e+00
1.249361157417297363e+00
-2.468987703323364258e+00
9.242857694625854492e-01
