1.047372531890869141e+01
1.544349002838134766e+01
1.544349575042724609e+01
1.548093891143798828e+01
1.289874553680419922e+01
8.781641006469726562e+00
7.662051677703857422e+00
1.036827468872070312e+01
1.544352245330810547e+01
1.547438049316406250e+01
1.544350433349609375e+01
1.548244190216064453e+01
9.455161094665527344e+00
9.530203819274902344e+00
3.578502893447875977e+00
-5.560936927795410156e+00
3.469587564468383789e+00
2.117620855569839478e-01
1.026087760925292969e+01
5.057512760162353516e+00
7.807572364807128906e+00
-3.529312372207641602e+00
-5.030486106872558594e+00
8.760257720947265625e+00
7.921570301055908203e+00
-2.970023751258850098e-01
-6.301870822906494141e+00
1.991802215576171875e+00
-2.783522605895996094e+00
-1.362883895635604858e-01
3.137257575988769531e+00
-3.956758022308349609e+00
6.310076236724853516e+00
-6.407829761505126953e+00
-2.220022678375244141e+00
-1.021155238151550293e+00
-4.269981384277343750e+00
4.113612174987792969e+00
8.507707118988037109e-01
-8.008282661437988281e+00
-7.550066113471984863e-01
8.989939689636230469e-01
3.568360805511474609e-01
3.246324062347412109e+00
7.150659561157226562e-01
-4.443624496459960938e+00
-1.332585886120796204e-02
-1.062512159347534180e+00
-4.758062839508056641e+00
-3.140519618988037109e+00
3.363126218318939209e-01
2.073441982269287109e+00
1.300512218475341797e+01
8.600353598594665527e-01
2.110025584697723389e-01
1.382205188274383545e-01
7.191287040710449219e+00
1.323455333709716797e+00
-1.076811790466308594e+00
-1.179995536804199219e+00
-1.314858913421630859e+00
9.708066284656524658e-02
-8.673425674438476562e+00
4.436455249786376953e+00
3.974731922149658203e+00
1.221466064453125000e+01
1.121500682830810547e+01
-5.713114261627197266e+00
5.363543033599853516e+00
-6.017632007598876953e+00
-2.868963479995727539e+00
1.248174309730529785e+00
-1.288412809371948242e+00
-8.715369224548339844e+00
3.882624387741088867e+00
-4.842202663421630859e+00
1.377517104148864746e+00
8.486220359802246094e+00
-1.569099068641662598e+00
9.378087043762207031e+00
-5.108982920646667480e-01
-3.723585844039916992e+00
4.384721755981445312e+00
3.393657684326171875e+00
-5.536129951477050781e+00
2.812205851078033447e-01
3.657270669937133789e+00
-4.851830959320068359e+00
-1.321477890014648438e+00
-3.234849214553833008e+00
-2.445562362670898438e+00
6.855698585510253906e+00
1.031092166900634766e+01
8.668357849121093750e+00
-3.441950321197509766e+00
5.437745451927185059e-01
-7.700313091278076172e+00
8.127967834472656250e+00
1.911488771438598633e+00
-8.192711472511291504e-01
-3.030143499374389648e+00
2.626612186431884766e-01
4.166928291320800781e+00
-2.252875715494155884e-01
2.140957832336425781e+00
4.577872753143310547e+00
-1.595145463943481445e+00
2.536821842193603516e+00
1.073494553565979004e+00
5.002110004425048828e-01
-1.383648753166198730e+00
1.928240060806274414e-01
1.468493223190307617e+00
2.426860809326171875e+00
-1.926085233688354492e+00
-6.577759981155395508e-01
1.582674622535705566e+00
9.403729438781738281e+00
4.663819313049316406e+00
2.933523416519165039e+00
4.145348072052001953e+00
-8.660458326339721680e-01
-4.155588448047637939e-01
-1.827986121177673340e+00
-1.665548563003540039e+00
-2.562434196472167969e+00
1.617332100868225098e+00
-2.555386543273925781e+00
2.505520343780517578e+00
3.055096626281738281e+00
-8.668486028909683228e-02
4.724612236022949219e+00
-2.271227836608886719e+00
-1.835772395133972168e+00
2.969411611557006836e+00
-1.715050220489501953e+00
2.626753151416778564e-01
3.862759590148925781e+00
2.616663217544555664e+00
-2.091671943664550781e+00
1.181452274322509766e+00
-4.690993204712867737e-02
2.339802265167236328e+00
-9.858317971229553223e-01
-2.824434280395507812e+00
5.755513310432434082e-01
-1.920260190963745117e+00
9.229263663291931152e-01
3.015947103500366211e+00
-3.014326333999633789e+00
4.648533821105957031e+00
-5.523371696472167969e-01
-2.209787845611572266e+00
-1.919436812400817871e+00
2.054062128067016602e+00
-4.379109442234039307e-01
-1.017999649047851562e+00
2.011238932609558105e-01
-1.535590738058090210e-01
-1.829383015632629395e+00
9.870899915695190430e-01
3.856843233108520508e+00
3.039618492126464844e+00
6.626218557357788086e-01
1.265136837959289551e+00
2.277369022369384766e+00
-3.509117960929870605e-01
2.808444738388061523e+00
1.855729073286056519e-01
2.754256010055541992e+00
-1.519021272659301758e+00
2.603660345077514648e+00
-2.377588033676147461e+00
-2.031151354312896729e-01
3.593402147293090820e+00
-2.851097345352172852e+00
2.789744436740875244e-01
3.669344186782836914e+00
1.085167288780212402e+00
-3.287937641143798828e+00
4.129140377044677734e+00
4.617806077003479004e-01
4.786520481109619141e+00
2.543144464492797852e+00
-2.247871875762939453e+00
7.758494019508361816e-01
-3.722679138183593750e+00
-2.562016725540161133e+00
-2.953529596328735352e+00
3.426899194717407227e+00
-1.665103316307067871e+00
-2.274132668972015381e-01
2.930796146392822266e-01
7.590741515159606934e-01
-1.826868295669555664e+00
-2.450717687606811523e+00
-2.663052797317504883e+00
-3.704088926315307617e+00
-8.733770251274108887e-01
-1.291424632072448730e+00
6.131209731101989746e-01
2.563690900802612305e+00
1.906896114349365234e+00
2.584531009197235107e-01
2.260829687118530273e+00
2.007501602172851562e+00
6.925276517868041992e-01
7.136090397834777832e-01
3.458618164062500000e+00
-1.164488196372985840e+00
-1.854720354080200195e+00
-1.265646964311599731e-01
3.526388168334960938e+00
-3.306548833847045898e+00
-1.608779430389404297e+00
-4.935927987098693848e-01
1.657267451286315918e+00
3.007377147674560547e+00
-1.397757053375244141e+00
9.695151448249816895e-01
4.007744789123535156e-01
-3.595537185668945312e+00
5.032706737518310547e+00
2.487672090530395508e+00
2.928283929824829102e+00
3.748170852661132812e+00
4.649876430630683899e-02
-1.547065734863281250e+00
-1.096239686012268066e+00
-3.824510872364044189e-01
-2.763204574584960938e+00
2.177948951721191406e+00
-2.167565345764160156e+00
2.572197437286376953e+00
2.102155447006225586e+00
1.029045060276985168e-01
4.304141521453857422e+00
-2.088259696960449219e+00
-5.246370434761047363e-01
1.931494712829589844e+00
-1.420919775962829590e+00
2.988762687891721725e-03
2.897032022476196289e+00
2.192345380783081055e+00
-1.453582644462585449e+00
1.266156196594238281e+00
-8.622436225414276123e-02
1.804379343986511230e+00
-8.390787839889526367e-01
-1.555208921432495117e+00
-6.907376646995544434e-01
-2.152235984802246094e+00
-1.041636586189270020e+00
3.143941640853881836e+00
-1.282827377319335938e+00
4.576175212860107422e+00
-8.051459789276123047e-01
-1.921821117401123047e+00
-1.604882836341857910e+00
1.714825034141540527e+00
-2.322192192077636719e-01
-1.479782104492187500e+00
1.669681519269943237e-01
4.886514544486999512e-01
-1.672240614891052246e+00
1.455974578857421875e+00
4.022583961486816406e+00
2.632192373275756836e+00
1.050081968307495117e+00
1.673379302024841309e+00
1.462894678115844727e+00
4.328933954238891602e-01
2.287067890167236328e+00
-5.518421530723571777e-01
2.617622613906860352e+00
-1.476931095123291016e+00
3.269399881362915039e+00
-1.206611394882202148e+00
1.684114187955856323e-01
2.557649612426757812e+00
-1.881233453750610352e+00
-8.478556275367736816e-01
3.754752159118652344e+00
2.291097879409790039e+00
-2.233117818832397461e+00
3.252756834030151367e+00
3.546183407306671143e-01
3.828967332839965820e+00
2.372153043746948242e+00
-8.729595541954040527e-01
7.030000686645507812e-01
-3.158651351928710938e+00
-2.080788850784301758e+00
-2.888796806335449219e+00
2.655656337738037109e+00
-1.451982021331787109e+00
-1.085884794592857361e-01
2.019329816102981567e-01
2.964330315589904785e-01
-2.113557100296020508e+00
-2.098755121231079102e+00
-1.783100485801696777e+00
-2.852040767669677734e+00
3.530761301517486572e-01
-1.218256711959838867e+00
9.148622751235961914e-01
2.176465272903442383e+00
2.294547319412231445e+00
2.147046476602554321e-01
1.725306987762451172e+00
2.183866024017333984e+00
1.881024241447448730e-01
1.490068912506103516e+00
3.215408802032470703e+00
-1.583541631698608398e+00
-1.514547586441040039e+00
-2.026175335049629211e-02
3.448678970336914062e+00
-3.051236391067504883e+00
-2.239815711975097656e+00
3.069743812084197998e-01
1.407624006271362305e+00
2.900954484939575195e+00
-7.396972179412841797e-01
-7.848852127790451050e-02
6.623296737670898438e-01
-3.373530626296997070e+00
4.329135894775390625e+00
1.395916700363159180e+00
-4.395196735858917236e-01
