1.533212065696716309e+00
1.210184335708618164e+00
1.497379064559936523e+00
3.952370882034301758e+00
9.327370524406433105e-01
2.371114253997802734e+00
2.906947851181030273e+00
2.021033287048339844e+00
1.876945495605468750e+00
2.070287704467773438e+00
2.532251119613647461e+00
1.821007251739501953e+00
8.525844216346740723e-01
7.378505468368530273e-01
1.575091719627380371e+00
-4.922972023487091064e-01
4.029646515846252441e-01
1.148180812597274780e-01
1.284817337989807129e+00
1.117129996418952942e-02
1.309064477682113647e-01
-1.452955156564712524e-01
-5.106612443923950195e-01
1.322291612625122070e+00
-6.338710337877273560e-02
-5.817268490791320801e-01
7.648689150810241699e-01
-6.839526295661926270e-01
1.949516177177429199e+00
5.293878540396690369e-02
-1.405527740716934204e-01
-1.598831415176391602e-01
-2.941733300685882568e-01
1.113740913569927216e-02
-1.610242873430252075e-01
-5.232721567153930664e-02
3.819777816534042358e-02
1.931447833776473999e-01
-2.265271916985511780e-02
-2.131537944078445435e-01
-1.619322001934051514e-01
1.342487484216690063e-01
-7.648197412490844727e-01
9.347344398498535156e+00
1.095886611938476562e+01
1.315472888946533203e+01
1.328253650665283203e+01
1.403184127807617188e+01
1.540657043457031250e+01
1.506010818481445312e+01
1.659848594665527344e+01
1.784505081176757812e+01
1.911314582824707031e+01
1.962217521667480469e+01
2.229445075988769531e+01
2.811010551452636719e+01
2.906455802917480469e+01
1.300722241401672363e+00
-6.099923849105834961e-01
5.188298225402832031e-01
-2.735282480716705322e-01
3.668410480022430420e-01
-3.252100944519042969e-01
-6.287977099418640137e-01
3.158720433712005615e-01
9.153283387422561646e-02
-3.972325921058654785e-01
-2.929799854755401611e-01
-6.709558367729187012e-01
-1.902189493179321289e+00
-1.165403246879577637e+00
5.523130297660827637e-01
-3.898557424545288086e-01
2.489521205425262451e-01
6.094160676002502441e-01
-6.365869194269180298e-02
8.594220876693725586e-01
-5.194574594497680664e-01
-1.988634616136550903e-01
-7.514638304710388184e-01
-8.983785510063171387e-01
5.442272424697875977e-01
-1.836608052253723145e+00
1.432064473628997803e-01
5.781292915344238281e-01
-8.309592604637145996e-01
-1.743756413459777832e+00
2.267855703830718994e-01
1.151135206222534180e+00
-6.018481254577636719e-01
-1.426964849233627319e-01
-2.788693010807037354e-01
2.510086297988891602e-01
2.886995971202850342e-01
3.784120082855224609e-01
-1.116775870323181152e+00
7.438154220581054688e-01
2.058086246252059937e-01
6.443177163600921631e-02
-9.970569014549255371e-01
-9.764717817306518555e-01
-3.868894577026367188e-01
1.067452192306518555e+00
-7.535748481750488281e-01
2.116200178861618042e-01
1.889759451150894165e-01
2.666435241699218750e+00
2.718450546264648438e+00
-4.080194532871246338e-01
-6.180384755134582520e-01
7.388194650411605835e-02
2.499705255031585693e-01
-7.179504036903381348e-01
1.469935536384582520e+00
4.310561344027519226e-02
-2.190552949905395508e+00
-4.055400192737579346e-01
1.978854984045028687e-01
-1.699057221412658691e-01
7.059422135353088379e-02
-5.393335819244384766e-01
-7.512692809104919434e-01
-9.790411591529846191e-01
1.377280712127685547e+00
-5.533304214477539062e-01
-6.912366747856140137e-01
-1.174676418304443359e+00
1.143980622291564941e+00
-6.035150289535522461e-01
1.396205067634582520e+00
-1.112044215202331543e+00
-8.740409612655639648e-01
-1.017527222633361816e+00
2.798841893672943115e-01
4.666855186223983765e-02
4.872564673423767090e-01
7.324185371398925781e-01
-3.252655267715454102e-01
-1.981113553047180176e+00
-1.157962918281555176e+00
-6.162467598915100098e-01
6.306930184364318848e-01
1.059731543064117432e-01
-1.757892668247222900e-01
6.272857189178466797e-01
2.814286231994628906e+00
3.620793342590332031e+00
-3.751084506511688232e-01
9.930760413408279419e-02
-7.016620635986328125e-01
-1.434981226921081543e+00
1.089758276939392090e+00
1.492856740951538086e+00
-1.617911815643310547e+00
2.480070352554321289e+00
-8.815741539001464844e-01
1.764343738555908203e+00
-1.046956658363342285e+00
1.437929272651672363e-01
1.801188111305236816e+00
-5.748097896575927734e-01
1.952327013015747070e+00
-8.067514002323150635e-02
4.304128140211105347e-02
-5.051957443356513977e-02
1.836958527565002441e-02
-9.674288332462310791e-02
1.169350370764732361e-01
7.754581570625305176e-01
7.911801338195800781e-02
3.496737778186798096e-01
2.243947051465511322e-02
-1.644600778818130493e-01
8.201071023941040039e-01
5.411366224288940430e-01
1.092015132308006287e-01
1.987068951129913330e-01
6.852892786264419556e-02
9.263209253549575806e-02
3.147345781326293945e-01
5.477364063262939453e-01
5.449373275041580200e-02
-3.606606125831604004e-01
-6.994090080261230469e-01
-9.988772124052047729e-02
-1.762034446001052856e-01
-1.291823387145996094e-01
-3.321287631988525391e-01
-6.111829280853271484e-01
1.845351755619049072e-01
7.041596770286560059e-01
3.685747385025024414e-01
-6.526088714599609375e-02
-2.013571374118328094e-02
-7.722459733486175537e-02
2.576927468180656433e-02
-1.097181215882301331e-01
4.119670987129211426e-01
1.897743940353393555e-01
-6.155330538749694824e-01
-3.408157229423522949e-01
-1.257711052894592285e+00
3.237918317317962646e-01
-3.953410387039184570e-01
1.054328829050064087e-01
5.056443214416503906e-01
-4.196827411651611328e-01
2.495034188032150269e-01
-7.726815938949584961e-01
-9.370855093002319336e-01
-3.086992204189300537e-01
-2.880654036998748779e-01
-7.905479073524475098e-01
3.272576332092285156e-01
2.681507170200347900e-01
-1.748445332050323486e-01
2.760118059813976288e-02
3.881701454520225525e-02
3.964811265468597412e-01
2.239219844341278076e-01
1.680187880992889404e-02
-3.036003708839416504e-01
3.625647425651550293e-01
5.594858899712562561e-02
1.834253072738647461e-01
-1.754503995180130005e-01
3.641307651996612549e-01
3.235552012920379639e-01
-4.988288134336471558e-02
-5.968244075775146484e-01
1.555830985307693481e-01
3.212634921073913574e-01
-1.241907402873039246e-01
4.148752689361572266e-01
3.887974917888641357e-01
3.024121224880218506e-01
1.313220113515853882e-01
-1.585582941770553589e-01
6.390805840492248535e-01
3.839280605316162109e-01
-3.263577818870544434e-01
1.372963190078735352e-01
-7.987800985574722290e-03
-1.071952655911445618e-01
2.149723321199417114e-01
1.010428816080093384e-01
9.402644038200378418e-01
6.884779036045074463e-02
-5.406802892684936523e-01
-5.033798217773437500e-01
1.352820992469787598e-01
6.267923116683959961e-01
8.196430206298828125e-01
2.497054338455200195e-01
1.872366219758987427e-01
-9.946355223655700684e-01
3.264202177524566650e-01
-5.199251696467399597e-02
2.858726978302001953e-01
-1.061014294624328613e+00
6.668715476989746094e-01
-4.568367600440979004e-01
-6.373440027236938477e-01
-8.427691459655761719e-01
5.973883271217346191e-01
-5.107107162475585938e-01
6.626285910606384277e-01
-3.603990972042083740e-01
3.751963376998901367e-02
5.037469416856765747e-02
1.774045825004577637e-01
-2.232816517353057861e-01
-2.155040055513381958e-01
-1.497742533683776855e-01
-3.893651068210601807e-02
-3.498706817626953125e-01
-1.010175719857215881e-01
2.348626852035522461e-01
-1.544436812400817871e-01
-2.220234721899032593e-01
3.110585212707519531e-01
-2.187627553939819336e-01
2.036764286458492279e-02
-3.301343321800231934e-01
-1.804933845996856689e-01
-2.998371720314025879e-01
-3.749077320098876953e-01
5.529169440269470215e-01
2.861656248569488525e-01
2.920294404029846191e-01
2.050640732049942017e-01
4.137202799320220947e-01
3.875673711299896240e-01
6.487751603126525879e-01
-1.013331934809684753e-01
-1.094598546624183655e-01
3.505427241325378418e-01
-1.552956644445657730e-02
-2.623503804206848145e-01
3.845575153827667236e-01
-1.460348069667816162e-01
2.046786062419414520e-02
-1.265338361263275146e-01
-1.530139893293380737e-01
-2.957165837287902832e-01
4.079335629940032959e-01
4.601507484912872314e-01
-3.626537621021270752e-01
7.365435361862182617e-02
4.513334035873413086e-01
-3.939430415630340576e-02
3.964150846004486084e-01
-4.469889104366302490e-01
5.578817129135131836e-01
1.231174230575561523e+00
1.028196737170219421e-01
3.490225374698638916e-01
-4.562334716320037842e-01
1.087441220879554749e-01
-4.789647459983825684e-02
4.257962480187416077e-02
-2.054548263549804688e-01
2.769017219543457031e-01
-2.725198864936828613e-01
-6.617502570152282715e-01
7.088720202445983887e-01
4.135340824723243713e-02
-3.211585059762001038e-02
-1.331692039966583252e-01
6.974059343338012695e-02
2.506146728992462158e-01
2.322078645229339600e-01
-9.044134616851806641e-02
-5.270748734474182129e-01
6.392540931701660156e-01
4.565591812133789062e-01
6.822178363800048828e-01
-4.699707031250000000e-01
1.967011541128158569e-01
-8.454658985137939453e-01
3.365179002285003662e-01
4.237197935581207275e-01
1.323465853929519653e-01
2.888423204421997070e-01
-1.369399577379226685e-01
2.279825508594512939e-01
-3.215943574905395508e-01
2.732391655445098877e-01
9.330123662948608398e-01
-4.614298045635223389e-01
-4.631657898426055908e-02
-9.249691367149353027e-01
2.377472966909408569e-01
4.040536582469940186e-01
7.446103096008300781e-01
2.728605866432189941e-01
-1.702826380729675293e+00
-3.280368149280548096e-01
-1.666995733976364136e-01
-5.978153273463249207e-02
1.019832372665405273e+00
7.149708867073059082e-01
-3.099022805690765381e-01
-2.837717533111572266e-02
-4.145665466785430908e-02
1.423146277666091919e-01
-1.883086413145065308e-01
9.080537557601928711e-01
8.221346139907836914e-01
-1.308292984962463379e+00
2.921587526798248291e-01
-7.034946680068969727e-01
-3.870139131322503090e-03
-6.000961177051067352e-03
-1.712804660201072693e-03
-1.242767553776502609e-03
8.731398731470108032e-03
-3.974210470914840698e-03
1.829602639190852642e-03
-8.205114863812923431e-03
3.593621542677283287e-03
6.180783733725547791e-03
5.325616337358951569e-03
-1.229934394359588623e-03
2.401578938588500023e-03
9.260412305593490601e-03
-7.191852666437625885e-03
1.032296102494001389e-03
-6.362190004438161850e-03
2.915781689807772636e-03
5.771362688392400742e-03
2.938071032986044884e-03
2.506247721612453461e-03
-8.985833264887332916e-03
8.160904981195926666e-03
-3.963247290812432766e-04
-9.922525845468044281e-03
1.620717666810378432e-04
7.637981791049242020e-03
1.025617355480790138e-03
7.114775478839874268e-03
-9.115776047110557556e-03
-4.076928519225475611e-07
-8.877737447619438171e-03
-8.008015342056751251e-03
-8.802981115877628326e-03
-6.685416214168071747e-03
-2.072256058454513550e-03
-9.190373122692108154e-03
1.527043757960200310e-03
6.543498951941728592e-03
-2.031018026173114777e-03
-2.047472167760133743e-03
-9.094326756894588470e-03
-2.597872226033359766e-04
-4.896857775747776031e-03
-4.507754929363727570e-03
6.023936439305543900e-03
5.972431972622871399e-03
-9.414958767592906952e-03
2.580208005383610725e-03
1.668204902671277523e-03
3.955206368118524551e-03
-2.584045985713601112e-03
9.869189932942390442e-03
-8.703667670488357544e-03
8.703326806426048279e-03
-6.973962299525737762e-03
4.384646657854318619e-03
-8.115544333122670650e-04
-1.628268742933869362e-03
-8.338063955307006836e-03
-8.113065734505653381e-03
6.993190618231892586e-04
5.437925923615694046e-03
-9.930660016834735870e-03
3.712270408868789673e-03
9.832320502027869225e-04
-3.427327319514006376e-04
5.834600422531366348e-03
2.348840935155749321e-03
-3.344945842400193214e-03
-8.363522589206695557e-03
-8.420236408710479736e-03
-9.443016722798347473e-03
6.169035565108060837e-03
8.667839691042900085e-03
-7.437511347234249115e-03
-8.303734473884105682e-03
9.334507398307323456e-03
-1.649136189371347427e-03
9.622988291084766388e-03
1.283368561416864395e-03
-4.993618465960025787e-03
-6.651322357356548309e-03
4.530068021267652512e-03
-8.524256991222500801e-04
-1.505472697317600250e-03
7.553274277597665787e-03
-9.608277119696140289e-03
5.539957899600267410e-03
8.543818257749080658e-03
-7.004879880696535110e-03
-9.248664602637290955e-03
9.691842831671237946e-03
-9.635522961616516113e-03
-3.385747550055384636e-05
-4.651464521884918213e-03
8.666433393955230713e-03
5.477194674313068390e-03
6.295898463577032089e-03
7.304865401238203049e-03
-4.744030069559812546e-03
6.901184562593698502e-03
7.503027562052011490e-03
-4.001549910753965378e-03
-8.265741169452667236e-03
1.110230207443237305e+00
7.332509756088256836e-01
-1.236842870712280273e+00
5.228508114814758301e-01
