1.493936419486999512e+00
-9.360601007938385010e-02
-4.953695535659790039e-01
-4.629223346710205078e-01
-5.219100043177604675e-02
5.493218898773193359e-01
1.668395876884460449e+00
4.080630302429199219e+00
5.978840589523315430e-01
2.279279470443725586e+00
2.996962308883666992e+00
2.380840778350830078e+00
1.722811341285705566e+00
-9.829562902450561523e-01
1.973115324974060059e+00
2.810252428054809570e+00
7.942178249359130859e-01
9.051375389099121094e-01
3.155008852481842041e-01
-1.303161233663558960e-01
-5.091343522071838379e-01
5.363835692405700684e-01
8.011609315872192383e-01
3.910567164421081543e-01
9.215713739395141602e-01
1.223132014274597168e+00
8.330447077751159668e-01
-1.976352334022521973e-01
-2.397614344954490662e-02
5.253505706787109375e-01
1.063936591148376465e+00
2.737966477870941162e-01
2.528430223464965820e-01
7.599386572837829590e-01
-1.233466714620590210e-01
4.483491480350494385e-01
-7.454532980918884277e-01
-2.967377007007598877e-01
9.811034798622131348e-01
3.224287033081054688e-01
-1.999301612377166748e-01
-4.155288636684417725e-01
2.437427192926406860e-01
8.177477121353149414e-01
5.064157247543334961e-01
6.919344663619995117e-01
1.087910890579223633e+00
5.662148594856262207e-01
-9.918537735939025879e-02
7.228897213935852051e-01
2.061740159988403320e-01
5.015764757990837097e-02
2.973480522632598877e-01
1.206391155719757080e-01
-1.452367901802062988e-01
-2.257170677185058594e-01
2.821767032146453857e-01
3.242789506912231445e-01
-1.659826636314392090e-01
-3.091029524803161621e-01
1.702990680932998657e-01
2.123611606657505035e-02
4.418306648731231689e-01
6.518605947494506836e-01
1.454174667596817017e-01
1.982976347208023071e-01
-1.115092858672142029e-01
3.158378601074218750e+00
4.939648151397705078e+00
6.644781589508056641e+00
7.690250873565673828e+00
9.342856407165527344e+00
1.034262180328369141e+01
1.314161586761474609e+01
1.112611198425292969e+01
1.397043609619140625e+01
1.508004856109619141e+01
1.581187915802001953e+01
1.702165412902832031e+01
1.954603385925292969e+01
1.803909111022949219e+01
1.924542999267578125e+01
2.422771263122558594e+01
2.112186813354492188e+01
2.630859756469726562e+01
2.742742919921875000e+01
2.768336868286132812e+01
3.055371665954589844e+01
2.956735610961914062e+01
-4.115824401378631592e-01
4.012027084827423096e-01
-3.425835371017456055e-01
7.630321383476257324e-01
1.069125056266784668e+00
-2.830672264099121094e+00
-1.129214882850646973e+00
-2.391613245010375977e+00
-1.022467136383056641e+00
6.171569824218750000e-01
5.349817872047424316e-01
-2.449447631835937500e+00
3.025146961212158203e+00
1.490659117698669434e+00
1.010403275489807129e+00
5.598658323287963867e-02
4.903807640075683594e+00
-6.363311409950256348e-01
1.214631080627441406e+00
4.379007339477539062e+00
8.323604464530944824e-01
3.234705924987792969e+00
3.349957704544067383e+00
3.645272552967071533e-01
4.685904681682586670e-01
1.711047649383544922e+00
9.590963721275329590e-01
5.413281321525573730e-01
-9.470067918300628662e-02
2.346538007259368896e-01
9.964475035667419434e-01
2.095385342836380005e-01
-1.190901249647140503e-01
9.698874950408935547e-01
-2.022871375083923340e-01
-2.003829628229141235e-01
3.660636186599731445e+00
6.491264104843139648e-01
3.770195245742797852e-01
-7.120649814605712891e-01
1.615068674087524414e+00
2.772568911314010620e-02
1.133208870887756348e+00
5.189199373126029968e-02
7.263663411140441895e-01
4.046416282653808594e+00
5.353391766548156738e-01
6.794546842575073242e-01
3.072160720825195312e+00
-1.753716707229614258e+00
4.476228654384613037e-01
-2.398477792739868164e-01
-1.261643320322036743e-01
1.742899060249328613e+00
1.278811573982238770e+00
1.737851738929748535e+00
2.569368362426757812e+00
6.563387513160705566e-01
1.186341881752014160e+00
2.487878352403640747e-01
-1.042962431907653809e+00
-4.372636675834655762e-01
1.691874623298645020e+00
-2.081924825906753540e-01
3.351001024246215820e+00
2.499343156814575195e+00
-1.027154564857482910e+00
-2.303363323211669922e+00
8.204905986785888672e-01
-8.587691783905029297e-01
1.516768932342529297e+00
-9.081945419311523438e-01
-3.375601768493652344e+00
-1.018968224525451660e+00
-1.821800619363784790e-01
3.870899200439453125e+00
-1.356801748275756836e+00
2.693427562713623047e+00
-3.762193620204925537e-01
-9.951834082603454590e-01
1.666439890861511230e+00
1.328867435455322266e+00
4.131885051727294922e+00
5.514337420463562012e-01
-7.408324480056762695e-01
1.656473517417907715e+00
1.848670959472656250e+00
1.528539061546325684e+00
-2.468993902206420898e+00
2.467533111572265625e+00
4.915925979614257812e+00
9.044518470764160156e-01
2.179073095321655273e+00
-1.984734177589416504e+00
-4.948666989803314209e-01
4.802321910858154297e+00
1.810251355171203613e+00
1.719689182937145233e-02
2.167126178741455078e+00
1.141301751136779785e+00
-2.340030670166015625e+00
-6.900443434715270996e-01
2.046267747879028320e+00
1.053719282150268555e+00
1.074813008308410645e+00
-1.930843353271484375e+00
4.309211373329162598e-01
2.854598760604858398e+00
1.527579426765441895e+00
-7.304002642631530762e-01
-3.371442794799804688e+00
4.657281398773193359e+00
-9.967476129531860352e-01
4.134053707122802734e+00
-1.488989591598510742e+00
2.637975215911865234e-01
1.013025164604187012e+00
4.010679125785827637e-01
4.826516509056091309e-01
-2.144777536392211914e+00
3.314279615879058838e-01
-3.716142475605010986e-01
1.201471328735351562e+00
1.668283700942993164e+00
2.452148646116256714e-01
9.380886554718017578e-01
4.086794853210449219e-01
1.219362497329711914e+00
-1.594541668891906738e+00
6.024186611175537109e-01
2.063912630081176758e+00
3.785495758056640625e-01
1.973764777183532715e+00
-2.027676105499267578e+00
-1.007937669754028320e+00
-1.658142089843750000e+00
3.176567554473876953e-01
-2.522446155548095703e+00
2.141310214996337891e+00
-5.049016475677490234e-01
2.529096126556396484e+00
2.138435602188110352e+00
-2.733562469482421875e+00
-4.511341154575347900e-01
1.433923482894897461e+00
3.482608318328857422e+00
1.600871682167053223e+00
8.164764642715454102e-01
2.948372125625610352e+00
-8.997637033462524414e-01
6.973912715911865234e-01
-2.128593444824218750e+00
-3.541466951370239258e+00
2.234624177217483521e-01
-4.429073035717010498e-01
-3.197149038314819336e+00
-1.283082962036132812e+00
2.401536554098129272e-01
7.806583046913146973e-01
-4.886458873748779297e+00
1.585493445396423340e+00
-2.956101894378662109e+00
-1.189815640449523926e+00
6.106413602828979492e-01
-3.190239369869232178e-01
-9.146690368652343750e-01
-7.969306707382202148e-01
7.250501960515975952e-02
2.809458255767822266e+00
-7.998613715171813965e-01
2.452019453048706055e+00
-5.299108624458312988e-01
6.172731518745422363e-01
3.524929583072662354e-01
-1.645520925521850586e+00
-1.839996337890625000e+00
5.530319213867187500e-01
1.584418654441833496e+00
-6.543682515621185303e-02
2.065876871347427368e-01
4.327436685562133789e-01
1.457828879356384277e+00
4.200408458709716797e-01
1.969312280416488647e-01
2.602673768997192383e-01
-8.740077614784240723e-01
-7.907057404518127441e-01
-2.539728879928588867e+00
-7.458869814872741699e-01
1.264720916748046875e+00
-1.040686726570129395e+00
-1.091095209121704102e+00
-9.026390314102172852e-01
-1.024390220642089844e+00
-4.544048607349395752e-01
1.956296563148498535e+00
1.189334869384765625e+00
3.136179447174072266e-01
2.849653244018554688e+00
-5.579589009284973145e-01
2.462443351745605469e+00
2.616425037384033203e+00
-3.105294704437255859e+00
3.772207736968994141e+00
-2.565262794494628906e+00
2.488248348236083984e-01
2.868019640445709229e-01
4.515668749809265137e-02
-2.591582946479320526e-02
-9.276253581047058105e-01
2.767372608184814453e+00
-1.324708461761474609e+00
-1.266561985015869141e+00
-1.803578376770019531e+00
-4.776049256324768066e-01
2.470598459243774414e+00
2.387781858444213867e+00
1.625497221946716309e+00
-1.947528600692749023e+00
-8.860854506492614746e-01
8.008416891098022461e-01
1.848331689834594727e+00
1.975362896919250488e+00
-6.799017786979675293e-01
-1.442430496215820312e+00
-4.886196613311767578e+00
3.743572235107421875e+00
3.730041027069091797e+00
-1.907973408699035645e+00
4.062860012054443359e-01
2.070977449417114258e+00
-4.642738699913024902e-01
-1.787755012512207031e+00
2.419784545898437500e+00
6.283277273178100586e-01
4.042235314846038818e-01
-6.833059191703796387e-01
-1.633006691932678223e+00
-2.232852935791015625e+00
-2.465764731168746948e-01
-8.668532371520996094e-01
-1.081193089485168457e+00
-1.058858394622802734e+00
-1.478496938943862915e-01
1.959761619567871094e+00
-6.093120574951171875e-01
-5.174916386604309082e-01
-3.151751160621643066e-01
5.892205238342285156e-01
-3.275157138705253601e-02
3.566830873489379883e+00
3.147400915622711182e-01
-7.634257674217224121e-01
7.548897266387939453e-01
7.640039324760437012e-01
1.805104732513427734e+00
5.030956268310546875e-01
1.739077210426330566e+00
-7.776171565055847168e-01
4.306213185191154480e-02
1.956981301307678223e+00
1.239871025085449219e+00
4.738610088825225830e-01
-1.161835193634033203e+00
1.708133578300476074e+00
2.571028232574462891e+00
-1.351418942213058472e-01
6.141874790191650391e-01
2.573597431182861328e+00
2.065106153488159180e+00
1.099295854568481445e+00
1.135805174708366394e-01
1.754378713667392731e-02
2.053565740585327148e+00
1.329804897308349609e+00
-5.229213461279869080e-02
6.770464777946472168e-02
-1.658440530300140381e-01
1.250838398933410645e+00
5.463351607322692871e-01
-7.464603781700134277e-01
7.112562656402587891e-01
-2.950720191001892090e-01
-8.191809058189392090e-02
-2.574549615383148193e-02
1.380410194396972656e+00
-9.726039171218872070e-01
5.715476274490356445e-01
-5.519793629646301270e-01
3.092607498168945312e+00
-1.090523838996887207e+00
1.720233917236328125e+00
1.206268072128295898e+00
9.651186317205429077e-02
1.246675610542297363e+00
1.408154249191284180e+00
1.908403396606445312e+00
1.857916474342346191e+00
8.883317112922668457e-01
1.227917075157165527e+00
-1.407927572727203369e-01
4.351064264774322510e-01
3.727003037929534912e-01
-4.619717597961425781e-01
1.388561725616455078e+00
3.445061743259429932e-01
2.521701812744140625e+00
-1.290786862373352051e+00
1.794634938240051270e+00
7.996895909309387207e-01
-1.994567632675170898e+00
9.952826499938964844e-01
3.096767961978912354e-01
1.319604277610778809e+00
1.264344751834869385e-01
4.444492161273956299e-01
9.095303416252136230e-01
-6.515857577323913574e-01
-1.002529621124267578e+00
3.594621121883392334e-01
-7.860059738159179688e-01
8.285720944404602051e-01
4.534811675548553467e-01
-4.407501518726348877e-01
-1.371761202812194824e+00
3.606504201889038086e+00
1.953176856040954590e-01
5.700381994247436523e-01
-2.432518720626831055e+00
5.129215121269226074e-01
6.703134179115295410e-01
1.544956326484680176e+00
1.338701367378234863e+00
1.784054279327392578e+00
5.101956129074096680e-01
-2.024501800537109375e+00
1.609986782073974609e+00
-2.372439205646514893e-01
-9.443794488906860352e-01
2.347976267337799072e-01
-1.532439291477203369e-01
3.472363650798797607e-01
-1.185463428497314453e+00
-1.841461420059204102e+00
-6.702655553817749023e-01
-9.540018439292907715e-02
1.206515312194824219e+00
-7.204352617263793945e-01
1.815536499023437500e+00
-1.851172208786010742e+00
-8.515487909317016602e-01
1.682004183530807495e-01
7.371852397918701172e-01
3.959037959575653076e-01
2.570532858371734619e-01
5.577741935849189758e-02
-4.323015511035919189e-01
-4.480303227901458740e-01
3.003686666488647461e-01
4.372020065784454346e-01
-1.002366065979003906e+00
-8.068335652351379395e-01
-2.694940865039825439e-01
8.379132151603698730e-01
-6.052940711379051208e-02
2.011961936950683594e+00
3.046541661024093628e-02
4.828926175832748413e-02
9.934027791023254395e-01
1.235884666442871094e+00
4.944237470626831055e-01
4.610719680786132812e-01
7.199245095252990723e-01
1.523383557796478271e-01
-1.116183772683143616e-01
-2.698860466480255127e-01
2.410960793495178223e-01
7.606503963470458984e-01
3.269622335210442543e-03
1.989601701498031616e-01
-5.693309754133224487e-02
-2.014930099248886108e-01
1.463094651699066162e-01
7.337156683206558228e-02
-2.555313110351562500e-01
7.302203029394149780e-02
-1.854560077190399170e-01
-1.202794164419174194e-01
-4.817228391766548157e-02
-2.386916428804397583e-01
-9.566137939691543579e-02
-2.288934737443923950e-01
2.006006389856338501e-01
2.761997282505035400e-01
4.851090610027313232e-01
4.316748380661010742e-01
-1.991449892520904541e-01
2.078957557678222656e+00
6.155598163604736328e-01
1.099755406379699707e+00
2.068105489015579224e-01
-4.330258071422576904e-01
-1.222399156540632248e-02
4.965781867504119873e-01
5.847834944725036621e-01
9.349836707115173340e-01
5.417203307151794434e-01
-1.080408170819282532e-01
1.699910163879394531e+00
1.364407539367675781e+00
-4.656956791877746582e-01
-1.712072253227233887e+00
1.615214467048645020e+00
-1.189014688134193420e-01
-6.026777029037475586e-01
7.504322528839111328e-01
-1.006052270531654358e-01
-3.212402164936065674e-01
-3.605061471462249756e-01
6.507063508033752441e-01
4.833820834755897522e-02
-1.089717149734497070e+00
-1.914587616920471191e-01
-5.363661050796508789e-01
6.126567125320434570e-01
-5.381936430931091309e-01
7.237971425056457520e-01
-6.141353845596313477e-01
5.754110217094421387e-01
-1.706334352493286133e-01
5.827444419264793396e-02
-4.051363170146942139e-01
3.551879823207855225e-01
-1.170543879270553589e-01
-4.236545264720916748e-01
4.117925465106964111e-01
-3.655387461185455322e-01
-1.189397692680358887e+00
2.255839854478836060e-01
4.489040970802307129e-01
9.107775688171386719e-01
-8.689493536949157715e-01
-7.046274542808532715e-01
2.178705334663391113e-01
1.261885523796081543e+00
1.145838379859924316e+00
1.507732629776000977e+00
3.074867427349090576e-01
7.392885684967041016e-01
-1.055284857749938965e+00
3.776122331619262695e-01
3.653177261352539062e+00
5.075977444648742676e-01
7.687234282493591309e-01
-1.588529348373413086e+00
4.131488502025604248e-01
-6.595174074172973633e-01
1.174532890319824219e+00
7.140334844589233398e-01
9.225791692733764648e-02
-1.284308552742004395e+00
7.267309427261352539e-01
2.606877088546752930e-01
-9.975035190582275391e-01
7.719992399215698242e-01
-1.286991238594055176e+00
2.289656735956668854e-02
-4.324929416179656982e-01
6.005894541740417480e-01
-6.321045756340026855e-01
4.829824268817901611e-01
-8.764547854661941528e-02
1.180442944169044495e-01
-1.981374770402908325e-01
-2.822509109973907471e-01
-2.793501019477844238e-01
4.137744009494781494e-01
1.153331279754638672e+00
1.160249710083007812e+00
7.485885620117187500e-01
7.865661382675170898e-01
5.013104081153869629e-01
1.070716857910156250e+00
1.978146314620971680e+00
8.109666109085083008e-01
1.066186547279357910e+00
-5.550802946090698242e-01
1.390807271003723145e+00
1.060758233070373535e+00
1.081409957259893417e-02
5.774756520986557007e-02
2.503689050674438477e+00
6.030926108360290527e-01
3.880247473716735840e-01
-3.280684351921081543e-01
-1.086192876100540161e-01
2.099167823791503906e+00
-4.129841923713684082e-01
-2.012695312500000000e+00
2.504952549934387207e-01
-6.804755330085754395e-01
-1.166993618011474609e+00
2.012943923473358154e-01
1.479866147041320801e+00
-4.799735546112060547e-01
-1.078670144081115723e+00
1.106508851051330566e+00
-8.905138820409774780e-02
2.482337206602096558e-01
4.693914055824279785e-01
7.126881480216979980e-01
-1.666421145200729370e-01
-1.049141660332679749e-01
1.787973523139953613e+00
5.633752942085266113e-01
4.040781855583190918e-01
-1.222781300544738770e+00
2.548044919967651367e+00
1.774037480354309082e+00
-8.546671271324157715e-01
-6.188736110925674438e-02
1.718075513839721680e+00
8.481517434120178223e-01
1.112201809883117676e+00
1.013947963714599609e+00
4.478476941585540771e-01
1.778699398040771484e+00
8.670169711112976074e-01
3.809305131435394287e-01
-1.686085909605026245e-01
5.302792191505432129e-01
6.511510908603668213e-02
8.125811219215393066e-01
-7.770116627216339111e-02
-2.451438456773757935e-01
1.708524376153945923e-01
-4.083705544471740723e-01
-7.931867241859436035e-02
8.314322233200073242e-01
-8.763066530227661133e-01
1.731055527925491333e-01
-4.742234647274017334e-01
1.675330758094787598e+00
-9.386981278657913208e-02
1.708306789398193359e+00
1.609768271446228027e+00
4.822434782981872559e-01
-1.110800266265869141e+00
1.009692192077636719e+00
1.006114125251770020e+00
8.086349368095397949e-01
8.588418364524841309e-01
4.218626022338867188e-01
-6.947598457336425781e-01
3.884665668010711670e-01
3.879520893096923828e-01
-7.065175473690032959e-02
8.459749221801757812e-01
8.747822642326354980e-01
1.274485826492309570e+00
-1.945388615131378174e-01
1.165776133537292480e+00
-1.442336082458496094e+00
2.420524507761001587e-02
9.493842124938964844e-01
5.178366303443908691e-01
1.333061814308166504e+00
-1.912396587431430817e-02
5.742893218994140625e-01
1.046586871147155762e+00
1.968861818313598633e-01
-3.453741967678070068e-02
2.594744563102722168e-01
1.443270683288574219e+00
-8.401296734809875488e-01
4.810215234756469727e-01
-3.256886303424835205e-01
4.439685940742492676e-01
1.887141108512878418e+00
3.123577833175659180e-01
4.900213778018951416e-01
-7.951241731643676758e-01
4.364400207996368408e-01
1.530278921127319336e+00
8.583229780197143555e-01
7.914514839649200439e-02
8.072378635406494141e-01
1.147293448448181152e+00
9.954158067703247070e-01
4.968378543853759766e-01
2.244247049093246460e-01
8.835006356239318848e-01
-8.442886471748352051e-01
-1.983599513769149780e-01
1.146258831024169922e+00
-8.307407498359680176e-01
6.621643304824829102e-01
4.014051854610443115e-01
-1.277516633272171021e-01
-1.159185647964477539e+00
5.744535326957702637e-01
3.751321230083703995e-03
4.067443609237670898e-01
2.266797542572021484e+00
5.351209640502929688e-01
-8.251664042472839355e-01
-7.633858919143676758e-02
9.159279055893421173e-03
-1.470762014389038086e+00
9.641470015048980713e-02
-7.678786516189575195e-01
6.427046656608581543e-01
1.632587313652038574e+00
2.173277437686920166e-01
-2.033022493124008179e-01
3.086607158184051514e-01
9.332015514373779297e-01
-4.490509331226348877e-01
1.922577023506164551e+00
3.981322348117828369e-01
1.385058641433715820e+00
4.790763258934020996e-01
1.021761298179626465e+00
-2.824917435646057129e-01
-1.593508124351501465e-01
9.888975322246551514e-02
-1.470257192850112915e-01
3.189654052257537842e-01
-4.022253155708312988e-01
-7.248972654342651367e-01
-7.307495176792144775e-02
8.866521716117858887e-02
4.629935696721076965e-02
-5.802617073059082031e-01
-3.056782186031341553e-01
2.804088294506072998e-01
-1.380422711372375488e+00
-9.861032962799072266e-01
1.999734789133071899e-01
4.537451863288879395e-01
-2.000515162944793701e-02
6.490298509597778320e-01
-5.051040649414062500e-01
1.304397821426391602e+00
2.115940570831298828e+00
6.894593685865402222e-02
-4.253957867622375488e-01
-4.160446226596832275e-01
1.005918860435485840e+00
2.015895128250122070e+00
2.323884725570678711e+00
4.615975618362426758e-01
1.206521630287170410e+00
2.100304841995239258e+00
-6.067304611206054688e-01
1.099527627229690552e-01
-8.157221078872680664e-01
6.696217656135559082e-01
3.743230402469635010e-01
-5.944506525993347168e-01
3.230952024459838867e-01
9.613940864801406860e-02
6.090829968452453613e-01
1.922843419015407562e-02
2.212737649679183960e-01
3.280487656593322754e-01
1.706215381622314453e+00
2.285841107368469238e-01
4.425710141658782959e-01
-5.078605413436889648e-01
4.831898957490921021e-02
6.596757173538208008e-01
2.060112804174423218e-01
-6.192680820822715759e-02
-1.306024789810180664e-01
2.641503512859344482e-01
-1.064627885818481445e+00
1.304267942905426025e-01
-2.772354781627655029e-01
3.603299260139465332e-01
3.161467313766479492e-01
1.255919218063354492e+00
-6.629140377044677734e-01
-3.729881048202514648e-01
3.112864792346954346e-01
3.989497423171997070e-01
-9.406872391700744629e-01
-2.443555593490600586e-01
5.971506237983703613e-01
1.280221790075302124e-01
1.365406036376953125e+00
1.340092867612838745e-01
-1.937516964972019196e-02
1.625102043151855469e+00
7.394274473190307617e-01
-5.839486718177795410e-01
-2.399717271327972412e-02
-3.346547782421112061e-01
-3.720266977325081825e-03
-2.157344818115234375e-01
-1.872370719909667969e+00
1.478110253810882568e-01
1.098967909812927246e+00
-8.753407597541809082e-01
3.026203870773315430e+00
-4.399853646755218506e-01
1.403933644294738770e+00
-2.061134576797485352e+00
4.363293349742889404e-01
-1.433312296867370605e-01
3.521590828895568848e-01
4.981321468949317932e-02
1.455693840980529785e+00
2.958250045776367188e-01
2.690809592604637146e-02
-1.083938186638988554e-04
-1.864938586950302124e-01
4.008107185363769531e-01
7.178666591644287109e-01
5.031708478927612305e-01
-5.343382954597473145e-01
-1.170341610908508301e+00
4.618070721626281738e-01
6.018839478492736816e-01
-1.533581852912902832e+00
-5.204728245735168457e-01
6.678222417831420898e-01
-8.398967385292053223e-01
1.064837694168090820e+00
6.593114137649536133e-01
2.981916368007659912e-01
2.842611312866210938e+00
1.266028642654418945e+00
-6.148242950439453125e-01
-6.614585518836975098e-01
1.027333140373229980e+00
2.568207979202270508e-01
-1.110831379890441895e+00
5.657294392585754395e-01
-1.176016807556152344e+00
1.564723968505859375e+00
1.011829257011413574e+00
1.542405486106872559e-01
1.950823515653610229e-01
1.168390989303588867e+00
1.135340690612792969e+00
2.236793786287307739e-01
4.271939694881439209e-01
7.790980339050292969e-01
-2.006325274705886841e-01
5.947879552841186523e-01
4.411023855209350586e-01
3.369349613785743713e-02
1.563304543495178223e+00
1.947068721055984497e-01
5.209034085273742676e-01
-1.958570003509521484e+00
9.415908455848693848e-01
-1.159774661064147949e+00
2.293359339237213135e-01
5.188145637512207031e-01
2.674436867237091064e-01
4.200481772422790527e-01
5.670518875122070312e-01
6.535684466361999512e-01
1.852230727672576904e-01
5.610461235046386719e-01
4.515544176101684570e-01
4.290221035480499268e-01
9.870024919509887695e-01
1.260251998901367188e-01
6.222462654113769531e-01
7.569023370742797852e-01
2.340706065297126770e-02
7.253603935241699219e-01
4.254988208413124084e-02
5.699279904365539551e-01
2.760180830955505371e-01
9.131183624267578125e-01
7.461590766906738281e-01
4.224583804607391357e-01
2.543649077415466309e-01
7.784623503684997559e-01
1.216330844908952713e-02
5.040964484214782715e-01
2.282521128654479980e-01
4.408905804157257080e-01
2.526280581951141357e-01
1.486191749572753906e-01
3.105896413326263428e-01
2.427214235067367554e-01
8.816070556640625000e-01
4.737797379493713379e-01
9.227985739707946777e-01
4.724060595035552979e-01
2.498204261064529419e-01
5.741476416587829590e-01
5.209228992462158203e-01
2.370433509349822998e-02
7.602002024650573730e-01
2.860440611839294434e-01
2.757960855960845947e-01
8.922952413558959961e-01
9.563300013542175293e-01
7.760939002037048340e-01
1.464329957962036133e-01
2.797394990921020508e-02
4.583659768104553223e-01
3.063702881336212158e-01
8.986423164606094360e-02
5.396552681922912598e-01
4.678964912891387939e-01
4.476605951786041260e-01
7.075846195220947266e-01
2.996495924890041351e-02
3.325579464435577393e-01
7.814354300498962402e-01
5.325106382369995117e-01
8.956418633460998535e-01
9.150274991989135742e-01
3.538350760936737061e-01
6.078374981880187988e-01
2.370328605175018311e-01
1.523294597864151001e-01
5.435410737991333008e-01
3.945701122283935547e-01
7.712023854255676270e-01
7.118807733058929443e-02
2.832503020763397217e-01
5.870929956436157227e-01
5.418270826339721680e-01
2.098349481821060181e-01
7.031827569007873535e-01
1.262827664613723755e-01
1.022582501173019409e-01
1.813686490058898926e-01
5.296761393547058105e-01
9.579070210456848145e-01
6.210792437195777893e-02
3.701082468032836914e-01
4.874613285064697266e-01
2.380310744047164917e-01
9.558297693729400635e-02
4.009753763675689697e-01
8.427087664604187012e-01
2.356260549277067184e-03
6.033450365066528320e-01
9.608025550842285156e-01
2.273102700710296631e-01
9.598819613456726074e-01
3.639399409294128418e-01
2.086858749389648438e-01
2.892460227012634277e-01
3.731289505958557129e-01
8.052377104759216309e-01
8.127295970916748047e-01
6.252853870391845703e-01
7.565824389457702637e-01
5.621577501296997070e-01
5.891129970550537109e-01
6.019719317555427551e-02
4.413926005363464355e-01
4.244272112846374512e-01
8.169093728065490723e-01
1.726446151733398438e-01
9.289451837539672852e-01
7.074471712112426758e-01
9.552555084228515625e-01
5.772579312324523926e-01
1.421353667974472046e-01
4.210499823093414307e-01
2.126532346010208130e-01
4.047663882374763489e-02
5.078595280647277832e-01
4.587415456771850586e-01
4.502453505992889404e-01
6.554070711135864258e-01
8.680999875068664551e-01
5.668359994888305664e-01
7.160421013832092285e-01
8.408165574073791504e-01
8.579074740409851074e-01
7.096950411796569824e-01
6.782808154821395874e-02
7.965566515922546387e-01
5.008084774017333984e-01
7.098788619041442871e-01
1.951469182968139648e-01
8.012275099754333496e-01
9.757445007562637329e-02
8.756644725799560547e-01
9.534247517585754395e-01
8.143491148948669434e-01
7.448396086692810059e-01
8.915027976036071777e-01
5.582224130630493164e-01
9.078240990638732910e-01
1.021183952689170837e-01
4.026722311973571777e-01
4.066392034292221069e-02
9.142807126045227051e-01
3.864684998989105225e-01
2.542367950081825256e-02
4.163897037506103516e-01
3.797040581703186035e-01
3.683570399880409241e-02
6.296141147613525391e-01
6.940684318542480469e-01
2.548895478248596191e-01
6.794383525848388672e-01
1.379560828208923340e-01
6.201505661010742188e-01
2.487102150917053223e-01
6.057150363922119141e-01
8.190552592277526855e-01
2.638277411460876465e-01
4.605827927589416504e-01
2.765372097492218018e-01
3.239411413669586182e-01
3.076526820659637451e-01
1.905709803104400635e-01
9.792486578226089478e-02
4.378311932086944580e-01
9.659337997436523438e-01
9.511672854423522949e-01
2.587170302867889404e-01
8.430897593498229980e-01
1.048990115523338318e-01
7.480212450027465820e-01
5.579999089241027832e-01
5.122233033180236816e-01
6.473546624183654785e-01
2.485461980104446411e-01
2.858649492263793945e-01
5.903429985046386719e-01
7.088403701782226562e-01
6.467370390892028809e-01
9.214776158332824707e-01
2.994033992290496826e-01
6.768556833267211914e-01
5.081357955932617188e-01
4.595889151096343994e-01
6.224765256047248840e-02
7.380419969558715820e-01
1.031404435634613037e-01
2.842510640621185303e-01
5.147127509117126465e-01
9.308688640594482422e-01
2.513514161109924316e-01
3.510617911815643311e-01
6.120734810829162598e-01
5.360595583915710449e-01
4.148653745651245117e-01
7.256235480308532715e-01
8.549539446830749512e-01
1.465642899274826050e-01
5.365357995033264160e-01
7.131351232528686523e-01
4.552575349807739258e-01
9.019008278846740723e-01
1.150932535529136658e-02
8.138136863708496094e-01
9.243915677070617676e-01
3.261952698230743408e-01
1.839182078838348389e-01
8.864105343818664551e-01
2.890755534172058105e-01
3.211756348609924316e-01
4.421092271804809570e-01
2.214826345443725586e-01
3.158724904060363770e-01
1.843232661485671997e-01
1.096525862812995911e-01
9.502509236335754395e-01
1.127611249685287476e-01
5.651771426200866699e-01
3.551952838897705078e-01
8.424171060323715210e-02
6.307275891304016113e-01
5.987135171890258789e-01
3.424416184425354004e-01
5.618832707405090332e-01
8.126795887947082520e-01
5.889685750007629395e-01
2.359114587306976318e-01
5.560879707336425781e-01
5.203623771667480469e-01
9.526113867759704590e-01
2.042360156774520874e-01
7.552925348281860352e-01
6.803351044654846191e-01
3.211556375026702881e-01
6.353678703308105469e-01
6.703892350196838379e-01
8.131951093673706055e-01
7.453715801239013672e-01
6.806412935256958008e-01
7.298985719680786133e-01
4.856443032622337341e-02
4.590917825698852539e-01
7.048501372337341309e-01
2.654054760932922363e-01
6.056072711944580078e-01
5.825628060847520828e-03
5.429059267044067383e-01
7.952857613563537598e-01
1.737065613269805908e-01
1.212376281619071960e-01
7.124310135841369629e-01
7.769887447357177734e-01
4.309210777282714844e-01
2.315559536218643188e-01
1.848880171775817871e+00
7.965604066848754883e-01
-9.699124693870544434e-01
3.570567965507507324e-01
