2.188503026962280273e+00
5.098874568939208984e+00
4.000801563262939453e+00
1.710774660110473633e+00
3.596429824829101562e+00
-1.168961644172668457e+00
3.693078160285949707e-01
3.272711932659149170e-01
-8.755443692207336426e-01
-3.378816321492195129e-02
-2.808001279830932617e+00
-2.804061472415924072e-01
-5.350770801305770874e-02
-2.125265896320343018e-01
8.286710828542709351e-02
1.274632573127746582e+00
1.330962085723876953e+01
1.536359310150146484e+01
1.731591606140136719e+01
1.902408027648925781e+01
2.269646263122558594e+01
-7.039883732795715332e-01
-3.539105504751205444e-02
8.282456398010253906e-01
-2.846657335758209229e-01
1.518941760063171387e+00
-5.370984077453613281e-01
-1.366951107978820801e+00
3.736293017864227295e-01
-1.560240149497985840e+00
2.194643735885620117e+00
-7.404859662055969238e-01
3.584370613098144531e+00
9.081720560789108276e-02
-8.791309595108032227e-01
6.613125324249267578e+00
6.047366857528686523e-01
-1.046758964657783508e-01
7.383124828338623047e-01
-2.124379277229309082e-01
8.127065896987915039e-01
4.242471754550933838e-01
4.382240474224090576e-01
-3.391685783863067627e-01
-6.006830334663391113e-01
1.636604368686676025e-01
1.932020336389541626e-01
-6.281592845916748047e-01
5.102524161338806152e-01
7.682748436927795410e-01
-2.603657543659210205e-01
1.106134578585624695e-01
-1.324235647916793823e-01
-6.332070827484130859e-01
7.024363875389099121e-01
-1.314470529556274414e+00
2.977608144283294678e-01
3.251955211162567139e-01
-4.126521199941635132e-02
5.062048435211181641e-01
-1.092919111251831055e+00
2.593871653079986572e-01
-1.343438029289245605e+00
-9.120978415012359619e-02
7.812555879354476929e-03
-2.276768922805786133e+00
5.154696409590542316e-04
-3.580370685085654259e-03
-4.294712096452713013e-03
-9.041398880071938038e-04
-9.947546757757663727e-03
5.282024852931499481e-03
5.103419534862041473e-03
-6.711423397064208984e-03
8.375090546905994415e-03
-4.853383637964725494e-03
-4.168248735368251801e-03
-7.181445602327585220e-03
-6.606290116906166077e-03
1.799304736778140068e-03
-2.959005534648895264e-03
5.583397150039672852e-01
1.102356910705566406e+00
-2.193924903869628906e+00
7.881782650947570801e-01
