1.596560573577880859e+01
1.555148696899414062e+01
1.153130722045898438e+01
9.421570777893066406e+00
1.616412353515625000e+01
1.545849990844726562e+01
1.587314319610595703e+01
1.460273170471191406e+01
1.655744361877441406e+01
7.815389156341552734e+00
5.552952766418457031e+00
1.100944900512695312e+01
1.590324497222900391e+01
-1.271384596824645996e+00
1.707251548767089844e+00
-3.615803956985473633e+00
-3.040136814117431641e+00
-5.207718849182128906e+00
-4.508519172668457031e+00
-4.678743839263916016e+00
6.095944404602050781e+00
7.402256488800048828e+00
8.731500625610351562e+00
-5.899226665496826172e+00
4.492067337036132812e+00
4.482098579406738281e+00
4.538564205169677734e+00
-4.265252113342285156e+00
8.684099197387695312e+00
-4.046175956726074219e+00
-3.805781602859497070e-01
-2.651973009109497070e+00
-1.309027433395385742e+00
7.798890590667724609e+00
7.674061298370361328e+00
3.061429977416992188e+00
-7.039773464202880859e+00
3.937894105911254883e+00
-4.603786468505859375e+00
-6.448140621185302734e+00
-5.019792556762695312e+00
6.038960933685302734e+00
-1.221355080604553223e+00
-4.115148067474365234e+00
5.869947910308837891e+00
-6.657206058502197266e+00
6.902831554412841797e+00
8.384403228759765625e+00
2.868579626083374023e+00
4.905342102050781250e+00
4.033624172210693359e+00
-4.558625698089599609e+00
1.009327793121337891e+01
-4.749566555023193359e+00
2.244192361831665039e+00
7.558195590972900391e+00
-3.309454917907714844e+00
4.413274765014648438e+00
3.030170917510986328e+00
2.065687179565429688e+00
-3.521063625812530518e-01
-3.651731729507446289e+00
6.208276748657226562e+00
2.401645421981811523e+00
-1.379562139511108398e+00
-5.699037075042724609e+00
-1.288287043571472168e+00
2.153960913419723511e-01
1.847146630287170410e+00
-2.153875350952148438e+00
2.774169683456420898e+00
-1.730920672416687012e+00
4.519522666931152344e+00
5.997657775878906250e+00
-3.487066984176635742e+00
-3.392228126525878906e+00
-5.049230575561523438e+00
6.122372150421142578e+00
2.075570106506347656e+00
5.356142520904541016e-01
8.313120841979980469e+00
8.155934333801269531e+00
-1.988231301307678223e+00
-2.843428611755371094e+00
-5.568614959716796875e+00
1.203155803680419922e+01
6.260083198547363281e+00
2.145994424819946289e+00
-4.135111331939697266e+00
2.929714918136596680e+00
3.732375621795654297e+00
-3.568068027496337891e+00
3.311225175857543945e-01
3.156977415084838867e+00
-5.561218738555908203e+00
-2.567619323730468750e+00
7.078233718872070312e+00
2.865405082702636719e+00
-3.005804061889648438e+00
8.089325428009033203e-01
-3.410068273544311523e+00
-2.224247932434082031e+00
1.398399949073791504e+00
5.634443283081054688e+00
-3.875269412994384766e+00
1.887564182281494141e+00
1.707334756851196289e+00
-1.439575999975204468e-01
2.189097404479980469e-01
2.350683450698852539e+00
-4.515524387359619141e+00
-2.639828681945800781e+00
6.583428978919982910e-01
4.072088241577148438e+00
1.594862699508666992e+00
-5.518033027648925781e+00
1.384424686431884766e+00
-4.353190422058105469e+00
5.190141201019287109e+00
5.317507743835449219e+00
8.427229523658752441e-01
-2.873461008071899414e+00
-2.237274408340454102e+00
-1.069968342781066895e+00
5.817152261734008789e-01
-9.221156835556030273e-01
3.059034109115600586e+00
-1.478684663772583008e+00
-2.488345861434936523e+00
-4.884777069091796875e+00
3.072003126144409180e-01
-5.852921009063720703e-01
-6.706541538238525391e+00
8.924996256828308105e-01
-3.098718643188476562e+00
1.767852425575256348e+00
1.945967912673950195e+00
8.557422637939453125e+00
-1.819647789001464844e+00
2.041071414947509766e+00
2.974610924720764160e-01
2.097249031066894531e+00
-5.331390500068664551e-01
-4.529505729675292969e+00
7.481218814849853516e+00
-4.547387659549713135e-01
3.970968484878540039e+00
1.519357085227966309e+00
3.673772335052490234e+00
-2.457712311297655106e-03
-8.454501152038574219e+00
4.125762462615966797e+00
7.925264239311218262e-01
1.980614304542541504e+00
-2.727663516998291016e-01
-1.333494782447814941e+00
3.013219833374023438e+00
3.246922492980957031e+00
1.376013755798339844e+00
2.713761091232299805e+00
-4.629853069782257080e-01
3.579480409622192383e+00
-8.525546193122863770e-01
3.945690691471099854e-01
2.244399309158325195e+00
-1.196310281753540039e+00
-1.821854233741760254e+00
5.358446240425109863e-01
5.812710285186767578e+00
-6.153162956237792969e+00
-2.808152675628662109e+00
3.885722875595092773e+00
-1.045118451118469238e+00
3.826809823513031006e-01
4.537122249603271484e+00
-1.261104226112365723e+00
2.701256990432739258e+00
4.513040542602539062e+00
5.935300588607788086e-01
1.349519252777099609e+00
-2.106242179870605469e+00
1.288083672523498535e+00
4.780416965484619141e+00
-2.232274770736694336e+00
-3.323743939399719238e-01
2.439074754714965820e+00
1.389684796333312988e+00
6.135174751281738281e+00
2.161080837249755859e+00
-2.844926595687866211e+00
-1.802414774894714355e+00
3.582633972167968750e+00
3.755746364593505859e+00
4.841354846954345703e+00
-6.536095142364501953e-01
-1.432963609695434570e+00
6.511270999908447266e-01
1.083884954452514648e+00
2.668126225471496582e-01
-2.304812669754028320e-01
1.149777531623840332e+00
-1.358614087104797363e+00
-1.826791763305664062e-01
-1.227868795394897461e+00
-3.368409574031829834e-01
2.016909599304199219e+00
-3.041505575180053711e+00
1.504930138587951660e+00
-2.392397820949554443e-01
1.420365571975708008e+00
2.208026409149169922e+00
9.901275634765625000e-01
-2.377191781997680664e+00
1.898267269134521484e+00
4.204774200916290283e-01
1.539550542831420898e+00
-2.097095251083374023e+00
2.070732355117797852e+00
-1.524220585823059082e+00
-4.586933553218841553e-01
-6.811906695365905762e-01
-1.115204572677612305e+00
1.721411705017089844e+00
-6.717837452888488770e-01
3.185415983200073242e+00
1.560342498123645782e-02
-2.234393596649169922e+00
5.565547347068786621e-01
6.260601520538330078e+00
-1.175109148025512695e+00
-4.069781601428985596e-01
-1.286777406930923462e-01
8.704018592834472656e-01
-1.400865435600280762e+00
-1.868040204048156738e+00
3.152586936950683594e+00
3.673079311847686768e-01
1.688577085733413696e-01
1.532508492469787598e+00
1.279699921607971191e+00
-9.493001699447631836e-01
4.243545532226562500e-01
2.254232883453369141e+00
-2.239513635635375977e+00
-6.161639690399169922e-01
-1.775660991668701172e+00
1.008377432823181152e+00
5.705075740814208984e+00
1.363420844078063965e+00
-1.084572315216064453e+00
2.970064401626586914e+00
3.791490793228149414e-01
2.516659021377563477e+00
1.647478818893432617e+00
1.103331521153450012e-01
3.324252367019653320e+00
-9.406386017799377441e-01
5.747941136360168457e-01
2.191015243530273438e+00
4.067457318305969238e-01
4.240247249603271484e+00
-8.137264251708984375e-01
3.447711706161499023e+00
8.972732424736022949e-01
2.289066791534423828e+00
1.453435897827148438e+00
1.914666175842285156e+00
2.372447252273559570e+00
1.047037124633789062e+00
7.275171875953674316e-01
-1.382279157638549805e+00
1.569226533174514771e-01
-1.550917983055114746e+00
-5.098152160644531250e+00
-6.288650631904602051e-02
-2.012245915830135345e-02
-7.098672986030578613e-01
2.670524358749389648e+00
1.968538761138916016e+00
-2.901063859462738037e-01
-2.345968008041381836e+00
3.753109455108642578e+00
1.555093824863433838e-01
2.360975503921508789e+00
5.325760841369628906e-01
-9.597591161727905273e-01
-4.067656517028808594e+00
