1.800796389579772949e+00
4.229141712188720703e+00
1.975073456764221191e+00
3.496506452560424805e+00
2.099196195602416992e+00
1.742783546447753906e+00
2.068823814392089844e+00
2.341947317123413086e+00
2.579906463623046875e+00
-3.067636489868164062e+00
-6.120705604553222656e-01
1.602973699569702148e+00
-1.988945156335830688e-01
1.158831715583801270e-01
-2.535283267498016357e-01
7.614486217498779297e-01
-5.700064301490783691e-01
-2.561351060867309570e-01
-2.539300680160522461e+00
-8.805464208126068115e-02
-1.722083985805511475e-01
-1.740563064813613892e-01
2.281383872032165527e-01
2.736637294292449951e-01
-3.104791603982448578e-02
-2.734747529029846191e-01
2.230351418256759644e-01
5.714451074600219727e-01
1.319176292419433594e+01
1.343793678283691406e+01
1.547125148773193359e+01
1.486694526672363281e+01
1.335882282257080078e+01
1.745995521545410156e+01
1.912194824218750000e+01
1.923563385009765625e+01
3.320374298095703125e+01
-5.798799395561218262e-01
-2.259151458740234375e+00
5.647021532058715820e-01
-1.211945295333862305e+00
2.438357114791870117e+00
3.030221462249755859e-01
9.722213745117187500e-01
-2.182294130325317383e+00
3.309280633926391602e+00
2.945066452026367188e+00
-1.028853729367256165e-01
5.778300762176513672e-01
-1.507470250129699707e+00
-6.898276209831237793e-01
-8.984571695327758789e-01
1.384753823280334473e+00
-3.999468803405761719e+00
3.550976812839508057e-01
-1.126518607139587402e+00
-6.089994907379150391e-01
3.613906204700469971e-01
-3.619961142539978027e-01
-6.407967805862426758e-01
2.079967021942138672e+00
8.028818368911743164e-01
1.380180597305297852e+00
-1.811912178993225098e+00
-4.897803962230682373e-01
2.143731832504272461e+00
4.628245234489440918e-01
-2.253544807434082031e+00
-3.014990389347076416e-01
-4.118284881114959717e-01
1.448957681655883789e+00
-6.116080284118652344e-01
1.338614821434020996e+00
3.567133247852325439e-01
-1.276462674140930176e+00
-3.953205585479736328e+00
6.170735359191894531e-01
-9.051949977874755859e-01
3.346959352493286133e+00
1.789708495140075684e+00
9.905244708061218262e-01
1.396871948242187500e+01
-3.366130590438842773e-01
1.030235052108764648e+00
2.898875176906585693e-01
-5.482533574104309082e-01
6.655880212783813477e-01
-1.402309238910675049e-01
1.535332649946212769e-01
-6.319666504859924316e-01
-1.819663792848587036e-01
-1.864335179328918457e+00
1.421171128749847412e-01
-1.737529188394546509e-01
1.965561956167221069e-01
9.405685961246490479e-02
4.218121469020843506e-01
-1.663365773856639862e-02
1.776104807853698730e+00
3.434411585330963135e-01
2.807732224464416504e-01
-2.677369713783264160e-01
-7.206033915281295776e-02
2.726000845432281494e-01
4.882788956165313721e-01
-1.990230828523635864e-01
1.121310815215110779e-01
5.823091268539428711e-01
4.946186840534210205e-01
-3.570759892463684082e-01
2.128828689455986023e-02
9.687063694000244141e-01
-6.688295602798461914e-01
-4.994828999042510986e-01
5.208371877670288086e-01
6.790440678596496582e-01
-1.898098945617675781e+00
5.069632530212402344e-01
3.989303112030029297e-01
9.307186305522918701e-02
5.374898910522460938e-01
7.943302989006042480e-01
-7.614801526069641113e-01
-2.677752494812011719e+00
6.437503695487976074e-01
-1.173276066780090332e+00
-3.566840410232543945e+00
6.298561394214630127e-02
9.613318443298339844e-01
3.390921279788017273e-02
1.860743612051010132e-01
-1.257257103919982910e+00
8.927936106920242310e-02
7.562341690063476562e-01
-2.208573184907436371e-02
7.642884850502014160e-01
7.247277498245239258e-01
-3.304245173931121826e-01
2.946197800338268280e-02
-7.459722161293029785e-01
1.137193292379379272e-01
-2.520214915275573730e-01
-1.179079860448837280e-01
-3.090825796127319336e+00
-1.165795773267745972e-01
3.451910316944122314e-01
1.480675935745239258e-01
-3.533205762505531311e-02
2.253973782062530518e-01
1.618662327527999878e-01
5.505586788058280945e-02
-3.494922518730163574e-01
-6.410135328769683838e-02
6.144312024116516113e-01
2.865564450621604919e-02
-3.793371021747589111e-01
-1.565331578254699707e+00
2.378396749496459961e+00
3.328917324542999268e-01
-8.216225504875183105e-01
-2.613403201103210449e-01
1.398459553718566895e+00
-1.035613775253295898e+00
-6.323094367980957031e-01
8.712950348854064941e-01
-5.929032340645790100e-02
-1.643016934394836426e-01
5.650532841682434082e-01
9.919295907020568848e-01
-3.456087708473205566e-01
1.470928937196731567e-01
2.409157514572143555e+00
-6.975816097110509872e-03
-5.833915434777736664e-03
5.515330471098423004e-03
-6.777062546461820602e-03
-1.384861418046057224e-03
-2.965647727251052856e-03
6.582166999578475952e-03
-5.060507450252771378e-03
8.155727186931471806e-07
7.642062846571207047e-04
-4.607647657394409180e-03
4.837693180888891220e-03
4.794292617589235306e-03
-6.983228959143161774e-03
-6.927320733666419983e-03
2.350005321204662323e-03
6.851898506283760071e-03
-7.473616860806941986e-03
9.097453206777572632e-03
3.770161711145192385e-04
-1.860826509073376656e-03
-7.086101453751325607e-03
9.795179590582847595e-03
-1.533911126898601651e-04
-5.181857850402593613e-03
7.752052042633295059e-03
-8.137349970638751984e-03
4.805975127965211868e-03
3.954027779400348663e-03
3.294285153970122337e-03
7.575386203825473785e-03
4.930519964545965195e-03
-6.883912254124879837e-03
7.105470634996891022e-03
2.398464363068342209e-03
-5.251029971987009048e-03
-6.796820089221000671e-03
6.679428275674581528e-03
8.532322011888027191e-03
-4.870049189776182175e-03
-5.930794402956962585e-03
-3.605931997299194336e-03
-8.924968540668487549e-03
-1.120389322750270367e-03
5.084429285489022732e-04
7.143254876136779785e-01
1.277957201004028320e+00
-1.810017228126525879e+00
5.944379568099975586e-01
