2.196338415145874023e+00
-1.722204685211181641e-01
5.056364536285400391e+00
4.027110576629638672e+00
1.977465271949768066e+00
3.497826337814331055e+00
-8.503419756889343262e-01
2.054395973682403564e-01
-4.281291067600250244e-01
2.884950041770935059e-01
-8.092582821846008301e-01
4.038994610309600830e-01
1.042092919349670410e+00
-1.858507513999938965e+00
2.731367826461791992e+00
9.095439314842224121e-02
-1.903058290481567383e-01
2.692792750895023346e-02
5.116526484489440918e-01
-8.249358534812927246e-01
2.408123463392257690e-01
-1.142283797264099121e+00
8.642021179199218750e+00
1.329052162170410156e+01
1.535785484313964844e+01
1.747198104858398438e+01
1.915100479125976562e+01
2.433797836303710938e+01
2.744170188903808594e+01
-2.841830015182495117e+00
1.984695911407470703e+00
-9.847506880760192871e-01
-1.553656220436096191e+00
2.224705457687377930e+00
-1.996701240539550781e+00
1.164402008056640625e+00
-8.073992729187011719e-01
4.655514359474182129e-01
-8.740091323852539062e-01
-6.719017028808593750e-01
5.766287446022033691e-01
-2.193890571594238281e+00
-8.382261991500854492e-01
-7.303276062011718750e-01
-2.454571574926376343e-01
-1.271726846694946289e+00
1.864838242530822754e+00
3.364428281784057617e+00
-1.094279050827026367e+00
9.401997566223144531e+00
-6.568355560302734375e+00
3.955551981925964355e-01
-3.623757362365722656e+00
-1.001030683517456055e+00
2.060540390014648438e+01
-1.656491088867187500e+01
1.237990474700927734e+01
-9.769912064075469971e-02
-7.836290001869201660e-01
1.234008092433214188e-02
8.312075585126876831e-02
4.095748066902160645e-01
-8.159491419792175293e-01
-4.842739999294281006e-01
4.848816394805908203e-01
-3.137134313583374023e-01
1.074308827519416809e-01
7.578729391098022461e-01
-1.935472339391708374e-01
3.869327902793884277e-01
7.294421195983886719e-01
-7.830669730901718140e-02
3.868476673960685730e-02
1.144566059112548828e+00
-1.606015712022781372e-01
-3.720988035202026367e-01
8.512031435966491699e-01
-1.387717008590698242e+00
7.749430835247039795e-02
-7.568324357271194458e-02
1.092297434806823730e+00
-4.613848030567169189e-02
-1.073587059974670410e+00
5.106582641601562500e+00
-3.420160055160522461e+00
2.332157850265502930e+00
4.824909195303916931e-02
3.822401463985443115e-01
1.759817481040954590e+00
-1.943587541580200195e+00
1.242161035537719727e+00
1.548343777656555176e+00
2.384383678436279297e-01
2.855350449681282043e-02
3.324846327304840088e-01
-2.402694970369338989e-01
4.533647000789642334e-02
2.022371441125869751e-01
1.056355834007263184e-01
4.041954576969146729e-01
8.743628114461898804e-02
-1.439095437526702881e-01
1.997877210378646851e-01
-9.136924147605895996e-01
-4.770334437489509583e-02
-2.762262105941772461e+00
2.790874004364013672e+00
3.230655193328857422e-01
1.054728388786315918e+00
2.289762943983078003e-01
-5.561844348907470703e+00
2.123149394989013672e+00
-3.539455175399780273e+00
-1.851243665441870689e-03
-6.136916112154722214e-03
3.521708771586418152e-03
3.616974921897053719e-03
5.627572536468505859e-03
-8.840062655508518219e-03
1.466541900299489498e-03
9.574881754815578461e-03
1.049324986524879932e-03
-6.698385812342166901e-03
6.565992720425128937e-03
-4.370549693703651428e-03
2.486284822225570679e-03
2.441479125991463661e-03
-9.239062666893005371e-03
-4.791478160768747330e-03
-2.166460501030087471e-03
2.037107478827238083e-03
5.814607720822095871e-03
1.640170376049354672e-04
-9.228990413248538971e-03
1.774032716639339924e-03
6.158921867609024048e-03
3.254666808061301708e-04
-6.012592464685440063e-03
-5.193653050810098648e-03
1.732154749333858490e-03
-9.361745789647102356e-03
1.055784463882446289e+00
1.016566753387451172e+00
-2.146637678146362305e+00
7.372515797615051270e-01
