2.196941137313842773e+00
-2.614854276180267334e-01
5.069724559783935547e+00
4.003763675689697266e+00
1.935105323791503906e+00
3.522418022155761719e+00
-5.246255397796630859e-01
8.862846493721008301e-01
-1.041060566902160645e+00
7.769985496997833252e-02
2.077328264713287354e-01
4.593151807785034180e-02
-3.124526143074035645e-02
-1.139643549919128418e+00
2.452617168426513672e+00
-2.043373435735702515e-01
-1.289869695901870728e-01
-3.802143782377243042e-02
-2.984122373163700104e-02
-2.754401564598083496e-01
2.081687748432159424e-01
-1.267920136451721191e+00
9.723703384399414062e+00
1.329905605316162109e+01
1.535757350921630859e+01
1.739408111572265625e+01
1.913227272033691406e+01
2.219321060180664062e+01
2.586751747131347656e+01
-8.729914575815200806e-02
1.150690913200378418e+00
-7.456797957420349121e-01
-1.749482989311218262e+00
1.427824974060058594e+00
-2.757304191589355469e+00
5.451276898384094238e-01
-7.907108664512634277e-01
1.272217254154384136e-03
-3.731798231601715088e-01
2.036374956369400024e-01
1.287545084953308105e+00
-2.025842189788818359e+00
-7.549244165420532227e-01
-1.137711286544799805e+00
-1.159583702683448792e-01
-2.008186101913452148e+00
8.447008132934570312e-01
4.607478141784667969e+00
-1.452486634254455566e+00
9.166062355041503906e+00
-5.210198402404785156e+00
5.285524129867553711e-01
-2.980956554412841797e+00
-6.437640786170959473e-01
1.301976680755615234e+01
-1.014229583740234375e+01
5.662576675415039062e+00
4.839868843555450439e-01
-5.716210603713989258e-01
-2.599669694900512695e-01
2.818743884563446045e-01
-2.660149037837982178e-01
-9.740789532661437988e-01
-7.080879211425781250e-01
6.182419061660766602e-01
-1.850268393754959106e-01
3.797565698623657227e-01
3.232463896274566650e-01
-4.574113991111516953e-03
1.184972673654556274e-01
3.371500968933105469e-01
2.851396203041076660e-01
6.530018895864486694e-02
6.331562399864196777e-01
9.788222610950469971e-02
-5.470817685127258301e-01
6.244602799415588379e-01
-1.331548810005187988e+00
5.521472692489624023e-01
-3.243419528007507324e-01
6.501802206039428711e-01
6.720213890075683594e-01
-1.067791700363159180e+00
4.641925334930419922e+00
-3.137608528137207031e+00
3.217706680297851562e-01
-9.605843573808670044e-02
4.315155148506164551e-01
1.182251334190368652e+00
-1.215297102928161621e+00
1.126074075698852539e+00
1.079983472824096680e+00
9.737118333578109741e-02
-7.335588335990905762e-02
3.582508862018585205e-02
1.446670740842819214e-01
-3.180204927921295166e-01
8.000904321670532227e-01
4.466572999954223633e-01
1.756778508424758911e-01
1.355367805808782578e-02
4.167504608631134033e-01
-2.646251618862152100e-01
-1.372386574745178223e+00
7.145866006612777710e-02
-2.331129312515258789e+00
2.652412891387939453e+00
5.484629273414611816e-01
8.067796826362609863e-01
-4.694586992263793945e-01
-2.750325202941894531e+00
5.870075821876525879e-01
-1.071448206901550293e+00
-1.851243665441870689e-03
-6.136916112154722214e-03
3.521708771586418152e-03
3.616974921897053719e-03
5.627572536468505859e-03
-8.840062655508518219e-03
1.466541900299489498e-03
9.574881754815578461e-03
1.049324986524879932e-03
-6.698385812342166901e-03
6.565992720425128937e-03
-4.370549693703651428e-03
2.486284822225570679e-03
2.441479125991463661e-03
-9.239062666893005371e-03
-4.791478160768747330e-03
-2.166460501030087471e-03
2.037107478827238083e-03
5.814607720822095871e-03
1.640170376049354672e-04
-9.228990413248538971e-03
1.774032716639339924e-03
6.158921867609024048e-03
3.254666808061301708e-04
-6.012592464685440063e-03
-5.193653050810098648e-03
1.732154749333858490e-03
-9.361745789647102356e-03
7.798590064048767090e-01
1.034072041511535645e+00
-2.159639120101928711e+00
7.456917762756347656e-01
