1.587347221374511719e+01
1.296492099761962891e+01
1.175724411010742188e+01
7.389888763427734375e+00
1.546804714202880859e+01
1.165235042572021484e+01
1.544486999511718750e+01
1.644364356994628906e+01
2.533586978912353516e+00
3.993788480758666992e+00
1.260152053833007812e+01
5.674471855163574219e+00
4.910495504736900330e-02
-6.064554691314697266e+00
-3.156109809875488281e+00
6.832058429718017578e+00
-2.037719011306762695e+00
-7.165441989898681641e+00
-3.956080675125122070e+00
1.132896170020103455e-01
-1.371184635162353516e+01
1.786000370979309082e+00
1.086102771759033203e+01
-3.007436990737915039e+00
1.235097694396972656e+01
1.170899748802185059e+00
-1.183298349380493164e+00
-3.274339199066162109e+00
-3.309538364410400391e+00
1.055095767974853516e+01
-2.693828582763671875e+00
4.927517414093017578e+00
1.170654296875000000e+00
-5.094317436218261719e+00
2.261766195297241211e+00
-1.129747033119201660e+00
-9.056537747383117676e-01
1.669686436653137207e+00
7.048107147216796875e+00
-1.219957733154296875e+01
7.213944911956787109e+00
-4.289564132690429688e+00
-7.475630760192871094e+00
1.219693899154663086e+00
-1.193099141120910645e+00
-2.075866222381591797e+00
2.276228189468383789e+00
2.853078365325927734e+00
-8.874955773353576660e-01
3.279577732086181641e+00
5.300058364868164062e+00
-1.645751595497131348e+00
-2.272257566452026367e+00
3.489739656448364258e+00
-2.881183326244354248e-01
6.806555390357971191e-01
4.640454292297363281e+00
-2.736766338348388672e+00
4.772498607635498047e+00
-3.826384782791137695e+00
-3.788004517555236816e-01
-1.508061494678258896e-02
4.721583843231201172e+00
3.790986299514770508e+00
4.132773876190185547e+00
-3.823886156082153320e+00
1.156038045883178711e+00
1.887537598609924316e+00
1.831250309944152832e+00
-1.670787811279296875e+00
-1.310063600540161133e+00
-1.006360650062561035e-01
7.016525268554687500e-01
-1.103549003601074219e+00
2.936761140823364258e+00
-3.209397792816162109e+00
-2.791267156600952148e+00
-1.709874153137207031e+00
3.106607913970947266e+00
-2.071832120418548584e-01
4.932233989238739014e-01
-3.195150852203369141e+00
3.311223506927490234e+00
-1.082149267196655273e+00
-3.916335403919219971e-01
2.150941133499145508e+00
4.506056308746337891e+00
-1.814414381980895996e+00
-9.888760447502136230e-01
3.600497722625732422e+00
2.930715382099151611e-01
-1.751360058784484863e+00
4.300068855285644531e+00
-1.949458837509155273e+00
3.633908033370971680e+00
-2.909873962402343750e+00
-2.469074487686157227e+00
-6.711621880531311035e-01
3.753456592559814453e+00
1.954712986946105957e+00
3.800154685974121094e+00
-8.731181025505065918e-01
3.048003017902374268e-01
2.864020347595214844e+00
3.731223106384277344e+00
-3.857450783252716064e-01
-1.038079857826232910e+00
1.056497931480407715e+00
-2.011957615613937378e-01
1.344588637351989746e+00
2.244327068328857422e+00
-2.535494804382324219e+00
-2.181882619857788086e+00
-3.328171074390411377e-01
2.768753051757812500e+00
-4.950585365295410156e-01
1.293972969055175781e+00
