1.553495693206787109e+01
1.263232707977294922e+01
1.198249530792236328e+01
9.297427177429199219e+00
1.548247623443603516e+01
1.148478221893310547e+01
1.544481468200683594e+01
1.573833179473876953e+01
2.254783153533935547e+00
4.760547161102294922e+00
1.112337493896484375e+01
5.865789890289306641e+00
5.407577753067016602e-01
-5.946493625640869141e+00
-3.950778722763061523e+00
6.945058345794677734e+00
-2.076654672622680664e+00
-6.600306510925292969e+00
-4.365272521972656250e+00
-3.277150094509124756e-01
-1.194320106506347656e+01
2.589510917663574219e+00
1.019135951995849609e+01
-2.924951791763305664e+00
1.270120716094970703e+01
1.235013008117675781e+00
-1.199354648590087891e+00
-3.427154302597045898e+00
-3.507452249526977539e+00
1.020417881011962891e+01
-1.957175016403198242e+00
5.056710720062255859e+00
2.260462760925292969e+00
-3.703764438629150391e+00
2.240261077880859375e+00
-1.032222151756286621e+00
-5.197029188275337219e-02
1.483416199684143066e+00
6.865353584289550781e+00
-1.210376834869384766e+01
6.135345458984375000e+00
-2.391545772552490234e+00
-6.373749732971191406e+00
3.425537824630737305e+00
-1.193125963211059570e+00
-1.920507431030273438e+00
2.380820512771606445e+00
3.242303371429443359e+00
-1.138287782669067383e+00
2.621727943420410156e+00
4.806261062622070312e+00
-1.334383845329284668e+00
-3.003768682479858398e+00
3.866249799728393555e+00
-9.065590500831604004e-01
2.848701477050781250e-01
4.995002746582031250e+00
-2.095427751541137695e+00
4.303158760070800781e+00
-3.390630483627319336e+00
-1.025133728981018066e+00
-9.146706759929656982e-02
3.423989295959472656e+00
2.892749071121215820e+00
5.041498184204101562e+00
-3.530561923980712891e+00
8.420199751853942871e-01
3.175226211547851562e+00
3.096092224121093750e+00
-3.105377912521362305e+00
-1.291091799736022949e+00
1.042623594403266907e-01
9.725160598754882812e-01
-8.710472583770751953e-01
3.176220178604125977e+00
-3.042390584945678711e+00
-3.226670742034912109e+00
-7.914465069770812988e-01
2.830856323242187500e+00
-9.351474046707153320e-01
5.599297285079956055e-01
-3.273925065994262695e+00
3.382296800613403320e+00
-7.811651825904846191e-01
-9.333298355340957642e-02
2.424715518951416016e+00
4.169898986816406250e+00
-1.626589298248291016e+00
-1.687264323234558105e+00
3.619616031646728516e+00
4.304482042789459229e-01
-1.801740527153015137e+00
4.484709262847900391e+00
-1.529673933982849121e+00
4.004961013793945312e+00
-2.689581155776977539e+00
-2.742021083831787109e+00
-6.134406924247741699e-01
3.026132345199584961e+00
1.520805358886718750e+00
4.006114006042480469e+00
-1.097452282905578613e+00
1.048104241490364075e-01
3.080533027648925781e+00
4.335455894470214844e+00
-8.416780829429626465e-01
-1.210741996765136719e+00
9.492985010147094727e-01
3.065686486661434174e-02
1.191215395927429199e+00
2.675372600555419922e+00
-2.788910865783691406e+00
-2.884394407272338867e+00
2.143997400999069214e-01
2.880070447921752930e+00
-4.634943902492523193e-01
1.008378148078918457e+00
