1.911538481712341309e+00
4.801480770111083984e+00
3.925271987915039062e+00
1.539808511734008789e+00
2.235484838485717773e+00
3.367621183395385742e+00
-1.420369148254394531e+00
6.844568252563476562e-01
-3.425728380680084229e-01
3.874987363815307617e-02
7.809984087944030762e-01
-8.161178231239318848e-01
-1.956065416336059570e+00
-1.210836544632911682e-01
2.074531912803649902e-01
-3.745186626911163330e-01
-1.772358715534210205e-01
-1.602792888879776001e-01
6.545606851577758789e-01
1.330923652648925781e+01
1.531893634796142578e+01
1.038983917236328125e+01
1.742568969726562500e+01
1.918525123596191406e+01
3.310883331298828125e+01
-7.218815684318542480e-01
2.646246254444122314e-01
5.140056088566780090e-02
-4.505933225154876709e-01
-1.696237772703170776e-01
-9.831835627555847168e-01
-6.901487708091735840e-01
5.571509599685668945e-01
-6.923177838325500488e-01
8.076378703117370605e-01
1.913902401924133301e+00
1.578606367111206055e-01
-1.235756039619445801e+00
2.592824995517730713e-01
2.080761432647705078e+00
7.050806879997253418e-01
-9.410656690597534180e-01
-3.821117401123046875e+00
1.164763271808624268e-01
4.403634548187255859e+00
1.175957202911376953e+01
4.082660377025604248e-01
4.246550202369689941e-01
-4.447899758815765381e-01
-1.300775527954101562e+00
1.697842776775360107e-02
-2.203738689422607422e-01
3.352778851985931396e-01
1.071332931518554688e+00
9.553635120391845703e-01
7.752125710248947144e-02
2.638415098190307617e-01
-1.076358199119567871e+00
-7.676363587379455566e-01
1.305474996566772461e+00
-2.197711229324340820e+00
1.262192577123641968e-01
4.220076799392700195e-01
3.436639308929443359e+00
-3.091543614864349365e-01
-1.076488137245178223e+00
7.800032384693622589e-03
2.775566577911376953e-01
-5.823507308959960938e-01
3.361091911792755127e-01
1.226891517639160156e+00
5.832241773605346680e-01
1.483163833618164062e-01
4.142282009124755859e-01
-1.462596297264099121e+00
-5.605922937393188477e-01
-1.061956062912940979e-01
-1.609013438224792480e+00
1.075544953346252441e+00
1.268520474433898926e+00
-1.086392998695373535e+00
1.185233235359191895e+00
-3.018788993358612061e-01
1.014665365219116211e-01
-1.351513147354125977e+00
6.225698590278625488e-01
-1.068273425102233887e+00
1.249152660369873047e+00
-9.685793891549110413e-03
-3.731281729415059090e-03
-2.897074213251471519e-03
1.924345386214554310e-03
2.258559456095099449e-03
-6.998925004154443741e-03
-7.191566750407218933e-03
6.399380974471569061e-03
4.086999222636222839e-03
-4.109562840312719345e-03
-4.829089622944593430e-03
-4.866105969995260239e-03
6.741955410689115524e-03
-6.973296403884887695e-03
2.759902970865368843e-03
7.592168636620044708e-03
-7.479596883058547974e-03
-9.101369651034474373e-04
8.677861653268337250e-03
-9.772635065019130707e-03
3.259688674006611109e-04
4.397234320640563965e-01
9.584580063819885254e-01
-2.021591663360595703e+00
7.689337730407714844e-01
