1.148311328887939453e+01
1.283478832244873047e+01
1.544581794738769531e+01
1.848139572143554688e+01
1.566281414031982422e+01
5.642511844635009766e+00
2.244050407409667969e+01
1.006540489196777344e+01
1.000767326354980469e+01
1.549769973754882812e+01
1.548661708831787109e+01
5.402501583099365234e+00
6.518802642822265625e+00
1.823880195617675781e+01
-7.082005500793457031e+00
-4.519611358642578125e+00
2.196233749389648438e+00
6.806535720825195312e+00
1.394434809684753418e+00
9.192211151123046875e+00
1.180940151214599609e+01
-6.041440367698669434e-01
-6.425088644027709961e-01
9.582631111145019531e+00
9.237285256385803223e-01
-2.464911699295043945e+00
-5.802443504333496094e+00
2.475537061691284180e+00
-7.099483489990234375e+00
4.849110603332519531e+00
6.385020732879638672e+00
-1.236761093139648438e+01
-6.435180902481079102e-01
-6.635896116495132446e-02
-1.285183429718017578e+01
4.852925300598144531e+00
-1.055686250329017639e-01
4.673354148864746094e+00
-1.110577210783958435e-01
6.885823607444763184e-01
4.598995685577392578e+00
-1.868189096450805664e+00
-8.819982409477233887e-01
-3.506357192993164062e+00
-3.895924091339111328e+00
4.092237949371337891e+00
2.885874032974243164e+00
-6.098206639289855957e-01
3.275668859481811523e+00
1.278940486907958984e+01
-8.548835515975952148e-01
-7.334710955619812012e-01
8.543663024902343750e+00
2.156403541564941406e+00
6.763518333435058594e+00
3.393342018127441406e+00
2.263404607772827148e+00
2.079783678054809570e+00
5.738774299621582031e+00
8.560115694999694824e-01
-3.028770208358764648e+00
-9.857804298400878906e+00
7.861958146095275879e-01
-4.439106941223144531e+00
-1.649770498275756836e+00
4.557940006256103516e+00
-1.547707319259643555e+00
5.844193935394287109e+00
-5.332272529602050781e+00
-9.550727844238281250e+00
1.083014392852783203e+01
-6.204105854034423828e+00
-2.104847431182861328e+00
-8.916526794433593750e+00
1.860022783279418945e+00
-3.537698507308959961e+00
-3.464425325393676758e+00
-2.180867195129394531e-01
1.255983471870422363e+00
1.121494388580322266e+01
1.340723037719726562e+00
1.147495388984680176e+00
1.030188202857971191e+00
1.029171180725097656e+01
2.099754810333251953e+00
3.338180482387542725e-01
-1.344548106193542480e+00
7.941290378570556641e+00
-6.946153163909912109e+00
2.566711902618408203e+00
-9.009557366371154785e-01
3.180947780609130859e+00
6.386362314224243164e-01
2.892936766147613525e-01
-3.347891569137573242e+00
2.996714115142822266e+00
3.138236284255981445e+00
-3.289585828781127930e+00
-2.186451196670532227e+00
-9.183975309133529663e-02
3.106013774871826172e+00
1.650850057601928711e+00
-1.014599204063415527e+00
2.158223390579223633e+00
1.382134437561035156e+00
-2.497274875640869141e+00
-5.167311191558837891e+00
3.512198925018310547e+00
-4.167929172515869141e+00
-2.023857355117797852e+00
-1.622662067413330078e+00
-6.188566088676452637e-01
2.359426021575927734e+00
-1.643501520156860352e+00
5.848905563354492188e+00
8.069139719009399414e-01
-8.722130656242370605e-01
3.828256130218505859e+00
5.415598869323730469e+00
1.130348324775695801e+00
-6.562529802322387695e-01
4.872248172760009766e-01
-1.004075169563293457e+00
-3.209719896316528320e+00
-2.409040212631225586e+00
-4.069089889526367188e+00
3.070843458175659180e+00
3.010905742645263672e+00
-1.938097476959228516e+00
2.545281052589416504e-01
-2.943578362464904785e-02
-1.812260627746582031e+00
1.297718882560729980e+00
-3.163135290145874023e+00
2.127203792333602905e-01
-3.034816980361938477e+00
4.924782276153564453e+00
1.541796684265136719e+00
4.680706977844238281e+00
-1.339106798171997070e+00
-2.239070892333984375e+00
-1.058497548103332520e+00
3.029397249221801758e+00
2.666977643966674805e+00
1.717617034912109375e+00
3.665749356150627136e-02
4.965853691101074219e+00
-1.227367401123046875e+00
1.637251734733581543e+00
3.812100410461425781e+00
-4.840871691703796387e-01
-4.358339786529541016e+00
-6.106942296028137207e-01
-3.496258735656738281e+00
1.534374356269836426e+00
6.421943902969360352e-01
4.756374835968017578e+00
8.955832719802856445e-01
6.588168907910585403e-03
1.258977204561233521e-01
-4.030193328857421875e+00
1.211306452751159668e-01
-1.856570363044738770e+00
-8.412315249443054199e-01
1.231709599494934082e+00
4.082216262817382812e+00
-2.568629980087280273e-01
-2.304803609848022461e+00
-1.192303419113159180e+00
3.262091636657714844e+00
1.793921828269958496e+00
-6.693550944328308105e-01
-3.767480850219726562e+00
4.222566127777099609e+00
3.507173538208007812e+00
-3.314675569534301758e+00
-2.880356311798095703e+00
-5.223580598831176758e-01
4.262617111206054688e+00
3.781593739986419678e-01
-2.873941421508789062e+00
4.275036454200744629e-01
1.738870859146118164e+00
7.621132731437683105e-01
-8.360477447509765625e+00
4.823126792907714844e+00
-5.466179847717285156e+00
-2.490336179733276367e+00
1.117470860481262207e+00
-7.388516329228878021e-03
1.997146964073181152e+00
-2.418068170547485352e+00
3.966553688049316406e+00
2.099413394927978516e+00
3.139070034027099609e+00
1.271841287612915039e+00
5.029670715332031250e+00
1.905448079109191895e+00
3.378999829292297363e-01
-2.006846666336059570e-01
-1.774817854166030884e-01
-5.067856311798095703e+00
-1.249155640602111816e+00
1.004269003868103027e+00
-2.226507902145385742e+00
6.009454250335693359e+00
-4.337040901184082031e+00
3.235511779785156250e-01
-1.398229241371154785e+00
3.710891723632812500e+00
1.663308024406433105e+00
-1.764742612838745117e+00
-1.684907197952270508e+00
-9.522933959960937500e-01
2.997631788253784180e+00
-9.129600524902343750e-01
5.421998023986816406e+00
1.421403884887695312e+00
-6.011480331420898438e+00
7.837466597557067871e-01
1.356130242347717285e+00
5.145359992980957031e+00
-1.086638689041137695e+00
5.992323160171508789e-01
7.198013663291931152e-01
-1.320000439882278442e-01
5.375551581382751465e-01
3.565666913986206055e+00
-6.347830295562744141e-01
-8.665903806686401367e-01
4.374403357505798340e-01
-1.290228009223937988e+00
5.235034227371215820e-01
9.144518524408340454e-02
2.383031547069549561e-01
7.396665215492248535e-01
-5.471580028533935547e-01
5.444962382316589355e-01
-1.590233445167541504e+00
1.738057285547256470e-01
-1.298897266387939453e-01
2.566919028759002686e-01
4.096044003963470459e-01
4.386802673339843750e+00
-1.323641538619995117e+00
-3.422487974166870117e+00
-9.981907606124877930e-01
