1.274202632904052734e+01
1.304214000701904297e+01
1.544422435760498047e+01
1.681460762023925781e+01
1.553713417053222656e+01
7.382361412048339844e+00
1.696671485900878906e+01
1.005572032928466797e+01
1.162367057800292969e+01
1.554916095733642578e+01
1.544470024108886719e+01
7.689700603485107422e+00
6.523270606994628906e+00
1.536149692535400391e+01
-5.186049938201904297e+00
-4.021289825439453125e+00
3.942044019699096680e+00
6.776926994323730469e+00
-6.684165596961975098e-01
7.732471466064453125e+00
1.272035884857177734e+01
-9.918333292007446289e-01
-1.597553491592407227e-01
7.636136054992675781e+00
3.968914985656738281e+00
-3.346968173980712891e+00
-7.376901149749755859e+00
-7.160065770149230957e-01
-9.361746788024902344e+00
4.561135292053222656e+00
3.319606065750122070e+00
-9.283608436584472656e+00
-1.801682353019714355e+00
2.059452772140502930e+00
-1.267055511474609375e+01
5.292504310607910156e+00
-7.382717132568359375e-01
4.898026466369628906e+00
3.064922392368316650e-01
3.129914999008178711e-01
1.893443107604980469e+00
-9.689436554908752441e-01
-1.377706527709960938e-01
-3.510497331619262695e+00
-3.303251504898071289e+00
3.770479917526245117e+00
3.513763427734375000e+00
-2.550253868103027344e-01
2.899074554443359375e+00
1.260016727447509766e+01
-6.255027055740356445e-01
-5.986007452011108398e-01
9.204704284667968750e+00
2.703779935836791992e+00
6.379009246826171875e+00
4.042793750762939453e+00
5.877412319183349609e+00
2.472696781158447266e+00
5.549784660339355469e+00
1.514722585678100586e+00
-3.666697025299072266e+00
-9.639428138732910156e+00
7.052989006042480469e-01
-5.653329372406005859e+00
-1.424078464508056641e+00
4.827676773071289062e+00
-1.099485516548156738e+00
6.721766948699951172e+00
-4.953370094299316406e+00
-8.466757774353027344e+00
8.168622016906738281e+00
-8.003710746765136719e+00
-2.760261058807373047e+00
-7.664791584014892578e+00
-4.136773049831390381e-01
-2.654328823089599609e+00
-6.276478767395019531e+00
-3.504147231578826904e-01
-2.214335203170776367e+00
1.031360816955566406e+01
1.578439831733703613e+00
5.850446820259094238e-01
-9.515666365623474121e-01
1.029066371917724609e+01
2.288345575332641602e+00
6.937925219535827637e-01
-2.616686582565307617e+00
5.504443168640136719e+00
-6.698344230651855469e+00
3.508704423904418945e+00
-4.876074492931365967e-01
2.898689270019531250e+00
6.882075667381286621e-01
-6.243087649345397949e-01
-3.166221857070922852e+00
3.807356595993041992e+00
3.326515197753906250e+00
-3.033778905868530273e+00
-3.272620439529418945e+00
-7.264790683984756470e-02
3.880429983139038086e+00
1.836607575416564941e+00
-2.453194379806518555e+00
1.732222676277160645e+00
2.947973012924194336e+00
7.807697057723999023e-01
-4.139043331146240234e+00
5.579111099243164062e+00
-3.395686864852905273e+00
-2.960829019546508789e+00
-1.411538004875183105e+00
-1.508478879928588867e+00
2.389144420623779297e+00
-5.626746416091918945e-01
5.159729003906250000e+00
4.174510538578033447e-01
-8.141880631446838379e-01
3.438907146453857422e+00
4.488059520721435547e+00
1.042560577392578125e+00
-4.982413351535797119e-01
1.674149990081787109e+00
-1.342813253402709961e+00
-2.585557937622070312e+00
-1.944743037223815918e+00
-3.908686876296997070e+00
2.465213775634765625e+00
3.294403553009033203e+00
-2.240144729614257812e+00
6.211820840835571289e-01
9.720731973648071289e-01
-1.097888708114624023e+00
1.379378795623779297e+00
-1.897742271423339844e+00
7.214649319648742676e-01
-2.826660633087158203e+00
4.004929542541503906e+00
9.139032959938049316e-01
3.917835712432861328e+00
-9.032973647117614746e-01
-2.858330726623535156e+00
-3.313091397285461426e-01
3.984193801879882812e+00
2.728812932968139648e+00
1.631389260292053223e+00
2.947171330451965332e-01
4.532380580902099609e+00
-1.184793114662170410e+00
5.707221850752830505e-02
4.484656333923339844e+00
-3.653006553649902344e-01
-2.112428903579711914e+00
1.405896991491317749e-01
-3.744457006454467773e+00
1.929263234138488770e+00
1.034830808639526367e+00
5.898861289024353027e-01
1.597993135452270508e+00
-5.789269804954528809e-01
-3.145797848701477051e-01
-2.614383220672607422e+00
7.953568100929260254e-01
-1.804374933242797852e+00
-3.151710033416748047e-01
7.138254046440124512e-01
3.775283575057983398e+00
-1.373613595962524414e+00
-2.698388814926147461e+00
-8.249170780181884766e-01
3.100666761398315430e+00
1.313085675239562988e+00
-6.851243227720260620e-02
-3.081209897994995117e+00
4.165102958679199219e+00
3.271397352218627930e+00
-3.131423950195312500e+00
-2.905144691467285156e+00
-4.622044265270233154e-01
3.782509565353393555e+00
5.221156477928161621e-01
-2.678059339523315430e+00
8.186967968940734863e-01
2.913122892379760742e+00
2.734135150909423828e+00
-4.274104118347167969e+00
4.307331085205078125e+00
-3.297679185867309570e+00
-2.307082891464233398e+00
8.265399932861328125e-01
-8.889296650886535645e-01
2.959224700927734375e+00
-2.613316535949707031e+00
2.333583354949951172e+00
1.353845953941345215e+00
2.944024562835693359e+00
2.738503932952880859e+00
2.931706190109252930e+00
5.774166584014892578e-01
3.346758484840393066e-01
-3.060382604598999023e-01
-5.652781724929809570e-01
-4.717353820800781250e+00
-1.315472483634948730e+00
-1.090963929891586304e-01
-1.207534790039062500e+00
3.967734813690185547e+00
-3.616669416427612305e+00
1.416572213172912598e+00
-4.751349091529846191e-01
2.869651556015014648e+00
1.598363995552062988e+00
-1.665767788887023926e+00
-3.504723608493804932e-01
-1.719104528427124023e+00
2.747811079025268555e+00
-8.781531453132629395e-01
4.539091587066650391e+00
1.056292653083801270e+00
-5.626680374145507812e+00
2.086237668991088867e+00
3.187449693679809570e+00
4.790190696716308594e+00
-1.198820114135742188e+00
1.980808854103088379e+00
1.243713140487670898e+00
-4.980728030204772949e-01
-1.960549801588058472e-01
2.969525575637817383e+00
-9.487857222557067871e-01
-1.754653096199035645e+00
8.439327478408813477e-01
-2.690104007720947266e+00
1.631564974784851074e+00
6.073978543281555176e-01
1.120082139968872070e+00
1.740765452384948730e+00
-7.650251388549804688e-01
6.647986769676208496e-01
-2.260167121887207031e+00
2.054793357849121094e+00
7.386314868927001953e-02
7.510161399841308594e-01
2.299333512783050537e-01
2.905786514282226562e+00
-1.245048165321350098e+00
-3.491900920867919922e+00
-7.323379516601562500e-01
