2.203276395797729492e+00
1.458397507667541504e-01
5.082767486572265625e+00
3.910079240798950195e+00
1.764462709426879883e+00
3.709502458572387695e+00
-9.774945974349975586e-01
1.729418873786926270e+00
5.488765835762023926e-01
9.039105772972106934e-01
-1.783833384513854980e+00
1.582250744104385376e-02
-1.797287940979003906e+00
-4.536934494972229004e-01
-3.562284111976623535e-01
-4.797312021255493164e-01
1.166117072105407715e+00
-4.088917970657348633e-01
1.241422966122627258e-01
1.021470165252685547e+01
1.331124305725097656e+01
1.535851955413818359e+01
1.673266601562500000e+01
1.908100509643554688e+01
2.373334503173828125e+01
1.329723596572875977e+00
3.299561142921447754e-01
-1.235757708549499512e+00
1.511863350868225098e+00
-9.566724300384521484e-01
2.504751920700073242e+00
-7.375895977020263672e-01
2.549822814762592316e-02
8.722952008247375488e-01
-1.817084699869155884e-01
1.797041058540344238e+00
-4.004510343074798584e-01
-2.104185819625854492e+00
7.936801910400390625e-01
-3.923151254653930664e+00
7.029226303100585938e+00
-2.223679780960083008e+00
1.077412605285644531e+01
4.702821075916290283e-01
-3.958979606628417969e+00
1.348221683502197266e+01
5.376393198966979980e-01
3.559517264366149902e-01
-4.971790611743927002e-01
7.953426837921142578e-01
-1.794621646404266357e-01
-3.603035211563110352e-02
6.266207695007324219e-01
-5.810169503092765808e-02
-1.759199611842632294e-02
2.812767028808593750e-01
9.043953418731689453e-01
4.444147944450378418e-01
2.523587942123413086e-01
-4.238846898078918457e-02
8.141631484031677246e-01
-1.313475966453552246e+00
8.758686184883117676e-01
-2.418504714965820312e+00
4.453228414058685303e-02
1.136271119117736816e+00
-1.134063601493835449e+00
-6.349630355834960938e-01
-5.230317711830139160e-01
9.054268002510070801e-01
-7.687160968780517578e-01
7.005528211593627930e-01
-6.615652889013290405e-02
9.583389759063720703e-02
-1.658038347959518433e-01
-3.033106923103332520e-01
3.213742375373840332e-01
-1.032991290092468262e+00
2.342370748519897461e-01
5.793738365173339844e-01
-1.968048065900802612e-01
9.932506084442138672e-01
-1.727259397506713867e+00
2.432403415441513062e-01
-1.566780090332031250e+00
1.969669312238693237e-01
6.358197927474975586e-01
-1.945269584655761719e+00
7.507505826652050018e-03
7.737329695373773575e-03
7.681800983846187592e-03
-6.367729045450687408e-03
-9.942446835339069366e-03
-6.174371112138032913e-03
7.829410023987293243e-03
7.972287945449352264e-03
-5.267972126603126526e-03
6.237720139324665070e-03
-2.402686979621648788e-03
8.211671374738216400e-04
-5.655304063111543655e-03
-5.244642961770296097e-03
-7.768870331346988678e-03
-4.941179882735013962e-03
2.536434913054108620e-03
6.635788828134536743e-03
-4.907131660729646683e-03
-6.893325131386518478e-03
6.281649693846702576e-03
1.131339073181152344e+00
1.050768852233886719e+00
-2.104670524597167969e+00
7.378932833671569824e-01
