1.563706994056701660e+00
-7.629146575927734375e-01
1.201749920845031738e+00
1.530547499656677246e+00
4.053624629974365234e+00
1.119402170181274414e+00
1.888687252998352051e+00
3.065725088119506836e+00
2.000432968139648438e+00
1.899705290794372559e+00
7.457733750343322754e-01
2.052916765213012695e+00
2.131716012954711914e+00
7.758342623710632324e-01
1.739055395126342773e+00
1.404338598251342773e+00
3.841769993305206299e-01
1.002206444740295410e+00
-4.345116019248962402e-02
-1.410252749919891357e-01
6.029863655567169189e-02
5.704463720321655273e-01
-1.297038644552230835e-01
1.019303947687149048e-01
1.840927898883819580e-01
2.124378383159637451e-01
1.628764159977436066e-02
1.055275276303291321e-01
3.243182003498077393e-01
4.014850258827209473e-01
-2.205799147486686707e-02
-8.453127811662852764e-04
-2.611557245254516602e-01
-3.713709115982055664e-01
-1.526556611061096191e-01
-2.151263132691383362e-02
-5.406662821769714355e-02
-1.169587895274162292e-01
-1.255632489919662476e-01
-8.428581058979034424e-02
-9.367576986551284790e-02
-1.281142681837081909e-01
3.942661918699741364e-03
-2.885354124009609222e-02
-1.267978847026824951e-01
-3.309196531772613525e-01
6.473284214735031128e-03
3.824375569820404053e-02
1.300795793533325195e+00
7.150952816009521484e+00
9.268146514892578125e+00
1.095351982116699219e+01
1.316460514068603516e+01
1.381643486022949219e+01
1.400284767150878906e+01
1.541220569610595703e+01
1.483967590332031250e+01
1.662141799926757812e+01
1.923515319824218750e+01
1.785913658142089844e+01
1.903424835205078125e+01
2.452212524414062500e+01
1.947006416320800781e+01
1.991200828552246094e+01
2.483194923400878906e+01
4.833369329571723938e-02
1.064640469849109650e-02
2.724505960941314697e-01
-3.563590943813323975e-01
-1.481482267379760742e+00
7.446221262216567993e-02
-8.558460325002670288e-02
1.186327338218688965e+00
3.716644644737243652e-01
-1.777798056602478027e+00
6.126440167427062988e-01
-1.139015197753906250e+00
9.435027241706848145e-01
5.096198916435241699e-01
6.053792238235473633e-01
-8.475905060768127441e-01
1.218323349952697754e+00
-1.978341192007064819e-01
-1.148185804486274719e-01
-7.990736961364746094e-01
-4.188452959060668945e-01
2.933515608310699463e-01
1.172745943069458008e+00
1.869093775749206543e-01
1.859375536441802979e-01
1.192840263247489929e-01
-3.036149740219116211e-01
-7.906709909439086914e-01
2.991379797458648682e-01
7.489483803510665894e-03
-4.034197330474853516e-01
4.389195144176483154e-01
-2.130114436149597168e-01
4.667510390281677246e-01
-5.849436521530151367e-01
1.599982939660549164e-02
-2.956010103225708008e-01
-1.672505401074886322e-02
6.811629049479961395e-03
3.757095932960510254e-01
5.953231081366539001e-02
1.617965996265411377e-01
-3.508652448654174805e-01
3.890898823738098145e-01
-2.508539915084838867e+00
2.104853391647338867e-01
-1.845171928405761719e+00
-5.545150637626647949e-01
-7.208780199289321899e-02
3.700874447822570801e-01
-3.309634923934936523e-01
2.187107503414154053e-01
-1.642223000526428223e-01
-2.702631056308746338e-01
-1.336753182113170624e-02
-2.703407406806945801e-01
-7.098466902971267700e-02
-7.674837112426757812e-01
3.001072883605957031e+00
8.461584895849227905e-02
-4.835484623908996582e-01
2.647634446620941162e-01
-4.932045936584472656e-03
-2.421842068433761597e-01
-5.690448880195617676e-01
-5.403441786766052246e-01
1.628576397895812988e+00
-8.561251163482666016e-01
2.602532505989074707e-01
-6.869272589683532715e-01
1.772635102272033691e+00
4.792350530624389648e-02
-2.836951911449432373e-01
6.382308900356292725e-02
2.153883129358291626e-01
1.611260920763015747e-01
3.467224305495619774e-03
-1.094570040702819824e+00
-6.796288490295410156e-01
6.722726821899414062e-01
1.768709659576416016e+00
6.935212761163711548e-02
-1.503476798534393311e-01
3.240736201405525208e-02
-1.277301073074340820e+00
-1.064356695860624313e-02
-6.252649426460266113e-02
-3.675571680068969727e-01
6.065119802951812744e-02
-2.439553886651992798e-01
-1.545834988355636597e-01
-8.620613813400268555e-01
-2.438463270664215088e-01
-2.824476361274719238e-01
-3.028374612331390381e-01
-4.261996746063232422e-01
1.690323697403073311e-03
-6.658002734184265137e-02
-1.869184374809265137e-01
-5.203195214271545410e-01
1.959994435310363770e-02
-9.700255990028381348e-01
2.340870499610900879e-01
4.260810017585754395e-01
-2.383475303649902344e-01
5.185993313789367676e-01
-8.860230445861816406e-01
1.214318037033081055e+00
1.179710388183593750e+00
1.710653543472290039e+00
-8.863270878791809082e-01
1.824990510940551758e+00
-1.446639060974121094e+00
1.247273802757263184e+00
4.175167977809906006e-01
7.529419660568237305e-01
-7.510781288146972656e-01
3.542940318584442139e-01
-1.052043661475181580e-01
-1.066472232341766357e-01
1.430700898170471191e+00
-8.118012547492980957e-01
-1.257463812828063965e+00
2.142381668090820312e+00
4.287112057209014893e-01
4.339733719825744629e-01
-1.922644376754760742e+00
-7.328049540519714355e-01
-4.089974761009216309e-01
-1.095030680298805237e-01
-2.366740226745605469e+00
-1.495305061340332031e+00
-1.900053210556507111e-02
2.897467374801635742e+00
-3.469678014516830444e-02
-1.445804238319396973e+00
-1.217572450637817383e+00
1.616706550121307373e-01
-1.447177678346633911e-01
5.722021218389272690e-03
3.526623249053955078e-01
4.723899662494659424e-01
-1.191505324095487595e-02
-9.189206361770629883e-02
2.806131541728973389e-01
-3.540638387203216553e-01
-1.948046535253524780e-01
3.247669637203216553e-01
2.844638526439666748e-01
5.471391677856445312e-01
-4.299497231841087341e-02
1.144379019737243652e+00
3.771531954407691956e-02
1.498608440160751343e-01
-3.111409582197666168e-02
4.383814334869384766e-01
-1.564012616872787476e-01
1.216993574053049088e-02
-2.541841566562652588e-01
4.407608136534690857e-02
1.184860169887542725e-01
-6.456869095563888550e-02
1.245431005954742432e-01
6.786848902702331543e-01
4.838671907782554626e-02
1.198288053274154663e-01
-2.132615745067596436e-01
2.810652554035186768e-01
2.366445511579513550e-01
1.534338891506195068e-01
2.859148941934108734e-02
-2.968595735728740692e-02
3.017200529575347900e-01
-2.946253120899200439e-01
2.570566236972808838e-01
1.083286032080650330e-01
1.544632613658905029e-01
-3.741114735603332520e-01
1.889786869287490845e-01
-3.328712424263358116e-03
7.266483735293149948e-03
3.000373542308807373e-01
6.095938086509704590e-01
2.740702778100967407e-02
1.850877702236175537e-02
1.152846887707710266e-01
9.964209794998168945e-02
1.273247450590133667e-01
6.946358084678649902e-02
9.487114101648330688e-02
-1.560087502002716064e-01
1.244864091277122498e-01
1.452165693044662476e-01
-3.580327928066253662e-01
-7.391672134399414062e-01
2.714273631572723389e-01
2.249120175838470459e-01
-1.477094590663909912e-01
7.110915333032608032e-02
-5.017846822738647461e-02
2.765527963638305664e-01
-4.811311513185501099e-02
-8.859488368034362793e-01
-5.364543944597244263e-02
-2.827966511249542236e-01
-4.757668673992156982e-01
-4.260560870170593262e-01
1.197924613952636719e-01
3.346307948231697083e-02
-2.155004739761352539e-01
8.084818720817565918e-02
7.391598075628280640e-02
-1.430409587919712067e-02
2.839574813842773438e-01
-1.569034010171890259e-01
4.565287232398986816e-01
-1.111036658287048340e+00
1.247008144855499268e-01
1.167861670255661011e-01
5.694266036152839661e-02
2.493973225355148315e-01
1.097893863916397095e-01
1.597802042961120605e-01
1.552800461649894714e-02
6.982267647981643677e-02
5.907321348786354065e-02
-3.057903349399566650e-01
3.839382827281951904e-01
1.517084836959838867e-01
1.706022582948207855e-02
5.912845954298973083e-02
1.160671338438987732e-01
1.068674176931381226e-01
2.266031205654144287e-01
1.395413577556610107e-01
2.549297921359539032e-02
1.933326721191406250e-01
4.566661268472671509e-02
5.483309924602508545e-02
-2.461031824350357056e-01
1.867871731519699097e-01
3.135217726230621338e-01
-7.600056007504463196e-03
-2.853750586509704590e-01
3.350170552730560303e-01
2.860568277537822723e-02
2.978242337703704834e-01
-1.582648605108261108e-01
-1.012436952441930771e-02
-7.940668463706970215e-01
3.256595134735107422e-01
-3.835256397724151611e-01
4.137203097343444824e-01
4.806616157293319702e-02
-5.185503885149955750e-02
8.567120879888534546e-02
-4.925182163715362549e-01
7.932733297348022461e-01
6.881158947944641113e-01
-4.716256558895111084e-01
-6.643722057342529297e-01
1.395056545734405518e-01
1.361335992813110352e+00
-5.289674997329711914e-01
-2.478024363517761230e-01
-3.357543796300888062e-02
1.302042365074157715e+00
1.692123264074325562e-01
4.318946003913879395e-01
1.325894236564636230e+00
3.355291485786437988e-01
1.013347864151000977e+00
2.981354892253875732e-01
-7.902919501066207886e-02
-3.655764460563659668e-02
3.026270493865013123e-02
1.435328722000122070e-01
-1.254912912845611572e-01
6.023057550191879272e-02
8.454322069883346558e-02
1.995708942413330078e-01
3.548844754695892334e-01
9.804221242666244507e-02
-7.183860521763563156e-03
2.493695169687271118e-02
1.004006639122962952e-01
8.377825468778610229e-02
1.772923767566680908e-01
-4.226106703281402588e-01
-2.221447825431823730e-01
7.112313061952590942e-02
-1.903020590543746948e-01
5.398559151217341423e-04
-5.915807560086250305e-02
-8.735211938619613647e-02
5.767681077122688293e-02
-1.990730464458465576e-01
7.244124263525009155e-02
1.061692684888839722e-01
-9.141474030911922455e-03
1.245965510606765747e-01
-6.938235461711883545e-02
-3.276107609272003174e-01
-2.552171647548675537e-01
-1.465448141098022461e-01
-3.423790931701660156e-01
3.562368452548980713e-01
-1.158404350280761719e-01
-8.889633417129516602e-02
-2.236936539411544800e-01
-2.898820340633392334e-01
-1.372900139540433884e-02
8.615610748529434204e-02
-1.220988668501377106e-02
-1.293738335371017456e-01
-8.826018124818801880e-02
2.059943415224552155e-02
1.428680587559938431e-02
1.877382099628448486e-01
1.313353478908538818e-01
-2.961769327521324158e-02
-1.531251072883605957e-01
1.429173946380615234e-01
-1.962273269891738892e-01
1.042747963219881058e-02
1.088822260499000549e-01
8.322255685925483704e-03
3.044261829927563667e-03
-1.987735554575920105e-02
2.854864001274108887e-01
-7.818232178688049316e-01
2.372877858579158783e-02
8.717788010835647583e-02
-3.424999713897705078e-01
1.071129664778709412e-01
-5.323747545480728149e-02
-1.013179346919059753e-01
8.067301660776138306e-02
4.455148279666900635e-01
-9.557885676622390747e-02
-9.387722611427307129e-02
-5.599688291549682617e-01
-4.906224906444549561e-01
-9.973327629268169403e-03
1.864200681447982788e-01
-9.148959070444107056e-02
-3.128849267959594727e-01
-5.467564333230257034e-03
1.902013272047042847e-01
7.676853984594345093e-02
6.407218426465988159e-02
3.072454035282135010e-02
2.028738409280776978e-01
1.134353354573249817e-01
5.893151275813579559e-03
-3.372093662619590759e-02
2.117242813110351562e-01
1.114688739180564880e-01
5.357477813959121704e-02
1.990719437599182129e-01
-3.684068843722343445e-02
2.510893531143665314e-02
1.297228634357452393e-01
1.453096717596054077e-01
1.350731849670410156e-01
7.232788950204849243e-02
-6.492095068097114563e-03
-7.978738285601139069e-03
7.920577377080917358e-02
4.651528224349021912e-02
3.355186432600021362e-02
-1.412635203450918198e-02
-5.931722372770309448e-02
7.187535166740417480e-01
-2.877776622772216797e-01
-2.897155880928039551e-01
2.420191764831542969e-01
3.327692151069641113e-01
1.145763397216796875e-01
-2.903104126453399658e-01
-1.161334276199340820e+00
-6.564205884933471680e-01
6.549277901649475098e-01
-2.214460819959640503e-02
-3.414599895477294922e-01
-2.342872321605682373e-01
-9.625935554504394531e-02
2.205393165349960327e-01
4.256056621670722961e-02
-2.072884701192378998e-02
-2.168039381504058838e-01
2.801434993743896484e-01
-5.210162401199340820e-01
2.080264389514923096e-01
3.996630012989044189e-01
-1.407572627067565918e-01
-5.452564358711242676e-01
2.627349495887756348e-01
4.105289280414581299e-01
-1.257899999618530273e-01
4.374687075614929199e-01
1.002127770334482193e-02
9.313081949949264526e-02
7.637806534767150879e-01
-1.035367697477340698e-01
-4.297887682914733887e-01
-1.402697712182998657e-01
5.698891282081604004e-01
-3.078488633036613464e-03
-2.478675916790962219e-03
-5.103972507640719414e-04
4.934557713568210602e-03
-4.554453305900096893e-03
8.846916258335113525e-03
-5.696080625057220459e-04
-5.339532624930143356e-03
6.309202872216701508e-03
-7.717668544501066208e-03
-3.359117545187473297e-03
-8.303583599627017975e-03
-2.198203146690502763e-04
-9.034256450831890106e-03
2.268365118652582169e-03
8.667182177305221558e-03
-1.143746892921626568e-03
4.901430569589138031e-03
3.728518960997462273e-03
8.620246313512325287e-03
-2.114196075126528740e-03
8.786694961600005627e-04
1.987417694181203842e-03
-6.735650822520256042e-03
-8.076935075223445892e-03
4.164692480117082596e-03
4.662202671170234680e-03
-2.998267300426959991e-03
8.293088525533676147e-03
-5.611045751720666885e-03
-9.312057867646217346e-03
2.359929960221052170e-03
8.917218074202537537e-03
6.975411903113126755e-03
7.285067345947027206e-03
6.021531764417886734e-03
9.887591935694217682e-03
-7.646973710507154465e-03
9.892820380628108978e-03
7.499890401959419250e-03
1.616446184925734997e-03
9.905233047902584076e-03
-8.987163193523883820e-03
-6.408272311091423035e-03
1.340416376478970051e-03
-2.875944366678595543e-03
-4.895081277936697006e-03
5.922988057136535645e-03
3.257371019572019577e-03
-8.086976013146340847e-04
3.304855665192008018e-03
6.280983798205852509e-03
-3.806125605478882790e-03
4.117472562938928604e-03
-5.474330391734838486e-03
-1.641014125198125839e-03
-5.464398302137851715e-03
7.275383919477462769e-03
3.876253729686141014e-03
3.683069488033652306e-03
-7.556550204753875732e-03
4.208152648061513901e-03
-3.018151270225644112e-03
7.061653304845094681e-04
-1.554782735183835030e-03
-1.289626117795705795e-03
-9.418254718184471130e-03
1.962560694664716721e-03
9.890619665384292603e-03
-3.577203955501317978e-03
8.647755719721317291e-03
6.875514052808284760e-03
-3.742833854630589485e-03
-5.689096637070178986e-03
-7.437000167556107044e-04
-1.579717732965946198e-03
-7.843197323381900787e-03
2.711484441533684731e-03
-4.942309577018022537e-03
-3.632692387327551842e-03
-8.208942599594593048e-03
-9.635210037231445312e-03
-9.466870687901973724e-03
6.427370477467775345e-03
4.852058365941047668e-03
8.477262221276760101e-03
-5.774535704404115677e-03
6.779226008802652359e-03
1.442330772988498211e-03
-8.896749466657638550e-03
3.342681797221302986e-03
-6.125857471488416195e-04
-8.914948441088199615e-03
5.033400841057300568e-03
-7.871170528233051300e-03
-9.001133963465690613e-03
-2.078522520605474710e-04
8.988814428448677063e-03
-9.096787311136722565e-03
-7.274900097399950027e-03
-3.372014733031392097e-03
3.485848894342780113e-03
6.594844162464141846e-03
-4.309999756515026093e-03
2.987012732774019241e-03
6.483033299446105957e-03
-7.142905145883560181e-03
3.957952838391065598e-03
-2.533988736104220152e-04
-3.322411095723509789e-03
-7.400768809020519257e-04
-4.303913563489913940e-03
-4.973390139639377594e-03
7.310623768717050552e-03
2.519869245588779449e-03
5.582830868661403656e-03
4.985528532415628433e-03
-8.581586880609393120e-04
1.168713555671274662e-03
-5.107097793370485306e-03
-4.594843368977308273e-03
-5.128121469169855118e-03
-4.386360291391611099e-03
9.158958680927753448e-03
7.183920126408338547e-03
8.531426079571247101e-03
1.600298797711730003e-03
9.915869683027267456e-03
3.512513358145952225e-03
8.398945443332195282e-03
-4.936042707413434982e-03
1.205179840326309204e-03
-4.106828477233648300e-03
7.599767297506332397e-03
-1.111514749936759472e-03
9.429985657334327698e-03
1.269655227661132812e+00
6.249158978462219238e-01
-1.356279969215393066e+00
5.554870963096618652e-01
