1.544391822814941406e+01
1.132847690582275391e+01
1.569316291809082031e+01
9.086404800415039062e+00
1.470528030395507812e+01
1.894347572326660156e+01
1.630105400085449219e+01
5.053697586059570312e+00
1.741917419433593750e+01
1.558860778808593750e+01
1.229304122924804688e+01
6.547886848449707031e+00
7.812168121337890625e+00
-6.500368595123291016e+00
4.212586879730224609e+00
-6.673152923583984375e+00
-5.614172816276550293e-01
-2.518378257751464844e+00
-5.028854370117187500e+00
6.760417938232421875e+00
-2.116132020950317383e+00
7.698186874389648438e+00
4.213208198547363281e+00
9.601325988769531250e+00
-6.138543605804443359e+00
-1.637442350387573242e+00
-3.153444290161132812e+00
-5.085862159729003906e+00
6.266681194305419922e+00
-1.314798235893249512e+00
3.658961534500122070e+00
-4.792025566101074219e+00
1.713957548141479492e+00
-6.783053874969482422e+00
7.281432151794433594e-01
5.405127525329589844e+00
6.120983600616455078e+00
-5.863791942596435547e+00
5.745678424835205078e+00
-4.011991024017333984e+00
1.677293658256530762e+00
4.912058353424072266e+00
7.169964313507080078e+00
6.976059913635253906e+00
-6.155189990997314453e+00
2.898101568222045898e+00
-3.911203622817993164e+00
5.625867366790771484e+00
-7.402249813079833984e+00
3.486620664596557617e+00
6.497664451599121094e+00
8.484174728393554688e+00
-2.321770191192626953e+00
3.594959497451782227e+00
-3.116676330566406250e+00
1.254788112640380859e+01
3.604308605194091797e+00
-3.801980018615722656e-01
-5.927265644073486328e+00
-9.718204498291015625e+00
7.178556442260742188e+00
-9.253689765930175781e+00
-4.726305007934570312e+00
5.486883640289306641e+00
-1.869178652763366699e+00
3.764064788818359375e+00
4.808900833129882812e+00
1.110241174697875977e+00
-4.365372657775878906e+00
9.557322502136230469e+00
-3.837261438369750977e+00
3.754539012908935547e+00
3.350405395030975342e-01
4.469278812408447266e+00
2.436965227127075195e+00
-3.704253673553466797e+00
3.388465166091918945e+00
-8.702541351318359375e+00
-4.935437142848968506e-01
-2.092034339904785156e+00
-2.610810756683349609e+00
-4.992121219635009766e+00
3.179785251617431641e+00
-7.275087237358093262e-01
3.742691040039062500e+00
2.560421228408813477e+00
-1.354256868362426758e+00
-3.944333195686340332e-01
-3.864897012710571289e+00
-2.170364141464233398e+00
-3.501649856567382812e+00
2.895972728729248047e-01
4.583853721618652344e+00
5.459430694580078125e+00
4.893819808959960938e+00
-1.184997558593750000e+00
-6.315952777862548828e+00
2.201097965240478516e+00
-2.073207855224609375e+00
4.265000343322753906e+00
3.444474220275878906e+00
2.990898847579956055e+00
2.722105741500854492e+00
3.080697774887084961e+00
-1.400561332702636719e+00
1.278320193290710449e+00
-4.412281513214111328e+00
-4.034308433532714844e+00
4.476780891418457031e+00
-2.835784673690795898e+00
-1.658660054206848145e+00
5.155106067657470703e+00
1.426387429237365723e-01
-1.058626100420951843e-01
8.017652511596679688e+00
-1.716945767402648926e+00
1.736638903617858887e+00
-5.859761714935302734e+00
9.142407178878784180e-01
-1.345607042312622070e+00
4.950529932975769043e-01
-5.275443792343139648e-01
-3.908005058765411377e-01
6.665927916765213013e-02
4.506012439727783203e+00
3.113614082336425781e+00
-8.616073727607727051e-01
-1.040600895881652832e+00
1.391065120697021484e+00
5.125473499298095703e+00
-3.905399739742279053e-01
-1.850351214408874512e+00
-2.117575407028198242e+00
-5.495726466178894043e-01
1.533003807067871094e+00
1.194725751876831055e+00
1.916815519332885742e+00
-3.933481454849243164e+00
-2.148816347122192383e+00
-3.158361911773681641e-01
-3.302887201309204102e+00
-1.056756824254989624e-01
6.952285766601562500e+00
-1.718703746795654297e+00
-3.325732946395874023e+00
9.668821692466735840e-01
1.216191411018371582e+00
3.266746401786804199e-01
-6.497995853424072266e-01
3.142765760421752930e+00
6.348053932189941406e+00
-2.690814256668090820e+00
1.218362569808959961e+00
-4.325853347778320312e+00
-5.102236747741699219e+00
1.612714648246765137e+00
-2.871408164501190186e-01
8.175844326615333557e-03
-4.759997725486755371e-01
-4.350733458995819092e-01
-5.903216600418090820e-01
2.662066936492919922e+00
4.790050029754638672e+00
-1.317444086074829102e+00
-7.850276827812194824e-01
-7.778439521789550781e-01
2.040942192077636719e+00
-1.306487083435058594e+00
1.939738512039184570e+00
3.565739870071411133e+00
4.082953035831451416e-01
-1.111576557159423828e+00
1.590056777000427246e+00
1.339690804481506348e+00
3.397685766220092773e+00
1.705084800720214844e+00
-2.638597190380096436e-01
4.464885294437408447e-01
1.510532259941101074e+00
-9.146063327789306641e-01
4.650790214538574219e+00
-4.207395315170288086e-01
1.111004829406738281e+00
-1.952597022056579590e+00
2.200344800949096680e+00
-1.272102832794189453e+00
-7.879654765129089355e-01
-2.291577339172363281e+00
3.507811427116394043e-01
-1.502716064453125000e+00
4.507871627807617188e+00
-4.724292457103729248e-01
-2.877776324748992920e-01
-7.376782298088073730e-01
1.812948584556579590e-01
2.174705982208251953e+00
2.126595497131347656e+00
-7.153823375701904297e-01
2.729967594146728516e+00
1.022070884704589844e+00
-9.728087782859802246e-01
-2.084104776382446289e+00
2.501061677932739258e+00
1.860797405242919922e+00
2.336078643798828125e+00
-1.243896842002868652e+00
1.201895117759704590e+00
4.088411927223205566e-01
-1.776452779769897461e+00
2.328418016433715820e+00
