1.701132059097290039e+00
1.609658002853393555e+00
4.474774837493896484e+00
1.201141953468322754e+00
2.205694675445556641e+00
3.389081239700317383e+00
2.191577672958374023e+00
2.187770128250122070e+00
7.675283551216125488e-01
2.539775609970092773e+00
2.137286901473999023e+00
-4.533230364322662354e-01
-3.629110753536224365e-01
2.013174057006835938e+00
9.151261448860168457e-01
2.927308976650238037e-01
-4.966180324554443359e-01
-4.530167877674102783e-01
-4.333426654338836670e-01
-1.884332150220870972e-01
-2.194257229566574097e-01
-4.070847332477569580e-01
3.830520063638687134e-02
-3.113872408866882324e-01
-2.909735441207885742e-01
-2.453400008380413055e-02
-1.767238676548004150e-01
-2.935609817504882812e-01
1.677740365266799927e-01
2.166460156440734863e-01
-3.264688253402709961e-01
1.010377311706542969e+01
1.324139976501464844e+01
1.354536914825439453e+01
1.472037696838378906e+01
1.546952438354492188e+01
1.731501579284667969e+01
1.883007621765136719e+01
2.016433906555175781e+01
1.938465881347656250e+01
2.456163024902343750e+01
1.464919090270996094e+00
-2.494089454412460327e-01
-3.535330593585968018e-01
1.246415972709655762e+00
-3.363624587655067444e-02
-1.055080533027648926e+00
-3.289307653903961182e-01
-8.905693292617797852e-01
-8.049975633621215820e-01
-2.059924840927124023e+00
-3.395769000053405762e-02
-1.447610735893249512e+00
5.273485183715820312e-02
-1.588665544986724854e-01
1.405316591262817383e-01
7.477349638938903809e-01
-2.405942082405090332e-01
-8.678485751152038574e-01
-1.694491982460021973e+00
1.678846240043640137e+00
2.630010843276977539e-01
2.026995122432708740e-01
6.850007921457290649e-02
-1.370377540588378906e+00
-2.749390304088592529e-01
7.459952831268310547e-01
3.103272199630737305e+00
6.560288071632385254e-01
-7.616035938262939453e-01
-8.471323251724243164e-01
7.577336430549621582e-01
-1.449973225593566895e+00
-1.410913188010454178e-02
3.614022731781005859e+00
3.706250786781311035e-01
2.885461151599884033e-01
-6.293615102767944336e-01
-5.767115354537963867e-01
-2.578490041196346283e-02
1.412988305091857910e-01
5.711488127708435059e-01
1.393260121345520020e+00
7.834305167198181152e-01
-1.241784214973449707e+00
-1.611543774604797363e+00
-3.159585952758789062e+00
-5.700992941856384277e-01
2.726261138916015625e+00
-1.088641405105590820e+00
1.996802687644958496e+00
1.183208346366882324e+00
-2.587063074111938477e+00
-2.455425739288330078e+00
-2.108377814292907715e-01
5.323782190680503845e-02
4.321804046630859375e-01
-3.319514915347099304e-02
-3.441137447953224182e-02
1.803573668003082275e-01
-3.035351634025573730e-01
8.753478527069091797e-02
5.111168026924133301e-01
-5.772917270660400391e-01
7.463890314102172852e-02
4.429387673735618591e-02
1.639640182256698608e-01
9.190384149551391602e-01
-1.763985306024551392e-01
2.164411842823028564e-01
3.065082728862762451e-01
1.373756229877471924e-01
4.073460102081298828e-01
-1.165707129985094070e-02
-4.509641528129577637e-01
-1.979223728179931641e+00
4.703751504421234131e-01
-1.772913336753845215e-01
7.026305049657821655e-02
3.101307153701782227e-01
-9.704802036285400391e-01
-4.077278673648834229e-01
-6.064581274986267090e-01
1.006083726882934570e+00
2.646533027291297913e-02
4.803401976823806763e-02
5.112929940223693848e-01
1.320912223309278488e-02
-2.633686661720275879e-01
6.637178063392639160e-01
6.562168598175048828e-01
7.429757714271545410e-02
2.763588167726993561e-02
-1.845146119594573975e-01
-2.999252080917358398e-01
4.371168911457061768e-01
3.927296400070190430e-01
-3.204325139522552490e-01
1.206681847572326660e+00
4.040150344371795654e-01
7.902898788452148438e-01
1.038695096969604492e+00
-6.762874722480773926e-01
-2.834069430828094482e-01
-2.561272382736206055e-01
1.859689474105834961e+00
-2.319777607917785645e-01
-8.028507828712463379e-01
8.413798809051513672e-01
-7.778390645980834961e-01
8.399020433425903320e-01
-8.690707683563232422e-01
-2.049895375967025757e-01
2.141534537076950073e-01
-1.329701989889144897e-01
1.920094788074493408e-01
2.349211871623992920e-01
1.269811838865280151e-01
7.771570235490798950e-02
-1.238278076052665710e-01
7.282816171646118164e-01
1.461474448442459106e-01
6.977614481002092361e-03
-1.054304093122482300e-01
-1.297470629215240479e-01
-1.607175543904304504e-02
-1.309365183115005493e-01
-1.324088778346776962e-03
-1.227191761136054993e-01
4.241459965705871582e-01
5.416132807731628418e-01
-3.204348087310791016e-01
1.964498870074748993e-02
-2.403250634670257568e-01
3.982539772987365723e-01
1.029107213020324707e+00
4.301038682460784912e-01
4.683935642242431641e-01
-7.993453741073608398e-01
2.788459658622741699e-01
4.434984326362609863e-01
-5.723114609718322754e-01
2.746824324131011963e-01
1.716441661119461060e-01
-8.501283526420593262e-01
-4.052377045154571533e-01
1.859054863452911377e-01
1.655453592538833618e-01
-9.246244095265865326e-03
4.753205180168151855e-02
-3.191432058811187744e-01
-2.756288945674896240e-01
-3.144763708114624023e-01
-6.085935831069946289e-01
4.550732970237731934e-01
4.681643545627593994e-01
7.770203948020935059e-01
-5.391094088554382324e-01
-5.975868701934814453e-01
3.015531599521636963e-01
-1.771212935447692871e+00
7.425135374069213867e-01
8.871552944183349609e-01
1.462201923131942749e-01
-1.506257709115743637e-02
6.329543590545654297e-01
9.319474920630455017e-03
8.806094527244567871e-03
-2.942007849924266338e-04
3.670149249956011772e-03
6.486147642135620117e-03
8.406380191445350647e-03
-4.513624589890241623e-03
6.682148203253746033e-03
1.727539696730673313e-03
-7.088607177138328552e-03
4.703006707131862640e-03
-2.098412718623876572e-03
9.012452326714992523e-03
-5.785471294075250626e-03
-1.984848931897431612e-04
1.646283431909978390e-03
-6.918420549482107162e-04
3.450906835496425629e-03
5.862873047590255737e-03
-1.595260691829025745e-03
8.879742585122585297e-03
-3.792807227000594139e-03
-3.782646032050251961e-03
-5.518986843526363373e-03
-4.346533212810754776e-03
-6.722558289766311646e-03
-2.976887160912156105e-03
-2.291645854711532593e-03
-4.699728917330503464e-03
-6.881931796669960022e-03
4.395777359604835510e-03
-2.945655724033713341e-03
-2.947938861325383186e-03
9.607298299670219421e-03
-9.118870832026004791e-03
-2.295652637258172035e-03
3.021207870915532112e-03
1.484544918639585376e-04
-1.979590393602848053e-03
-1.855389447882771492e-03
-4.747496568597853184e-04
6.067943293601274490e-03
-6.126792170107364655e-03
-1.515043200924992561e-03
1.936881453730165958e-03
-3.484069602563977242e-03
5.811479873955249786e-03
-2.606813097372651100e-03
-9.055231697857379913e-03
6.037608254700899124e-03
-6.866334937512874603e-03
-1.662473077885806561e-03
-6.161172874271869659e-03
9.010640904307365417e-03
-7.982195354998111725e-03
1.065856218338012695e+00
9.084079265594482422e-01
-1.592436790466308594e+00
5.732488632202148438e-01
