2.178863048553466797e+00
-1.097555041313171387e+00
8.279719352722167969e-01
4.991197109222412109e+00
3.255141019821166992e+00
2.407325267791748047e+00
2.055358648300170898e+00
2.481531381607055664e+00
2.513022661209106445e+00
-4.334084987640380859e-01
-2.237859666347503662e-01
8.657104372978210449e-01
-1.202904224395751953e+00
3.816670775413513184e-01
4.165787100791931152e-01
8.615794777870178223e-01
-7.287869453430175781e-01
-1.468385159969329834e-01
2.145869582891464233e-01
1.425466895103454590e+00
1.458822011947631836e+00
-6.597428321838378906e-01
-2.589408457279205322e-01
-2.083941102027893066e-01
-1.385266426950693130e-02
-2.238535284996032715e-01
-8.829979598522186279e-02
-3.136795759201049805e-01
-7.149394601583480835e-02
-3.452484309673309326e-01
-7.659236788749694824e-01
9.971993446350097656e+00
1.044976329803466797e+01
1.328872299194335938e+01
1.536775112152099609e+01
1.519857978820800781e+01
1.736220359802246094e+01
1.906944656372070312e+01
1.922877693176269531e+01
2.235543251037597656e+01
2.237230682373046875e+01
-2.926096022129058838e-01
6.587589383125305176e-01
-1.731262803077697754e-01
9.838413596153259277e-01
1.345297455787658691e+00
-2.038407087326049805e+00
-2.664708137512207031e+00
-4.060063958168029785e-01
1.313228964805603027e+00
1.002597093582153320e+00
1.275530755519866943e-01
-8.137294650077819824e-01
1.553936004638671875e-01
-1.564470231533050537e-01
1.238031744956970215e+00
-1.607524007558822632e-01
-2.354841947555541992e+00
-1.806577682495117188e+00
7.535634636878967285e-01
-8.025733828544616699e-01
-5.164704322814941406e-01
1.357654482126235962e-01
1.186278462409973145e+00
-3.192473351955413818e-01
2.451997846364974976e-01
4.532942473888397217e-01
-8.215910196304321289e-01
3.275878429412841797e+00
-5.700456142425537109e+00
-4.048505306243896484e+00
2.752551555633544922e+00
-2.580965757369995117e+00
1.977325797080993652e+00
5.519538402557373047e+00
7.394797801971435547e+00
6.180274963378906250e+00
-4.458802700042724609e+00
1.027248501777648926e+00
-3.082437753677368164e+00
-4.754128932952880859e+00
2.828155040740966797e+00
-3.619878530502319336e+00
3.634016752243041992e+00
-7.560252547264099121e-01
-5.367509365081787109e+00
2.127826690673828125e+00
-1.143979072570800781e+00
7.692220807075500488e-01
2.264939546585083008e+00
7.702872753143310547e-01
-1.230670418590307236e-02
-4.642837047576904297e+00
3.994140625000000000e+00
3.493294715881347656e+00
7.635912895202636719e+00
1.038613766431808472e-01
3.088032081723213196e-02
-1.574858576059341431e-01
-1.737676560878753662e-01
-5.116589069366455078e-01
2.504582405090332031e-01
1.601344197988510132e-01
-4.203272163867950439e-01
6.249814629554748535e-01
2.780196070671081543e-01
1.334239989519119263e-01
-1.713528484106063843e-01
3.645200729370117188e-01
-2.413703203201293945e-01
-2.482404410839080811e-01
8.613890409469604492e-02
6.489061713218688965e-01
3.769221901893615723e-02
-8.745223283767700195e-01
3.049732148647308350e-01
-1.226754300296306610e-02
-1.764580309391021729e-01
-9.955585002899169922e-02
3.750373795628547668e-02
5.910242795944213867e-01
-3.132613301277160645e-01
2.918955311179161072e-02
-4.967294931411743164e-01
1.654408812522888184e+00
1.018051624298095703e+00
-5.733041763305664062e-01
1.965042501688003540e-01
4.975728094577789307e-01
-2.402397871017456055e+00
-1.817884087562561035e+00
-2.263900756835937500e+00
2.162598133087158203e+00
-5.160045996308326721e-02
1.456397324800491333e-01
3.236271619796752930e+00
-2.081691473722457886e-01
4.139470756053924561e-01
-2.314619570970535278e-01
-9.194783568382263184e-01
7.926499843597412109e-01
1.067665964365005493e-01
-2.917483747005462646e-01
1.981135010719299316e-01
-1.179963469505310059e+00
1.600793004035949707e-01
-6.193243861198425293e-01
1.687633037567138672e+00
2.395976543426513672e+00
-2.957029044628143311e-01
-3.311206340789794922e+00
3.397229313850402832e-01
-3.693793416023254395e-01
-1.237581148743629456e-01
-2.094305902719497681e-01
-3.631399944424629211e-02
6.738604307174682617e-01
8.056120872497558594e-01
1.133077815175056458e-01
-4.708289802074432373e-01
-4.754664003849029541e-01
8.154231309890747070e-02
1.704557836055755615e-01
-2.376874834299087524e-01
-4.435553401708602905e-02
-8.756421208381652832e-01
-2.464701533317565918e-01
1.257860779762268066e+00
5.569648742675781250e-01
-3.013975024223327637e-01
4.180577099323272705e-01
5.134505778551101685e-02
2.409543842077255249e-03
-1.141488105058670044e-01
3.658029437065124512e-01
-2.279056906700134277e-01
-2.237161546945571899e-01
4.246138930320739746e-01
-8.100280165672302246e-01
1.286156773567199707e+00
1.081406831741333008e+00
-1.365697830915451050e-01
6.232642531394958496e-01
9.011781960725784302e-02
-1.213266372680664062e+00
-1.579195380210876465e+00
-5.998128056526184082e-01
-3.009763956069946289e-01
-5.723686218261718750e-01
-1.017343640327453613e+00
4.387830197811126709e-01
-9.346558451652526855e-01
1.296048045158386230e+00
-1.334799528121948242e+00
7.212114930152893066e-01
2.139332532882690430e+00
-1.549886167049407959e-01
4.284399151802062988e-01
-4.999427497386932373e-02
-1.472446024417877197e-01
2.052585780620574951e-01
-2.738054394721984863e-01
4.717701971530914307e-01
-3.433151245117187500e+00
-3.653299212455749512e-01
-2.374070882797241211e+00
-8.242861367762088776e-03
1.451081152481492609e-05
4.720405209809541702e-03
5.257714539766311646e-03
-2.938366727903485298e-03
8.144075050950050354e-03
3.893355606123805046e-03
-9.642736986279487610e-03
9.650940075516700745e-03
-9.909052401781082153e-03
-2.555587561801075935e-03
-1.034728134982287884e-03
2.731065265834331512e-03
4.211948718875646591e-03
-9.419549256563186646e-03
6.880697794258594513e-03
7.840807549655437469e-03
-7.739228196442127228e-03
-2.652853494510054588e-03
-5.750438664108514786e-03
6.167462561279535294e-03
3.653799183666706085e-03
5.149205680936574936e-03
-9.558829478919506073e-03
3.958723507821559906e-03
-9.541160427033901215e-03
-4.424992017447948456e-03
8.920884691178798676e-03
2.923039020970463753e-03
-5.674409214407205582e-03
-3.848214400932192802e-03
-1.580696087330579758e-03
-5.764939822256565094e-03
-3.012252971529960632e-03
-2.447728533297777176e-03
-9.676049463450908661e-03
5.380006972700357437e-03
5.996659398078918457e-03
-7.243398576974868774e-03
-8.625289774499833584e-04
3.216722747310996056e-03
-3.551740199327468872e-03
9.044921025633811951e-03
3.316775429993867874e-03
-6.973182782530784607e-03
3.324142890051007271e-03
-8.887598291039466858e-03
-9.169417433440685272e-03
-5.914863198995590210e-03
5.948037840425968170e-03
-1.943971728906035423e-03
-2.906945999711751938e-03
-1.838869182392954826e-03
6.623114924877882004e-03
5.956714041531085968e-03
6.755083203315734863e-01
8.788314461708068848e-01
-2.055768728256225586e+00
6.599394679069519043e-01
