2.189930915832519531e+00
5.076949596405029297e+00
4.017856597900390625e+00
1.665691375732421875e+00
3.622952222824096680e+00
1.494505405426025391e+00
4.004981815814971924e-01
8.474349975585937500e-01
-1.931257963180541992e+00
3.462228551506996155e-02
1.999564170837402344e+00
-3.179709613323211670e-01
1.293829530477523804e-01
1.437125205993652344e-01
-2.296356856822967529e-01
-1.274262905120849609e+00
1.330550765991210938e+01
1.535098934173583984e+01
1.716593933105468750e+01
1.901430320739746094e+01
2.127428054809570312e+01
-6.892958283424377441e-01
-2.411416545510292053e-02
1.108291029930114746e+00
-5.568721890449523926e-01
-7.922173738479614258e-01
-4.361077547073364258e-01
-1.157866954803466797e+00
2.238608896732330322e-01
2.551924705505371094e+00
3.307702779769897461e+00
-6.910917758941650391e-01
-4.375364780426025391e+00
2.153797000646591187e-01
5.340029597282409668e-01
6.712117671966552734e+00
6.071885228157043457e-01
-5.527156963944435120e-02
1.406429052352905273e+00
-4.367039501667022705e-01
-5.249311923980712891e-01
1.773407340049743652e+00
-8.259277939796447754e-01
9.291482716798782349e-02
1.872082233428955078e+00
-7.249854803085327148e-01
9.405109286308288574e-01
8.745818398892879486e-03
2.906591892242431641e-01
-9.048566222190856934e-01
-8.042746037244796753e-02
1.143643781542778015e-01
-1.749608665704727173e-01
-1.492948293685913086e+00
9.476907849311828613e-01
9.596716761589050293e-01
-1.082053303718566895e+00
1.595538139343261719e+00
-2.970670759677886963e-01
-1.584320545196533203e+00
-3.299428224563598633e-01
-4.737779498100280762e-01
1.447517395019531250e+00
1.199808791279792786e-01
3.273937702178955078e-01
-7.709869742393493652e-01
8.146384730935096741e-03
4.267712589353322983e-03
-6.318093743175268173e-03
-1.475733937695622444e-03
-7.560865487903356552e-03
3.319651004858314991e-04
-9.391013532876968384e-03
-5.057780072093009949e-03
-5.961969029158353806e-03
-3.549645887687802315e-03
-4.824510309845209122e-03
-3.508135210722684860e-03
1.312942244112491608e-03
5.489197093993425369e-03
7.603812497109174728e-03
5.219018459320068359e-01
1.106905102729797363e+00
-2.234103918075561523e+00
7.699780464172363281e-01
