1.698306441307067871e+00
-1.545895457267761230e+00
1.962338387966156006e-01
4.250483512878417969e+00
2.274404287338256836e+00
3.364485502243041992e+00
2.061066865921020508e+00
1.436126470565795898e+00
2.349868535995483398e+00
7.047475576400756836e-01
3.317184209823608398e+00
1.569560617208480835e-01
4.057329595088958740e-01
2.658188045024871826e-01
-9.335181713104248047e-01
-1.905515313148498535e+00
-3.149376511573791504e-01
5.376796722412109375e-01
3.151496350765228271e-01
-2.175640910863876343e-01
-4.339962601661682129e-01
-2.941300868988037109e-01
4.102719128131866455e-01
3.318445980548858643e-01
-8.249973058700561523e-01
1.692321062088012695e+00
1.347023844718933105e+00
5.215234160423278809e-01
-1.849206979386508465e-03
1.874912902712821960e-02
-6.201247498393058777e-02
-2.200736254453659058e-01
-1.577607095241546631e-01
2.055935114622116089e-01
2.152604758739471436e-01
-9.396358579397201538e-02
-2.545009553432464600e-01
8.766725063323974609e-01
-1.522035570815205574e-03
6.434268951416015625e-01
1.020461750030517578e+01
9.475456237792968750e+00
1.312046146392822266e+01
1.347685050964355469e+01
1.555831241607666016e+01
1.466670799255371094e+01
1.501211929321289062e+01
1.758135032653808594e+01
2.167908668518066406e+01
1.923443412780761719e+01
2.202936553955078125e+01
2.173372650146484375e+01
2.784089088439941406e+01
1.228746294975280762e+00
7.674698829650878906e-01
-3.923534452915191650e-01
2.275449186563491821e-01
-1.150941133499145508e+00
2.686354637145996094e+00
-1.486585021018981934e+00
1.019866108894348145e+00
-1.644748151302337646e-01
-1.150739312171936035e+00
-9.610073566436767578e-01
-1.244153618812561035e+00
-1.358627676963806152e+00
5.748600959777832031e-01
-5.552550554275512695e-01
2.129980087280273438e+00
1.171024918556213379e+00
-1.983472704887390137e+00
-3.985850095748901367e+00
1.186984181404113770e+00
8.555125445127487183e-02
-1.320801973342895508e+00
-2.525379180908203125e+00
-6.327438831329345703e+00
-1.101516842842102051e+00
-1.614579558372497559e+00
1.565266489982604980e+00
-1.020485758781433105e+00
-6.438748836517333984e-01
7.458289861679077148e-01
7.707030773162841797e-01
-3.365040719509124756e-01
1.354504823684692383e-01
-2.354856967926025391e+00
2.701404571533203125e+01
-1.206862330436706543e+00
-3.341913938522338867e+00
1.050408363342285156e+00
8.428702950477600098e-01
1.005006134510040283e-01
-3.033190369606018066e-01
-1.471608430147171021e-01
-1.321771502494812012e+00
3.367425203323364258e+00
-2.964097976684570312e+01
-1.871651709079742432e-01
2.022133350372314453e+00
-3.572450876235961914e+00
-6.932533979415893555e-01
-1.680118083953857422e+00
3.363726735115051270e-01
-3.608120977878570557e-02
4.802832126617431641e+00
6.805596351623535156e-01
7.417370676994323730e-01
5.987202644348144531e+00
-1.884139776229858398e+00
1.057167649269104004e+00
1.388556957244873047e+00
-8.497954905033111572e-02
-6.216986179351806641e+00
-1.116377472877502441e+00
-3.167633533477783203e+00
1.025837898254394531e+00
-7.895039319992065430e-01
3.256700038909912109e-01
1.186926722526550293e+00
-4.823561668395996094e+00
1.449035930633544922e+01
3.401160478591918945e+00
1.882094144821166992e+00
-1.843550801277160645e+00
-6.839684247970581055e-01
-2.009962797164916992e+00
2.152721166610717773e+00
-3.065146446228027344e+00
-1.485386967658996582e+00
9.668722152709960938e-01
4.388398826122283936e-01
1.985393911600112915e-01
3.695898532867431641e+00
2.491943538188934326e-01
-8.349972963333129883e-01
8.851451277732849121e-01
3.276055574417114258e+00
2.658861160278320312e+00
-7.598968148231506348e-01
-4.411903381347656250e+00
4.729623317718505859e+00
4.580167293548583984e+00
3.668280124664306641e+00
8.721216768026351929e-02
-4.818607866764068604e-01
-7.337646186351776123e-02
3.819672167301177979e-01
2.321787774562835693e-01
-1.852435767650604248e-01
-1.928484290838241577e-01
-7.345618605613708496e-01
-3.941205143928527832e-01
2.524609565734863281e-01
-5.174916386604309082e-01
3.582615256309509277e-01
8.502330780029296875e-01
-3.588432371616363525e-01
2.418002486228942871e-01
-1.187410116195678711e+00
9.385136365890502930e-01
7.066635042428970337e-02
2.701124846935272217e-01
-1.687401175498962402e+00
7.484723329544067383e-01
8.487103581428527832e-01
-2.567863464355468750e-01
9.579602479934692383e-01
9.831185340881347656e-01
7.322312146425247192e-02
3.761278986930847168e-01
-1.320317503996193409e-03
3.981411159038543701e-01
1.541347503662109375e-01
4.215469211339950562e-02
3.076304197311401367e-01
6.957947611808776855e-01
7.795728206634521484e+00
-3.519508361816406250e+00
-1.548153638839721680e+00
4.659664332866668701e-01
-8.647497743368148804e-02
-3.882971405982971191e-01
-6.998972296714782715e-01
-1.988530158996582031e-01
8.379069566726684570e-01
1.446779668331146240e-01
-9.053178787231445312e+00
3.326972246170043945e+00
1.459550738334655762e+00
-8.242899179458618164e-02
9.043046832084655762e-01
-5.120378136634826660e-01
3.483377695083618164e-01
-8.262200355529785156e-01
1.356823742389678955e-01
-8.499938249588012695e-01
-7.728129029273986816e-01
-5.525415539741516113e-01
-6.978766322135925293e-01
1.385440587997436523e+00
-1.625517308712005615e-01
-5.451494455337524414e-01
-1.374089717864990234e-01
1.741292953491210938e+00
1.054074168205261230e+00
-1.201795935630798340e+00
7.164896726608276367e-01
5.135368108749389648e-01
-7.154841721057891846e-02
3.796438276767730713e-01
2.988122701644897461e+00
-2.571285247802734375e+00
-1.499914973974227905e-01
-3.191915154457092285e-01
8.786447644233703613e-01
3.276664018630981445e-01
7.785955667495727539e-01
1.356966793537139893e-02
6.103538274765014648e-01
1.885699152946472168e+00
-5.818643569946289062e-01
-1.200886249542236328e+00
-4.662024676799774170e-01
4.665916860103607178e-01
1.254210174083709717e-01
8.354436159133911133e-01
-9.813274443149566650e-02
-8.089933395385742188e-01
-1.122659325599670410e+00
1.033287882804870605e+00
1.527091503143310547e+00
1.079319477081298828e+00
-2.339786291122436523e-01
3.240000724792480469e+00
-3.039015531539916992e-01
-8.716869167983531952e-03
2.914900183677673340e-01
-3.247146308422088623e-01
1.108068376779556274e-01
-6.305077075958251953e-01
4.139401018619537354e-01
5.398829281330108643e-02
7.538436651229858398e-01
-2.037556469440460205e-01
8.025828003883361816e-01
4.884018003940582275e-01
-3.403768241405487061e-01
8.387713134288787842e-02
5.400842428207397461e-02
-3.907771408557891846e-01
-4.930281266570091248e-02
2.169265747070312500e-01
-3.255384266376495361e-01
3.201366364955902100e-01
-1.046288013458251953e+00
-4.271313846111297607e-01
-1.619837403297424316e+00
-4.563683569431304932e-01
-6.548251509666442871e-01
-1.961328536272048950e-01
2.661344036459922791e-02
-1.275958567857742310e-01
1.029718071222305298e-01
2.965811192989349365e-01
-3.381765484809875488e-01
2.365577965974807739e-01
1.167801171541213989e-01
6.067020893096923828e+00
-1.961936354637145996e+00
-1.190717816352844238e+00
4.355844855308532715e-01
-3.275153925642371178e-03
-4.490226805210113525e-01
-2.923486232757568359e-01
3.137424290180206299e-01
3.733415529131889343e-02
5.128803104162216187e-02
-7.439123630523681641e+00
3.008507251739501953e+00
1.820281386375427246e+00
-1.127417236566543579e-01
5.048642158508300781e-01
1.944275796413421631e-01
2.295149713754653931e-01
4.217457026243209839e-02
-4.895813390612602234e-02
8.284162878990173340e-01
-4.855509996414184570e-01
-1.411479711532592773e-01
-1.479870676994323730e+00
2.996583878993988037e-01
-2.801024019718170166e-01
4.636446237564086914e-01
-9.235934354364871979e-03
1.136515498161315918e+00
5.770738124847412109e-01
-9.909450411796569824e-01
-4.684041440486907959e-01
-1.899627596139907837e-01
-2.534242272377014160e-01
-2.234569191932678223e-01
7.889701724052429199e-01
-1.939718723297119141e-01
-3.738208860158920288e-02
-2.784501016139984131e-01
1.115295290946960449e-01
3.174218535423278809e-02
1.009868621826171875e+00
2.303809672594070435e-01
1.930634677410125732e-01
-8.343123197555541992e-01
1.725280284881591797e-01
1.291909933090209961e+00
3.182235062122344971e-01
-9.426500797271728516e-01
1.327420473098754883e-01
-9.626427292823791504e-02
2.204456925392150879e-01
-4.649630784988403320e-01
-8.066287040710449219e-01
-2.779121994972229004e-01
-1.383547306060791016e+00
-1.799664497375488281e+00
4.980684220790863037e-01
-1.542351126670837402e+00
1.689310185611248016e-03
7.063734810799360275e-03
-1.445206347852945328e-03
-6.437722127884626389e-03
-1.011917600408196449e-03
5.827533546835184097e-03
-7.878544740378856659e-03
5.161063745617866516e-03
-7.490829564630985260e-03
-1.660328358411788940e-03
-6.519183982163667679e-03
-6.748654413968324661e-04
7.598244701512157917e-05
5.514542572200298309e-03
-5.177302286028862000e-03
-1.903331372886896133e-03
-4.202912095934152603e-04
2.929183421656489372e-03
-1.214093994349241257e-03
-2.985375234857201576e-03
9.642322547733783722e-03
-9.980824775993824005e-03
-1.236408017575740814e-03
7.795734331011772156e-03
-5.859552882611751556e-03
7.363749202340841293e-03
9.409179911017417908e-03
8.410062640905380249e-03
-8.967856876552104950e-03
5.675868596881628036e-03
-8.864979259669780731e-03
1.395937055349349976e-03
1.697124447673559189e-03
7.300355006009340286e-03
9.377187117934226990e-03
3.504513297230005264e-03
-1.774063566699624062e-03
7.435707841068506241e-03
-3.875149413943290710e-03
5.445962306112051010e-04
3.658423433080315590e-03
-1.884470577351748943e-03
-3.100433241343125701e-05
-6.728132255375385284e-03
5.189568735659122467e-03
5.497102625668048859e-03
5.574422422796487808e-03
-2.123607089743018150e-03
-9.034386835992336273e-03
9.395693428814411163e-03
-5.670555401593446732e-03
3.926666919142007828e-03
2.458966337144374847e-03
-3.540643490850925446e-03
4.010844975709915161e-03
6.628497969359159470e-03
5.327178630977869034e-03
2.727535087615251541e-03
-3.954645246267318726e-03
-1.801289385184645653e-03
-6.363398861140012741e-03
5.861737765371799469e-03
6.452323868870735168e-03
-8.761790581047534943e-03
7.598264142870903015e-03
-2.626046305522322655e-03
-7.011342328041791916e-03
-7.360456511378288269e-03
6.958185113035142422e-04
8.931047050282359123e-04
-1.328376121819019318e-03
1.797390432329848409e-04
-5.069768521934747696e-03
2.462315838783979416e-03
7.838038727641105652e-03
9.458143264055252075e-03
4.558830522000789642e-03
-4.575166851282119751e-03
1.249930937774479389e-03
7.621155818924307823e-04
8.550166152417659760e-03
8.995034731924533844e-03
-5.847549065947532654e-03
-2.175800502300262451e-03
6.077298894524574280e-03
-5.990331992506980896e-03
-3.736176062375307083e-03
-1.661375747062265873e-03
8.197009563446044922e-03
-1.663880102569237351e-04
-1.079023815691471100e-03
1.925688743591308594e+00
9.672453999519348145e-01
-1.694089770317077637e+00
6.533734202384948730e-01
