1.682987928390502930e+00
1.668616056442260742e+00
4.241018772125244141e+00
8.744761943817138672e-01
1.921827554702758789e+00
3.059253692626953125e+00
2.299738883972167969e+00
1.855304837226867676e+00
1.839857578277587891e+00
1.945546627044677734e+00
7.952355146408081055e-01
2.462685823440551758e+00
-1.936823725700378418e+00
1.294283382594585419e-02
-3.893388509750366211e-01
1.463543534278869629e+00
5.407645702362060547e-01
1.453936249017715454e-01
-7.354228943586349487e-02
5.307462215423583984e-01
4.804041385650634766e-01
-6.212319135665893555e-01
6.173422336578369141e-01
-6.949673891067504883e-01
-3.070736527442932129e-01
2.242648899555206299e-01
-1.493971943855285645e-01
1.926749199628829956e-02
1.193572953343391418e-01
-1.645803451538085938e-01
-2.528159320354461670e-01
6.480319052934646606e-02
-2.631668746471405029e-01
-3.429618775844573975e-01
-1.221655085682868958e-01
1.408316045999526978e-01
1.032402992248535156e+00
1.016125106811523438e+01
1.319582271575927734e+01
1.328640842437744141e+01
1.396379947662353516e+01
1.549547863006591797e+01
1.499928379058837891e+01
1.703397941589355469e+01
1.806713294982910156e+01
1.952287864685058594e+01
2.255905151367187500e+01
1.915197181701660156e+01
2.505266189575195312e+01
1.596973061561584473e+00
-3.667905330657958984e-01
4.899777472019195557e-01
-1.142028927803039551e+00
5.130023360252380371e-01
1.269014358520507812e+00
-8.962419629096984863e-02
7.838187813758850098e-01
4.231816902756690979e-02
1.233321309089660645e+00
-1.222177267074584961e+00
1.696484804153442383e+00
3.429795503616333008e-01
-8.944930434226989746e-01
-1.544076919555664062e+00
9.913362562656402588e-02
6.058234572410583496e-01
-3.792792260646820068e-01
-4.049500226974487305e-01
7.814245820045471191e-01
-8.252943754196166992e-01
-9.076532125473022461e-01
2.002195119857788086e+00
8.291326761245727539e-01
2.649536132812500000e-01
-4.235369265079498291e-01
-2.021938115358352661e-01
-1.333990842103958130e-01
5.703217983245849609e-01
-9.165138006210327148e-01
1.748145341873168945e+00
-5.839282870292663574e-01
-2.621351957321166992e+00
2.614065647125244141e+00
3.140176087617874146e-02
-6.640481352806091309e-01
1.004515767097473145e+00
-1.213732719421386719e+00
8.358316123485565186e-02
5.085968971252441406e-02
4.512406513094902039e-02
-1.008892655372619629e+00
2.998259961605072021e-01
-5.730209350585937500e-01
7.124020457267761230e-01
-3.141885101795196533e-01
-1.460545897483825684e+00
-4.259797036647796631e-01
6.867337226867675781e-01
1.436045408248901367e+00
-4.285181462764739990e-01
-8.910527229309082031e-01
6.700848340988159180e-01
-4.525572955608367920e-01
-1.383236527442932129e+00
3.519235849380493164e-01
-1.269778847694396973e+00
-1.617541193962097168e+00
2.305161237716674805e+00
2.162145376205444336e+00
-1.043073773384094238e+00
-1.392524719238281250e+00
-1.675135731697082520e+00
-1.446902036666870117e+00
-1.727090001106262207e+00
7.626422047615051270e-01
1.136602044105529785e+00
-1.484648823738098145e+00
1.721936464309692383e+00
2.693857431411743164e+00
-1.256694346666336060e-01
1.836470007896423340e+00
1.623871564865112305e+00
-2.592967987060546875e+00
-4.277580082416534424e-01
2.240131609141826630e-02
1.758954167366027832e+00
4.064740836620330811e-01
9.601083397865295410e-02
3.478263914585113525e-01
-9.505446553230285645e-01
3.544505536556243896e-01
1.049877479672431946e-01
1.169642657041549683e-01
4.324579834938049316e-01
3.354196846485137939e-01
1.721479743719100952e-01
8.239542245864868164e-01
6.098772957921028137e-02
2.503069043159484863e-01
2.536963224411010742e-01
9.507088065147399902e-01
-1.651290617883205414e-02
1.159761473536491394e-01
1.736086457967758179e-01
3.839445114135742188e-01
-2.212702333927154541e-01
7.393865287303924561e-02
-4.212876260280609131e-01
-1.350800246000289917e-01
-1.135413497686386108e-01
-2.096057653427124023e+00
1.010828018188476562e+00
-1.116752177476882935e-01
-1.250747591257095337e-01
-3.823900818824768066e-01
8.021157979965209961e-01
-9.920217990875244141e-01
-2.149987965822219849e-01
-7.969176769256591797e-01
4.560232460498809814e-01
-1.036912083625793457e+00
2.610980570316314697e-01
3.946026265621185303e-01
2.567239478230476379e-02
2.707447409629821777e-01
2.176316268742084503e-02
-2.705081701278686523e-01
-2.343262434005737305e-01
8.896835446357727051e-01
8.756595104932785034e-02
2.486808598041534424e-01
-1.791746914386749268e-02
4.141594171524047852e-01
3.854991197586059570e-01
-1.096114277839660645e+00
5.637235566973686218e-02
-2.903871238231658936e-01
3.694189190864562988e-01
4.158396422863006592e-01
1.002755165100097656e-01
-7.342773675918579102e-02
-2.571867108345031738e-01
9.928152710199356079e-02
-8.270078301429748535e-01
1.136868357658386230e+00
-3.446577489376068115e-01
-4.503813385963439941e-01
1.038974404335021973e+00
2.361247986555099487e-01
-8.223065137863159180e-01
6.562089323997497559e-01
6.499901413917541504e-01
-4.860145449638366699e-01
-6.188678145408630371e-01
3.228518068790435791e-01
1.525358796119689941e+00
-4.177112281322479248e-01
1.518730968236923218e-01
3.593000173568725586e-01
-2.362826764583587646e-01
1.057185530662536621e+00
-9.644027799367904663e-02
7.535164952278137207e-01
1.127437829971313477e+00
-6.320952177047729492e-01
-6.225395202636718750e-01
4.203840717673301697e-02
2.924248874187469482e-01
6.564702093601226807e-02
-3.466469645500183105e-01
-5.787194967269897461e-01
-3.723439276218414307e-01
2.571800351142883301e-01
-1.837497651576995850e-01
-6.207787394523620605e-01
2.658192217350006104e-01
-1.046824216842651367e+00
-1.632074266672134399e-01
6.127084791660308838e-02
3.692470788955688477e-01
5.645401775836944580e-02
-2.749147415161132812e-01
1.903602667152881622e-02
1.693833619356155396e-01
-1.732900142669677734e-01
-1.589841842651367188e-01
2.778804302215576172e-01
-4.488496780395507812e-01
1.678280383348464966e-01
-5.092706084251403809e-01
3.072816506028175354e-02
7.440757006406784058e-02
-7.179894298315048218e-02
-1.389294713735580444e-01
7.413017749786376953e-01
3.205280601978302002e-01
6.624224185943603516e-01
-7.104285359382629395e-01
-1.924378424882888794e-01
-1.445436477661132812e-01
-7.414033263921737671e-02
-2.061209976673126221e-01
-6.424406915903091431e-02
-3.075907193124294281e-02
-1.133943945169448853e-01
-6.714581511914730072e-03
-3.266536295413970947e-01
3.232877328991889954e-02
1.117925718426704407e-01
5.337442737072706223e-03
-1.226424947381019592e-01
4.215717911720275879e-01
1.043520689010620117e+00
-1.296675205230712891e-01
-8.098857402801513672e-01
3.978231921792030334e-02
3.879217430949211121e-02
-4.771593809127807617e-01
2.223260849714279175e-01
9.982140660285949707e-01
-3.808203637599945068e-01
1.059096693992614746e+00
-6.615537405014038086e-01
-1.567803621292114258e-01
-5.126481056213378906e-01
-8.012960553169250488e-01
8.608651161193847656e-01
5.027444958686828613e-01
-3.726497292518615723e-01
6.832116842269897461e-01
-3.994624614715576172e-01
1.419331431388854980e-01
7.259915769100189209e-02
-1.061155438423156738e+00
-2.828254550695419312e-02
-6.811277866363525391e-01
-2.566400468349456787e-01
-2.258737236261367798e-01
3.509101569652557373e-01
2.395516335964202881e-01
-4.545540362596511841e-02
-5.842741727828979492e-01
1.414063453674316406e+00
-9.313055314123630524e-03
-5.605462472885847092e-03
-3.761642612516880035e-03
3.454057034105062485e-03
2.812527585774660110e-03
-6.233711726963520050e-03
9.343867190182209015e-03
-8.922930806875228882e-03
2.624272368848323822e-03
9.626555838622152805e-04
1.347606536000967026e-03
-2.964905928820371628e-03
-2.867056289687752724e-03
-6.773925852030515671e-04
4.808673169463872910e-03
7.299472112208604813e-03
4.519845359027385712e-03
-4.919369239360094070e-03
-5.557954311370849609e-03
1.707101240754127502e-03
8.378917351365089417e-03
-5.653604399412870407e-03
5.816650576889514923e-03
8.191552013158798218e-03
-9.868156164884567261e-03
7.815469987690448761e-03
-7.747469004243612289e-03
9.901716373860836029e-03
-3.155926475301384926e-03
4.646727815270423889e-03
-3.511613700538873672e-03
5.113026127219200134e-03
5.610434804111719131e-03
2.556959632784128189e-03
3.126176074147224426e-03
-7.207592483609914780e-03
4.086195491254329681e-03
-2.444342942908406258e-03
-8.839171379804611206e-03
4.808947909623384476e-03
-3.424871712923049927e-03
-2.506341552361845970e-03
-6.267890334129333496e-03
-1.825009821914136410e-03
-4.808235447853803635e-03
1.039454131387174129e-03
-2.668049884960055351e-03
4.226694349199533463e-03
2.034920034930109978e-03
4.495763219892978668e-03
-5.455850157886743546e-03
-2.814943203702569008e-03
-8.022849448025226593e-03
-9.821298532187938690e-03
9.400870651006698608e-03
-8.635034784674644470e-03
-2.417786599835380912e-04
-6.691406946629285812e-03
-1.448845025151968002e-03
-2.609363989904522896e-03
-5.391039303503930569e-04
4.676301032304763794e-03
3.176929196342825890e-03
4.622296430170536041e-03
-5.798422265797853470e-03
7.051417138427495956e-03
3.048603888601064682e-03
4.465291276574134827e-03
6.757449824362993240e-03
7.398048881441354752e-03
-5.617580376565456390e-03
8.136459626257419586e-03
-4.619557876139879227e-03
2.463551936671137810e-03
-3.817265853285789490e-03
-5.234716925770044327e-03
8.325991220772266388e-03
-5.437752231955528259e-03
8.782072663307189941e-01
7.987310290336608887e-01
-1.521391987800598145e+00
5.133748054504394531e-01
