2.011350631713867188e+01
1.364009571075439453e+01
1.560185718536376953e+01
2.215229511260986328e+00
2.094571495056152344e+01
1.666843223571777344e+01
4.786668300628662109e+00
1.549777793884277344e+01
7.215962886810302734e+00
1.544490718841552734e+01
1.268568134307861328e+01
-8.153606414794921875e+00
3.337387800216674805e+00
7.409253120422363281e-01
4.245011806488037109e+00
3.501072168350219727e+00
-7.553458213806152344e+00
1.323077976703643799e-01
6.419504880905151367e-01
1.087460327148437500e+01
4.431004524230957031e+00
-1.433988928794860840e+00
1.119219970703125000e+01
-2.116962909698486328e+00
-4.791845798492431641e+00
3.917231798171997070e+00
-1.579268276691436768e-01
8.700963020324707031e+00
-2.054750919342041016e+00
-8.974076271057128906e+00
8.824162483215332031e+00
1.250885200500488281e+01
2.197153091430664062e+00
3.758114337921142578e+00
-2.010528087615966797e+00
3.488619089126586914e+00
1.084604859352111816e+00
8.031759262084960938e-01
3.765430212020874023e+00
-2.297339200973510742e+00
1.661818385124206543e+00
-5.632889747619628906e+00
-2.874486207962036133e+00
-5.439636230468750000e+00
3.011418581008911133e+00
-5.331887245178222656e+00
8.742897987365722656e+00
4.177589416503906250e+00
-1.321669960021972656e+01
5.653145313262939453e+00
4.545684814453125000e+00
5.956137180328369141e+00
-5.862565517425537109e+00
-4.076199054718017578e+00
3.750186681747436523e+00
6.508360862731933594e+00
-4.229242801666259766e+00
1.024468994140625000e+01
-1.253697276115417480e+00
-5.444766044616699219e+00
4.062193870544433594e+00
-1.225718498229980469e+01
6.306749820709228516e+00
-4.177419185638427734e+00
-9.352602005004882812e+00
-1.881402015686035156e+00
8.291786193847656250e+00
3.903422594070434570e+00
9.896048545837402344e+00
-3.102675914764404297e+00
2.210295915603637695e+00
-5.678636550903320312e+00
-4.393745899200439453e+00
-2.056500434875488281e+00
-6.048913478851318359e+00
-1.239792633056640625e+01
-6.440463662147521973e-01
2.947955846786499023e+00
7.286673188209533691e-01
1.855363249778747559e+00
-2.220380067825317383e+00
8.209837675094604492e-01
-2.322099208831787109e+00
-6.864080429077148438e+00
-5.917505741119384766e+00
5.463464736938476562e+00
7.966613769531250000e-01
4.339416980743408203e+00
-2.130217552185058594e+00
1.373124599456787109e+00
4.559401988983154297e+00
9.622452855110168457e-01
2.226895570755004883e+00
2.997878313064575195e+00
-1.668370962142944336e+00
9.250480651855468750e+00
1.162150573730468750e+01
-3.338443636894226074e-01
-1.286221623420715332e+00
2.710785150527954102e+00
-3.074064552783966064e-01
2.472972154617309570e+00
-1.308168917894363403e-01
8.663734793663024902e-01
-1.383168101310729980e-01
-1.539922356605529785e+00
-2.960860013961791992e+00
2.925725460052490234e+00
2.249907970428466797e+00
2.899053335189819336e+00
2.347663879394531250e+00
1.255059957504272461e+00
-2.226353645324707031e+00
1.820948719978332520e+00
-6.809415817260742188e-01
-3.735960245132446289e+00
-4.084346771240234375e+00
1.969099044799804688e-01
4.646134078502655029e-01
1.528950333595275879e+00
-5.452514648437500000e+00
-4.191886261105537415e-02
-1.244121432304382324e+00
9.396274089813232422e-01
4.669006347656250000e+00
1.187095832824707031e+01
-5.490242481231689453e+00
-5.247075557708740234e+00
2.115261554718017578e+00
1.110787677764892578e+01
-5.198603153228759766e+00
3.030097484588623047e+00
5.775839805603027344e+00
3.763746321201324463e-01
4.585342407226562500e+00
-5.805650711059570312e+00
5.375688076019287109e+00
-3.068676233291625977e+00
7.020267963409423828e+00
-4.193876743316650391e+00
-1.959096670150756836e+00
4.147852897644042969e+00
3.226924419403076172e+00
1.039164066314697266e+00
5.519611239433288574e-01
-1.621383666992187500e+00
-2.345166921615600586e+00
5.046264529228210449e-01
1.151368618011474609e+00
-4.163621902465820312e+00
4.749703407287597656e-01
1.391857028007507324e+00
5.638577938079833984e+00
2.137542247772216797e+00
1.326968431472778320e+00
2.078239023685455322e-01
6.221699714660644531e-01
-3.022845506668090820e+00
1.210226178169250488e+00
4.169259071350097656e+00
-1.745865225791931152e+00
5.937769412994384766e+00
3.248412847518920898e+00
-2.682376623153686523e+00
-1.362456530332565308e-01
3.561011254787445068e-01
-1.056627407670021057e-01
-1.026657000184059143e-01
-2.233795642852783203e+00
-1.252701163291931152e+00
9.682254791259765625e-01
1.433880567550659180e+00
2.370709925889968872e-01
-2.641839265823364258e+00
-1.568562030792236328e+00
2.487437486648559570e+00
1.662996649742126465e+00
1.929655432701110840e+00
5.464924812316894531e+00
2.833240985870361328e+00
-1.497062444686889648e+00
-3.871722221374511719e-01
2.098033905029296875e+00
2.831278324127197266e+00
-2.142547965049743652e-01
-9.684725403785705566e-01
-1.740749955177307129e+00
1.687170982360839844e+00
-1.695820569992065430e+00
2.208310604095458984e+00
6.678346157073974609e+00
-1.500781178474426270e+00
6.288797855377197266e-01
-5.322088241577148438e+00
-6.280288100242614746e-01
1.200518369674682617e+00
3.105798959732055664e+00
-3.032055139541625977e+00
4.544690608978271484e+00
-1.193175435066223145e+00
8.410224914550781250e+00
-3.908737182617187500e+00
4.127983093261718750e+00
1.301220893859863281e+00
-1.577197551727294922e+00
-3.318337440490722656e+00
-3.633491992950439453e+00
8.135291337966918945e-01
2.275898694992065430e+00
-8.844912052154541016e-01
