2.190998554229736328e+00
5.264901518821716309e-01
5.069217681884765625e+00
4.014780998229980469e+00
1.855694770812988281e+00
3.570073366165161133e+00
4.276060461997985840e-01
4.057217240333557129e-01
-2.490014955401420593e-02
2.416443545371294022e-03
2.514525651931762695e-01
2.100890874862670898e-01
1.985196232795715332e+00
8.956421613693237305e-01
1.595536470413208008e-01
-5.135541558265686035e-01
7.290620356798171997e-02
-1.228887066245079041e-01
-9.939928054809570312e-01
2.212778806686401367e+00
1.331286621093750000e+01
1.536744499206542969e+01
1.736240196228027344e+01
1.915073966979980469e+01
2.659764480590820312e+01
2.747676372528076172e+00
1.512415170669555664e+00
-1.107196450233459473e+00
-5.532127022743225098e-01
1.652176678180694580e-01
3.147956848144531250e+00
-8.942395448684692383e-01
3.014969229698181152e-01
-3.307797312736511230e-01
-8.266062140464782715e-01
-6.643398404121398926e-01
-8.547353148460388184e-01
-6.770568490028381348e-01
3.396382331848144531e-01
-1.470260381698608398e+00
3.106704473495483398e+00
-1.836161732673645020e+00
7.868200778961181641e+00
4.128608405590057373e-01
-5.167966365814208984e+00
1.639073753356933594e+01
-2.115499734878540039e+00
1.135233193635940552e-01
-4.020186886191368103e-02
6.250814199447631836e-01
-1.353468298912048340e+00
2.552268028259277344e+00
3.966786861419677734e-01
1.585380434989929199e-01
2.134131640195846558e-01
4.803668260574340820e-01
-5.393781661987304688e-01
5.970185995101928711e-01
2.444207221269607544e-01
-4.424415901303291321e-02
1.806930661201477051e+00
-1.352995157241821289e+00
1.136757135391235352e+00
-5.040347099304199219e+00
-4.219523444771766663e-02
3.358165502548217773e+00
-8.883714675903320312e+00
1.190240859985351562e+00
7.243505716323852539e-01
-4.850389361381530762e-01
1.286356300115585327e-01
6.290524601936340332e-01
-3.942733164876699448e-03
3.604184985160827637e-01
-3.003760576248168945e-01
-1.015658583492040634e-02
3.562150001525878906e-01
7.304022312164306641e-01
2.346115261316299438e-01
-2.925815805792808533e-02
-1.437253355979919434e-01
-4.933568835258483887e-01
4.063625633716583252e-02
-1.794108301401138306e-01
1.207664489746093750e+00
2.584230601787567139e-01
-6.532862782478332520e-01
2.810287475585937500e+00
1.348989200778305531e-03
-1.938507193699479103e-03
-8.612791134510189295e-05
-9.716720320284366608e-03
-2.467792248353362083e-03
6.172332912683486938e-03
7.387272082269191742e-03
-5.830234382301568985e-03
7.456679362803697586e-03
4.268457181751728058e-03
6.242865347303450108e-04
9.876241907477378845e-03
1.127167604863643646e-03
8.084784261882305145e-03
-2.236128551885485649e-03
-9.112205356359481812e-03
-3.876718692481517792e-03
-7.172812242060899734e-03
-1.492359093390405178e-03
8.546204306185245514e-03
7.753715850412845612e-03
2.108084440231323242e+00
1.082985162734985352e+00
-2.250848293304443359e+00
7.801075577735900879e-01
