2.192769527435302734e+00
6.264598369598388672e-01
5.072396755218505859e+00
4.002667903900146484e+00
1.807257890701293945e+00
3.605642080307006836e+00
3.797592222690582275e-01
4.565825760364532471e-01
6.740637868642807007e-02
2.878557145595550537e-02
4.163050651550292969e-01
-5.380193516612052917e-02
1.885164856910705566e+00
9.266927242279052734e-01
1.487063467502593994e-01
-4.423220157623291016e-01
-3.285330533981323242e-02
-1.310579031705856323e-01
-1.049936294555664062e+00
3.807974100112915039e+00
1.331402778625488281e+01
1.536682987213134766e+01
1.726043701171875000e+01
1.913764190673828125e+01
2.449729728698730469e+01
2.699599504470825195e+00
1.295074224472045898e+00
-1.064970970153808594e+00
-4.605939984321594238e-01
1.907907724380493164e-01
2.251222133636474609e+00
-9.007610082626342773e-01
3.070611655712127686e-01
-2.412050515413284302e-01
-6.916702985763549805e-01
-7.515452504158020020e-01
-8.366881012916564941e-01
-8.423287868499755859e-01
4.165718853473663330e-01
-1.390412449836730957e+00
3.905455112457275391e+00
-2.032216072082519531e+00
7.721987724304199219e+00
4.997736513614654541e-01
-4.503923416137695312e+00
1.210321807861328125e+01
-1.748455286026000977e+00
1.096840053796768188e-01
-8.124254643917083740e-02
8.090924620628356934e-01
-1.286025166511535645e+00
2.153376817703247070e+00
4.386799633502960205e-01
1.458512991666793823e-01
2.235854119062423706e-01
4.577296972274780273e-01
-5.214115977287292480e-01
5.860193371772766113e-01
3.800970911979675293e-01
-3.138965368270874023e-02
1.683437466621398926e+00
-1.781286835670471191e+00
1.327143788337707520e+00
-4.756655693054199219e+00
-9.964475780725479126e-02
2.968091011047363281e+00
-6.542262077331542969e+00
7.514401674270629883e-01
6.119849681854248047e-01
-3.953145742416381836e-01
9.468882530927658081e-02
5.499873757362365723e-01
-1.682766824960708618e-01
3.192734718322753906e-01
-2.909643948078155518e-01
3.929333761334419250e-03
3.437218666076660156e-01
6.415469646453857422e-01
2.323450148105621338e-01
-5.024071037769317627e-02
-1.429034918546676636e-01
-4.328067600727081299e-01
1.314053684473037720e-01
-2.433965951204299927e-01
1.164907813072204590e+00
2.878032326698303223e-01
-6.028720140457153320e-01
2.071332931518554688e+00
1.348989200778305531e-03
-1.938507193699479103e-03
-8.612791134510189295e-05
-9.716720320284366608e-03
-2.467792248353362083e-03
6.172332912683486938e-03
7.387272082269191742e-03
-5.830234382301568985e-03
7.456679362803697586e-03
4.268457181751728058e-03
6.242865347303450108e-04
9.876241907477378845e-03
1.127167604863643646e-03
8.084784261882305145e-03
-2.236128551885485649e-03
-9.112205356359481812e-03
-3.876718692481517792e-03
-7.172812242060899734e-03
-1.492359093390405178e-03
8.546204306185245514e-03
7.753715850412845612e-03
2.098044633865356445e+00
1.082932829856872559e+00
-2.244370460510253906e+00
7.760221362113952637e-01
