2.193611621856689453e+00
-7.295231223106384277e-01
5.089656352996826172e+00
4.000154972076416016e+00
1.833487153053283691e+00
3.560868501663208008e+00
-3.005208969116210938e-01
-9.634328484535217285e-01
-3.784088790416717529e-01
1.264400482177734375e+00
-3.238637000322341919e-04
-1.600122153759002686e-01
-2.906870841979980469e+00
5.188425183296203613e-01
-2.261107563972473145e-01
-3.896152600646018982e-02
2.020909339189529419e-01
-3.288773298263549805e-01
1.305768966674804688e+00
5.887778282165527344e+00
1.331337451934814453e+01
1.538466548919677734e+01
1.732380294799804688e+01
1.913826560974121094e+01
2.533369255065917969e+01
-1.673407912254333496e+00
1.950029611587524414e+00
-5.015444159507751465e-01
-2.078886985778808594e+00
2.262909412384033203e+00
-1.026371479034423828e+00
-9.025996327400207520e-01
-3.859952390193939209e-01
4.068381786346435547e-01
-2.281582802534103394e-01
2.191401720046997070e+00
-8.999753594398498535e-01
-9.201639890670776367e-01
2.292101234197616577e-01
7.442874312400817871e-01
3.491907596588134766e+00
-1.858760118484497070e+00
-8.632976531982421875e+00
3.858439326286315918e-01
5.079535007476806641e+00
1.433988380432128906e+01
2.046092033386230469e+00
-5.604462623596191406e-01
2.488654106855392456e-02
1.612992286682128906e-01
-6.450754404067993164e-01
-8.206351995468139648e-01
7.937628030776977539e-01
-2.805705070495605469e-01
9.484118223190307617e-02
5.636980533599853516e-01
-1.569272428750991821e-01
6.635646224021911621e-01
3.612073659896850586e-01
7.880066335201263428e-02
-1.432726383209228516e+00
-1.756032466888427734e+00
1.207504749298095703e+00
4.654962539672851562e+00
-1.956351846456527710e-02
-2.935019731521606445e+00
-6.520425796508789062e+00
-1.382667303085327148e+00
-2.952711656689643860e-02
2.316098064184188843e-01
-7.274916768074035645e-01
2.006369531154632568e-01
-5.267136693000793457e-01
-2.473550662398338318e-02
2.234608866274356842e-02
-1.338874641805887222e-02
9.668126702308654785e-02
-2.227250933647155762e-01
1.825001090764999390e-01
-1.522704213857650757e-01
-3.103580512106418610e-02
2.008441537618637085e-01
3.547876775264739990e-01
-2.524389922618865967e-01
-1.200613737106323242e+00
2.596717774868011475e-01
6.472992897033691406e-01
1.462412595748901367e+00
-5.995560437440872192e-03
-6.572896149009466171e-03
9.458564221858978271e-03
-7.847276516258716583e-03
6.124351639300584793e-03
-4.569657612591981888e-03
6.669970694929361343e-03
3.922009840607643127e-03
6.387248635292053223e-03
6.388920592144131660e-04
6.470790249295532703e-04
-8.408890105783939362e-03
-9.638169780373573303e-03
-9.176408872008323669e-03
-4.218984395265579224e-03
-7.548116613179445267e-03
-8.049758151173591614e-03
-9.862712584435939789e-03
-1.281446078792214394e-03
4.812283907085657120e-03
-7.242494612000882626e-04
2.207605600357055664e+00
1.080241322517395020e+00
-2.211186408996582031e+00
7.698553204536437988e-01
