1.439501380920410156e+01
1.609301376342773438e+01
1.548575973510742188e+01
1.543083858489990234e+01
6.911954879760742188e+00
2.515097856521606445e+00
7.865596771240234375e+00
1.239672851562500000e+01
-1.266120529174804688e+01
-5.452617168426513672e+00
-9.467789649963378906e+00
1.639779472351074219e+01
5.446731567382812500e+00
3.768901824951171875e+00
-5.219131708145141602e-01
1.278740024566650391e+01
5.764515399932861328e-01
-1.994484543800354004e+00
-7.360058426856994629e-01
-1.922067523002624512e+00
-1.137068462371826172e+01
2.310651540756225586e+00
-5.638375759124755859e+00
-3.302310943603515625e+00
4.989014625549316406e+00
-1.016045570373535156e+01
-8.277481079101562500e+00
3.797727584838867188e+00
1.938143372535705566e-01
-1.408357739448547363e+00
-2.314864397048950195e+00
7.254082202911376953e+00
7.940562367439270020e-01
2.846218824386596680e+00
5.495054244995117188e+00
-1.052177667617797852e+00
5.504125595092773438e+00
-2.159524440765380859e+00
-1.941892951726913452e-01
-2.842902183532714844e+00
1.147685870528221130e-01
-1.474294185638427734e+00
-1.625181317329406738e+00
-4.092524051666259766e-01
3.224238872528076172e+00
1.689861267805099487e-01
-3.527412414550781250e-01
-1.256368517875671387e+00
6.588652133941650391e-01
-5.756107807159423828e+00
-5.724588871002197266e+00
2.839143276214599609e+00
7.766302108764648438e+00
5.465524673461914062e+00
-1.983329892158508301e+00
3.158073425292968750e+00
1.675193309783935547e+00
3.736920595169067383e+00
2.604424715042114258e+00
-2.436528921127319336e+00
1.225460648536682129e+00
2.737076044082641602e+00
6.444301605224609375e-01
-7.928123474121093750e-01
-1.846349596977233887e+00
-1.020365715026855469e+00
-3.447363376617431641e-01
7.026835680007934570e-01
-2.437875747680664062e+00
-9.354582428932189941e-01
