2.190219163894653320e+00
5.100344181060791016e+00
3.984296321868896484e+00
1.745280981063842773e+00
3.603252410888671875e+00
-7.397791147232055664e-01
1.938745081424713135e-01
1.044067740440368652e+00
-9.575556516647338867e-01
-4.123030304908752441e-01
-2.501654624938964844e+00
-3.180393278598785400e-01
3.792040795087814331e-02
-1.979552060365676880e-01
2.336993347853422165e-03
1.192156553268432617e+00
1.331002426147460938e+01
1.536533832550048828e+01
1.729012870788574219e+01
1.901985168457031250e+01
2.243985176086425781e+01
-7.336655855178833008e-01
-2.060540914535522461e-01
8.971908688545227051e-01
-1.865607798099517822e-01
1.130079030990600586e+00
-5.338779687881469727e-01
-1.262585520744323730e+00
4.875973165035247803e-01
-1.989477396011352539e+00
2.599402666091918945e+00
-7.930761575698852539e-01
3.541548728942871094e+00
1.778992712497711182e-01
-7.647244334220886230e-01
6.045491695404052734e+00
6.483882069587707520e-01
-2.019478008151054382e-02
5.964757800102233887e-01
3.194050490856170654e-02
3.797908127307891846e-01
5.864446759223937988e-01
5.649973154067993164e-01
-2.826229333877563477e-01
-2.929314970970153809e-01
-4.811243414878845215e-01
3.853452801704406738e-01
-7.195497155189514160e-01
3.419233560562133789e-01
5.901510119438171387e-01
-1.100283980369567871e+00
6.652238219976425171e-02
-2.182714641094207764e-01
-5.739329457283020020e-01
4.842061698436737061e-01
-8.412861227989196777e-01
1.194908544421195984e-01
2.800674438476562500e-01
-1.005875039845705032e-02
2.033579796552658081e-01
-6.936073899269104004e-01
1.554880291223526001e-01
-1.348907351493835449e+00
3.039498440921306610e-02
1.062842532992362976e-01
-1.500894665718078613e+00
6.207714788615703583e-03
3.132047597318887711e-03
5.348214413970708847e-03
8.044311776757240295e-03
1.874197332654148340e-04
6.009117234498262405e-03
7.694688159972429276e-03
1.447902526706457138e-03
1.204553875140845776e-03
6.838822271674871445e-03
2.167364116758108139e-03
7.941847667098045349e-03
-7.323280442506074905e-03
-4.435447044670581818e-03
3.802704159170389175e-03
5.753246545791625977e-01
1.101839542388916016e+00
-2.208552122116088867e+00
7.881571054458618164e-01
