2.188686370849609375e+00
5.079812526702880859e+00
4.028823375701904297e+00
1.673080921173095703e+00
3.600942134857177734e+00
-1.517794251441955566e+00
4.400146007537841797e-01
8.012350797653198242e-01
-1.868659734725952148e+00
-9.702600538730621338e-03
-2.200717926025390625e+00
-3.080138862133026123e-01
7.964187115430831909e-02
8.482164144515991211e-02
-1.459340155124664307e-01
1.299667954444885254e+00
1.330537986755371094e+01
1.535861492156982422e+01
1.726638412475585938e+01
1.901881980895996094e+01
2.155809974670410156e+01
-6.819101572036743164e-01
4.913204349577426910e-03
1.103041887283325195e+00
-5.427140593528747559e-01
9.170563220977783203e-01
-4.862554371356964111e-01
-9.956004023551940918e-01
2.286616414785385132e-01
-2.561746120452880859e+00
2.825618982315063477e+00
-6.156868934631347656e-01
4.192421913146972656e+00
1.848975718021392822e-01
-5.490829944610595703e-01
7.154008865356445312e+00
6.335580348968505859e-01
-1.516707148402929306e-02
1.130239009857177734e+00
-3.284971415996551514e-01
4.230629205703735352e-01
1.540766835212707520e+00
-4.130259454250335693e-01
9.011056274175643921e-03
-1.465968847274780273e+00
-6.781622767448425293e-01
6.956488490104675293e-01
-5.133559107780456543e-01
3.852053582668304443e-01
7.656686305999755859e-01
-7.008113265037536621e-01
8.672989159822463989e-02
-2.166680544614791870e-01
-1.167713642120361328e+00
8.263515233993530273e-01
-8.937563896179199219e-01
-8.374247550964355469e-01
1.179651141166687012e+00
-2.725605666637420654e-01
1.228422284126281738e+00
-3.382110595703125000e-01
-2.247223407030105591e-01
-1.127128005027770996e+00
2.030180953443050385e-02
-1.335102468729019165e-01
-5.626370906829833984e-01
6.207714788615703583e-03
3.132047597318887711e-03
5.348214413970708847e-03
8.044311776757240295e-03
1.874197332654148340e-04
6.009117234498262405e-03
7.694688159972429276e-03
1.447902526706457138e-03
1.204553875140845776e-03
6.838822271674871445e-03
2.167364116758108139e-03
7.941847667098045349e-03
-7.323280442506074905e-03
-4.435447044670581818e-03
3.802704159170389175e-03
6.139964461326599121e-01
1.105656027793884277e+00
-2.218353748321533203e+00
7.748708724975585938e-01
