4.396446704864501953e+00
2.491365242004394531e+01
1.544680881500244141e+01
1.392563152313232422e+01
1.549822425842285156e+01
3.365919828414916992e+00
1.562173461914062500e+01
-1.071874427795410156e+01
-3.330899238586425781e+00
-6.285418510437011719e+00
6.998200416564941406e+00
-2.252053022384643555e+00
-1.774338781833648682e-01
2.500390410423278809e-01
-2.643965482711791992e-01
7.096625328063964844e+00
-4.454899787902832031e+00
2.286141067743301392e-01
5.634160995483398438e+00
4.991343975067138672e+00
-5.603643417358398438e+00
1.158688640594482422e+01
-3.169040203094482422e+00
6.608320713043212891e+00
-6.607704162597656250e+00
1.798929023742675781e+01
1.133096885681152344e+01
-7.692947864532470703e+00
1.335290241241455078e+01
2.444509029388427734e+00
-7.931818485260009766e+00
-2.881102800369262695e+00
-1.757013678550720215e+00
-5.053600788116455078e+00
-5.594857692718505859e+00
2.140653371810913086e+00
-3.403593301773071289e+00
8.578278541564941406e+00
7.181514263153076172e+00
2.765388965606689453e+00
-1.564359784126281738e+00
-4.925827682018280029e-01
-1.116998076438903809e+00
1.694267511367797852e+00
1.365973234176635742e+00
-3.020412445068359375e+00
-1.920675992965698242e+00
1.448330879211425781e-01
2.246587038040161133e+00
2.272643804550170898e+00
-3.929515123367309570e+00
-1.369701743125915527e+00
4.809482574462890625e+00
-1.445941090583801270e+00
3.295253276824951172e+00
3.562005996704101562e+00
3.049599885940551758e+00
3.875066518783569336e+00
-8.974769711494445801e-01
-1.955583572387695312e+00
-1.889830946922302246e+00
3.028723001480102539e+00
-2.316832542419433594e+00
-1.192841649055480957e+00
2.832384586334228516e+00
-1.449733734130859375e+00
1.973843336105346680e+00
-2.423437595367431641e+00
2.103473901748657227e+00
9.659245014190673828e-01
-2.375497341156005859e+00
-8.173553943634033203e-01
-4.099300384521484375e+00
3.374223947525024414e+00
1.382848739624023438e+00
-1.060252308845520020e+00
-5.335772037506103516e-01
3.396852254867553711e+00
6.146838665008544922e+00
1.955151438713073730e+00
-2.047766923904418945e+00
4.096954166889190674e-01
3.883843421936035156e-01
-1.750671386718750000e+00
1.751178979873657227e+00
-5.029358386993408203e+00
2.091255635023117065e-01
3.112214565277099609e+00
-1.257992088794708252e-01
1.081351637840270996e+00
2.451221704483032227e+00
-5.378871560096740723e-01
