2.218163013458251953e+00
9.780238382518291473e-03
5.154497623443603516e+00
4.099274635314941406e+00
3.813943147659301758e+00
-1.147855281829833984e+00
-2.582162320613861084e-01
5.828281044960021973e-01
-1.117041587829589844e+00
3.818215727806091309e-01
-2.525884628295898438e+00
6.172636151313781738e-01
6.748771667480468750e-02
6.996265798807144165e-02
-2.952388823032379150e-01
1.584523797035217285e+00
1.099916744232177734e+01
1.333831882476806641e+01
1.548148632049560547e+01
1.895821571350097656e+01
2.553608131408691406e+01
-8.209522366523742676e-01
-1.071875572204589844e+00
2.735399901866912842e-01
8.129612207412719727e-01
1.023706197738647461e+00
-8.823452591896057129e-01
4.949958026409149170e-01
-4.298955798149108887e-01
2.414295673370361328e+00
-1.003028154373168945e+00
-6.799826025962829590e-01
-1.553048729896545410e+00
-2.323970049619674683e-01
2.511712312698364258e+00
6.579023361206054688e+00
2.739996016025543213e-01
7.192438244819641113e-01
-3.744983971118927002e-01
3.477742075920104980e-01
-1.101022005081176758e+00
4.376662969589233398e-01
2.023020293563604355e-03
-6.668637041002511978e-03
-2.516005516052246094e+00
4.238198995590209961e-01
4.760091304779052734e-01
1.102685809135437012e+00
2.620227634906768799e-01
-8.871239423751831055e-01
1.183542490005493164e+00
1.217818617820739746e+00
1.633794009685516357e-01
3.668010532855987549e-01
-5.313793420791625977e-01
1.207254528999328613e-01
3.144225776195526123e-01
-1.938994228839874268e-01
5.097000598907470703e-01
4.596563577651977539e-01
5.347073674201965332e-01
-5.662076920270919800e-02
-3.594904243946075439e-01
3.285578191280364990e-01
-3.845879137516021729e-01
-1.159748077392578125e+00
-4.340101149864494801e-04
1.286471961066126823e-03
7.623665500432252884e-03
-7.465031929314136505e-03
-9.363267570734024048e-03
1.825359766371548176e-03
9.615069255232810974e-03
-5.798435304313898087e-03
-7.822977378964424133e-03
-7.954136468470096588e-03
6.595805287361145020e-03
5.768323782831430435e-03
-5.493553471751511097e-04
7.715481333434581757e-03
-5.230606533586978912e-03
7.263215780258178711e-01
1.278038859367370605e+00
-2.598972797393798828e+00
9.759411811828613281e-01
