9.157056808471679688e+00
1.616059303283691406e+01
1.680807876586914062e+01
1.327818775177001953e+01
1.544465255737304688e+01
1.560174083709716797e+01
1.188986968994140625e+01
1.101447677612304688e+01
9.775896072387695312e+00
1.620157241821289062e+01
1.589788055419921875e+01
6.934361934661865234e+00
-1.392333388328552246e+00
-7.570392131805419922e+00
7.594271898269653320e-01
1.120604324340820312e+01
-8.822980523109436035e-01
2.218951702117919922e+00
4.481799602508544922e+00
-2.407813787460327148e+00
6.875544786453247070e-01
-1.515874505043029785e+00
-9.409360885620117188e+00
-7.379304409027099609e+00
1.197941660881042480e+00
-6.100751876831054688e+00
3.057368040084838867e+00
7.956293106079101562e+00
2.412559032440185547e+00
-1.594801545143127441e+00
-4.964789390563964844e+00
7.011521339416503906e+00
-4.702035427093505859e+00
4.565492153167724609e+00
-9.326231002807617188e+00
1.418814897537231445e+00
-2.101163387298583984e+00
-1.163977742195129395e+00
-2.979442119598388672e+00
1.989119887351989746e+00
8.513567924499511719e+00
1.539218425750732422e+01
-2.775058031082153320e+00
-1.798303484916687012e+00
7.824407219886779785e-01
-1.598359107971191406e+00
6.086497783660888672e+00
2.276328325271606445e+00
-1.220525979995727539e+00
-1.257496643066406250e+01
1.191132068634033203e+01
4.131324768066406250e+00
-6.476528644561767578e+00
1.947986960411071777e+00
8.735317230224609375e+00
7.019569873809814453e-01
9.275239944458007812e+00
5.971242904663085938e+00
1.699453115463256836e+00
2.686205625534057617e+00
1.922205567359924316e+00
6.029356956481933594e+00
2.399960756301879883e+00
-9.104841947555541992e-01
1.783360123634338379e+00
-1.907589137554168701e-01
2.441710829734802246e-01
-8.058781623840332031e-01
6.871758401393890381e-02
-5.297847747802734375e+00
1.088354396820068359e+01
-8.738613128662109375e+00
-9.405244827270507812e+00
-3.672823190689086914e+00
6.045534133911132812e+00
-2.792376756668090820e+00
-3.721175193786621094e+00
6.040436029434204102e-01
4.691761493682861328e+00
-6.074218750000000000e-01
7.525454998016357422e+00
3.678834199905395508e+00
1.702736616134643555e+00
-9.230050086975097656e+00
7.756362438201904297e+00
5.963962554931640625e+00
1.040762710571289062e+01
-4.537018775939941406e+00
-4.457115650177001953e+00
-5.675067305564880371e-01
3.605741262435913086e-01
3.257332563400268555e+00
2.055073715746402740e-02
-2.244359970092773438e+00
4.485428333282470703e+00
-8.517850637435913086e-01
-3.065999031066894531e+00
3.918647766113281250e+00
1.807533144950866699e+00
-2.692198276519775391e+00
1.792409062385559082e+00
-8.084342479705810547e-01
1.401836872100830078e+00
3.727058410644531250e+00
-1.659432768821716309e+00
4.182925701141357422e+00
1.046046614646911621e+00
-2.679975032806396484e+00
-2.047422528266906738e-01
3.232656478881835938e+00
4.432441711425781250e+00
2.031957149505615234e+00
-9.233108758926391602e-01
-2.429149150848388672e-01
4.958085060119628906e+00
6.177013516426086426e-01
3.889937996864318848e-01
6.325625181198120117e-01
5.605198383331298828e+00
2.186610460281372070e+00
2.508411884307861328e+00
-1.248518943786621094e+00
1.661990880966186523e+00
4.410506486892700195e-01
2.885276556015014648e+00
-2.102684736251831055e+00
-9.109573364257812500e-01
5.316232517361640930e-02
-2.379313468933105469e+00
-2.831233263015747070e+00
-2.467154264450073242e+00
7.202221393585205078e+00
-2.578836917877197266e+00
1.541046738624572754e+00
-7.772513628005981445e-01
-4.476737082004547119e-01
-3.573993682861328125e+00
-1.803607225418090820e+00
4.179027557373046875e+00
2.756395637989044189e-01
-1.926648616790771484e+00
-1.377702832221984863e+00
3.147807419300079346e-01
2.756225109100341797e+00
-4.745316505432128906e-01
1.752243757247924805e+00
1.226513624191284180e+00
-2.225619554519653320e+00
4.687233448028564453e+00
-2.720803737640380859e+00
2.646589756011962891e+00
5.312996387481689453e+00
3.405104637145996094e+00
3.060649633407592773e+00
2.548789501190185547e+00
-8.909510374069213867e-01
1.670199394226074219e+00
-4.601354598999023438e+00
-1.300712227821350098e+00
1.861631870269775391e+00
-3.411716222763061523e+00
2.599530935287475586e+00
-1.344752550125122070e+00
3.741400957107543945e+00
3.163129091262817383e+00
-6.773066520690917969e-01
8.141486644744873047e-01
-1.990978121757507324e+00
3.475394472479820251e-02
8.541253209114074707e-01
-1.080322742462158203e+00
-7.598039507865905762e-01
5.355901718139648438e+00
1.513990044593811035e+00
-1.789900064468383789e+00
5.047673225402832031e+00
1.902070522308349609e+00
-1.729750514030456543e+00
2.919969797134399414e+00
-3.587553203105926514e-01
1.507650375366210938e+00
4.297366142272949219e+00
-8.635265827178955078e-01
3.968857526779174805e+00
1.249527573585510254e+00
-2.243454456329345703e+00
-6.884202957153320312e-01
4.179896354675292969e+00
3.703489303588867188e+00
1.549772977828979492e+00
-1.856101512908935547e+00
-2.223531007766723633e-01
4.166630268096923828e+00
-2.945876121520996094e-01
-1.305320978164672852e+00
-1.425532400608062744e-01
2.257078170776367188e+00
2.728177309036254883e+00
1.390480160713195801e+00
-1.601624250411987305e+00
3.012163400650024414e+00
5.832167863845825195e-01
4.538979053497314453e+00
2.092176914215087891e+00
6.657841801643371582e-01
1.624383568763732910e+00
-3.285558223724365234e+00
-2.140610456466674805e+00
-2.199026584625244141e+00
4.873979091644287109e+00
-1.524896502494812012e+00
1.216681957244873047e+00
-2.194866895675659180e+00
-1.261392951011657715e+00
-3.451851844787597656e+00
-2.098337113857269287e-01
3.520135641098022461e+00
7.339487671852111816e-01
-3.947235047817230225e-01
2.331470549106597900e-01
3.356789350509643555e-01
2.232945561408996582e-01
7.620568275451660156e-01
-1.664730668067932129e+00
9.797231107950210571e-02
-1.600487828254699707e+00
3.974934577941894531e+00
-2.554624080657958984e+00
3.855561733245849609e+00
4.773607730865478516e+00
1.777953624725341797e+00
1.074809432029724121e+00
4.076988220214843750e+00
-1.965712666511535645e+00
9.548423886299133301e-01
3.334317207336425781e-01
-3.512044668197631836e+00
3.034203052520751953e+00
-2.203678846359252930e+00
7.107415795326232910e-01
-1.801242232322692871e+00
4.449721813201904297e+00
4.083728790283203125e+00
3.284215629100799561e-01
1.581801295280456543e+00
-1.921462178230285645e+00
-9.151174426078796387e-01
