7.603674888610839844e+00
1.705647277832031250e+01
1.759499931335449219e+01
1.344866847991943359e+01
1.544498348236083984e+01
1.551729965209960938e+01
1.448888111114501953e+01
1.085065174102783203e+01
8.274518013000488281e+00
1.601445198059082031e+01
1.703052902221679688e+01
4.674633979797363281e+00
-2.271345376968383789e+00
-6.544081687927246094e+00
2.846707820892333984e+00
6.360024452209472656e+00
-2.429872274398803711e+00
1.926826715469360352e+00
3.597706794738769531e+00
-3.168671607971191406e+00
1.092615053057670593e-01
-1.560672879219055176e+00
-8.440906524658203125e+00
-7.822627067565917969e+00
1.846333622932434082e+00
-7.632818698883056641e+00
4.152503013610839844e+00
1.009973812103271484e+01
2.148313283920288086e+00
-5.217839241027832031e+00
-4.987808704376220703e+00
6.194129467010498047e+00
-5.813426971435546875e+00
4.619481563568115234e+00
-1.128427219390869141e+01
-3.107672333717346191e-01
-2.189545154571533203e+00
-1.319628834724426270e+00
-2.182831048965454102e+00
2.631707906723022461e+00
1.097751140594482422e+01
1.677196884155273438e+01
-1.768564462661743164e+00
-2.830742835998535156e+00
9.023528099060058594e-01
-2.967675447463989258e+00
1.100292015075683594e+01
1.166200041770935059e+00
-3.089402019977569580e-01
-1.153673362731933594e+01
1.152170085906982422e+01
2.553778171539306641e+00
-3.513755798339843750e+00
1.712901592254638672e+00
8.750394821166992188e+00
6.790813207626342773e-01
1.248489475250244141e+01
7.914624214172363281e+00
1.844712257385253906e+00
2.578843832015991211e+00
3.750052928924560547e+00
4.999103546142578125e+00
2.247314453125000000e+00
-6.860113143920898438e-01
1.251357674598693848e+00
2.936150133609771729e-01
5.852196216583251953e-01
-4.621782600879669189e-01
-2.608458995819091797e-01
-9.509827613830566406e+00
1.058821487426757812e+01
-8.649692535400390625e+00
-1.049314880371093750e+01
-3.363083362579345703e+00
7.172211170196533203e+00
-2.188082695007324219e+00
-5.414309978485107422e+00
1.426154494285583496e+00
6.207266330718994141e+00
-1.314127802848815918e+00
7.420620918273925781e+00
4.641142368316650391e+00
2.332210779190063477e+00
-9.499217987060546875e+00
7.508347511291503906e+00
6.710540294647216797e+00
1.139806556701660156e+01
-6.988274097442626953e+00
-4.158000946044921875e+00
-1.294723987579345703e+00
-1.398903876543045044e-01
5.500127792358398438e+00
-7.965731620788574219e-01
-3.131111145019531250e+00
2.831511259078979492e+00
-1.020478487014770508e+00
-2.096599102020263672e+00
3.715092420578002930e+00
9.065923690795898438e-01
-2.877836942672729492e+00
2.230869531631469727e+00
-1.393659114837646484e+00
2.436033725738525391e+00
3.312990903854370117e+00
-1.124511599540710449e+00
4.047617435455322266e+00
4.516324102878570557e-01
-6.772335171699523926e-01
7.340135574340820312e-01
3.532814979553222656e+00
2.253331899642944336e+00
-1.202555559575557709e-02
-9.451438784599304199e-01
2.198217064142227173e-01
4.904851436614990234e+00
2.690921306610107422e+00
6.200480461120605469e-01
-3.552499115467071533e-01
6.238074779510498047e+00
1.524390220642089844e+00
1.857088088989257812e+00
-1.111731171607971191e+00
1.432522833347320557e-01
9.898978471755981445e-01
5.320924282073974609e+00
-2.645603656768798828e+00
2.020534753799438477e+00
-8.560574054718017578e-01
-2.264242410659790039e+00
-4.900278091430664062e+00
-3.985363006591796875e+00
6.890375137329101562e+00
-1.897858619689941406e+00
8.928809762001037598e-01
-7.242327928543090820e-01
-8.175774216651916504e-01
-3.499412298202514648e+00
-1.259658336639404297e+00
4.211983680725097656e+00
-4.326059520244598389e-01
-1.923424839973449707e+00
-1.812475085258483887e+00
-2.371711283922195435e-01
2.520940065383911133e+00
-7.912589609622955322e-02
1.858288645744323730e+00
1.376667857170104980e+00
-1.838454127311706543e+00
4.152598381042480469e+00
-2.472817182540893555e+00
3.346140146255493164e+00
1.780874490737915039e+00
4.095841407775878906e+00
3.639510154724121094e+00
2.660855054855346680e+00
-1.418456912040710449e+00
2.310089588165283203e+00
-5.131378173828125000e+00
-1.602510094642639160e+00
5.902480483055114746e-01
-2.175999641418457031e+00
2.609392166137695312e+00
-1.192374229431152344e+00
3.584342002868652344e+00
1.483828067779541016e+00
-4.140632748603820801e-01
1.950293034315109253e-01
-1.441849470138549805e+00
-1.901385337114334106e-01
1.256887793540954590e+00
-5.193911194801330566e-01
-1.448876142501831055e+00
5.128673553466796875e+00
1.434177041053771973e+00
-1.412076830863952637e+00
4.887166023254394531e+00
9.321693778038024902e-01
-2.283446788787841797e+00
2.176213264465332031e+00
-2.407539486885070801e-01
2.762048006057739258e+00
4.191466808319091797e+00
-6.772127151489257812e-01
4.115782737731933594e+00
6.512144804000854492e-01
-2.893345832824707031e+00
3.624992668628692627e-01
4.190588474273681641e+00
3.052705526351928711e+00
2.692356824874877930e+00
-2.879998922348022461e+00
-4.599167406558990479e-01
4.727593898773193359e+00
4.436516761779785156e-01
-1.151255965232849121e+00
-1.077137947082519531e+00
2.170719623565673828e+00
2.979630470275878906e+00
2.615991353988647461e+00
-2.090634584426879883e+00
2.698310136795043945e+00
3.836992084980010986e-01
6.146467685699462891e+00
2.426450490951538086e+00
4.908121585845947266e+00
2.936306476593017578e+00
-5.199090957641601562e+00
-1.753620624542236328e+00
-2.822970628738403320e+00
1.353341698646545410e+00
-1.850054025650024414e+00
8.134614825248718262e-01
-1.870602965354919434e+00
-1.333197951316833496e+00
-3.402264356613159180e+00
4.854586124420166016e-01
3.156112909317016602e+00
6.961600184440612793e-01
-2.983770966529846191e-01
2.035246491432189941e-01
4.622972905635833740e-01
-3.531158864498138428e-01
3.912677466869354248e-01
-1.688117265701293945e+00
1.502808332443237305e-01
-6.135584712028503418e-01
4.911448955535888672e+00
-2.901158094406127930e+00
1.875161170959472656e+00
8.024510383605957031e+00
1.248378992080688477e+00
1.030506968498229980e+00
4.242429256439208984e+00
-3.414962291717529297e+00
1.922076195478439331e-01
1.590976357460021973e+00
-4.145333290100097656e+00
1.540929675102233887e+00
-1.603746771812438965e+00
3.768753707408905029e-01
-2.224356412887573242e+00
5.017860412597656250e+00
3.376884698867797852e+00
-8.316137790679931641e-01
1.082608938217163086e+00
-1.996269583702087402e+00
-1.104139328002929688e+00
