1.269384288787841797e+01
1.300898361206054688e+01
1.589294624328613281e+01
1.020493030548095703e+01
1.594598770141601562e+01
1.197082710266113281e+01
1.016520786285400391e+01
1.544410419464111328e+01
1.031411266326904297e+01
1.557791137695312500e+01
1.560147953033447266e+01
1.576190185546875000e+01
1.548175716400146484e+01
1.014658641815185547e+01
1.565809535980224609e+01
8.027525901794433594e+00
-6.352578639984130859e+00
-2.961086750030517578e+00
7.305248737335205078e+00
9.901834487915039062e+00
-1.702922344207763672e+00
-9.805765151977539062e+00
-8.455715179443359375e+00
3.336649417877197266e+00
-5.717533588409423828e+00
-2.934135496616363525e-01
3.369820594787597656e+00
4.043293952941894531e+00
-3.210399389266967773e+00
-1.086299991607666016e+01
3.406934499740600586e+00
-1.145362257957458496e+00
6.171257495880126953e+00
4.432098865509033203e+00
-1.232727146148681641e+01
-4.588234424591064453e+00
-8.055868148803710938e+00
2.145765304565429688e+00
-7.917806506156921387e-01
2.385369300842285156e+00
1.974775195121765137e+00
4.310719490051269531e+00
7.828934192657470703e+00
1.704834342002868652e+00
1.028927230834960938e+01
-2.370803833007812500e+00
4.142836093902587891e+00
-3.358633756637573242e+00
5.941075801849365234e+00
-2.557375192642211914e+00
-4.953907489776611328e+00
-6.731801986694335938e+00
1.120330333709716797e+00
-4.694253206253051758e-01
1.038164615631103516e+00
7.415937423706054688e+00
-4.426370620727539062e+00
4.329505920410156250e+00
4.176831245422363281e+00
-1.491959571838378906e+00
2.752625465393066406e+00
6.996736526489257812e+00
-6.353207111358642578e+00
3.992397308349609375e+00
1.002638149261474609e+01
-6.674530982971191406e+00
3.068307876586914062e+00
9.032802581787109375e-01
5.796682834625244141e+00
-5.271570205688476562e+00
4.069293498992919922e+00
5.280657112598419189e-02
2.739692211151123047e+00
6.726242303848266602e-01
2.258006334304809570e+00
-6.549707412719726562e+00
3.161826610565185547e+00
2.230543613433837891e+00
-3.719691038131713867e+00
-6.783083081245422363e-01
4.147931337356567383e-01
-6.586907863616943359e+00
-3.733331918716430664e+00
4.165437698364257812e+00
7.341728687286376953e+00
4.327625751495361328e+00
6.376702308654785156e+00
1.450309991836547852e+00
7.584212779998779297e+00
1.180089569091796875e+01
-5.113446116447448730e-01
1.843579292297363281e+00
-1.527148127555847168e+00
6.981378793716430664e-01
6.669463634490966797e+00
-4.262437343597412109e+00
3.860036849975585938e+00
4.806604385375976562e+00
-7.715264797210693359e+00
-5.289358139038085938e+00
3.536551296710968018e-01
-1.905974626541137695e+00
3.775508701801300049e-01
3.986068725585937500e+00
9.346084594726562500e+00
5.842866897583007812e+00
-1.428672224283218384e-01
7.117874622344970703e+00
-4.967629432678222656e+00
1.580944955348968506e-01
3.170987606048583984e+00
2.278555333614349365e-01
2.361497402191162109e+00
3.657521724700927734e+00
3.357385158538818359e+00
-5.056947231292724609e+00
3.490495204925537109e+00
3.627610206604003906e-01
7.052005290985107422e+00
5.839819431304931641e+00
-6.944821357727050781e+00
4.092977523803710938e+00
7.208148002624511719e+00
-1.405650615692138672e+00
1.279859781265258789e+00
-1.523828148841857910e+00
-2.115749835968017578e+00
-1.596250176429748535e+00
-2.195711135864257812e-01
-1.149361848831176758e+00
-1.433754444122314453e+00
-3.438797950744628906e+00
2.421996355056762695e+00
-1.660689234733581543e+00
5.807477474212646484e+00
5.650030136108398438e+00
7.587638854980468750e+00
-2.200981855392456055e+00
-5.385359004139900208e-02
-6.685213088989257812e+00
3.421667337417602539e+00
-3.829605102539062500e+00
-4.057305753231048584e-01
5.327126026153564453e+00
-9.722666740417480469e-01
-6.144467353820800781e+00
-1.389382481575012207e+00
2.532485246658325195e+00
3.490488052368164062e+00
3.430908679962158203e+00
-8.754363059997558594e+00
2.206880331039428711e+00
-1.766391396522521973e+00
1.977988362312316895e+00
-4.725851416587829590e-01
2.826598882675170898e+00
3.921441078186035156e+00
-2.996726036071777344e+00
2.734414339065551758e+00
-8.497393727302551270e-01
-1.568924546241760254e+00
8.686739802360534668e-01
2.194803476333618164e+00
2.315080463886260986e-01
2.036826133728027344e+00
3.767610073089599609e+00
-1.805534124374389648e+00
1.762762904167175293e+00
-2.526542901992797852e+00
-8.106101751327514648e-01
-1.874478459358215332e-01
-2.021252393722534180e+00
5.402972102165222168e-01
-1.213585734367370605e+00
4.076854228973388672e+00
-1.946635007858276367e+00
1.397536754608154297e+00
-1.389278292655944824e+00
-2.520045995712280273e+00
2.552994966506958008e+00
3.818750858306884766e+00
-1.016253590583801270e+00
3.852503299713134766e+00
-2.755218982696533203e+00
3.875210523605346680e+00
9.611107707023620605e-01
2.588019609451293945e+00
2.343344449996948242e+00
4.079437255859375000e-01
3.744731903076171875e+00
1.189585685729980469e+00
-1.785202026367187500e+00
-2.957799434661865234e-01
-1.296916246414184570e+00
2.605827331542968750e+00
-2.185265064239501953e+00
2.319461107254028320e+00
-1.754819750785827637e+00
3.458050966262817383e+00
-9.068753123283386230e-01
-2.769665479660034180e+00
3.010755062103271484e+00
3.013850450515747070e+00
4.673964381217956543e-01
-4.805209636688232422e-01
9.147608876228332520e-01
2.316347599029541016e+00
-1.924182534217834473e+00
-3.631134271621704102e+00
-2.571866273880004883e+00
-7.172331213951110840e-01
2.446904659271240234e+00
5.519964098930358887e-01
9.170821905136108398e-01
-3.893608570098876953e+00
-1.559326052665710449e-01
3.629253387451171875e+00
1.223339915275573730e+00
-8.551308512687683105e-01
2.237739086151123047e+00
1.066707968711853027e+00
-2.877724409103393555e+00
2.298522472381591797e+00
3.745872974395751953e+00
3.967335462570190430e+00
7.710005640983581543e-01
1.033582761883735657e-01
1.690552979707717896e-01
-2.604231119155883789e+00
-1.227058693766593933e-01
-2.520481824874877930e+00
4.036369800567626953e+00
8.057126998901367188e-01
-1.031220197677612305e+00
-2.863185167312622070e+00
3.045296192169189453e+00
-1.961631178855895996e-01
4.519455507397651672e-02
-1.308404922485351562e+00
-3.894820213317871094e-01
2.022320032119750977e+00
4.174631834030151367e-01
3.437866926193237305e+00
-5.685146450996398926e-01
-2.363560438156127930e+00
1.565962791442871094e+00
2.760744333267211914e+00
-1.209386348724365234e+00
-9.112016558647155762e-01
-2.728784561157226562e+00
-1.408940553665161133e+00
3.988188743591308594e+00
-8.181824088096618652e-01
-6.857262849807739258e-01
-1.549480199813842773e+00
3.046490430831909180e+00
2.981708288192749023e+00
-2.709090948104858398e+00
-8.055773377418518066e-01
4.242987155914306641e+00
-1.525548458099365234e+00
4.134897515177726746e-02
1.472807407379150391e+00
7.385386824607849121e-01
1.852229535579681396e-01
5.314064025878906250e-01
8.536566495895385742e-01
-6.658333539962768555e-01
4.030045986175537109e+00
-2.185017585754394531e+00
-2.802900791168212891e+00
8.700714707374572754e-01
4.093852043151855469e+00
-8.307922482490539551e-01
1.885685801506042480e+00
-5.933551192283630371e-01
4.007721900939941406e+00
2.915040731430053711e+00
1.394157648086547852e+00
-9.621894359588623047e-01
3.957106113433837891e+00
-2.195098876953125000e+00
6.447123289108276367e-01
1.997976899147033691e+00
2.134478092193603516e+00
-1.432378590106964111e-01
2.054109983146190643e-02
-3.560244292020797729e-02
-2.417777776718139648e+00
1.895840048789978027e+00
-2.563328146934509277e-01
2.895218849182128906e+00
3.840977668762207031e+00
-2.389613628387451172e+00
3.226070642471313477e+00
1.109887123107910156e+00
-1.466849088668823242e+00
8.006096482276916504e-01
2.583348989486694336e+00
1.641135364770889282e-01
1.944695115089416504e+00
3.722335338592529297e+00
-8.801130056381225586e-01
2.685039043426513672e+00
-2.842252254486083984e+00
-3.536319434642791748e-01
-9.734146595001220703e-01
-1.385009050369262695e+00
7.723710536956787109e-01
-2.467326402664184570e+00
2.945847749710083008e+00
-1.222816228866577148e+00
1.024179458618164062e+00
-1.490268707275390625e+00
-2.554401397705078125e+00
2.976553916931152344e+00
3.238146305084228516e+00
-1.190584301948547363e+00
2.625289916992187500e+00
-2.783624172210693359e+00
4.049098968505859375e+00
1.645711541175842285e+00
2.354609489440917969e+00
1.324500679969787598e+00
-1.524821400642395020e+00
4.289715290069580078e+00
7.821711897850036621e-01
-2.232814788818359375e+00
-2.424995750188827515e-01
-8.848413825035095215e-01
1.758104085922241211e+00
-1.947075247764587402e+00
5.666132569313049316e-01
-1.247075319290161133e+00
3.152233123779296875e+00
-1.246298074722290039e+00
-2.244743108749389648e+00
2.126391410827636719e+00
3.350684642791748047e+00
6.894840002059936523e-01
-6.742089390754699707e-01
1.218898892402648926e+00
2.181222915649414062e+00
-1.432719826698303223e+00
-3.822920083999633789e+00
-2.985458850860595703e+00
-6.277986168861389160e-01
3.280480861663818359e+00
7.129595279693603516e-01
1.550857543945312500e+00
-3.406577110290527344e+00
1.051290988922119141e+00
3.273592472076416016e+00
2.294426918029785156e+00
-1.745275378227233887e+00
2.463390827178955078e+00
2.148285388946533203e+00
-2.372365236282348633e+00
2.428345203399658203e+00
3.323204278945922852e+00
3.667808771133422852e+00
2.077186107635498047e-01
6.816150546073913574e-01
2.526158094406127930e-01
-2.586751937866210938e+00
-5.630336999893188477e-01
-2.415765285491943359e+00
3.552174091339111328e+00
7.768753170967102051e-01
-2.452219575643539429e-01
-2.571761131286621094e+00
1.938578128814697266e+00
-5.904352664947509766e-01
-2.384975403547286987e-01
-2.447783470153808594e+00
1.466666609048843384e-01
1.880922436714172363e+00
-3.977770507335662842e-01
3.651360034942626953e+00
-3.669902086257934570e+00
-7.474726438522338867e-01
-5.148068666458129883e-01
2.082601547241210938e+00
-3.211159467697143555e+00
5.062227725982666016e+00
-4.016776084899902344e+00
-2.543008327484130859e+00
4.363370835781097412e-01
-1.642876744270324707e+00
1.177884712815284729e-01
-6.712294816970825195e-01
3.342188596725463867e+00
5.269019603729248047e-01
-1.915616631507873535e+00
-2.854654490947723389e-01
4.654905319213867188e+00
-4.653302952647209167e-02
-5.287981629371643066e-01
6.165368556976318359e-01
9.243018031120300293e-01
-3.219123557209968567e-02
9.010069966316223145e-01
-1.244203686714172363e+00
-1.421495318412780762e+00
3.718116521835327148e+00
-1.289119005203247070e+00
-3.552143812179565430e+00
3.201268315315246582e-01
3.678543806076049805e+00
-1.741847157478332520e+00
2.638920307159423828e+00
-1.217022776603698730e+00
3.716619968414306641e+00
1.197507977485656738e+00
-1.329756975173950195e+00
6.872814893722534180e-01
3.798016786575317383e+00
-4.056932926177978516e-01
-3.882382512092590332e-01
1.748073458671569824e+00
1.269550919532775879e+00
-8.364588618278503418e-01
-1.354875326156616211e+00
-2.102164030075073242e+00
-7.288860678672790527e-01
