1.584691715240478516e+01
9.855207443237304688e+00
1.603341865539550781e+01
1.158411407470703125e+01
1.569151210784912109e+01
9.521349906921386719e+00
1.544603633880615234e+01
1.146986007690429688e+01
1.557347011566162109e+01
1.027690792083740234e+01
1.561314678192138672e+01
9.727640151977539062e+00
1.984934210777282715e+00
8.682608604431152344e+00
2.247401714324951172e+00
4.023018360137939453e+00
4.865987300872802734e+00
-7.955986022949218750e+00
2.052259445190429688e+00
-4.503618717193603516e+00
-1.053906559944152832e+00
5.428847312927246094e+00
1.193551898002624512e+00
9.720059394836425781e+00
2.032217741012573242e+00
-9.198030471801757812e+00
7.314500808715820312e+00
-1.678092330694198608e-01
8.853201866149902344e+00
-9.249697685241699219e+00
-7.346091270446777344e-01
4.105404615402221680e-01
9.580023765563964844e+00
-1.539818644523620605e+00
-4.884627461433410645e-01
-1.590234994888305664e+00
-3.425686597824096680e+00
-1.962745547294616699e+00
2.064196109771728516e+00
-4.429651796817779541e-01
3.855731964111328125e+00
4.116116762161254883e-01
-1.841055035591125488e+00
2.504026651382446289e+00
1.329787635803222656e+01
-1.336019396781921387e+00
4.498311579227447510e-01
-1.715081453323364258e+00
4.290068149566650391e-01
1.409033775329589844e+01
1.021944046020507812e+00
-5.475438594818115234e+00
1.306135368347167969e+01
-3.402490854263305664e+00
2.002758681774139404e-01
-1.305918025970458984e+01
-2.889194965362548828e+00
3.463125228881835938e+00
-1.906763076782226562e+00
-9.239435195922851562e+00
-5.622473239898681641e+00
1.152538895606994629e+00
1.125635147094726562e+00
-3.732663631439208984e+00
3.273931980133056641e+00
-5.704753398895263672e-01
-9.955287575721740723e-01
8.407806977629661560e-03
8.121497154235839844e+00
4.910489082336425781e+00
-8.482553482055664062e+00
-8.312075734138488770e-01
-1.601188659667968750e+00
8.373056411743164062e+00
-1.508729100227355957e+00
-2.125260353088378906e+00
6.170070767402648926e-01
-9.448354721069335938e+00
3.929847240447998047e+00
2.093901395797729492e+00
2.318546772003173828e+00
1.201308965682983398e+00
5.854485630989074707e-01
6.659185290336608887e-01
6.734872341156005859e+00
3.156369209289550781e+00
-4.390442967414855957e-01
2.036247253417968750e+00
-2.211613178253173828e+00
4.674764156341552734e+00
1.554688692092895508e+00
2.441282570362091064e-01
-1.019008159637451172e+00
2.493342876434326172e+00
4.218100070953369141e+00
2.905407190322875977e+00
4.125433444976806641e+00
-1.676480650901794434e+00
-1.639832019805908203e+00
-2.571180820465087891e+00
-3.847754240036010742e+00
-1.522351384162902832e+00
1.068558096885681152e+00
-1.139305353164672852e+00
-1.440417766571044922e+00
3.778002500534057617e+00
4.908941268920898438e+00
-3.404897212982177734e+00
-3.744201362133026123e-02
6.989309787750244141e-01
-3.446109294891357422e+00
4.265824705362319946e-02
4.038458824157714844e+00
-6.634388566017150879e-01
5.366091132164001465e-01
2.978365421295166016e+00
-3.097540378570556641e+00
1.926440477371215820e+00
4.905752658843994141e+00
3.728754818439483643e-01
-2.484112739562988281e+00
-4.554493725299835205e-01
1.790720671415328979e-01
-4.189996719360351562e+00
4.929036140441894531e+00
-1.158040687441825867e-01
2.224151849746704102e+00
-3.112935066223144531e+00
-4.499843716621398926e-01
4.443137645721435547e+00
2.583109855651855469e+00
-3.808269023895263672e+00
-3.637952089309692383e+00
1.604563713073730469e+00
2.158754616975784302e-01
1.824535280466079712e-01
5.474249720573425293e-01
-6.826919913291931152e-01
2.824661016464233398e+00
-2.134732007980346680e+00
-3.031188964843750000e+00
1.827578663825988770e+00
4.092168807983398438e+00
7.093238830566406250e-01
1.756868004798889160e+00
3.278190374374389648e+00
3.593302965164184570e+00
-1.559434056282043457e+00
1.297200679779052734e+00
6.295307278633117676e-01
4.231924057006835938e+00
-2.640661001205444336e+00
3.525594234466552734e+00
2.382218837738037109e+00
-5.613938570022583008e-01
-2.087406396865844727e+00
3.106876850128173828e+00
1.942152380943298340e+00
-1.978802680969238281e+00
-6.635414958000183105e-01
-1.261020541191101074e+00
6.629246473312377930e-01
2.631013654172420502e-02
3.135264158248901367e+00
4.449177265167236328e+00
-4.304311424493789673e-02
-2.979840517044067383e+00
-5.525966882705688477e-01
4.860564768314361572e-01
1.904271483421325684e+00
-7.969253659248352051e-01
1.885494589805603027e+00
3.270445108413696289e+00
3.313198089599609375e+00
3.089267969131469727e+00
-1.097087740898132324e+00
7.733631730079650879e-01
-2.874162435531616211e+00
-3.413836717605590820e+00
-3.579261004924774170e-01
-3.897582769393920898e+00
-1.469470858573913574e+00
-1.639213800430297852e+00
1.345943689346313477e+00
3.241694927215576172e+00
-3.463742256164550781e+00
1.910333514213562012e+00
-3.214057385921478271e-01
-1.920722365379333496e+00
7.170233726501464844e-01
1.569179534912109375e+00
3.393366336822509766e-01
1.276684403419494629e+00
3.170040845870971680e+00
-3.935814380645751953e+00
5.804680585861206055e-01
4.462169647216796875e+00
1.022727370262145996e+00
-1.233200550079345703e+00
3.082287609577178955e-01
6.772340536117553711e-01
-3.329413652420043945e+00
3.047085285186767578e+00
-2.136774361133575439e-02
9.919480085372924805e-01
-3.200218439102172852e+00
8.036454021930694580e-02
4.274115085601806641e+00
2.626223325729370117e+00
-3.831920385360717773e+00
-1.765341639518737793e+00
1.291992306709289551e+00
-1.010742545127868652e+00
2.248872280120849609e+00
-6.444217562675476074e-01
1.995374560356140137e-01
2.277869701385498047e+00
-2.115869998931884766e+00
-2.886199235916137695e+00
2.322820186614990234e+00
4.316383361816406250e+00
4.360856860876083374e-02
2.194969177246093750e+00
3.634589910507202148e+00
2.759631872177124023e+00
-6.229037046432495117e-01
1.784164547920227051e+00
-6.514313817024230957e-01
2.429563760757446289e+00
-2.198575496673583984e+00
3.177508354187011719e+00
-5.414312481880187988e-01
-1.603600233793258667e-01
-2.897557735443115234e+00
2.468022584915161133e+00
2.446372032165527344e+00
-2.758187651634216309e-01
2.116797268390655518e-01
-1.171314358711242676e+00
-2.991777062416076660e-01
1.073446869850158691e+00
2.882672786712646484e+00
5.413100242614746094e+00
-4.528315663337707520e-01
-3.149491071701049805e+00
-5.736807584762573242e-01
-6.338172554969787598e-01
