1.743830680847167969e+00
5.836441516876220703e-01
4.376451075077056885e-01
4.557042121887207031e+00
1.824041247367858887e+00
3.793594360351562500e+00
1.617525458335876465e+00
2.169245004653930664e+00
2.315992832183837891e+00
2.620601654052734375e+00
-1.094171553850173950e-01
7.985874265432357788e-02
-3.827304244041442871e-01
-8.606011867523193359e-01
2.272552728652954102e+00
1.322220563888549805e-01
-1.547710001468658447e-01
8.011797070503234863e-02
4.749451279640197754e-01
-1.537350714206695557e-01
7.422117888927459717e-02
9.792614728212356567e-02
3.004669249057769775e-01
7.517589330673217773e-01
-5.364279150962829590e-01
-3.212649002671241760e-02
-4.575808048248291016e-01
-6.992770731449127197e-02
-6.841880828142166138e-02
-1.127380505204200745e-01
-1.648418605327606201e-01
2.515249326825141907e-02
-2.267360538244247437e-01
-1.271281689405441284e-01
7.458897233009338379e-01
-1.998980045318603516e-01
9.888943433761596680e-01
9.653990745544433594e+00
9.639554977416992188e+00
1.324169158935546875e+01
1.342112827301025391e+01
1.537464618682861328e+01
1.494422817230224609e+01
1.743824958801269531e+01
1.950458145141601562e+01
1.901734733581542969e+01
1.963294029235839844e+01
2.000429534912109375e+01
2.260206794738769531e+01
4.129770398139953613e-01
6.009222269058227539e-01
1.403088420629501343e-01
1.847801357507705688e-01
-4.585373997688293457e-01
1.117814540863037109e+00
4.986013472080230713e-01
-3.224881291389465332e-01
-1.464175730943679810e-01
1.094989895820617676e+00
2.196833133697509766e+00
1.875152230262756348e+00
1.308623194694519043e+00
-7.611262202262878418e-01
1.252381205558776855e-01
4.392111599445343018e-01
1.043078184127807617e+00
2.672829627990722656e-01
-2.433139383792877197e-01
-1.016772508621215820e+00
6.744284629821777344e-01
9.703845381736755371e-01
-4.598000645637512207e-01
-3.474948406219482422e-01
-5.414002537727355957e-01
7.780857384204864502e-02
-5.965494513511657715e-01
-1.296755373477935791e-01
-3.901229798793792725e-02
-1.309376806020736694e-01
-3.798545837402343750e+00
-7.405179500579833984e+00
-2.391651391983032227e+00
-2.427267879247665405e-01
4.722809493541717529e-01
1.798646301031112671e-01
2.089269757270812988e-01
-5.307728052139282227e-01
-5.909051895141601562e-01
5.926319122314453125e+00
1.104647636413574219e+01
2.658601522445678711e+00
-1.732043735682964325e-02
-1.159550070762634277e+00
-5.415500998497009277e-01
-6.803125143051147461e-02
1.698964983224868774e-01
-1.376307159662246704e-01
-2.072919130325317383e+00
-5.298389196395874023e-01
2.733190059661865234e-01
-4.298608303070068359e-01
7.778010964393615723e-01
-1.325473636388778687e-01
-1.444970369338989258e+00
-1.601168036460876465e+00
2.702146768569946289e+00
1.077885150909423828e+00
-7.984795570373535156e-01
-3.717211782932281494e-01
-1.460159122943878174e-01
1.005308985710144043e+00
-2.101882696151733398e+00
1.004729032516479492e+00
-7.131255418062210083e-02
8.597281575202941895e-02
-2.529177367687225342e-01
2.563520908355712891e+00
-3.206525146961212158e-01
6.513680517673492432e-02
1.076612472534179688e-01
1.008926868438720703e+00
9.736388325691223145e-01
1.519166588783264160e+00
7.102577686309814453e-01
1.814758658409118652e+00
-9.395447969436645508e-01
2.349749326705932617e+00
-2.814329788088798523e-02
-1.031664013862609863e-01
1.194557622075080872e-01
-5.307414531707763672e-01
-2.507632672786712646e-01
1.499385833740234375e-01
3.137942552566528320e-01
-1.158187072724103928e-02
-2.458486407995223999e-01
-1.468154549598693848e+00
-2.212536334991455078e-01
6.861580610275268555e-01
1.013803668320178986e-02
1.720008403062820435e-01
2.397142536938190460e-02
2.204394787549972534e-01
-2.106406986713409424e-01
-3.476801216602325439e-01
-1.610712856054306030e-01
2.982771992683410645e-01
-2.435949295759201050e-01
1.004693470895290375e-02
8.507400751113891602e-01
1.822493970394134521e-01
5.537734031677246094e-01
-8.416043967008590698e-02
2.549259662628173828e-01
2.704407647252082825e-02
1.619620621204376221e-02
2.728523686528205872e-02
2.002484083175659180e+00
1.859497651457786560e-02
-2.487343549728393555e+00
-3.343000411987304688e-01
5.946199968457221985e-02
-4.200714230537414551e-01
-8.073658496141433716e-02
4.392318725585937500e-01
1.591365635395050049e-01
-3.866864681243896484e+00
-1.927711069583892822e-01
2.716684579849243164e+00
2.292176485061645508e-01
1.315547227859497070e-01
9.957233816385269165e-02
2.494789958000183105e-01
1.586721837520599365e-01
-2.607354223728179932e-01
-1.641684621572494507e-01
-3.617846071720123291e-01
4.479852318763732910e-01
2.470046132802963257e-01
-5.810396075248718262e-01
7.309778779745101929e-02
1.112850069999694824e+00
-1.681716591119766235e-01
-7.589246034622192383e-01
2.899972200393676758e-01
1.070611178874969482e-01
2.192721366882324219e-01
2.917847633361816406e-01
2.865024097263813019e-02
6.277289986610412598e-01
5.264145508408546448e-02
2.919593127444386482e-03
-3.760001063346862793e-01
-2.013981640338897705e-01
-2.144434452056884766e-01
3.457636237144470215e-01
1.737435758113861084e-01
-2.771720588207244873e-01
-8.436254858970642090e-01
-4.187900945544242859e-02
-5.013322830200195312e-01
2.593007087707519531e-01
-1.700485944747924805e-01
5.973917841911315918e-01
2.987085282802581787e-01
-4.537623226642608643e-01
-1.163825690746307373e-01
2.756911516189575195e-01
-2.082614004611968994e-01
-2.713144384324550629e-02
-8.038263320922851562e-01
-5.035237669944763184e-01
7.281593084335327148e-01
3.425357937812805176e-01
-9.679582715034484863e-01
-9.004835784435272217e-02
2.658973336219787598e-01
-4.876937866210937500e-01
2.519196458160877228e-02
1.100259870290756226e-01
2.329545170068740845e-01
-1.083788499236106873e-01
-1.571919769048690796e-01
2.636704035103321075e-02
4.557651579380035400e-01
-1.131113842129707336e-01
1.956099122762680054e-01
6.168553233146667480e-01
5.606826022267341614e-02
2.903833985328674316e-01
-6.066709011793136597e-02
1.452479362487792969e-01
-9.316188097000122070e-02
4.377700015902519226e-02
1.132598668336868286e-01
2.113143920898437500e+00
5.764220356941223145e-01
-1.165924906730651855e+00
-4.461031854152679443e-01
-9.633013978600502014e-03
-2.757199406623840332e-01
4.072563722729682922e-02
3.809542059898376465e-01
1.856743246316909790e-01
-3.014769554138183594e+00
-3.943068087100982666e-01
2.571313858032226562e+00
1.234380230307579041e-01
4.058842658996582031e-01
-1.433086488395929337e-02
1.627926016226410866e-03
4.918523877859115601e-02
4.120796173810958862e-02
5.786877870559692383e-01
-9.632367640733718872e-02
-3.098171763122081757e-02
1.510218381881713867e-01
-4.112541675567626953e-01
2.694626152515411377e-01
5.864882469177246094e-01
-3.572119772434234619e-01
-1.773927330970764160e+00
-6.497057080268859863e-01
5.372720211744308472e-02
-5.413673073053359985e-02
1.169786043465137482e-02
2.675816230475902557e-02
5.348639488220214844e-01
-2.175331860780715942e-01
1.720819026231765747e-01
3.912928327918052673e-02
-9.691493213176727295e-02
-7.078331112861633301e-01
8.617759495973587036e-02
-4.049979895353317261e-02
3.718204498291015625e-01
4.648207426071166992e-01
-1.804044991731643677e-01
-8.198878169059753418e-02
-3.012742996215820312e-01
5.131295919418334961e-01
-6.174417138099670410e-01
-1.416672110557556152e+00
-8.105537854135036469e-03
-1.047779107466340065e-03
8.122753351926803589e-03
2.867011586204171181e-03
-4.755352623760700226e-03
-4.842730704694986343e-03
5.872060079127550125e-03
2.594027668237686157e-03
-1.839405595092102885e-04
-6.191053893417119980e-03
-1.544563216157257557e-03
-3.437267849221825600e-03
-8.067676797509193420e-03
-1.956798834726214409e-03
7.979746907949447632e-03
-1.688933116383850574e-03
5.097682587802410126e-03
-4.559044318739324808e-04
8.432447910308837891e-03
8.933810517191886902e-03
7.432590704411268234e-03
-5.172017961740493774e-03
1.650837948545813560e-03
-6.775747169740498066e-04
-3.119411412626504898e-03
-3.104593371972441673e-03
6.439459510147571564e-03
-8.488086052238941193e-03
-1.941732247360050678e-03
5.814389325678348541e-03
2.007802715525031090e-03
-1.899839378893375397e-03
7.274218834936618805e-03
-7.455876097083091736e-03
2.986120758578181267e-03
4.288251977413892746e-03
3.634517546743154526e-03
-8.302703499794006348e-03
-5.492195487022399902e-03
-9.804690256714820862e-03
-1.427369192242622375e-03
-8.761893957853317261e-03
-4.494482651352882385e-03
6.422133184969425201e-03
-9.243586100637912750e-03
-1.486764289438724518e-03
3.169489325955510139e-03
8.333763107657432556e-03
5.346201360225677490e-03
5.301693090586923063e-05
2.277523744851350784e-03
-9.529326111078262329e-03
-6.950992625206708908e-03
-3.796242875978350639e-03
-3.148458432406187057e-03
-4.128350410610437393e-03
-6.535867578350007534e-05
6.008741911500692368e-03
1.950884587131440639e-03
-7.883979938924312592e-03
-7.120952941477298737e-03
-1.716566970571875572e-03
9.251312352716922760e-03
5.721013061702251434e-03
-4.706488456577062607e-03
-4.723621532320976257e-03
2.440882613882422447e-03
-1.667076605372130871e-03
6.438381504267454147e-03
1.060450915247201920e-03
8.809677325189113617e-03
1.670958008617162704e-03
9.066094644367694855e-03
-5.925740581005811691e-03
-8.526695892214775085e-03
4.139019642025232315e-03
-2.008509822189807892e-03
8.183284662663936615e-03
8.159695267677307129e-01
1.228090405464172363e+00
-1.816169261932373047e+00
6.904217600822448730e-01
