1.317507362365722656e+01
1.543340778350830078e+01
4.644443988800048828e+00
1.818839263916015625e+01
9.516063690185546875e+00
1.611490821838378906e+01
1.546994400024414062e+01
2.069132232666015625e+01
7.196711540222167969e+00
2.097088432312011719e+01
1.545711231231689453e+01
5.742664337158203125e+00
1.544490814208984375e+01
8.175460815429687500e+00
1.959386825561523438e+00
-3.123480558395385742e+00
-3.459067344665527344e+00
4.243440628051757812e+00
6.361713886260986328e+00
3.999255418777465820e+00
8.826779723167419434e-01
-2.131872653961181641e+00
1.556484603881835938e+01
7.420565605163574219e+00
-8.274350166320800781e+00
-3.279594421386718750e+00
8.570729494094848633e-01
1.305130004882812500e+01
-1.612134456634521484e+00
2.475484132766723633e+00
4.495214462280273438e+00
1.098609447479248047e+01
4.972803115844726562e+00
6.060220599174499512e-01
-1.841595768928527832e+00
9.969905018806457520e-01
1.505468845367431641e+00
6.434582710266113281e+00
1.470744705200195312e+01
1.147220015525817871e+00
-2.696797132492065430e+00
1.463250398635864258e+00
-1.586553287506103516e+01
7.186902046203613281e+00
6.422455787658691406e+00
1.856713056564331055e+00
-6.632459163665771484e+00
-4.008613109588623047e+00
-6.031394004821777344e+00
-7.561707019805908203e+00
6.552311897277832031e+00
-7.965636849403381348e-01
-5.794366836547851562e+00
3.176699876785278320e+00
-1.409279584884643555e+00
-7.833297729492187500e+00
-1.987061500549316406e+00
-1.866698861122131348e+00
1.532081508636474609e+01
-3.516136407852172852e+00
-4.949076175689697266e+00
5.165294170379638672e+00
6.332212924957275391e+00
-1.077158069610595703e+01
2.148803710937500000e+00
2.133346796035766602e+00
-2.072197437286376953e+00
-7.462872505187988281e+00
-7.238823413848876953e+00
6.974999904632568359e+00
-9.798728942871093750e+00
5.741217136383056641e+00
-1.796302199363708496e+00
-1.409574031829833984e+00
9.741780281066894531e+00
-5.593678951263427734e-01
-1.899149537086486816e+00
6.339163780212402344e+00
-5.692570209503173828e+00
1.006516838073730469e+01
-2.968684434890747070e+00
-1.049666023254394531e+01
2.990477561950683594e+00
1.987244606018066406e+00
3.396297991275787354e-01
1.147881150245666504e+00
4.346106648445129395e-01
3.052045404911041260e-01
-5.328876376152038574e-01
-9.097579121589660645e-01
-1.026409789919853210e-01
-4.205198958516120911e-02
-2.387092351913452148e+00
1.686558532714843750e+01
1.207897365093231201e-01
4.223046302795410156e+00
-1.289284610748291016e+01
-2.932328581809997559e-01
-4.859532356262207031e+00
1.842295825481414795e-01
7.277494072914123535e-01
1.635734677314758301e+00
-3.596607685089111328e+00
-7.132409095764160156e+00
1.096254944801330566e+00
4.613121449947357178e-01
3.090415000915527344e+00
4.751305878162384033e-01
4.359402179718017578e+00
7.729025363922119141e+00
6.815679550170898438e+00
5.745550155639648438e+00
7.430845260620117188e+00
-1.167281150817871094e+00
4.126451492309570312e+00
-4.386005401611328125e+00
-1.579972028732299805e+00
1.276868152618408203e+01
1.463130831718444824e+00
-4.723727703094482422e+00
3.788184642791748047e+00
2.818159341812133789e+00
3.861544370651245117e+00
4.920850276947021484e+00
-7.412412762641906738e-01
-1.839162111282348633e+00
-2.887731790542602539e+00
2.186186015605926514e-01
-1.093578457832336426e+00
1.968518972396850586e+00
-2.733824968338012695e+00
3.409014701843261719e+00
-1.969831228256225586e+00
-2.914505600929260254e-01
-4.221974849700927734e+00
3.582088708877563477e+00
-3.424571990966796875e+00
5.605727061629295349e-02
-1.022560119628906250e+00
2.290118217468261719e+00
2.408864200115203857e-01
-1.551526427268981934e+00
5.517890676856040955e-02
1.301695346832275391e+00
1.875864028930664062e+00
2.755017042160034180e+00
-1.266089558601379395e+00
-2.803165674209594727e+00
9.294394254684448242e-01
6.240656375885009766e-01
-1.865595579147338867e+00
5.495218634605407715e-01
-3.754483461380004883e-01
1.063874721527099609e+00
1.101667881011962891e+00
5.483636856079101562e+00
2.728509426116943359e+00
1.885205745697021484e+00
2.626951694488525391e+00
6.656764507293701172e+00
-1.702257394790649414e+00
9.946847558021545410e-01
3.130630016326904297e+00
-1.668000578880310059e+00
9.426877498626708984e-01
7.923123240470886230e-01
2.008452892303466797e+00
-2.705369234085083008e+00
4.119731903076171875e+00
-3.276057004928588867e+00
5.886000633239746094e+00
1.116425633430480957e+00
3.930352330207824707e-01
1.382720947265625000e+00
6.143279671669006348e-01
1.813593387603759766e+00
-2.672570943832397461e+00
-3.162986040115356445e-01
-2.501107692718505859e+00
6.219447776675224304e-02
-2.202497243881225586e+00
3.495169401168823242e+00
2.572568893432617188e+00
4.576760232448577881e-01
-2.335011482238769531e+00
1.316229701042175293e+00
-5.695997714996337891e+00
-1.083723664283752441e+00
-1.665558338165283203e+00
8.329823017120361328e-01
1.722460538148880005e-01
-1.016587018966674805e+00
1.102970466017723083e-01
-9.432534575462341309e-01
1.475365400314331055e+00
-5.378762483596801758e-01
-1.489733934402465820e+00
1.052454352378845215e+00
2.754976987838745117e+00
-1.001546144485473633e+00
2.525303840637207031e+00
-2.212289810180664062e+00
5.064059734344482422e+00
-2.618504047393798828e+00
6.165891885757446289e-01
1.897419214248657227e+00
-2.105833768844604492e+00
-2.027770996093750000e+00
2.912214756011962891e+00
1.900659322738647461e+00
-5.412621498107910156e+00
-5.887040138244628906e+00
4.148641109466552734e+00
3.447090387344360352e+00
-1.540495634078979492e+00
-3.025535583496093750e+00
-1.228828787803649902e+00
5.034184455871582031e+00
1.005996227264404297e+00
-1.171274542808532715e+00
-1.933872222900390625e+00
3.863144636154174805e+00
-3.699157714843750000e+00
-1.730740070343017578e+00
-4.006167411804199219e+00
2.890844345092773438e+00
1.663686394691467285e+00
3.884957551956176758e+00
6.652964115142822266e+00
3.312094807624816895e-01
2.017900943756103516e+00
1.271792948246002197e-01
1.034707903861999512e+00
1.162525713443756104e-01
4.397202968597412109e+00
-3.957344532012939453e+00
4.081879615783691406e+00
-8.926655054092407227e-01
8.711465001106262207e-01
-2.795223712921142578e+00
5.912765026092529297e+00
-2.250809907913208008e+00
-2.960797309875488281e+00
1.041427493095397949e+00
3.299952507019042969e+00
-2.053501844406127930e+00
-1.927854180335998535e+00
1.119313359260559082e+00
2.885893583297729492e+00
4.614830017089843750e-01
5.740436077117919922e+00
-2.236576080322265625e+00
-4.838743209838867188e+00
3.228836774826049805e+00
2.456466913223266602e+00
2.247255444526672363e-01
-1.275204658508300781e+00
3.850933015346527100e-01
2.171352148056030273e+00
1.223086714744567871e+00
1.736402034759521484e+00
2.054257869720458984e+00
1.752296686172485352e+00
1.042491674423217773e+00
4.933071136474609375e+00
1.266787409782409668e+00
-9.578769803047180176e-01
2.000762075185775757e-01
-1.058019042015075684e+00
-1.881460070610046387e+00
-7.301939129829406738e-01
6.827608942985534668e-01
-2.338121414184570312e+00
2.523595094680786133e+00
-4.928659915924072266e+00
4.153035640716552734e+00
-1.669338345527648926e+00
1.014798507094383240e-01
3.392623066902160645e-01
-1.021924376487731934e+00
9.123080968856811523e-02
2.663060903549194336e+00
-4.431020915508270264e-01
-1.723872542381286621e+00
-1.671687364578247070e+00
1.978051781654357910e+00
3.274016857147216797e+00
6.241359710693359375e-01
-4.284778237342834473e-01
-2.746423333883285522e-02
2.906517982482910156e+00
-3.062663078308105469e+00
-2.414288282394409180e+00
-4.303782284259796143e-01
-1.486905068159103394e-01
5.004751682281494141e-01
3.257552385330200195e-01
-3.372969031333923340e-01
7.238900661468505859e-01
-1.196741580963134766e+00
-3.352029323577880859e-01
1.395804286003112793e-01
3.187564134597778320e+00
1.712549567222595215e+00
-1.243338346481323242e+00
3.776091575622558594e+00
2.357778787612915039e+00
1.603683352470397949e+00
-1.164040923118591309e+00
3.114151954650878906e+00
2.951451301574707031e+00
2.387498378753662109e+00
1.611457020044326782e-01
1.801520586013793945e+00
2.348582029342651367e+00
-4.505699157714843750e+00
-5.510619163513183594e+00
4.031071186065673828e+00
1.786670804023742676e+00
-2.332777500152587891e+00
-4.466800212860107422e+00
1.281457901000976562e+00
3.242470502853393555e+00
-3.455955743789672852e+00
1.860217452049255371e+00
-4.203909873962402344e+00
3.769493579864501953e+00
-3.508172988891601562e+00
-1.683095693588256836e+00
-9.471700787544250488e-01
