1.235647392272949219e+01
1.541066455841064453e+01
9.365676879882812500e+00
1.224948215484619141e+01
1.101713085174560547e+01
1.541067028045654297e+01
1.546578502655029297e+01
1.541037178039550781e+01
1.208311939239501953e+01
1.541076564788818359e+01
1.541057872772216797e+01
1.103726768493652344e+01
1.541032505035400391e+01
1.147434425354003906e+01
4.241450309753417969e+00
-2.813062906265258789e+00
-4.855677127838134766e+00
5.127748012542724609e+00
4.654622554779052734e+00
4.839118480682373047e+00
4.372905492782592773e-01
-2.237545728683471680e+00
1.512792778015136719e+01
6.829852581024169922e+00
-4.951375484466552734e+00
-4.171301841735839844e+00
2.849945068359375000e+00
9.930073738098144531e+00
8.294993042945861816e-01
-1.153220057487487793e+00
1.995602369308471680e+00
1.136600685119628906e+01
4.460712909698486328e+00
-4.512093365192413330e-01
-2.553360700607299805e+00
9.953547716140747070e-01
3.618225097656250000e+00
6.575674057006835938e+00
1.129750537872314453e+01
-4.304197132587432861e-01
-3.756924390792846680e+00
1.872357606887817383e+00
-1.194323253631591797e+01
4.906681537628173828e+00
5.592964649200439453e+00
2.033992052078247070e+00
-8.872281074523925781e+00
-5.350878238677978516e+00
-4.077289581298828125e+00
-5.721709251403808594e+00
6.197294235229492188e+00
-2.791800022125244141e+00
-5.630746841430664062e+00
-2.139580488204956055e+00
-3.986186265945434570e+00
-6.449360847473144531e+00
-1.369824558496475220e-01
-1.853348612785339355e+00
1.261246204376220703e+01
-5.587074756622314453e+00
-2.416430234909057617e+00
7.777048110961914062e+00
5.289624691009521484e+00
-1.109130096435546875e+01
4.559556007385253906e+00
1.084116101264953613e+00
-1.297207832336425781e+00
-6.438396453857421875e+00
-5.622217655181884766e+00
7.940922260284423828e+00
-9.866898536682128906e+00
3.412329435348510742e+00
-8.644317388534545898e-01
-7.742273807525634766e-01
5.306044101715087891e+00
-8.723452091217041016e-01
-3.885446071624755859e+00
7.028722286224365234e+00
-1.767502188682556152e+00
7.996547698974609375e+00
-5.361009120941162109e+00
-8.205871582031250000e+00
3.053636848926544189e-01
2.220544338226318359e+00
3.750680983066558838e-01
3.432399034500122070e-01
2.792625315487384796e-02
-3.655532598495483398e-01
-2.559511363506317139e-01
-1.362824141979217529e-01
-7.721774280071258545e-02
2.266254186630249023e+00
-1.706256270408630371e-01
1.095877456665039062e+01
1.099815726280212402e+00
1.546072721481323242e+00
-1.003526782989501953e+01
-3.851906776428222656e+00
-2.057166337966918945e+00
-9.115608334541320801e-01
7.541736364364624023e-01
1.894542932510375977e+00
-2.601298809051513672e+00
-7.799017429351806641e+00
1.288381338119506836e+00
-5.751138329505920410e-01
5.190102100372314453e+00
-2.322146654129028320e+00
6.600334167480468750e+00
6.224574565887451172e+00
6.441295146942138672e+00
2.759784221649169922e+00
6.849030017852783203e+00
-9.230791330337524414e-01
4.756074905395507812e+00
-4.213634490966796875e+00
-1.267437577247619629e+00
1.077118110656738281e+01
2.558973789215087891e+00
-3.365942239761352539e+00
2.278098613023757935e-01
3.709756612777709961e+00
4.392867088317871094e+00
3.936882972717285156e+00
-7.860831618309020996e-01
-7.307647466659545898e-01
-2.494699954986572266e+00
-1.320388078689575195e+00
-2.013955354690551758e+00
3.269847154617309570e+00
-2.176900863647460938e+00
3.527694940567016602e+00
-5.200085788965225220e-02
5.111643671989440918e-01
-1.536795973777770996e+00
4.235379695892333984e+00
-3.593342304229736328e+00
-3.240987539291381836e+00
3.602256625890731812e-02
2.697498798370361328e+00
-1.704631567001342773e+00
-1.214355945587158203e+00
5.679190158843994141e-01
2.533541679382324219e+00
1.345830202102661133e+00
2.862556219100952148e+00
-1.184593200683593750e+00
-2.997756242752075195e+00
2.867370843887329102e+00
2.834146022796630859e+00
2.624314650893211365e-02
3.721252679824829102e-01
-7.198761701583862305e-01
2.390304327011108398e+00
3.186995744705200195e+00
5.089398860931396484e+00
3.622234821319580078e+00
1.834317207336425781e+00
1.763757944107055664e+00
4.570498466491699219e+00
2.100522756576538086e+00
1.135925427079200745e-01
1.404831767082214355e+00
-5.651756525039672852e-01
9.576398879289627075e-02
-2.142745018005371094e+00
-1.220632672309875488e+00
-1.529406070709228516e+00
2.461616098880767822e-01
-3.828367948532104492e+00
4.641894340515136719e+00
-2.025990784168243408e-01
-3.698371946811676025e-01
-1.739080548286437988e-01
4.586871564388275146e-01
-8.158439397811889648e-01
-9.349009394645690918e-01
-4.738687872886657715e-01
-1.741865515708923340e+00
-3.463086128234863281e+00
-5.359786748886108398e-01
1.960531949996948242e+00
2.542279005050659180e+00
3.629344105720520020e-01
-1.189125895500183105e+00
3.375567674636840820e+00
-3.681021451950073242e+00
1.103047952055931091e-01
-7.583082318305969238e-01
8.466166853904724121e-01
3.147626295685768127e-02
-8.115254342555999756e-02
-3.669254481792449951e-01
-7.425547838211059570e-01
9.206109046936035156e-01
4.296587705612182617e-01
-2.196930646896362305e+00
3.838660955429077148e+00
1.387103676795959473e+00
-1.752209544181823730e+00
3.082512378692626953e+00
9.783941507339477539e-01
2.338167667388916016e+00
-1.861731290817260742e+00
-1.155610084533691406e+00
3.733891963958740234e+00
-2.152765989303588867e+00
-2.785323858261108398e+00
3.770864963531494141e+00
3.785273313522338867e+00
-3.521755695343017578e+00
-3.421420812606811523e+00
2.007980346679687500e+00
4.474786281585693359e+00
-5.046605467796325684e-01
-1.440498232841491699e+00
-8.426741361618041992e-01
4.866919994354248047e+00
8.790543079376220703e-01
-1.398511290550231934e+00
-2.102508544921875000e+00
1.735658884048461914e+00
-2.012140989303588867e+00
-3.285008430480957031e+00
-2.521275520324707031e+00
5.223007202148437500e-01
3.287172079086303711e+00
4.136137485504150391e+00
3.579861640930175781e+00
1.668047755956649780e-01
-3.456131368875503540e-02
-1.814367532730102539e+00
-1.290008783340454102e+00
-1.584329009056091309e+00
3.368534088134765625e+00
-1.743546366691589355e+00
3.744882583618164062e+00
1.082706525921821594e-01
1.239235758781433105e+00
-1.569765210151672363e+00
4.147095680236816406e+00
-2.984199285507202148e+00
-2.630097389221191406e+00
6.044709682464599609e-01
2.616476774215698242e+00
-2.446450233459472656e+00
-3.320345580577850342e-01
1.238562107086181641e+00
2.969475030899047852e+00
4.913383126258850098e-01
3.244977474212646484e+00
-1.446824312210083008e+00
-3.534818887710571289e+00
3.393627882003784180e+00
2.971980333328247070e+00
-4.810091853141784668e-02
1.206526875495910645e+00
-3.260118961334228516e-01
1.893837809562683105e+00
3.292707920074462891e+00
4.500841617584228516e+00
4.049206256866455078e+00
1.695341348648071289e+00
1.994629859924316406e+00
4.538173675537109375e+00
1.691161513328552246e+00
4.138226807117462158e-01
1.405091524124145508e+00
-8.356594443321228027e-01
-4.675463438034057617e-01
-1.647819399833679199e+00
-1.423790812492370605e+00
-1.237165451049804688e+00
9.578989744186401367e-01
-3.892580747604370117e+00
4.632754802703857422e+00
-1.157138586044311523e+00
-1.078062415122985840e+00
-2.314751222729682922e-02
8.002282977104187012e-01
-1.286497712135314941e-01
-2.977045774459838867e-01
-7.691241502761840820e-01
-4.164993762969970703e-01
-3.061109066009521484e+00
-2.692626230418682098e-02
1.695293545722961426e+00
1.387907147407531738e+00
4.103880226612091064e-01
-1.150876164436340332e+00
2.858017206192016602e+00
-3.153486967086791992e+00
-7.930794358253479004e-01
-1.290189146995544434e+00
4.919774234294891357e-01
4.115010797977447510e-01
-8.043324202299118042e-02
1.100720286369323730e+00
-2.940221428871154785e-01
-1.959119290113449097e-01
7.786039113998413086e-01
-1.582152366638183594e+00
4.250317096710205078e+00
2.216881513595581055e+00
-1.430019140243530273e+00
3.357144832611083984e+00
1.577988386154174805e+00
2.040700435638427734e+00
-2.067479848861694336e+00
-7.039919495582580566e-01
2.943588256835937500e+00
-7.228996157646179199e-01
-1.937573432922363281e+00
3.476926565170288086e+00
2.880519628524780273e+00
-3.456617116928100586e+00
-3.554239749908447266e+00
1.375105619430541992e+00
3.367688179016113281e+00
-8.105348795652389526e-02
-1.924725294113159180e+00
-6.739735007286071777e-01
4.398988723754882812e+00
8.488633632659912109e-01
7.006178498268127441e-01
-2.607380151748657227e+00
7.689672708511352539e-01
-1.458765506744384766e+00
-2.992549657821655273e+00
-4.685561656951904297e-01
