1.671407222747802734e+00
-7.715796828269958496e-01
-1.003915071487426758e-01
-2.553367018699645996e-01
1.735982179641723633e+00
4.478160858154296875e+00
5.823480486869812012e-01
1.777808070182800293e+00
2.760362386703491211e+00
2.559502363204956055e+00
2.166381120681762695e+00
2.364010810852050781e+00
5.152446627616882324e-01
2.389654636383056641e+00
-8.805961608886718750e-01
-2.382134348154067993e-01
-4.941419884562492371e-02
1.870319098234176636e-01
7.734782099723815918e-01
-5.861421823501586914e-01
-2.840913832187652588e-01
3.343996107578277588e-01
7.681549191474914551e-01
-1.984708756208419800e-01
-4.685578495264053345e-02
4.646390974521636963e-01
3.751730322837829590e-01
3.409539759159088135e-01
-2.756934165954589844e-01
-4.167222082614898682e-01
9.122034162282943726e-02
1.264331936836242676e+00
-4.778964221477508545e-01
-1.278640478849411011e-01
4.245304316282272339e-02
2.307889461517333984e-01
-2.870063781738281250e-01
-2.182478159666061401e-01
-2.008040845394134521e-01
-3.593381941318511963e-01
-1.556991040706634521e-01
3.215781226754188538e-02
1.679497212171554565e-01
-2.494148164987564087e-01
4.403008520603179932e-01
1.796900928020477295e-01
9.431780576705932617e-01
-4.043859243392944336e-01
5.920398831367492676e-01
6.042008399963378906e+00
6.705061912536621094e+00
8.523697853088378906e+00
1.028605651855468750e+01
1.324089813232421875e+01
1.380531215667724609e+01
1.519307327270507812e+01
1.573177051544189453e+01
1.475427150726318359e+01
1.745820045471191406e+01
1.885787200927734375e+01
2.049054527282714844e+01
1.956357574462890625e+01
2.746133995056152344e+01
2.710396194458007812e+01
3.227864074707031250e+01
-4.375989437103271484e+00
-1.651015758514404297e+00
-1.093349814414978027e+00
9.335583448410034180e-01
2.043379992246627808e-01
3.386249780654907227e+00
-2.970287322998046875e+00
-9.552241563796997070e-01
3.495037555694580078e+00
-5.764608979225158691e-01
1.143664479255676270e+00
-8.554422855377197266e-01
-1.128286242485046387e+00
-2.683473110198974609e+00
4.507068991661071777e-01
-4.589709281921386719e+00
-9.504521369934082031e+00
1.002504706382751465e+00
8.684492707252502441e-01
-5.877962112426757812e-01
-1.188399410247802734e+01
-1.148001432418823242e+00
-3.166031599044799805e+00
6.482472896575927734e+00
4.356259822845458984e+00
-7.660687923431396484e+00
-3.690365552902221680e+00
5.962567329406738281e+00
2.160642862319946289e+00
7.718250751495361328e-01
-3.640400648117065430e+00
-8.225033879280090332e-01
-1.181347966194152832e+00
-2.534695155918598175e-02
3.238893508911132812e+00
-2.608604133129119873e-01
-7.995361685752868652e-01
5.397401452064514160e-01
-3.848466575145721436e-01
9.725040197372436523e-01
-5.877723097801208496e-01
1.177460253238677979e-01
1.752907752990722656e+00
-1.382074594497680664e+00
1.628945589065551758e+00
1.346404433250427246e+00
-4.656640291213989258e-01
3.750408887863159180e+00
1.128667354583740234e+00
-1.147582054138183594e+00
-1.055313348770141602e+00
2.025867462158203125e+00
1.436911076307296753e-01
3.338790833950042725e-01
-1.522132635116577148e+00
1.195717573165893555e+00
-5.222486495971679688e+00
1.362204313278198242e+00
-2.124572694301605225e-01
-2.582422733306884766e+00
-9.035522937774658203e-01
1.003806233406066895e+00
-1.865557730197906494e-01
-5.701453685760498047e-01
-1.594976484775543213e-01
1.257322877645492554e-01
3.354639112949371338e-01
9.153675436973571777e-01
9.973876476287841797e-01
2.627181768417358398e+00
5.537853240966796875e+00
5.526742458343505859e+00
-7.017943382263183594e+00
3.741024255752563477e+00
3.511992216110229492e+00
-3.471942186355590820e+00
3.110001564025878906e+00
2.656594276428222656e+00
-2.125459909439086914e+00
-3.356272935867309570e+00
-8.261636495590209961e-01
-1.930973410606384277e+00
1.412263989448547363e+00
3.837952613830566406e-01
-8.059876561164855957e-01
-7.587620615959167480e-01
-2.005438804626464844e+00
2.029010295867919922e+00
1.255126953125000000e+00
2.017356634140014648e+00
6.248269081115722656e-01
-1.877123117446899414e+00
1.013591885566711426e-01
3.807925283908843994e-01
4.326082766056060791e-01
2.020491361618041992e+00
-1.468376994132995605e+00
-5.173608064651489258e-01
-2.849314689636230469e+00
-4.638189315795898438e+00
-1.818410277366638184e+00
-1.710150241851806641e-01
-2.647033333778381348e-02
1.291363686323165894e-01
-1.262051224708557129e+00
1.523206710815429688e+00
-1.985121250152587891e+00
6.286053061485290527e-01
-5.274609923362731934e-01
1.916730403900146484e+00
-1.344042181968688965e+00
-1.173877954483032227e+00
1.768347322940826416e-01
4.937024593353271484e+00
1.304676175117492676e+00
-3.726615667343139648e+00
5.496431589126586914e-01
3.432538747787475586e+00
1.310389488935470581e-01
1.287359148263931274e-01
2.366253852844238281e+00
-5.755006074905395508e-01
1.444814443588256836e+00
-1.272586107254028320e+00
-1.555330008268356323e-01
3.657966613769531250e+00
-3.605621099472045898e+00
-8.488686680793762207e-01
-2.124985456466674805e+00
7.148930430412292480e-01
-1.305859327316284180e+00
2.182939052581787109e-01
-1.842332601547241211e+00
2.153329372406005859e+00
2.941831350326538086e+00
6.488324165344238281e+00
1.413841843605041504e+00
2.804788351058959961e-01
4.435020983219146729e-01
3.418222069740295410e-02
6.109604835510253906e-01
-1.780813932418823242e-01
1.054501056671142578e+00
8.403796553611755371e-01
-1.995227932929992676e+00
-4.536208808422088623e-01
8.739948868751525879e-01
2.726116418838500977e+00
-2.422268867492675781e+00
1.004472494125366211e+00
-5.259661674499511719e+00
1.430415809154510498e-01
4.921617031097412109e+00
-8.555182218551635742e-01
1.686668395996093750e-02
1.721199005842208862e-01
2.463353157043457031e+00
3.958994746208190918e-01
1.528231024742126465e+00
-1.324181675910949707e+00
-2.395911455154418945e+00
3.772244215011596680e+00
-5.328285694122314453e-01
-3.225486516952514648e+00
4.144345223903656006e-01
-1.124566674232482910e+00
-3.063897132873535156e+00
2.014407873153686523e+00
2.221819460391998291e-01
1.674800366163253784e-01
-3.607707738876342773e+00
1.233747959136962891e+00
-9.997036457061767578e-01
8.484288454055786133e-01
9.133380651473999023e-01
-1.158860683441162109e+00
3.567672371864318848e-01
5.488569140434265137e-01
-4.959034025669097900e-01
1.634056568145751953e+00
-3.911627531051635742e+00
-4.097402393817901611e-01
6.276708245277404785e-01
-4.169316768646240234e+00
7.960009574890136719e-01
-5.924620628356933594e-01
6.836033463478088379e-01
5.237468332052230835e-02
1.597689688205718994e-01
-3.922727406024932861e-01
1.068232953548431396e-01
-9.610397219657897949e-01
1.001112461090087891e+00
-1.769406914710998535e+00
2.718503586947917938e-02
2.012697935104370117e+00
-7.886837422847747803e-02
2.600374817848205566e-01
-8.731142431497573853e-02
-3.771425485610961914e-01
2.337336689233779907e-01
5.828220844268798828e-01
2.357791550457477570e-02
2.729153335094451904e-01
-1.225210905075073242e+00
-1.279590129852294922e-01
-1.084121990203857422e+01
-1.755794137716293335e-01
9.919285774230957031e-02
-4.787254929542541504e-01
-4.289000928401947021e-01
1.640875935554504395e+00
-3.157503366470336914e+00
-1.566390872001647949e+00
-2.880114316940307617e-01
6.698856830596923828e+00
-2.356241703033447266e+00
1.290562152862548828e+00
-4.991669356822967529e-01
1.445833593606948853e-01
1.929407864809036255e-01
8.452046662569046021e-02
2.686344087123870850e-01
-1.789779812097549438e-01
-3.727275133132934570e-01
-4.548762142658233643e-01
-2.700219750404357910e-01
9.726694822311401367e-01
-4.600207507610321045e-01
-3.871630430221557617e-01
6.298207640647888184e-01
-5.483635067939758301e-01
1.678352057933807373e-01
1.413226574659347534e-01
5.431728363037109375e-01
1.779777258634567261e-01
7.024717926979064941e-01
5.160420536994934082e-01
-4.068632423877716064e-01
8.854484185576438904e-03
8.076484203338623047e-01
-9.595130085945129395e-01
8.306390643119812012e-01
8.374963998794555664e-01
5.356371998786926270e-01
-1.253987669944763184e+00
1.043944597244262695e+00
6.237984299659729004e-01
-6.195070147514343262e-01
-2.494696974754333496e-01
-5.909110233187675476e-02
2.450422763824462891e+00
-1.091370701789855957e+00
-1.386025905609130859e+00
1.605884917080402374e-02
-7.070519328117370605e-01
-1.010765552520751953e+00
2.736191749572753906e+00
1.903782933950424194e-01
5.034538507461547852e-01
-3.813192546367645264e-01
-8.696679472923278809e-01
1.685617923736572266e+00
9.520241618156433105e-01
1.932212859392166138e-01
-7.673746943473815918e-01
2.997541904449462891e+00
1.088506698608398438e+00
-5.944302082061767578e-01
1.270846605300903320e+00
4.800302088260650635e-01
-4.127890586853027344e+00
1.732337951660156250e+00
1.454234004020690918e+00
1.326476186513900757e-01
-1.012808799743652344e+00
3.451485633850097656e-01
-2.086475640535354614e-01
9.225326180458068848e-01
4.126444458961486816e-01
-2.432335138320922852e+00
6.231624633073806763e-02
7.323139160871505737e-02
1.620660573244094849e-01
-2.562610805034637451e-01
-9.192972779273986816e-01
1.742766618728637695e+00
9.393904209136962891e-01
3.028040170669555664e+00
-6.410592794418334961e-01
2.872163057327270508e-01
-2.317545376718044281e-02
2.962596416473388672e+00
1.010465025901794434e+00
1.501854419708251953e+00
-2.860747814178466797e+00
-2.333259820938110352e+00
3.903518438339233398e+00
-1.664663672447204590e+00
-2.204712867736816406e+00
-8.005771040916442871e-01
-1.968544125556945801e-01
1.118220567703247070e+00
-3.228874504566192627e-01
3.235548436641693115e-01
-2.622925639152526855e-01
-1.268135070800781250e+00
1.050131678581237793e+00
-1.751145601272583008e+00
8.640308976173400879e-01
5.507233142852783203e-01
-7.876197099685668945e-01
7.452600002288818359e-01
1.170739457011222839e-01
3.235380351543426514e-01
-1.034864425659179688e+00
1.107438728213310242e-01
-4.780565798282623291e-01
-2.224100530147552490e-01
-8.460142612457275391e-01
-5.542722344398498535e-02
-4.692340493202209473e-01
-1.710879802703857422e-02
-2.551485300064086914e-01
2.706900238990783691e-01
-1.119219064712524414e-01
-1.788266189396381378e-02
-1.105533719062805176e+00
8.756661415100097656e-01
8.379954695701599121e-01
2.949997782707214355e-01
9.611873030662536621e-01
-1.587829291820526123e-01
1.210643127560615540e-01
-2.988204956054687500e-01
1.295295506715774536e-01
-2.704255655407905579e-02
6.508344784379005432e-03
-1.022389829158782959e-01
-4.027090072631835938e-01
-6.021497771143913269e-02
-1.460166275501251221e-01
-6.936824798583984375e+00
-5.409448146820068359e-01
1.103300303220748901e-01
5.845397114753723145e-01
-5.574745535850524902e-01
-2.459001094102859497e-01
4.785619974136352539e-01
7.316693067550659180e-01
-6.378821283578872681e-02
-6.101035475730895996e-01
-4.698722660541534424e-01
5.509961247444152832e-01
-5.020155906677246094e-01
-1.661111265420913696e-01
3.130003213882446289e-01
7.803388684988021851e-02
4.384952485561370850e-01
-5.027182698249816895e-01
-8.588106930255889893e-02
-1.855225563049316406e-01
-3.942132368683815002e-02
1.039856553077697754e+00
-2.074390351772308350e-01
-6.644439101219177246e-01
1.968251466751098633e-01
-1.018610000610351562e+00
-3.394079208374023438e-01
-3.368885815143585205e-02
-2.955917641520500183e-02
2.198230743408203125e+00
1.008013725280761719e+00
3.851001858711242676e-01
-3.309890925884246826e-01
-3.301126137375831604e-02
4.335765838623046875e-01
-7.985737323760986328e-01
1.618971526622772217e-01
-7.685378789901733398e-01
8.855843544006347656e-01
-8.440505266189575195e-01
7.407555580139160156e-01
1.014078497886657715e+00
8.755093812942504883e-02
-1.565255045890808105e+00
-1.728016853332519531e+00
1.380360245704650879e+00
-1.509879112243652344e+00
-1.509795427322387695e+00
6.305781006813049316e-01
6.145644187927246094e-01
1.201651096343994141e+00
1.726107150316238403e-01
5.781232714653015137e-01
4.339066892862319946e-02
-6.145126223564147949e-01
-1.059494972229003906e+00
1.585861682891845703e+00
-4.671021997928619385e-01
7.148212790489196777e-01
1.232569217681884766e+00
-1.275038838386535645e+00
-4.674136936664581299e-01
1.614251136779785156e+00
-2.010049104690551758e+00
-4.273197352886199951e-01
-3.142458677291870117e+00
6.677591241896152496e-03
-8.177828975021839142e-03
9.417084045708179474e-03
-6.670683156698942184e-03
-7.810854353010654449e-03
8.041197434067726135e-03
-3.444578498601913452e-03
4.882279783487319946e-03
-1.757865422405302525e-03
6.634329445660114288e-03
-1.327912090346217155e-03
3.635559929534792900e-03
-3.077823668718338013e-03
-5.457910243421792984e-03
-3.462789114564657211e-03
-2.752225613221526146e-03
9.757780469954013824e-03
4.372783005237579346e-03
-6.145068444311618805e-03
7.889873231761157513e-04
-2.493870211765170097e-03
2.995989925693720579e-04
-3.371233586221933365e-03
-1.653076265938580036e-03
-9.827954694628715515e-03
5.631130654364824295e-03
4.431617911905050278e-03
-9.861515834927558899e-03
-3.930813167244195938e-03
5.696439649909734726e-03
6.367450114339590073e-03
8.686701767146587372e-03
2.009347081184387207e-03
-9.992782957851886749e-03
9.519436396658420563e-03
2.201075898483395576e-03
-6.972577888518571854e-03
-4.373936913907527924e-03
9.498942643404006958e-03
7.870289264246821404e-04
-8.500788360834121704e-03
-7.000381592661142349e-03
-3.375063650310039520e-03
5.973092745989561081e-03
6.769917439669370651e-03
4.920981824398040771e-03
7.208774797618389130e-03
5.799293983727693558e-03
3.495111828669905663e-03
-5.655481945723295212e-03
-1.447611430194228888e-04
-7.030693814158439636e-03
2.079774276353418827e-04
7.598368916660547256e-03
5.468469113111495972e-03
6.301738787442445755e-03
-2.922042505815625191e-03
4.986498970538377762e-04
8.798476192168891430e-04
-8.067408576607704163e-03
3.864091821014881134e-03
2.234435873106122017e-03
-9.210902266204357147e-03
-9.044170379638671875e-03
-8.822857402265071869e-03
-3.191518364474177361e-03
5.698079708963632584e-03
-5.261277779936790466e-03
1.956155290827155113e-03
1.357286470010876656e-03
-9.850810281932353973e-03
-6.996899843215942383e-03
-6.396106444299221039e-03
6.113016046583652496e-03
-9.892917005345225334e-04
3.853818401694297791e-03
5.346861667931079865e-03
6.607981864362955093e-03
5.976828397251665592e-04
-6.946438923478126526e-03
8.037027902901172638e-03
4.426058847457170486e-03
-8.932704105973243713e-03
-1.474826247431337833e-03
8.145214989781379700e-03
-4.904140252619981766e-03
-2.839669119566679001e-03
-6.632539909332990646e-03
2.516702283173799515e-03
-6.569503806531429291e-03
5.970405414700508118e-03
6.099900696426630020e-03
-3.399868961423635483e-03
-6.182804238051176071e-03
6.713584298267960548e-05
5.480880383402109146e-03
1.380787929520010948e-03
6.125555373728275299e-03
-7.998650544323027134e-04
-6.242251954972743988e-03
4.510233702603727579e-04
-5.364256910979747772e-03
6.320040673017501831e-03
8.867474272847175598e-03
2.343661617487668991e-03
-7.999173365533351898e-03
7.098092464730143547e-04
-5.610836669802665710e-03
3.122815629467368126e-03
-7.483337540179491043e-03
-2.022970234975218773e-03
8.126472122967243195e-03
2.323969267308712006e-03
-5.805640481412410736e-03
-6.921105552464723587e-03
2.312829717993736267e-03
1.228544395416975021e-03
9.390218765474855900e-04
-1.646088785491883755e-03
5.537480581551790237e-03
-9.820576757192611694e-03
-7.759683649055659771e-05
3.607299178838729858e-03
4.477675829548388720e-04
-5.974043742753565311e-04
2.562726847827434540e-03
-3.042640164494514465e-03
2.878105442505329847e-04
9.023448452353477478e-03
-2.861162880435585976e-03
4.925149958580732346e-03
5.489986855536699295e-03
-6.923172622919082642e-03
-3.552801907062530518e-03
-6.072560325264930725e-03
5.968172918073832989e-04
1.012386202812194824e+00
7.770775556564331055e-01
-1.405825734138488770e+00
4.134263396263122559e-01
