1.544753360748291016e+01
1.599696731567382812e+01
1.201512718200683594e+01
6.502269268035888672e+00
1.705550193786621094e+01
1.591884899139404297e+01
9.579780578613281250e+00
1.690519714355468750e+01
6.192233562469482422e+00
9.135642051696777344e-01
4.504722118377685547e+00
-8.281023979187011719e+00
5.766397476196289062e+00
2.673266649246215820e+00
3.223464727401733398e+00
-1.329469203948974609e+00
-1.857962250709533691e+00
1.156266021728515625e+01
1.481972694396972656e+00
5.829296112060546875e+00
5.277849674224853516e+00
-1.014571309089660645e+00
-2.027096033096313477e+00
-3.498418807983398438e+00
1.876715898513793945e+00
-2.382858276367187500e+00
7.254251003265380859e+00
4.232824325561523438e+00
4.737106323242187500e+00
-9.564637184143066406e+00
-1.086402511596679688e+01
-4.930118083953857422e+00
-5.787790298461914062e+00
7.289270877838134766e+00
6.772563934326171875e+00
-3.108808398246765137e-01
7.735231876373291016e+00
-2.034817218780517578e+00
4.699141979217529297e+00
-9.248511791229248047e-01
-6.428748130798339844e+00
-3.768579244613647461e+00
5.662344932556152344e+00
-7.335491180419921875e+00
5.402140140533447266e+00
-4.528801918029785156e+00
8.251944780349731445e-01
-9.227442741394042969e+00
1.189863681793212891e+01
9.475929260253906250e+00
-4.695867538452148438e+00
-7.010648727416992188e+00
5.061895370483398438e+00
9.397270202636718750e+00
-4.970097064971923828e+00
-2.100604534149169922e+00
2.912703037261962891e+00
-6.220616340637207031e+00
-2.996172606945037842e-01
-3.226990699768066406e+00
1.081698060035705566e+00
2.824026346206665039e+00
4.302143096923828125e+00
6.868239045143127441e-01
3.731530606746673584e-01
-5.758618116378784180e-01
3.111553192138671875e+00
3.151215314865112305e+00
-1.882522702217102051e+00
-2.270827293395996094e+00
-6.009243130683898926e-01
7.949602007865905762e-01
4.844028949737548828e+00
-1.293778419494628906e+00
2.633952721953392029e-02
1.150857353210449219e+01
2.020174503326416016e+00
1.693658947944641113e+00
-7.388449668884277344e+00
3.653380870819091797e+00
9.761900901794433594e+00
5.423505306243896484e+00
2.081450939178466797e+00
-1.769956648349761963e-01
-3.157556533813476562e+00
-3.784075260162353516e+00
-6.674408316612243652e-01
2.954518198966979980e-01
-6.831049919128417969e-01
-4.167755126953125000e+00
4.914991855621337891e-01
1.571532607078552246e+00
6.212214469909667969e+00
3.598966836929321289e+00
-4.817573070526123047e+00
4.018843173980712891e+00
-4.828946590423583984e-01
6.412757396697998047e+00
-2.127915859222412109e+00
-2.765217065811157227e+00
3.136856853961944580e-01
2.233016967773437500e+00
-2.299272060394287109e+00
-1.688571274280548096e-01
-1.850007891654968262e+00
7.834624648094177246e-01
7.004034519195556641e-01
2.536712646484375000e+00
-2.299577951431274414e+00
-1.908042669296264648e+00
-3.312635421752929688e-01
-2.874071359634399414e+00
5.406058430671691895e-01
3.987157583236694336e+00
1.597683310508728027e+00
-1.001808285713195801e+00
2.193482875823974609e+00
1.507838487625122070e+00
-3.066774904727935791e-01
-1.680372118949890137e+00
2.537933588027954102e+00
3.058382987976074219e+00
1.313637733459472656e+00
1.763642191886901855e+00
-3.256145954132080078e+00
3.262527704238891602e+00
6.552038192749023438e+00
4.173283874988555908e-01
-2.824720621109008789e+00
1.594004780054092407e-01
-1.218090176582336426e+00
1.075720548629760742e+00
-2.171892672777175903e-01
5.338610410690307617e-01
-2.180943965911865234e+00
-5.817462801933288574e-01
7.804183959960937500e-01
1.077938318252563477e+00
-2.759762287139892578e+00
-2.685163497924804688e+00
2.135575294494628906e+00
3.982981145381927490e-01
2.095538616180419922e+00
-1.248368263244628906e+00
2.165720224380493164e+00
