-5.074443656984007900e-01
3.171736836502932477e-01
3.917439938940387445e-01
-5.283240792076676628e-01
-1.549466612298461943e+00
-4.535533188029154394e-01
-7.513247292518025755e-02
-1.178516070757058776e+00
3.251761636753974227e-01
-1.004993203987922766e-02
-8.480153028035385399e-01
-2.539120821937076739e-03
1.340624366114505861e+00
-2.653460729567133081e-01
-2.823288535696537593e-01
-1.468211711154202570e+00
-4.416952739979493336e-01
-7.702336249924679468e-01
1.071568683135992461e-01
-1.367168613777147046e+00
1.175708286046979856e+00
9.758449414319505522e-01
-6.914896919008879372e-01
3.724619718004127528e-02
2.627954734916279067e-01
1.268048429404759370e+00
3.562428685894739044e-01
1.695277093213773068e+00
4.722194790957482957e-01
1.283559334437641253e+00
1.183893058458288072e+00
1.132451387093608597e+00
4.434798855495639680e-01
-2.589369231471773669e-01
1.574819547770992534e+00
