1.692086696624755859e+00
1.632573485374450684e+00
4.236421108245849609e+00
1.832886576652526855e+00
2.350545406341552734e+00
3.275618314743041992e+00
2.180001497268676758e+00
2.587389469146728516e+00
8.830724954605102539e-01
2.145148277282714844e+00
1.671646833419799805e+00
-6.695936918258666992e-01
-1.561928261071443558e-02
2.192368984222412109e+00
7.566775083541870117e-01
-5.696876049041748047e-01
-7.313627749681472778e-03
6.709915399551391602e-01
-5.119809508323669434e-01
-8.933315984904766083e-03
8.240521550178527832e-01
2.250530570745468140e-02
-2.304017096757888794e-01
-1.778326183557510376e-01
-8.139017969369888306e-02
1.025938689708709717e-01
-1.561807692050933838e-01
-1.156911998987197876e-01
-4.043905735015869141e-01
3.577305972576141357e-01
-6.796612143516540527e-01
1.013930606842041016e+01
1.320577812194824219e+01
1.354907035827636719e+01
1.476607131958007812e+01
1.547452545166015625e+01
1.723810577392578125e+01
1.884878158569335938e+01
1.986442565917968750e+01
1.953578948974609375e+01
2.994100761413574219e+01
1.561481952667236328e+00
-1.013602375984191895e+00
4.911173880100250244e-01
3.895303606986999512e-01
1.052772477269172668e-01
6.939687132835388184e-01
-3.801185488700866699e-01
1.465463757514953613e+00
-6.280701756477355957e-01
-3.155010461807250977e+00
1.883260458707809448e-01
-1.434440970420837402e+00
3.045484609901905060e-02
9.593796730041503906e-02
-4.093354940414428711e-02
3.176951706409454346e-01
1.158896565437316895e+00
-2.778056144714355469e+00
3.385569155216217041e-01
1.068746209144592285e+00
4.983883202075958252e-01
-2.023431360721588135e-01
1.207446455955505371e+00
-1.272041559219360352e+00
-1.615393280982971191e+00
3.744807481765747070e+00
3.516864478588104248e-01
6.991038322448730469e-01
-1.103846788406372070e+00
-7.928728461265563965e-01
2.450069665908813477e+00
-1.790052533149719238e+00
-2.453663796186447144e-01
2.464478015899658203e+00
6.213746070861816406e-01
2.047830820083618164e-01
-1.576804041862487793e+00
-5.544134378433227539e-01
5.249641835689544678e-02
-1.793160080909729004e+00
-1.016808226704597473e-01
2.560421466827392578e+00
8.968857526779174805e-01
-2.276986360549926758e+00
-3.040741011500358582e-02
-4.521852970123291016e+00
-7.177838683128356934e-01
5.198292732238769531e+00
2.894973278045654297e+00
8.923318982124328613e-01
2.162841558456420898e+00
-4.902572631835937500e-01
-6.434527873992919922e+00
1.870076537132263184e+00
-5.413223266601562500e+00
-2.113473415374755859e-01
6.549293398857116699e-01
-8.934640884399414062e-01
-2.327385097742080688e-01
-7.964415103197097778e-02
6.020439863204956055e-01
3.824226558208465576e-02
-1.557322591543197632e-01
5.720147490501403809e-01
-2.901569306850433350e-01
3.243032097816467285e-01
1.119452357292175293e+00
-3.178275823593139648e-01
-2.466155961155891418e-02
1.075788885354995728e-01
-7.834206521511077881e-02
1.261435270309448242e+00
1.229688897728919983e-01
4.671486020088195801e-01
-2.079441070556640625e+00
7.124944329261779785e-01
-3.105365335941314697e-01
4.460693299770355225e-01
2.230560332536697388e-01
-1.410621404647827148e+00
-5.530912876129150391e-01
-1.680662512779235840e+00
6.490225195884704590e-01
2.975055873394012451e-01
1.050331518054008484e-01
2.805155515670776367e-01
5.604026317596435547e-01
-1.313246488571166992e-01
8.844107985496520996e-01
4.228208065032958984e-01
-4.435317125171422958e-03
3.007291555404663086e-01
-5.810866951942443848e-01
2.062607705593109131e-01
5.875673890113830566e-01
5.674147605895996094e-01
-5.489726066589355469e-01
1.034978270530700684e+00
1.078851461410522461e+00
6.611122488975524902e-01
2.287130594253540039e+00
-6.035899519920349121e-01
-1.768756151199340820e+00
-1.820978820323944092e-01
6.537001729011535645e-01
9.027292579412460327e-02
-7.947063446044921875e-01
2.672721862792968750e+00
4.283722341060638428e-01
-3.501631692051887512e-02
-2.496607899665832520e-01
-9.642003476619720459e-02
2.785915136337280273e-01
-1.677200049161911011e-01
1.793576520867645741e-03
-4.054948389530181885e-01
2.547132074832916260e-01
1.071121618151664734e-01
-6.008930206298828125e-01
4.282025098800659180e-01
-2.172317206859588623e-01
8.516626432538032532e-03
4.128484800457954407e-02
1.660286635160446167e-01
-6.904118508100509644e-02
-6.988212466239929199e-02
-6.111828237771987915e-02
-9.660448879003524780e-02
1.246376559138298035e-01
6.536872386932373047e-01
-4.070110917091369629e-01
8.738937228918075562e-02
-5.437578558921813965e-01
4.597901403903961182e-01
4.745457172393798828e-01
-1.453669369220733643e-01
4.929749369621276855e-01
-3.627203404903411865e-01
4.531004279851913452e-02
1.359076946973800659e-01
-1.605203151702880859e-01
3.133752048015594482e-01
9.799573570489883423e-02
-5.523372292518615723e-01
-2.013187557458877563e-01
2.328949868679046631e-01
1.807832270860671997e-01
2.989586815237998962e-02
-2.036442607641220093e-01
-9.147300571203231812e-02
-2.426880896091461182e-01
-3.148110210895538330e-01
-1.211978048086166382e-01
-1.487412154674530029e-01
-1.777631975710391998e-02
-2.374645173549652100e-01
-6.567504405975341797e-01
4.586396813392639160e-01
1.482700824737548828e+00
-5.596792101860046387e-01
8.576228618621826172e-01
7.997917532920837402e-01
-1.001949191093444824e+00
-8.392585515975952148e-01
-7.981178164482116699e-01
5.937876179814338684e-03
1.276432536542415619e-03
5.361005241866223514e-05
-9.420334361493587494e-03
-7.397019769996404648e-03
-3.368512494489550591e-03
3.915715496987104416e-03
-8.087675087153911591e-03
-3.461251733824610710e-03
6.013546604663133621e-03
-3.198077436536550522e-03
5.331701133400201797e-03
5.602367222309112549e-03
7.627883460372686386e-03
-2.148628234863281250e-03
1.293283654376864433e-03
-5.081801209598779678e-03
-6.005024537444114685e-03
2.620145678520202637e-03
-4.793359432369470596e-03
5.220704711973667145e-03
3.862863173708319664e-03
-7.265122607350349426e-03
-7.187285926192998886e-03
5.951709114015102386e-03
4.940656479448080063e-03
-2.377382712438702583e-03
1.848165295086801052e-03
1.067876233719289303e-03
-7.752020843327045441e-03
3.238010918721556664e-03
-4.538544453680515289e-03
-5.011926870793104172e-03
-1.851312816143035889e-03
-9.067244827747344971e-03
6.195554975420236588e-03
-7.289501838386058807e-03
-2.839510329067707062e-03
-8.279995992779731750e-03
5.574540409725159407e-05
7.381890900433063507e-03
2.367615699768066406e-03
6.900648120790719986e-03
-6.143883336335420609e-03
9.938581846654415131e-03
5.760217551141977310e-03
5.014333873987197876e-03
-6.832720246165990829e-03
-5.742948502302169800e-03
8.538044989109039307e-03
-3.022196469828486443e-04
4.017256665974855423e-03
-1.692631863988935947e-03
-3.547980217263102531e-03
-1.029927749186754227e-03
1.914959549903869629e+00
8.880928754806518555e-01
-1.558530092239379883e+00
5.443455576896667480e-01
