-4.114820942418370546e-56
9.871546954734199408e-01
2.321448230371404353e+00
1.438564179176105018e+00
-8.573572176430653835e-01
4.415752698430721601e+00
-3.556708957502065505e-01
5.781200380339919231e-01
4.453877254603727742e+00
-1.427167111793055110e-01
7.675571736785433696e-01
4.157512720475468604e-01
9.733203069934445173e-01
1.044974219015271322e+00
9.073681323169479063e-01
-8.869118191609579593e-01
-1.432597828647706573e+00
1.471643924160303429e+00
-9.709623390775644625e-01
-7.001017804840586889e-01
-1.903682146775442341e+00
8.778477015457739618e-01
5.888698837005174741e-02
-6.288058297602919788e-01
8.003960305429272282e+00
-1.809645743937385198e+00
-5.218605057623780574e+00
5.065097518443728575e+00
-5.224350895384825222e+00
-2.735507815736067716e+00
1.293758642071904663e-01
-6.646479107619328586e-01
7.725060929180853353e-02
-3.139375313008575752e+00
2.185759043689500469e+00
8.800307752859057864e-01
-1.073522192405488518e+00
7.139194394413508893e-02
5.934052527447463560e-02
2.383102994634141714e-01
5.174365918439759460e-01
1.574768120548636074e-01
1.259024281274816248e+00
-5.979294056829486115e-01
4.368261930616061939e-01
7.947177832919916085e-02
9.426464100330381735e-01
1.401163004382168786e+00
-1.962306381903127783e-01
3.170073527772312438e-01
5.568018058566105433e-01
3.553159841564649257e-01
1.796714256390952447e-01
1.095140569372230033e+00
1.014260944165308542e+00
2.339878105282494625e-01
2.068875105838630102e-01
6.002486110542529785e-01
-4.137370239208082445e-01
2.946674581122885050e-01
3.156644171195547854e-01
7.382649599898500892e-01
9.673724120221361966e-01
7.784993048743652500e-01
-2.226431181391749226e-01
1.154476646117777783e+00
-6.180876817261734407e-02
6.988801193114716481e-01
2.437124827381823844e-01
2.632936208741885609e-01
2.656148637599350937e-01
1.810836127301406862e+00
8.529111554739337020e-01
1.005132782510976541e-01
-4.267235615040905206e-01
1.080163044642078685e+00
3.835545088706242972e-02
8.164758518744122950e-01
-3.202547262724622645e-01
4.979579711663118663e-02
-8.308750698608956542e-01
1.165160476175622351e-01
-8.495061159209964519e-01
2.822889934285091607e-02
4.158821272022764082e-01
8.144737912344376385e-01
1.446142173669052733e+00
6.466081672838462635e-02
-5.945275967348182533e-01
-6.860263311317588153e-02
-9.502520131543069903e-02
2.101930765072096197e+00
4.078608413786077858e-02
8.104065047282887901e-01
7.709654762791865457e-01
1.753772902662553257e+00
2.099965918389791852e+00
1.280515890881972707e+00
2.960550264160834999e+00
-7.665572095428061505e-01
1.565440015122056883e+00
6.166952245893624340e-01
-1.075715051723306281e+00
3.689803181724176651e-01
2.090166690701189101e+00
8.389055123213675635e-01
1.380520546095715707e-02
-3.620408661501283709e-01
1.906921602781930014e+00
-4.151114788500411379e+00
5.965692448166437512e-01
-7.768723656491439700e-01
1.610507195135969738e+00
1.267602117860540778e+00
4.157161673887281306e-01
-3.898816015496026632e-01
7.340152207099024384e-01
-5.882350778549308989e-01
-8.311337254409090214e-02
1.662061740060771342e+00
2.425247985265015505e-01
3.338358439228719665e-01
2.107948545400356866e-01
-1.336392472967543599e+00
7.443364359742645764e-01
7.017145627173144717e-01
3.007394073749711239e-01
1.066707234170258367e+00
-6.982217721083432416e-01
9.015654938045584155e-01
9.504567284017707562e-01
9.303790778614438040e-01
5.352751624611845616e-01
1.180498290567634223e+00
1.162108509635225939e+00
1.252238649070476495e-01
5.717194776069941531e-01
1.260018295877160632e+00
-1.734277214544877266e+00
-3.230568314917819372e-01
-1.775503868436029142e-01
3.497236006317538393e-01
5.100749615575725926e-01
1.433849028367048639e+00
1.635747510691010431e+00
1.279943914838166386e-01
1.378295032103441231e-01
1.023616458024409370e+00
1.808185696345500082e-01
1.201984294019917021e+00
-4.525164781377093437e-01
-1.053326533579843627e-01
-8.801318953498863396e-01
-2.875756645870737871e-01
9.119105854419604640e-01
7.759876087683504897e-01
1.648691548498307347e+00
2.971337032755095309e-01
-6.117512010201158201e-01
6.296162394539657203e-01
-3.931699630806733681e-01
9.684043615512298864e-01
9.889305477838963299e-01
-2.035039546151338641e+00
-2.996617293038045249e-01
1.966133133539595512e+00
2.518095111323432445e+00
2.601719817472153640e+00
3.553847288737170262e-01
-8.663442341050412443e-01
1.293343942051225604e+00
-6.204976118657923312e-01
1.854397000511427640e+00
1.094225852294016921e+00
-1.108537440145767466e-01
-3.355513459735993687e-01
-3.769277937641742904e-01
-3.740901514314664555e-01
3.334765553621041323e-02
-3.766321411490881621e-01
-3.330605660822439362e-01
-1.789813463086258605e-01
-2.600221631293823665e-01
2.408245662514864049e-01
6.703624965761810772e-01
6.898835547033532745e-01
2.188420802857039479e-03
4.474327887650585422e-01
1.740341705389080840e+00
9.091689700603474700e-01
3.547532080924742925e-01
2.604503304839426159e-01
1.192493899816417402e+00
4.205941544987431557e-01
-8.179758740948047668e-01
7.426724857185641737e-02
1.573456038577393024e+00
4.966239956037891146e-01
1.257608045719880996e-01
-2.607230812701421541e-01
1.561535593881998141e+00
-6.747157185503397381e-01
7.287416067813573539e-02
1.637853228412628370e+00
2.364390328114915896e-01
4.254488054897125754e-02
4.712514297000141017e-01
1.851518696596772484e+00
-2.706568758588426965e-02
6.453340991310287933e-01
2.807750086452976968e-01
8.899955410010101930e-02
7.550714469933304807e-02
2.953891136855208432e-01
-8.591680066422714424e-01
1.403633264837376160e+00
-2.381764033728749341e-01
1.553747272405950230e+00
1.621832997513269037e+00
7.573199636850129757e-01
-1.447454254704656773e-01
-2.587104968361107482e-01
1.489621170211216317e+00
-4.626203590911780184e-02
9.618999310084241916e-02
9.008504731121722009e-02
2.020184558438193001e+00
2.668324323795586039e+00
-3.807621897790548771e-02
1.440735171463379594e+00
8.997171038858355896e-01
7.741599984648515065e-01
9.140400422182669571e-01
6.026645978795245329e-01
1.422542619216425885e+00
1.000676261683496548e+00
5.158277501615483596e-01
8.378197105065268158e-01
-4.949211385827073095e-01
-2.283667633451231804e-01
-2.626428436960968060e-01
5.197224445359783784e-01
7.623822050029513964e-01
-1.002263766416452428e-01
1.159713668882107918e+00
5.706633078557807881e-01
-7.748564669070001631e-01
6.370430353792553291e-01
6.814242704776500847e-01
1.396474728612252525e+00
-3.201012516361340654e-01
1.162998514230791092e-01
1.019291879705336301e+00
4.857597043549616855e-01
2.186070215345219392e+00
1.009241223493500650e+00
-6.051659573227304717e-02
7.126092686844712754e-01
-4.285726996129228805e-01
1.979634465320377797e-03
2.631124353072074595e-01
6.736302088206432837e-01
-3.835578970113371344e-01
4.406840718057483675e-01
3.514661508306653886e-02
1.542490715608840324e+00
1.740168879989009598e+00
1.115860635100874187e+00
-6.650739090036343892e-01
6.174517149550177164e-01
3.882420160118207897e-01
8.530223319620759970e-01
2.140213268969987093e-02
-2.305276671440576464e-01
-5.844371440153521557e-02
7.542284385949930003e-01
6.534953618348511573e-02
6.208169084175189090e-01
-4.813868096542494035e-01
8.837643173385945072e-01
2.682006617891592448e-01
8.005615389566775875e-01
5.160932917990591895e-02
2.701480810129884835e-01
8.962427337297083907e-02
1.645461306607052476e+00
1.485622753264571161e+00
5.399343913534403461e-01
2.434090742929731377e+00
-5.088050755904863776e-01
1.285271464411431142e+00
-1.522681620756367593e+00
-2.875416893108242999e-01
5.388627223722403103e-01
2.078849301813022965e+00
6.124134177307468674e-01
-2.772314343252751390e-01
1.975690211056134071e+00
7.254010368744415738e-01
3.931174049289814398e+00
-6.348109836593919253e-01
4.099287172887713937e-01
4.415349485295860354e+00
1.324343354696051245e+00
-3.272671238810174188e-01
7.809137789069129365e-01
7.828060835056963596e-01
6.820764407907032867e-01
3.707325870514130983e-01
2.877677681368582263e-01
-5.060802459960332955e-01
4.069714839364447223e-01
-1.465296440976325831e+00
4.131873907817945613e-01
2.605173279733546732e+00
1.779047507030803388e+00
1.864691885455964204e+00
3.470946030593646814e+00
-1.390618119013764531e+00
9.924306901397891290e-01
-9.550221944484649228e-01
-3.476839426957027412e-01
7.663359477326838753e-01
1.385070602092930869e+00
1.760577770334164516e+00
6.760514406654115627e-01
-3.873999099927404322e-01
1.391822105544538557e+00
1.761383181623812355e-01
1.885448296570145343e+00
2.761894572722824459e-01
-5.288365976164772775e-01
9.672645079074685404e-01
-3.818304455858937407e-01
3.429080960850776072e-01
4.685106326727940251e-01
-6.338533946058678981e-02
1.182651359823178039e+00
-2.968597952873119200e-02
2.621297404316419444e-01
9.732632342302544037e-01
1.483621195130664816e+00
8.389427317369738679e-01
-2.192509154935649296e-01
1.473430254496659098e+00
8.767560684660119508e-01
2.009153262525463557e+00
1.651094842475796742e+00
5.923459295369430944e-01
1.576265524581885291e+00
2.321647330267556431e+00
-2.087741867335654589e-01
-1.078809034612654427e+00
4.511485754034776918e-01
-9.306189058937782699e-01
1.180334425495808359e+00
-8.498519504862795948e-01
6.143938116778382419e-01
1.147822723455399485e+00
-7.432236419810734906e-01
3.029186599921360301e+00
4.459679852748875684e-01
-2.776662613233869537e-01
1.656310323848316557e+00
3.823460067366259429e-01
-4.594397374219412189e-01
6.126171665158754998e-01
1.641525379908952420e-01
-2.377081524371311982e-01
-3.328577285391580709e-01
-5.752374073336262716e-01
8.399046258434184065e-02
-1.414649559088096420e-01
-2.524922791349366036e-01
1.475796974095132441e+00
-7.906134788972519756e-01
-2.712857053402924490e-01
3.771491552732726960e-01
1.142765843452060226e+00
1.066867957777570375e+00
1.058714137753469453e+00
-2.804953709140345919e-01
-1.381349144679047958e-01
2.192099897894881355e-01
8.179513827477757903e-01
-2.599246809528513169e-01
-3.264907458250818628e-01
-1.452348003245730546e+00
4.646269941229655420e-01
8.296914793026637369e-01
2.486393758085526651e-01
1.000663345683785455e+00
-6.729376415367374076e-01
-6.912933095542799222e-01
-1.072673940448714142e-01
1.031480724385927389e-01
1.101014983747425624e-01
-9.381032816086866122e-01
3.854964575013871131e-01
1.011573558659645489e+00
-3.634340453995783538e-01
2.354180704613664521e-01
1.323754385820298789e-03
3.630808405006021311e-01
4.081760061392691319e-01
2.118636862047386327e+00
3.080871540912351048e-01
3.833587303154189496e-01
8.416253624134250044e-01
8.998909999811099958e-01
-3.003859453370998911e-01
9.850090276804722711e-01
2.292817872075171959e+00
8.820163987648168558e-01
3.179335861153757548e-01
8.084282821204592101e-03
2.972020770445438220e+00
-6.729548031286173293e-01
6.101101382736247025e-01
5.033479914864987803e-01
-1.239581907254168293e-03
5.963658305106016994e-03
