2.197329282760620117e+00
-4.602247476577758789e-02
5.075192928314208984e+00
4.002235412597656250e+00
1.857806682586669922e+00
3.559955120086669922e+00
3.806541264057159424e-01
-5.804162025451660156e-01
8.075926452875137329e-02
-9.257518500089645386e-02
-1.016743332147598267e-01
3.703977763652801514e-01
3.861005306243896484e-01
1.980416178703308105e+00
-1.247950196266174316e+00
2.630040943622589111e-01
-3.134436607360839844e-01
1.419925987720489502e-01
3.779087662696838379e-01
-3.938617110252380371e-01
-7.110067605972290039e-01
5.250993967056274414e-01
8.790393829345703125e+00
1.329567432403564453e+01
1.537208366394042969e+01
1.729410934448242188e+01
1.911452293395996094e+01
2.356123542785644531e+01
2.692907905578613281e+01
-3.397768974304199219e+00
2.658992052078247070e+00
-1.813263654708862305e+00
-9.815680980682373047e-01
2.140945196151733398e+00
4.944734573364257812e+00
1.044054746627807617e+00
-8.322283625602722168e-01
2.951793372631072998e-01
-9.674091935157775879e-01
-3.144863843917846680e-01
-3.058761119842529297e+00
2.329592227935791016e+00
-8.051189184188842773e-01
-8.953595757484436035e-01
-2.457206547260284424e-01
4.070722579956054688e+00
-2.230160385370254517e-01
6.711827754974365234e+00
-1.983214974403381348e+00
-1.624958038330078125e+01
-4.508696556091308594e+00
5.264534950256347656e-01
3.419006109237670898e+00
3.976678133010864258e+00
3.346671295166015625e+01
8.889966964721679688e+00
3.372107028961181641e+00
2.760391831398010254e-01
-3.282195329666137695e-01
-2.035561203956604004e-02
4.014365375041961670e-01
-1.079719439148902893e-01
1.606725573539733887e+00
1.122620224952697754e+00
5.608648061752319336e-01
-2.513688802719116211e-01
8.734674006700515747e-02
5.138426423072814941e-01
4.309143126010894775e-01
2.915202379226684570e-01
5.191971063613891602e-01
1.167528405785560608e-01
1.139415577054023743e-01
-1.134203553199768066e+00
-4.092831313610076904e-01
-4.749401807785034180e-01
5.568624138832092285e-01
1.384302496910095215e+00
1.716210842132568359e+00
6.584186106920242310e-02
-3.430037200450897217e-01
-1.068631291389465332e+00
-4.785808086395263672e+00
4.618445336818695068e-01
3.673181056976318359e+00
1.517902255058288574e+00
-6.072084903717041016e-01
1.002027750015258789e+00
2.791342884302139282e-02
-4.270250499248504639e-01
-2.274589776992797852e+00
-2.939002752304077148e+00
1.749080717563629150e-01
-9.883726388216018677e-02
2.519001364707946777e-01
-6.490639597177505493e-02
5.646428465843200684e-01
-8.667630553245544434e-01
3.008342087268829346e-01
3.823767974972724915e-02
2.274489998817443848e-01
-7.111143469810485840e-01
-1.055259257555007935e-01
-1.923030376434326172e+00
2.922546565532684326e-01
4.211017131805419922e+00
-1.346096694469451904e-01
1.378814578056335449e-01
-9.149240851402282715e-01
-4.124743342399597168e-01
-5.856341838836669922e+00
-2.298999547958374023e+00
-1.589493155479431152e+00
-3.258999902755022049e-03
-9.926004335284233093e-03
-6.554313004016876221e-03
-1.930907135829329491e-03
-9.945797733962535858e-03
-8.580934256315231323e-03
-5.088544567115604877e-04
9.963022544980049133e-03
6.902107503265142441e-03
1.594086759723722935e-03
5.312113557010889053e-03
-9.061819873750209808e-03
8.225337602198123932e-03
3.571486100554466248e-03
1.765801338478922844e-03
4.558734945021569729e-04
-6.005524192005395889e-03
-3.749710274860262871e-03
4.542906768620014191e-03
-2.642527455464005470e-03
8.522698655724525452e-03
-1.553261536173522472e-04
1.802244805730879307e-03
7.016059476882219315e-03
-6.660066545009613037e-03
-9.907655417919158936e-03
-2.288729592692106962e-04
-3.930430393666028976e-03
1.108431577682495117e+00
1.011404633522033691e+00
-2.132920503616333008e+00
7.281181812286376953e-01
