1.536226391792297363e+00
1.245807290077209473e+00
1.508491635322570801e+00
4.111202239990234375e+00
1.227822065353393555e+00
1.708791255950927734e+00
3.100918531417846680e+00
1.992237687110900879e+00
1.896723031997680664e+00
1.268206000328063965e+00
1.990009665489196777e+00
2.307226657867431641e+00
1.746217608451843262e+00
7.721552252769470215e-01
-1.163773298263549805e+00
-1.814514100551605225e-01
1.493194401264190674e-01
9.063662588596343994e-02
1.115759134292602539e+00
-4.195574298501014709e-02
4.109588637948036194e-02
-1.037889067083597183e-02
-2.764952778816223145e-01
6.164391636848449707e-01
3.291337788105010986e-01
-3.022423684597015381e-01
-2.151796668767929077e-01
-2.056972235441207886e-01
-1.306420445442199707e+00
-2.206001877784729004e-01
-1.671073213219642639e-02
-5.805024504661560059e-02
-1.604055017232894897e-01
7.929813116788864136e-03
-1.064303219318389893e-01
-1.962557584047317505e-01
1.956853568553924561e-01
1.635662913322448730e-01
-1.130902692675590515e-01
-1.562559455633163452e-01
-2.033068388700485229e-01
5.332195386290550232e-02
8.389428257942199707e-01
9.311990737915039062e+00
1.098486232757568359e+01
1.318055248260498047e+01
1.381541061401367188e+01
1.407053279876708984e+01
1.542739009857177734e+01
1.483649921417236328e+01
1.669369888305664062e+01
1.886735725402832031e+01
1.794471549987792969e+01
1.917996978759765625e+01
1.981220054626464844e+01
2.311338233947753906e+01
2.801424598693847656e+01
1.179150342941284180e+00
-6.411048173904418945e-01
4.687958359718322754e-01
2.149601094424724579e-02
-6.381592154502868652e-02
-3.341889679431915283e-01
4.274326264858245850e-01
3.806440532207489014e-02
-5.924698710441589355e-01
1.807371526956558228e-01
-1.968416869640350342e-01
3.860577046871185303e-01
1.270966827869415283e-01
1.304351449012756348e+00
3.310580551624298096e-01
-7.595952749252319336e-01
5.209522247314453125e-01
9.111405909061431885e-02
2.196890413761138916e-01
9.960979223251342773e-01
-5.369826555252075195e-01
-6.501185894012451172e-01
-2.019311040639877319e-01
3.731376230716705322e-01
1.945067346096038818e-01
-3.963872045278549194e-02
-2.492646276950836182e-01
7.284443080425262451e-02
-1.629569053649902344e+00
-5.885788202285766602e-01
6.890876218676567078e-03
3.882206976413726807e-01
-5.674017071723937988e-01
3.828019499778747559e-01
-1.582159250974655151e-01
-9.296741336584091187e-02
-1.472755968570709229e-01
-3.676876425743103027e-01
1.123852252960205078e+00
1.863875985145568848e+00
7.644024491310119629e-01
5.977874994277954102e-02
-6.464350223541259766e-01
-4.192281365394592285e-01
-2.158039510250091553e-01
-3.160096108913421631e-01
7.822541892528533936e-02
8.166694641113281250e-02
1.902860356494784355e-03
-5.243326187133789062e+00
1.225633621215820312e+00
-9.119518101215362549e-02
7.940760254859924316e-02
7.232722127810120583e-04
5.766276717185974121e-01
4.311607480049133301e-01
1.012175559997558594e+00
-9.054213166236877441e-01
4.616624116897583008e-01
6.034129261970520020e-01
-1.120720282196998596e-01
-3.504104912281036377e-01
3.096286058425903320e-01
-9.786617159843444824e-01
-3.608310818672180176e-01
-4.092651307582855225e-01
-2.576978504657745361e-02
-7.151529192924499512e-01
6.478375792503356934e-01
-1.039360642433166504e+00
1.637060195207595825e-01
-7.842690348625183105e-01
3.644592165946960449e-01
-4.018181860446929932e-01
5.502111315727233887e-01
-7.806017398834228516e-01
1.858979612588882446e-01
-4.195732474327087402e-01
-8.031113147735595703e-01
6.546840071678161621e-01
-4.482131004333496094e-01
5.808277726173400879e-01
5.639222860336303711e-01
2.579238176345825195e+00
5.044742822647094727e-01
1.897340416908264160e+00
8.941438794136047363e-01
-2.657088994979858398e+00
1.785305976867675781e+00
-2.291960239410400391e+00
2.903308272361755371e-01
-6.212807297706604004e-01
-1.094692587852478027e+00
2.094010859727859497e-01
-1.201077103614807129e+00
-2.711264193058013916e-01
1.143390655517578125e+00
2.454181432723999023e+00
2.752377033233642578e+00
1.054854393005371094e-01
-2.939087390899658203e+00
6.510499715805053711e-01
-1.606451630592346191e+00
1.115116477012634277e-01
4.568202018737792969e+00
5.138138532638549805e-01
-1.268749684095382690e-01
-2.662007324397563934e-02
-2.280399948358535767e-01
6.939946115016937256e-02
2.158742845058441162e-01
1.391621679067611694e-01
2.489812523126602173e-01
-1.942170597612857819e-02
1.776105165481567383e-01
2.721709311008453369e-01
1.681793034076690674e-01
1.535841524600982666e-01
-7.382928133010864258e-01
-6.525041908025741577e-02
2.411684840917587280e-01
-6.294969469308853149e-02
3.025664389133453369e-01
6.422578543424606323e-02
-1.947909593582153320e-02
-1.657238155603408813e-01
-4.626603424549102783e-01
1.171445921063423157e-01
1.257478445768356323e-01
1.857527047395706177e-01
4.322510585188865662e-02
-1.349970102310180664e-01
1.943784058094024658e-01
5.104619860649108887e-01
2.963936328887939453e-02
-5.731628462672233582e-02
-6.573586910963058472e-02
8.508745580911636353e-02
-9.037433564662933350e-02
1.128525286912918091e-01
8.575225621461868286e-02
1.969148963689804077e-01
8.803920447826385498e-02
6.651432514190673828e-01
-5.451115965843200684e-01
5.255474150180816650e-02
3.599570365622639656e-03
3.084987998008728027e-01
-2.680632472038269043e-01
-5.473183393478393555e-01
2.175208181142807007e-01
1.893309294246137142e-03
1.796471476554870605e-01
-2.096834778785705566e-01
1.579659938812255859e+00
-1.575674414634704590e-01
2.121910750865936279e-01
-8.825671672821044922e-02
-1.187851056456565857e-01
3.507708758115768433e-02
1.948172450065612793e-01
1.825376600027084351e-01
1.311721056699752808e-01
1.625799387693405151e-01
-6.828711628913879395e-01
1.284409314393997192e-01
1.679727733135223389e-01
-1.833829283714294434e-01
-6.097912043333053589e-02
1.990126669406890869e-01
2.382339388132095337e-01
9.874875098466873169e-02
2.944736480712890625e-01
-8.583675324916839600e-02
4.312476217746734619e-01
5.706142261624336243e-02
-1.042909361422061920e-02
2.488864213228225708e-02
1.721207797527313232e-01
7.607959955930709839e-02
8.950746059417724609e-02
-6.090489625930786133e-01
1.209912374615669250e-01
3.434286415576934814e-01
-1.142209395766258240e-01
-1.926915533840656281e-02
1.607171073555946350e-02
-5.154228955507278442e-02
2.387818843126296997e-01
2.388161420822143555e-01
-6.506557017564773560e-02
-3.457268476486206055e-01
-1.055252086371183395e-02
-5.392574667930603027e-01
1.382209181785583496e+00
-2.688941061496734619e-01
2.959710061550140381e-01
2.117304205894470215e-01
1.943856626749038696e-01
7.312026023864746094e-01
7.481473684310913086e-01
-6.287218332290649414e-01
-4.633995890617370605e-01
-2.231675982475280762e-01
1.552838325500488281e+00
4.982921183109283447e-01
-1.663309335708618164e-01
1.304518342018127441e+00
-1.197969019412994385e-01
1.749897599220275879e+00
-9.129993319511413574e-01
5.863271281123161316e-02
-9.824072942137718201e-03
4.258680716156959534e-02
-6.561017036437988281e-01
-1.217045485973358154e-01
-1.211432591080665588e-01
-2.618023194372653961e-02
1.445251554250717163e-01
-8.142986148595809937e-02
-2.861279994249343872e-02
9.233036637306213379e-02
-2.746798992156982422e-01
-8.270654827356338501e-02
1.218709275126457214e-01
-8.212406188249588013e-02
-1.447912957519292831e-02
-1.265998929738998413e-01
-8.697665482759475708e-02
-2.439856827259063721e-01
-8.065689355134963989e-02
2.607181370258331299e-01
5.297632142901420593e-02
-1.664164662361145020e-01
5.623295903205871582e-02
-1.446222066879272461e-01
-4.253280460834503174e-01
1.453464925289154053e-01
2.499079704284667969e-01
1.612251251935958862e-01
9.009777568280696869e-03
-2.736023813486099243e-02
2.710573971271514893e-01
-1.221378333866596222e-02
4.513287916779518127e-02
-5.062518641352653503e-02
1.183845326304435730e-01
-1.529763825237751007e-02
-4.885336458683013916e-01
-6.484432816505432129e-01
-4.758711755275726318e-01
1.375948078930377960e-02
8.408343046903610229e-02
1.858239024877548218e-01
7.512912750244140625e-01
1.472375839948654175e-01
-5.534093081951141357e-02
-9.077700227499008179e-02
4.476764202117919922e-01
-6.333084106445312500e-01
-1.436225771903991699e-01
-9.659390896558761597e-02
-1.029893532395362854e-01
-1.548746675252914429e-01
-6.510657072067260742e-01
-2.904218807816505432e-02
-9.557625278830528259e-03
1.524529755115509033e-01
-1.666804999113082886e-01
4.402482807636260986e-01
2.595242261886596680e-01
-5.622388795018196106e-02
7.839909195899963379e-02
3.257532715797424316e-01
-7.650063931941986084e-02
1.268376708030700684e-01
-7.234486937522888184e-02
2.355103194713592529e-01
-5.623862743377685547e-01
3.568120598793029785e-01
-9.257781505584716797e-02
2.978300154209136963e-01
-2.884518802165985107e-01
7.009328901767730713e-02
-1.339170616120100021e-03
4.240673035383224487e-02
-2.793989479541778564e-01
2.228479236364364624e-01
4.661293029785156250e-01
-2.528314888477325439e-01
-1.297154277563095093e-01
7.679658383131027222e-02
-3.417961895465850830e-01
-9.123917818069458008e-01
-1.657016426324844360e-01
-9.351728558540344238e-01
1.611972600221633911e-01
9.567959308624267578e-01
-5.107458233833312988e-01
-6.469414234161376953e-01
2.871996462345123291e-01
2.891201674938201904e-01
1.050618886947631836e-01
2.722322009503841400e-02
6.098585948348045349e-02
-1.615476161241531372e-01
-2.613564133644104004e-01
-7.379231452941894531e-01
-5.970931053161621094e-01
-2.284517586231231689e-01
8.613652586936950684e-01
2.074529230594635010e-01
-1.151824593544006348e-01
3.644007444381713867e-01
-4.982610940933227539e-01
9.787956252694129944e-03
4.020604246761649847e-04
3.722656518220901489e-03
-7.627213373780250549e-03
-3.772169584408402443e-03
-3.403515554964542389e-03
5.826840177178382874e-03
-6.296325940638780594e-03
-2.163663972169160843e-03
6.370840594172477722e-03
-2.257151762023568153e-03
3.018249291926622391e-03
7.196613121777772903e-03
9.050277993083000183e-03
9.576184675097465515e-03
-6.618737243115901947e-03
8.284037001430988312e-03
-7.326916791498661041e-03
-7.085983175784349442e-03
-6.934617646038532257e-03
-2.972337417304515839e-03
-7.757395505905151367e-03
8.013891987502574921e-03
-3.862312296405434608e-03
7.657217327505350113e-03
6.794908083975315094e-03
-8.045794675126671791e-05
-2.758635208010673523e-03
1.454194134566932917e-04
-3.281738376244902611e-03
-1.161604654043912888e-03
7.991378195583820343e-03
4.696090705692768097e-03
-2.263742033392190933e-03
-1.219130470417439938e-03
5.329527426511049271e-03
9.506973437964916229e-03
7.067995145916938782e-03
-5.619740113615989685e-04
9.134528809227049351e-04
6.852608639746904373e-03
1.223902683705091476e-03
8.861292153596878052e-03
3.073169791605323553e-04
-5.812857300043106079e-03
-5.832505878061056137e-03
2.788731653708964586e-04
-8.972242358140647411e-04
-3.827532287687063217e-03
-1.991484547033905983e-03
-6.707970518618822098e-03
3.936595749109983444e-03
9.883040562272071838e-03
8.005032315850257874e-03
-3.083708463236689568e-03
2.111864043399691582e-03
2.494436921551823616e-04
7.632746361196041107e-03
1.059225527569651604e-03
3.733088029548525810e-03
-6.940127816051244736e-03
-4.507211036980152130e-03
-9.326356463134288788e-03
5.769753988715820014e-05
-6.761058233678340912e-03
5.018813069909811020e-03
-2.436236478388309479e-03
5.783991422504186630e-03
-8.311818353831768036e-03
9.560991078615188599e-03
-3.851122921332716942e-03
5.580845754593610764e-03
-4.777402617037296295e-03
6.287458818405866623e-03
1.821220503188669682e-04
1.683763839537277818e-04
-4.997606854885816574e-03
-6.320532411336898804e-03
-4.915087949484586716e-03
4.058890510350465775e-03
8.110707276500761509e-04
-3.461407497525215149e-03
-2.433161484077572823e-03
-5.185686051845550537e-03
6.564395036548376083e-03
3.777389414608478546e-03
-1.785931061021983624e-03
9.437197819352149963e-03
4.912599455565214157e-03
7.101648952811956406e-03
8.209720253944396973e-03
1.396182808093726635e-03
8.129879832267761230e-03
4.371860995888710022e-03
-7.655320223420858383e-03
-2.811502432450652122e-03
5.312856286764144897e-03
2.411408117040991783e-03
3.853337140753865242e-03
3.496347228065133095e-03
7.360660820268094540e-04
4.326865542680025101e-03
9.565622545778751373e-03
9.411336854100227356e-03
-4.967313725501298904e-03
7.343587279319763184e-01
7.582485079765319824e-01
-1.427054762840270996e+00
5.278486013412475586e-01
