1.699078679084777832e+00
4.266466617584228516e+00
1.853964686393737793e+00
3.257341623306274414e+00
2.423604011535644531e+00
-1.645802378654479980e+00
2.161387920379638672e+00
1.956673383712768555e+00
2.783165693283081055e+00
3.190740346908569336e-01
-2.269835025072097778e-01
1.342475414276123047e+00
3.743497729301452637e-01
-1.484142839908599854e-01
-1.721226125955581665e-01
4.197508841753005981e-02
-1.885237693786621094e-01
-1.321875900030136108e-01
1.172425508499145508e+00
-2.949182875454425812e-02
-2.963814735412597656e-01
-2.866694927215576172e-01
-2.133170068264007568e-01
2.535479366779327393e-01
-2.055030912160873413e-01
-4.230719804763793945e-01
6.441391110420227051e-01
-6.938873529434204102e-01
1.331617736816406250e+01
1.315781784057617188e+01
1.552016639709472656e+01
1.484543323516845703e+01
1.042794799804687500e+01
1.736925315856933594e+01
1.946196746826171875e+01
1.902180480957031250e+01
2.131952667236328125e+01
5.401885509490966797e-01
-2.407025337219238281e+00
-1.334156543016433716e-01
3.876241445541381836e-01
4.719884395599365234e-01
4.336626827716827393e-01
-5.575448870658874512e-01
-4.381746649742126465e-01
-3.485242366790771484e+00
3.604749202728271484e+00
-1.939643174409866333e-02
-1.656368374824523926e-01
-1.969599425792694092e-01
-5.170150995254516602e-01
5.036294460296630859e-01
4.864762723445892334e-01
5.009795188903808594e+00
4.342391490936279297e-01
-7.826926112174987793e-01
-4.504116177558898926e-01
-1.046278119087219238e+00
-5.658090114593505859e-01
8.976957201957702637e-01
1.507759213447570801e+00
-1.008830592036247253e-01
-1.835435181856155396e-01
2.615320086479187012e-01
-3.805932998657226562e-01
7.542923092842102051e-02
-1.972994208335876465e+00
1.823669224977493286e-01
2.642555832862854004e-01
-7.642226219177246094e-01
6.038302779197692871e-01
-5.330748558044433594e-01
1.231976866722106934e+00
-3.873514477163553238e-03
-5.337632298469543457e-01
-1.667181134223937988e+00
1.881984949111938477e+00
-3.805001974105834961e-01
-3.799357116222381592e-01
4.915002733469009399e-02
8.421513438224792480e-01
2.629996776580810547e+00
8.643227629363536835e-03
1.196065664291381836e+00
-5.730761215090751648e-02
-5.266127735376358032e-02
1.124302893877029419e-01
5.953925848007202148e-02
3.178341984748840332e-01
-3.831632733345031738e-01
-4.416512846946716309e-01
-2.751704692840576172e+00
5.666483193635940552e-02
2.231313735246658325e-01
-3.842646479606628418e-01
3.491747975349426270e-01
-3.519760072231292725e-01
-6.111906766891479492e-01
1.696128398180007935e-01
1.775493323802947998e-01
4.549327492713928223e-02
-2.348655164241790771e-01
-1.788457334041595459e-01
3.341381251811981201e-01
9.951251745223999023e-02
-1.228515744209289551e+00
5.370584130287170410e-01
-6.925339251756668091e-02
-2.526124119758605957e-01
4.203546047210693359e-01
7.272542919963598251e-03
-1.627790778875350952e-01
-4.256916418671607971e-02
-2.703681588172912598e-01
-7.025153841823339462e-03
-7.252750992774963379e-01
1.449539899826049805e+00
1.066913366317749023e+00
1.030054450035095215e+00
-5.703567266464233398e-01
1.194621324539184570e-01
5.165084004402160645e-01
-3.489577770233154297e-01
-1.179497480392456055e+00
3.708198666572570801e-01
-2.794607281684875488e-01
-1.330404520034790039e+00
-6.266847997903823853e-02
2.194612026214599609e-01
1.760055422782897949e-01
-1.227390840649604797e-01
-1.937016397714614868e-01
1.693694740533828735e-01
2.403526902198791504e-01
-1.084746792912483215e-01
-4.525735676288604736e-01
8.206465244293212891e-01
2.486660145223140717e-03
-2.589805126190185547e-01
2.659716904163360596e-01
-2.441096156835556030e-01
-1.666695624589920044e-01
1.015595912933349609e+00
1.579110383987426758e+00
-6.299603730440139771e-02
3.558901846408843994e-01
2.808026075363159180e-01
7.883744835853576660e-01
-4.018658995628356934e-01
-3.394970893859863281e-01
5.862846970558166504e-01
-2.512775063514709473e-01
2.789728045463562012e-01
2.500191144645214081e-02
2.591538727283477783e-01
2.632381021976470947e-02
1.083198547363281250e+00
1.040074750781059265e-01
4.181798100471496582e-01
-3.439106941223144531e-01
8.335277438163757324e-01
-1.423638701438903809e+00
-1.342570066452026367e+00
-2.844478487968444824e-01
5.530393719673156738e-01
3.012076914310455322e-01
-5.248321890830993652e-01
2.753055691719055176e-01
1.326261758804321289e+00
1.717136353254318237e-01
1.228997334837913513e-01
-6.695822477340698242e-01
-9.146410739049315453e-04
2.872696844860911369e-03
-2.786704339087009430e-03
9.858537465333938599e-03
6.424154154956340790e-03
-5.942580290138721466e-03
-2.722716657444834709e-03
2.314506797119975090e-03
-7.060647010803222656e-03
-6.501717492938041687e-03
-2.131606452167034149e-03
2.454378176480531693e-03
2.500737784430384636e-03
8.409943431615829468e-03
1.672073150984942913e-03
7.301007863134145737e-03
6.963220424950122833e-03
6.066894158720970154e-03
-3.146048169583082199e-03
2.210224280133843422e-03
-1.587822567671537399e-03
-3.629550046753138304e-04
3.581000200938433409e-04
-6.082679145038127899e-03
5.115278181619942188e-04
2.699440810829401016e-03
-5.078400135971605778e-04
7.547783665359020233e-03
3.372100414708256721e-03
-2.098423661664128304e-03
3.688784781843423843e-04
-7.907727733254432678e-03
1.305826473981142044e-03
2.503864001482725143e-03
-8.606658317148685455e-03
4.863554611802101135e-03
5.282751284539699554e-03
3.741224762052297592e-03
3.436129074543714523e-03
7.515499368309974670e-03
8.030912838876247406e-03
2.407714957371354103e-03
-8.622564375400543213e-03
-5.533037707209587097e-03
-7.007080130279064178e-04
6.313846111297607422e-01
1.073649644851684570e+00
-1.891678333282470703e+00
7.121942043304443359e-01
