1.674300432205200195e+00
1.707273244857788086e+00
3.976886510848999023e+00
1.334518909454345703e+00
2.237575292587280273e+00
3.189002513885498047e+00
1.860970258712768555e+00
1.842669844627380371e+00
8.144044280052185059e-01
1.905455112457275391e+00
3.060201644897460938e+00
8.250988721847534180e-01
6.005220413208007812e-01
2.434225231409072876e-01
-4.287908375263214111e-01
-1.957946866750717163e-01
6.832439899444580078e-01
8.009336590766906738e-01
-1.537521481513977051e-01
5.544589757919311523e-01
4.129320383071899414e-01
8.428166806697845459e-02
-5.324051380157470703e-01
6.176233291625976562e-01
-6.461758613586425781e-01
-1.672599613666534424e-01
1.600814819335937500e+00
9.894791990518569946e-02
-1.876822113990783691e-01
1.106169521808624268e-01
-2.795796394348144531e-01
3.778154030442237854e-02
-3.466309309005737305e-01
-1.472424119710922241e-01
7.739653587341308594e-01
1.667213141918182373e-01
-3.769438862800598145e-01
-2.885822057723999023e-01
3.818008601665496826e-01
-3.506553173065185547e-01
1.027837371826171875e+01
1.315561580657958984e+01
1.329011154174804688e+01
1.396585464477539062e+01
1.541904640197753906e+01
1.495067977905273438e+01
1.676783370971679688e+01
1.834689903259277344e+01
1.791923141479492188e+01
1.929252815246582031e+01
2.168961715698242188e+01
2.508673858642578125e+01
2.804133605957031250e+01
1.497462034225463867e+00
-1.081941843032836914e+00
1.290482997894287109e+00
-5.063225030899047852e-01
5.428946614265441895e-01
6.011458039283752441e-01
7.243434339761734009e-02
5.972663313150405884e-02
-4.276805520057678223e-01
-4.568291604518890381e-01
2.680194377899169922e+00
1.388179659843444824e+00
-1.550388336181640625e+00
6.987438797950744629e-01
-1.086875677108764648e+00
-1.651841878890991211e+00
1.336229890584945679e-01
4.031653702259063721e-01
-1.592621952295303345e-02
-1.883431911468505859e+00
5.340566635131835938e-01
-3.491980433464050293e-01
2.336378097534179688e-01
-1.661458253860473633e+00
-8.368765711784362793e-01
1.634653210639953613e+00
-2.629012763500213623e-01
-6.295202374458312988e-01
1.134997978806495667e-01
1.032731652259826660e+00
2.070341587066650391e+00
-1.415550947189331055e+00
-5.841944217681884766e-01
2.788940668106079102e+00
3.736714363098144531e+00
1.650842308998107910e+00
2.619914531707763672e+00
-4.737642034888267517e-02
-5.378835797309875488e-01
-1.431477785110473633e+00
-3.316661417484283447e-01
4.564651846885681152e-01
4.580469727516174316e-01
-3.977375924587249756e-01
-2.049586057662963867e+00
1.487036943435668945e+00
7.290416210889816284e-02
-4.611175060272216797e-01
6.632667779922485352e-02
-9.352835267782211304e-02
-9.634781479835510254e-01
4.770964384078979492e-01
-1.931646913290023804e-01
1.469624876976013184e+00
-9.653719067573547363e-01
-3.502331078052520752e-01
5.758384466171264648e-01
-4.571816697716712952e-02
-5.300174355506896973e-01
-4.260282814502716064e-01
-1.174333930015563965e+00
2.709008455276489258e-01
1.501454591751098633e+00
-4.700319170951843262e-01
1.615754246711730957e+00
-7.067373953759670258e-03
3.724863007664680481e-02
7.890608906745910645e-01
-1.080304980278015137e+00
9.203067421913146973e-01
-3.703135728836059570e+00
2.571529522538185120e-02
3.640402257442474365e-01
-1.947401762008666992e+00
-4.092317104339599609e+00
-2.759404182434082031e+00
1.130920290946960449e+00
-1.202013134956359863e+00
1.604575037956237793e+00
1.095736846327781677e-01
-6.762284636497497559e-01
2.327980697154998779e-01
-9.245333075523376465e-01
3.199065685272216797e+00
2.067596673965454102e+00
-9.432516098022460938e-01
-4.667912960052490234e+00
-1.941482722759246826e-01
-3.274148464202880859e+00
-5.100449323654174805e-01
1.145619988441467285e+00
-2.714895606040954590e-01
2.623841762542724609e-01
-8.187444806098937988e-01
9.437187314033508301e-01
-4.336953461170196533e-01
-9.445884078741073608e-02
-1.438747793436050415e-01
8.392261862754821777e-01
-1.486880034208297729e-01
5.948888659477233887e-01
6.173050403594970703e-01
1.134311914443969727e+00
3.225584626197814941e-01
3.189874589443206787e-01
8.359438776969909668e-01
2.140371948480606079e-01
-4.060209542512893677e-02
-7.828600704669952393e-02
-1.846895515918731689e-01
-6.790345907211303711e-01
4.549674391746520996e-01
2.171216905117034912e-01
3.782621398568153381e-02
-8.059182167053222656e-01
-4.600367546081542969e-01
-2.113920927047729492e+00
1.095924615859985352e+00
2.558201253414154053e-01
-4.188905358314514160e-01
3.423039019107818604e-01
7.548837661743164062e-01
-6.966047286987304688e-01
-3.432576656341552734e-01
-3.633228829130530357e-03
1.395218968391418457e+00
-3.707114458084106445e-01
-1.019127011299133301e+00
2.314368337392807007e-01
4.788696169853210449e-01
3.661120682954788208e-02
-8.628764748573303223e-01
2.006217092275619507e-01
5.717079341411590576e-02
1.053159356117248535e+00
6.800034642219543457e-01
4.882839918136596680e-01
2.617837786674499512e-01
1.385547816753387451e-01
5.145909190177917480e-01
7.921033501625061035e-01
-3.709079697728157043e-02
5.176502093672752380e-02
2.665416896343231201e-01
1.295994073152542114e-01
-7.499101758003234863e-01
1.857597380876541138e-01
-1.734137684106826782e-01
1.669470220804214478e-01
-3.438912704586982727e-02
2.212090417742729187e-02
-1.506506502628326416e-01
-6.083355545997619629e-01
4.562991857528686523e-01
4.537239670753479004e-01
-1.550471335649490356e-01
-3.542236387729644775e-01
-1.510761231184005737e-01
7.333039045333862305e-01
1.062760472297668457e+00
2.227547168731689453e-01
2.981019258499145508e+00
-1.427753448486328125e+00
5.800245404243469238e-01
-1.927570998668670654e-01
2.301071405410766602e+00
1.322045564651489258e+00
1.009677767753601074e+00
2.831665873527526855e-01
-3.354289829730987549e-01
-7.855302095413208008e-01
-1.043692305684089661e-01
1.407387554645538330e-01
9.591465443372726440e-02
-1.178965687751770020e+00
-1.600758284330368042e-01
1.906921148300170898e+00
1.530260801315307617e+00
1.424306035041809082e+00
6.202818393707275391e+00
2.589235305786132812e+00
3.058233737945556641e+00
-1.998571008443832397e-01
6.956782937049865723e-02
5.287501960992813110e-02
-1.779691427946090698e-01
-1.225671991705894470e-01
-2.097314745187759399e-01
3.865902721881866455e-01
-4.602302014827728271e-01
-1.999290660023689270e-02
-5.540183931589126587e-02
-3.678611814975738525e-01
-4.880122244358062744e-01
-2.040707468986511230e-01
-4.200436770915985107e-01
1.673474162817001343e-01
2.454702109098434448e-01
-2.376643195748329163e-02
1.047721039503812790e-02
6.869277358055114746e-02
-1.792955249547958374e-01
-4.046682268381118774e-02
1.488947421312332153e-01
-2.844240665435791016e-01
2.907383069396018982e-02
2.994237542152404785e-01
4.879459738731384277e-01
-4.189714491367340088e-01
-3.162173330783843994e-01
1.263091564178466797e-01
4.280974715948104858e-02
4.018100798130035400e-01
6.723560392856597900e-02
3.108113110065460205e-01
4.228513240814208984e-01
5.007695555686950684e-01
6.052286624908447266e-01
-3.106326460838317871e-01
-1.308720931410789490e-02
-1.860445439815521240e-01
3.299272954463958740e-01
3.875214159488677979e-01
-3.160798251628875732e-01
2.843653857707977295e-01
-2.499824762344360352e-01
7.633251696825027466e-02
-4.920945316553115845e-02
6.056409701704978943e-02
6.307245790958404541e-02
-3.742155134677886963e-01
-3.542554378509521484e-01
2.582337856292724609e-01
-3.222206532955169678e-01
1.642448753118515015e-01
-5.124747753143310547e-01
1.551005393266677856e-01
1.628117263317108154e-01
-2.484218627214431763e-01
-4.880738444626331329e-03
2.162393182516098022e-01
2.366563528776168823e-01
6.224724054336547852e-01
-6.809502840042114258e-02
-3.600113987922668457e-01
2.537938952445983887e-01
1.474466919898986816e-01
-1.646357923746109009e-01
2.224853485822677612e-01
1.209324002265930176e-01
5.701099038124084473e-01
-2.083573341369628906e-01
-1.054231643676757812e+00
4.516884088516235352e-01
-2.942605018615722656e-01
4.505544602870941162e-01
5.653656721115112305e-01
-5.248062014579772949e-01
-3.850410878658294678e-01
1.194300130009651184e-01
-4.398148655891418457e-01
-2.147887498140335083e-01
5.694401264190673828e-01
6.255611032247543335e-02
1.116509735584259033e-01
-5.439664050936698914e-02
-8.438031673431396484e-01
-9.746202230453491211e-01
-1.182937175035476685e-01
-4.330825805664062500e-01
-3.436956882476806641e+00
-1.721083998680114746e+00
-2.467030048370361328e+00
-8.415337651968002319e-03
-8.650122210383415222e-03
-6.623992696404457092e-03
8.652830496430397034e-03
-4.716258496046066284e-03
5.002779886126518250e-03
-5.389809142798185349e-03
-7.923712022602558136e-03
-2.783845877274870872e-03
1.955396495759487152e-03
1.163634238764643669e-03
-2.170643070712685585e-03
5.611211061477661133e-03
-1.047621946781873703e-03
-4.345722030848264694e-03
4.329438786953687668e-03
4.064855165779590607e-03
8.553705993108451366e-04
-5.690894904546439648e-04
1.575264963321387768e-03
6.019526626914739609e-04
4.750563763082027435e-03
-4.921229090541601181e-03
5.044989287853240967e-03
9.207048453390598297e-03
-3.309986786916851997e-03
-5.049565806984901428e-03
-1.866023521870374680e-03
-2.698258496820926666e-03
5.890260916203260422e-03
7.448771502822637558e-03
7.529905531555414200e-03
2.849931770469993353e-04
-7.484202273190021515e-03
4.615958314388990402e-03
1.459429389797151089e-03
-3.811801550909876823e-03
-9.634170681238174438e-03
4.766197409480810165e-03
2.067527966573834419e-03
3.151452867314219475e-03
5.352037027478218079e-03
1.968465745449066162e-03
5.260966718196868896e-03
-2.605996560305356979e-03
-5.641206633299589157e-03
-5.080340895801782608e-03
-1.024455879814922810e-03
-5.815949756652116776e-03
-2.901351079344749451e-03
5.896793212741613388e-03
-6.860074587166309357e-03
9.766475297510623932e-03
-7.731684949249029160e-03
-1.603865763172507286e-03
5.687802564352750778e-03
7.051193155348300934e-03
-3.062505973502993584e-03
-6.824286654591560364e-03
-2.120668301358819008e-03
4.174570553004741669e-03
5.303928162902593613e-03
-8.261878043413162231e-03
9.120091795921325684e-03
1.809154637157917023e-03
-4.072068259119987488e-03
2.002098597586154938e-03
9.791097603738307953e-03
-1.285589649342000484e-03
-6.528388708829879761e-03
8.725766092538833618e-03
9.982796385884284973e-03
-1.345501979812979698e-03
-3.300453070551156998e-03
4.785815253853797913e-03
-5.882066907361149788e-04
-6.081347819417715073e-03
-4.258858505636453629e-03
5.665503907948732376e-03
2.546396572142839432e-03
8.513133041560649872e-03
2.930494491010904312e-03
5.727161653339862823e-03
-8.339205523952841759e-04
9.347945451736450195e-03
-2.818092936649918556e-03
8.394033648073673248e-03
-1.774126081727445126e-03
-9.747968870215117931e-04
-8.990502916276454926e-03
-6.049433257430791855e-03
1.585819840431213379e+00
6.948133707046508789e-01
-1.268330097198486328e+00
4.347452223300933838e-01
