1.701773285865783691e+00
3.078420460224151611e-01
2.552832663059234619e-01
-1.796841062605381012e-02
1.651786804199218750e+00
4.524075984954833984e+00
9.205608963966369629e-01
2.005560874938964844e+00
3.479511260986328125e+00
1.811839938163757324e+00
1.972842812538146973e+00
1.882335543632507324e+00
2.478790521621704102e+00
-8.474619686603546143e-02
4.870884716510772705e-01
4.965936541557312012e-01
-5.118992924690246582e-01
-7.867013663053512573e-02
4.222120344638824463e-01
1.865377873182296753e-01
9.201069176197052002e-02
4.704084396362304688e-01
1.191890984773635864e-01
9.462736546993255615e-02
1.979511231184005737e-01
1.823615580797195435e-01
1.969788223505020142e-02
5.331777501851320267e-03
2.750691771507263184e-01
-1.315963149070739746e+00
5.085613131523132324e-01
3.032651841640472412e-01
8.765565156936645508e-01
1.087919250130653381e-01
-1.632406264543533325e-01
-8.685522526502609253e-02
5.629834719002246857e-03
-1.222599297761917114e-01
-7.432450354099273682e-02
-1.780412644147872925e-01
-1.004594415426254272e-01
-8.309672772884368896e-02
3.223655372858047485e-02
-8.092136383056640625e-01
2.445608079433441162e-01
-6.874110698699951172e-01
6.585849285125732422e+00
5.974948406219482422e+00
7.852820873260498047e+00
1.022716903686523438e+01
1.325505447387695312e+01
1.351954460144042969e+01
1.465957546234130859e+01
1.542186832427978516e+01
1.699879264831542969e+01
1.811893844604492188e+01
1.945387458801269531e+01
1.926572227478027344e+01
2.284206962585449219e+01
2.450740051269531250e+01
2.531897163391113281e+01
-3.721329212188720703e+00
-2.591541111469268799e-01
-1.028809905052185059e+00
-4.387861192226409912e-01
-5.083112716674804688e-01
-2.714450836181640625e+00
8.709605336189270020e-01
3.195263147354125977e-01
-3.546774387359619141e+00
3.339920759201049805e+00
-1.549218297004699707e+00
-4.621267914772033691e-01
-6.483485698699951172e-01
8.790160417556762695e-01
-2.210875988006591797e+00
-1.671379089355468750e+00
3.784643709659576416e-01
8.056550621986389160e-01
1.744451075792312622e-01
2.210842370986938477e-01
4.036756455898284912e-01
4.629870057106018066e-01
1.827676147222518921e-01
1.283095836639404297e+00
7.491925954818725586e-01
-2.341351985931396484e+00
4.047251343727111816e-01
-3.085452795028686523e+00
1.773133754730224609e+00
2.839355766773223877e-01
6.890648603439331055e-01
-4.172153770923614502e-02
-2.180871725082397461e+00
2.552732229232788086e-01
-7.748954892158508301e-01
8.235102295875549316e-01
1.444481611251831055e+00
2.979007363319396973e-02
-2.029181718826293945e+00
-1.588578224182128906e+00
8.136064410209655762e-01
-7.680685073137283325e-02
1.296674966812133789e+00
-2.267995327711105347e-01
1.708413481712341309e+00
-3.776592910289764404e-01
-2.211542278528213501e-01
-4.042177796363830566e-01
-1.244494877755641937e-02
1.773054897785186768e-02
2.777535319328308105e-01
4.807429015636444092e-01
4.399297714233398438e+00
-2.919175863265991211e+00
-4.247196018695831299e-02
-2.109914064407348633e+00
2.029469907283782959e-01
-1.528980433940887451e-01
3.578309714794158936e-02
-5.264526978135108948e-02
-3.072813749313354492e-01
-2.451938092708587646e-01
-1.829257369041442871e+00
-1.063547372817993164e+00
-2.364612072706222534e-01
4.332860946655273438e+00
7.288479804992675781e-01
-1.419752091169357300e-01
2.489833347499370575e-02
1.150871396064758301e+00
-2.472347393631935120e-02
-1.199948787689208984e+00
2.552381992340087891e+00
3.449141979217529297e+00
1.055731058120727539e+00
4.333436191082000732e-01
-6.363509297370910645e-01
-8.966514468193054199e-01
2.432299256324768066e-01
1.994771510362625122e-01
2.609464824199676514e-01
9.365981221199035645e-01
1.993686199188232422e+00
-1.849571585655212402e+00
3.881962224841117859e-02
-7.986836135387420654e-02
-5.048143267631530762e-01
1.250736266374588013e-01
-3.927217721939086914e-01
-7.298067808151245117e-01
1.197394609451293945e+00
1.372497677803039551e+00
-1.254384160041809082e+00
1.486765861511230469e+00
-5.745131969451904297e-01
-2.445115000009536743e-01
6.931718587875366211e-01
-2.100690364837646484e+00
-2.545108079910278320e+00
-8.190714120864868164e-01
-1.470942497253417969e+00
1.229992508888244629e+00
-9.236569404602050781e-01
-1.410433292388916016e+00
-1.404292285442352295e-01
1.719232678413391113e+00
3.622412085533142090e-01
3.894704282283782959e-01
1.693771362304687500e+00
-5.077555775642395020e-01
-1.173426508903503418e+00
1.548920292407274246e-02
-2.499980479478836060e-01
-6.226665973663330078e-01
-1.484541177749633789e+00
-9.234992265701293945e-01
7.154123783111572266e-01
1.686573028564453125e+00
-9.841142892837524414e-01
1.041652560234069824e+00
2.606659173965454102e+00
-1.667708009481430054e-01
1.066123366355895996e+00
1.920810341835021973e-01
2.148217409849166870e-01
2.202241122722625732e-01
1.413304917514324188e-02
4.689365327358245850e-01
1.859246939420700073e-01
-8.879830241203308105e-01
-1.449198603630065918e+00
1.685081362724304199e+00
-7.530875802040100098e-01
-2.272761017084121704e-01
1.426701426506042480e+00
-2.078037112951278687e-01
-1.309286355972290039e-01
3.793290629982948303e-02
1.778135746717453003e-01
1.612701117992401123e-01
-2.215690314769744873e-01
-1.537690758705139160e-01
1.579648256301879883e-01
-2.083201706409454346e-01
8.299916237592697144e-02
1.594593971967697144e-01
1.569794654846191406e+00
-6.904130429029464722e-02
-1.499259173870086670e-01
5.973482877016067505e-02
-2.042531222105026245e-01
2.843119949102401733e-02
1.767719089984893799e-01
-2.258216440677642822e-01
2.684910595417022705e-01
-6.964221000671386719e-01
-1.493830233812332153e-01
-8.401794433593750000e-01
7.612761259078979492e-01
7.690561413764953613e-01
6.513183712959289551e-01
-3.114806413650512695e-01
-1.234499961137771606e-01
1.683465018868446350e-02
1.587923057377338409e-02
-4.178158566355705261e-02
5.841827392578125000e-02
1.629681885242462158e-01
-4.923293739557266235e-02
1.287562549114227295e-01
2.166663110256195068e-01
-2.503173649311065674e-01
-7.520619630813598633e-01
6.193599104881286621e-01
2.946437895298004150e-01
6.391649246215820312e-01
-9.521026909351348877e-02
3.419849649071693420e-02
1.515249907970428467e-02
5.820701271295547485e-02
1.998586058616638184e-01
6.970851868391036987e-02
-2.440015524625778198e-01
6.283452510833740234e-01
4.375886023044586182e-01
-1.008884429931640625e+00
1.237283125519752502e-01
-6.129034981131553650e-02
1.240881439298391342e-02
-3.184442594647407532e-02
4.503329470753669739e-02
5.154337286949157715e-01
-2.031777501106262207e-01
-1.565914273262023926e+00
-7.919986248016357422e-01
4.348292350769042969e-01
2.262078076601028442e-01
3.796183168888092041e-01
-1.682284474372863770e-02
8.626956492662429810e-02
-6.651315093040466309e-02
4.141513630747795105e-02
-1.088957339525222778e-01
-2.413198053836822510e-01
2.661898434162139893e-01
-8.570186793804168701e-02
1.049273312091827393e-01
5.055770277976989746e-02
3.123853206634521484e-01
2.538665533065795898e-01
5.960732102394104004e-01
2.570671737194061279e-01
5.714217424392700195e-01
-3.651792407035827637e-01
5.262579321861267090e-01
-1.745690219104290009e-02
4.217004477977752686e-01
3.822468221187591553e-01
-9.145269989967346191e-01
2.810435593128204346e-01
2.356124073266983032e-01
-1.034166365861892700e-01
-3.975382745265960693e-01
-7.353249788284301758e-01
7.708355188369750977e-01
3.569026887416839600e-01
-2.488468438386917114e-01
-4.085382521152496338e-01
-2.406439632177352905e-01
4.471459090709686279e-01
4.840927422046661377e-01
-3.152953088283538818e-01
5.549836158752441406e-01
4.767261147499084473e-01
8.055436611175537109e-01
1.160651519894599915e-01
6.482834815979003906e-01
7.537887692451477051e-01
9.183320403099060059e-01
-9.488909244537353516e-01
1.190619111061096191e+00
1.131259053945541382e-01
-5.998905897140502930e-01
-2.437458783388137817e-01
-6.137781143188476562e-01
7.228448987007141113e-01
2.518316507339477539e-01
1.837188005447387695e-01
9.145961403846740723e-01
-1.835672259330749512e+00
-4.426768422126770020e-01
1.172595262527465820e+00
1.908203661441802979e-01
-1.560042053461074829e-01
-4.982967972755432129e-01
-6.315637379884719849e-02
-1.250185966491699219e-01
7.039874047040939331e-02
-2.012366205453872681e-01
-3.249804675579071045e-01
2.777805030345916748e-01
9.924455732107162476e-02
2.771727740764617920e-01
-2.384562343358993530e-01
-5.312714353203773499e-02
-1.487860456109046936e-02
1.251562088727951050e-01
-5.624974966049194336e-01
6.005218029022216797e-01
-1.431446969509124756e-01
-3.279236853122711182e-01
9.379928559064865112e-02
7.341198325157165527e-01
-8.420900255441665649e-02
4.210929572582244873e-01
-3.729495406150817871e-01
-1.087088286876678467e-01
-2.550874650478363037e-01
1.150771141052246094e+00
9.411407709121704102e-01
1.788076907396316528e-01
-5.239532589912414551e-01
-1.648273468017578125e-01
1.261865603737533092e-03
-5.568539500236511230e-01
8.235488831996917725e-02
8.262746781110763550e-02
1.629465371370315552e-01
-6.187308952212333679e-02
2.715490013360977173e-02
3.206444904208183289e-02
3.529562056064605713e-01
-1.017372012138366699e+00
2.836848795413970947e-01
1.533864736557006836e-01
2.632287442684173584e-01
-1.185143291950225830e-01
-1.689593307673931122e-02
-9.376183152198791504e-02
8.712294697761535645e-02
2.409796863794326782e-01
-7.602265477180480957e-02
2.861367762088775635e-01
3.223849833011627197e-01
4.029323533177375793e-02
-1.560317993164062500e+00
-5.322815105319023132e-02
-5.552093032747507095e-03
-4.371634125709533691e-01
-5.544409900903701782e-02
7.605705410242080688e-02
3.431992232799530029e-01
1.849258542060852051e-01
-3.023885786533355713e-01
8.991602808237075806e-02
-3.424397110939025879e-01
1.280391961336135864e-01
2.217340320348739624e-01
-1.061254441738128662e-01
-1.103597879409790039e-01
-1.918584704399108887e-01
-4.719833284616470337e-02
1.401187181472778320e-01
7.865999937057495117e-01
8.444615453481674194e-02
8.849702030420303345e-02
1.382331401109695435e-01
-2.052657753229141235e-01
1.822638660669326782e-01
7.448853850364685059e-01
-6.108414530754089355e-01
-7.933232784271240234e-01
4.880422353744506836e-01
-6.211152076721191406e-01
2.428567409515380859e-01
-1.139657646417617798e-01
-8.153032660484313965e-01
-2.441424727439880371e-01
2.021809816360473633e+00
7.624675631523132324e-01
3.340995013713836670e-01
-4.300051927566528320e-01
4.088498055934906006e-01
5.751894712448120117e-01
-6.937395781278610229e-02
-3.579878509044647217e-01
-3.210456669330596924e-01
2.442230433225631714e-01
-1.448422297835350037e-02
2.260118573904037476e-01
8.209720849990844727e-01
3.149982690811157227e-01
3.571994900703430176e-01
-8.204281330108642578e-01
5.151782035827636719e-01
-6.455266475677490234e-01
6.426959037780761719e-01
1.244915127754211426e-01
-8.845708370208740234e-01
-4.689377546310424805e-01
-3.876181726809591055e-04
6.083223968744277954e-03
-1.622348827368114144e-05
3.898359835147857666e-03
1.770896371454000473e-03
-9.683614596724510193e-03
-4.846755415201187134e-03
5.591206718236207962e-03
-1.328324200585484505e-03
-6.679716985672712326e-03
-8.064283058047294617e-03
-5.628566257655620575e-03
-4.825966898351907730e-03
4.072209820151329041e-03
-2.343077445402741432e-03
9.173855185508728027e-03
6.876477040350437164e-03
3.332423977553844452e-03
5.165345035493373871e-03
6.662781815975904465e-03
2.176824258640408516e-03
-7.867887616157531738e-03
6.523767951875925064e-03
-8.363619446754455566e-03
1.780364080332219601e-03
2.898942679166793823e-03
-5.532743874937295914e-03
2.708824351429939270e-03
3.851237008348107338e-03
-3.209721529856324196e-03
-4.924723412841558456e-03
2.140096621587872505e-03
-5.912273190915584564e-03
-9.141338057816028595e-03
3.368701145518571138e-04
6.140349898487329483e-03
-6.619408726692199707e-03
3.024961566552519798e-03
-8.574337698519229889e-03
9.226312977261841297e-05
-5.499691469594836235e-04
-9.539779275655746460e-03
2.377986384090036154e-04
8.021838766580913216e-06
-7.528064772486686707e-03
6.634899880737066269e-03
4.479985218495130539e-03
3.721292596310377121e-03
-5.656471475958824158e-03
6.477079354226589203e-03
8.593077771365642548e-03
-7.532730698585510254e-03
1.827374449931085110e-03
6.009748205542564392e-03
-3.408195683732628822e-03
2.755026333034038544e-03
2.251754485769197345e-04
6.242002826184034348e-03
-7.612979970872402191e-03
-4.081001970916986465e-03
-2.129713539034128189e-03
4.698208067566156387e-04
-3.696056082844734192e-03
9.597836993634700775e-03
6.296355742961168289e-03
9.037938900291919708e-03
2.933724084869027138e-03
6.009547505527734756e-03
-4.329934250563383102e-03
-7.279800047399476171e-05
9.666797704994678497e-03
-4.129348380956798792e-04
2.583594992756843567e-03
1.633187988772988319e-03
9.340823628008365631e-03
-2.673747483640909195e-03
-4.408059176057577133e-03
-5.961433518677949905e-03
4.848769400268793106e-03
-7.181288092397153378e-04
5.667050834745168686e-03
6.930080242455005646e-03
-3.631139697972685099e-04
7.932523265480995178e-03
-9.648864157497882843e-03
-1.396935665979981422e-03
6.497173104435205460e-03
-6.049366667866706848e-03
-7.698859553784132004e-03
-3.615125082433223724e-03
6.787684280425310135e-03
-6.570410914719104767e-03
4.834952764213085175e-03
-8.754813112318515778e-03
2.469730097800493240e-03
2.705362159758806229e-03
-3.646634286269545555e-03
5.744585767388343811e-03
5.816642660647630692e-03
-4.388156812638044357e-03
-4.668449051678180695e-03
9.225708432495594025e-03
-5.418097134679555893e-03
9.509355761110782623e-03
5.089758895337581635e-03
7.826166227459907532e-03
-1.817047363147139549e-03
-4.476248795981518924e-05
-5.964982789009809494e-03
-7.575734518468379974e-03
-1.042849035002291203e-03
-2.510798396542668343e-03
-7.037662435322999954e-03
-5.790378898382186890e-03
2.182034950237721205e-04
7.810115494066849351e-05
-3.127402858808636665e-03
9.005083702504634857e-03
9.356650523841381073e-03
7.704084739089012146e-03
1.427712798118591309e+00
9.057464599609375000e-01
-1.555889129638671875e+00
6.173151135444641113e-01
