1.544489479064941406e+01
1.243730926513671875e+01
8.023892402648925781e+00
1.797535514831542969e+01
1.723794937133789062e+01
8.941505432128906250e+00
8.176295280456542969e+00
1.654821586608886719e+01
1.556196022033691406e+01
1.544485473632812500e+01
7.685316085815429688e+00
1.660347557067871094e+01
1.300190067291259766e+01
1.552290534973144531e+01
8.874706268310546875e+00
9.181056976318359375e+00
1.161502480506896973e+00
-2.787128686904907227e-01
3.173329591751098633e+00
-2.730959355831146240e-01
1.223675370216369629e+00
3.833461046218872070e+00
2.666275501251220703e-01
6.076724529266357422e-01
-1.188818335533142090e+00
-9.408113956451416016e-01
-3.683230280876159668e-01
-2.150730609893798828e+00
-4.895481109619140625e+00
3.241536855697631836e+00
3.560655593872070312e+00
-1.723827481269836426e+00
2.963952720165252686e-01
1.550604104995727539e+00
6.334082037210464478e-02
-2.634914219379425049e-01
-2.747002840042114258e+00
-4.396567642688751221e-01
1.069653701782226562e+01
7.926378846168518066e-01
-7.518826484680175781e+00
-1.066737747192382812e+01
-2.610912322998046875e+00
1.395688915252685547e+01
2.881323337554931641e+00
-5.112949371337890625e+00
-2.898684024810791016e+00
6.978538036346435547e+00
6.480269908905029297e+00
-9.163057327270507812e+00
7.700509071350097656e+00
7.603929042816162109e+00
-3.539807796478271484e-01
1.410240530967712402e+00
-1.337536692619323730e+00
-4.026340246200561523e-01
8.416242599487304688e+00
-7.974011898040771484e+00
-3.115702390670776367e+00
5.476870536804199219e+00
4.793993473052978516e+00
-5.845617294311523438e+00
-2.376306533813476562e+00
-8.441557884216308594e+00
-2.031664371490478516e+00
-4.735296249389648438e+00
-8.005394339561462402e-01
-4.056391716003417969e+00
-4.382223606109619141e+00
7.130302906036376953e+00
-7.454494476318359375e+00
-5.208360552787780762e-01
-9.740486145019531250e-01
-7.227591991424560547e+00
6.002635955810546875e+00
8.975000977516174316e-01
6.597585678100585938e+00
3.607897758483886719e+00
3.721426725387573242e-01
-1.290387749671936035e+00
-4.611206531524658203e+00
3.869865417480468750e+00
-2.160828113555908203e+00
4.307747364044189453e+00
6.964518547058105469e+00
-8.594706535339355469e+00
-6.055158615112304688e+00
7.828872680664062500e+00
4.479920864105224609e+00
7.656064629554748535e-01
6.656881332397460938e+00
-5.358084201812744141e+00
-1.169530749320983887e+00
1.468350410461425781e+00
-6.682011127471923828e+00
5.321138858795166016e+00
1.411063957214355469e+01
-1.739521861076354980e+00
5.720825672149658203e+00
1.364143610000610352e+00
-3.757230758666992188e+00
2.129748106002807617e+00
1.129383373260498047e+01
-1.415914177894592285e+00
-4.554100990295410156e+00
1.229935884475708008e+00
3.000620841979980469e+00
-2.415482759475708008e+00
4.182516932487487793e-01
4.677841186523437500e+00
-1.023077297210693359e+01
-9.900966882705688477e-01
4.686201512813568115e-01
-1.459561705589294434e+00
-7.699616432189941406e+00
-6.665097236633300781e+00
1.447773337364196777e+00
-5.780369639396667480e-01
1.944138765335083008e+00
9.498383402824401855e-01
-3.026805639266967773e+00
2.110253334045410156e+00
1.600145548582077026e-01
-5.942612290382385254e-01
3.651856660842895508e+00
-2.303375244140625000e+00
-3.709443807601928711e+00
-1.006438922882080078e+01
1.348585367202758789e+00
-7.883378505706787109e+00
-3.360215108841657639e-03
-1.408486127853393555e+00
-6.612659454345703125e+00
1.994583606719970703e+00
1.349626779556274414e+00
4.764603614807128906e+00
-4.376483440399169922e+00
5.049098730087280273e-01
-3.358355045318603516e+00
5.955232143402099609e+00
-2.180784463882446289e+00
4.052254676818847656e+00
-2.918750941753387451e-01
3.170784711837768555e+00
4.662494659423828125e+00
1.175387954711914062e+01
5.889069080352783203e+00
-5.767436027526855469e+00
9.832992553710937500e+00
-4.410903453826904297e+00
-2.799027204513549805e+00
-2.244670629501342773e+00
-1.142285823822021484e+00
1.251407027244567871e+00
-1.834305167198181152e+00
2.512618303298950195e+00
-1.665853142738342285e+00
-2.449016094207763672e+00
9.026417732238769531e-01
-1.949674487113952637e+00
1.331467509269714355e+00
2.553803920745849609e+00
1.744516372680664062e+00
2.121226549148559570e+00
-1.623633146286010742e+00
-1.008677482604980469e+00
-5.812264084815979004e-01
-4.668281674385070801e-01
-2.394999504089355469e+00
6.412978172302246094e-01
-8.982999324798583984e-01
-9.959810972213745117e-01
-2.326285600662231445e+00
3.674025774002075195e+00
1.661129355430603027e+00
-3.549261391162872314e-01
1.991924047470092773e+00
8.938726186752319336e-01
-8.296539783477783203e-01
1.279897451400756836e+00
-1.525858342647552490e-01
6.922190189361572266e+00
-3.440798044204711914e+00
-2.163964033126831055e+00
1.319410800933837891e+00
-3.587884902954101562e-01
3.847977161407470703e+00
2.457830905914306641e-01
-1.309106945991516113e+00
8.036009669303894043e-01
3.322836399078369141e+00
-2.556626796722412109e+00
-3.054612636566162109e+00
5.282101154327392578e+00
-3.937418699264526367e+00
2.842166423797607422e+00
2.892203092575073242e+00
-3.517154753208160400e-01
-3.416688442230224609e+00
-1.538196951150894165e-01
4.021446228027343750e+00
-3.599673748016357422e+00
1.882579624652862549e-01
-6.850007772445678711e-01
-2.286342382431030273e+00
1.357924461364746094e+00
-5.282661318778991699e-01
2.142998218536376953e+00
9.841312766075134277e-01
2.019426107406616211e+00
-4.682526111602783203e+00
3.367686510086059570e+00
5.442646145820617676e-01
3.032988309860229492e-01
9.429765939712524414e-01
-2.830020904541015625e+00
4.272138118743896484e+00
-5.404124781489372253e-02
-2.306091070175170898e+00
4.412471354007720947e-01
3.374108314514160156e+00
2.820808887481689453e+00
6.439382433891296387e-01
-1.676307439804077148e+00
-2.630972385406494141e+00
1.204953074455261230e+00
2.760155200958251953e+00
8.792567998170852661e-02
2.003472328186035156e+00
-1.257053852081298828e+00
2.973916053771972656e+00
1.240301251411437988e+00
2.350768327713012695e+00
-2.576364517211914062e+00
-3.141935467720031738e-01
5.473979711532592773e-01
-3.055377244949340820e+00
2.396506786346435547e+00
-5.956339836120605469e-01
3.847359120845794678e-01
1.810166954994201660e+00
3.793566703796386719e+00
-1.347935199737548828e+00
3.055325746536254883e-01
-1.359532356262207031e+00
5.435202717781066895e-01
-2.368019104003906250e+00
4.449969768524169922e+00
3.654373407363891602e+00
-2.917859554290771484e-01
2.228387832641601562e+00
5.447304248809814453e-01
-3.584095239639282227e-01
2.298839807510375977e+00
7.054350972175598145e-01
1.445983290672302246e+00
-4.997508823871612549e-01
6.301198601722717285e-01
1.847523689270019531e+00
-1.220172643661499023e+00
-8.168671131134033203e-01
1.386350154876708984e+00
2.856939792633056641e+00
2.486194849014282227e+00
-1.906201004981994629e+00
-8.041623830795288086e-01
-3.857022523880004883e+00
8.753748536109924316e-01
-2.181758403778076172e+00
3.244699001312255859e+00
3.276302099227905273e+00
-2.176393270492553711e+00
3.872006833553314209e-01
-3.355505764484405518e-01
-2.369063377380371094e+00
2.712547302246093750e+00
-8.383285403251647949e-01
2.566581368446350098e-01
1.221581935882568359e+00
3.720384836196899414e+00
-1.353694200515747070e+00
3.718648433685302734e+00
-2.522433102130889893e-01
-2.295675039291381836e+00
3.398287296295166016e-01
-2.625751495361328125e-01
2.604378938674926758e+00
-4.179689586162567139e-01
-2.595790863037109375e+00
1.736005187034606934e+00
3.382720947265625000e-01
2.967388153076171875e+00
-9.306814521551132202e-02
1.664416670799255371e+00
-3.258647918701171875e-01
-4.437808990478515625e+00
5.386315658688545227e-02
4.695162296295166016e+00
9.362118691205978394e-02
2.170921802520751953e+00
-1.623265862464904785e+00
7.547874450683593750e-01
4.110205173492431641e+00
1.835195422172546387e-01
-1.750460743904113770e+00
-1.793344378471374512e+00
-1.400625705718994141e+00
6.761400699615478516e-01
-6.088634014129638672e+00
3.156650066375732422e+00
4.595073223114013672e+00
7.183775305747985840e-01
4.140558540821075439e-01
3.363364219665527344e+00
-8.207653164863586426e-01
2.201539516448974609e+00
-1.766939878463745117e+00
4.377324104309082031e+00
-2.155056238174438477e+00
-1.938052058219909668e+00
-2.179739475250244141e-01
-8.092545270919799805e-01
7.713556885719299316e-01
1.708551168441772461e+00
-5.189138650894165039e-02
1.809181720018386841e-01
1.878233075141906738e+00
-1.009268045425415039e+00
-2.822751760482788086e+00
5.565833568572998047e+00
-3.671578168869018555e+00
9.569186568260192871e-01
2.392844438552856445e+00
3.397564962506294250e-02
-2.135669708251953125e+00
-2.929390192031860352e+00
3.553412437438964844e+00
-1.114696785807609558e-01
3.266717791557312012e-01
-1.180579304695129395e+00
7.060713768005371094e-01
9.180079698562622070e-01
-9.748635888099670410e-01
2.340545803308486938e-01
-6.876562237739562988e-01
3.417415857315063477e+00
-4.412966251373291016e+00
4.656817436218261719e+00
-1.304252743721008301e+00
-1.729091405868530273e+00
-7.726994156837463379e-01
-1.145840883255004883e+00
3.823976755142211914e+00
5.966330766677856445e-01
-3.078027248382568359e+00
-9.497047066688537598e-01
4.285346508026123047e+00
2.161603212356567383e+00
-1.552417278289794922e+00
-9.757978916168212891e-01
4.149025678634643555e-01
6.385416537523269653e-02
5.556356906890869141e-01
2.653277635574340820e+00
2.671649456024169922e+00
-4.245786368846893311e-02
2.237061738967895508e+00
-1.764251112937927246e+00
3.012392044067382812e+00
-1.045285344123840332e+00
-6.246989965438842773e-01
-1.383467316627502441e-01
-3.446390628814697266e+00
1.758254766464233398e+00
-1.176326394081115723e+00
-8.901648968458175659e-02
4.541859626770019531e+00
3.567548990249633789e+00
-3.541338443756103516e+00
-5.738581418991088867e-01
-1.025461792945861816e+00
2.250165700912475586e+00
-2.256021976470947266e+00
3.807214498519897461e+00
1.379348039627075195e+00
-9.597139805555343628e-02
2.687011718750000000e+00
-2.241081297397613525e-01
-3.043212890625000000e-01
1.052946448326110840e+00
2.021241039037704468e-01
1.034180045127868652e+00
-1.915326565504074097e-01
-8.570581674575805664e-01
-1.462597608566284180e+00
-3.369873464107513428e-01
-1.382485270500183105e+00
3.549537897109985352e+00
3.136200904846191406e+00
2.544457197189331055e+00
-2.473328590393066406e+00
-1.888283491134643555e+00
-1.415949940681457520e+00
1.449613451957702637e+00
-3.117973804473876953e+00
6.678211502730846405e-03
4.271977901458740234e+00
-2.296190150082111359e-02
1.504619121551513672e-01
-7.376734018325805664e-01
-1.606732964515686035e+00
3.754109144210815430e+00
6.443942338228225708e-02
1.142656654119491577e-01
5.730439424514770508e-01
3.182641744613647461e+00
-1.340922355651855469e+00
1.861821413040161133e+00
-1.290192961692810059e+00
-3.126889705657958984e+00
-2.688060402870178223e-01
-2.926776885986328125e+00
3.159435033798217773e+00
-2.247982025146484375e-01
-9.737861752510070801e-01
