1.558516407012939453e+01
1.239705371856689453e+01
1.057390880584716797e+01
1.561174964904785156e+01
1.547472000122070312e+01
1.112202930450439453e+01
1.087564659118652344e+01
1.554766368865966797e+01
1.565361595153808594e+01
1.544446468353271484e+01
9.901262283325195312e+00
1.574979305267333984e+01
1.264882850646972656e+01
1.544414329528808594e+01
1.051843738555908203e+01
1.112460803985595703e+01
1.158731579780578613e+00
-1.572524011135101318e-01
2.916937589645385742e+00
5.367100238800048828e-02
1.768367052078247070e+00
2.827449321746826172e+00
-2.158152163028717041e-01
7.746889591217041016e-01
-1.830618619918823242e+00
-1.311656117439270020e+00
-3.461756110191345215e-01
-2.993990182876586914e+00
-1.842939496040344238e+00
3.190278291702270508e+00
2.821500778198242188e+00
-2.275518178939819336e+00
1.765583395957946777e+00
2.333221673965454102e+00
2.712651491165161133e+00
-2.318897247314453125e+00
-2.495898008346557617e+00
-1.598239064216613770e+00
1.051413822174072266e+01
1.020335435867309570e+00
-7.207990169525146484e+00
-1.159416675567626953e+01
-2.028835058212280273e+00
1.292130470275878906e+01
1.213625311851501465e+00
-6.375886440277099609e+00
-2.593715190887451172e+00
6.207410812377929688e+00
5.714235782623291016e+00
-9.539278030395507812e+00
7.560553073883056641e+00
8.102948188781738281e+00
4.329599440097808838e-01
1.730271577835083008e+00
-1.349549889564514160e+00
3.332996368408203125e-01
6.513850688934326172e+00
-6.402456760406494141e+00
-2.380815267562866211e+00
5.364143848419189453e+00
3.271345615386962891e+00
-1.532959103584289551e+00
-3.495162963867187500e+00
-8.053685188293457031e+00
-5.011934757232666016e+00
-3.557157039642333984e+00
-1.276509761810302734e+00
-3.722866296768188477e+00
-4.717917442321777344e+00
3.613939523696899414e+00
-6.730337142944335938e+00
-4.325569570064544678e-01
-1.217131614685058594e+00
-7.558184623718261719e+00
7.292590618133544922e+00
-2.519706785678863525e-01
6.114540576934814453e+00
2.512524366378784180e+00
1.231457516551017761e-01
-1.572936296463012695e+00
-5.489432811737060547e+00
2.963822364807128906e+00
-1.250437617301940918e+00
4.476724147796630859e+00
7.017176151275634766e+00
-6.567664146423339844e+00
-4.677103519439697266e+00
7.699004173278808594e+00
4.049143314361572266e+00
7.402501702308654785e-01
4.948732852935791016e+00
-5.804230213165283203e+00
-1.681086063385009766e+00
2.819617271423339844e+00
-5.967964172363281250e+00
5.746054649353027344e+00
1.116717147827148438e+01
-1.492936372756958008e+00
4.822122097015380859e+00
1.611673235893249512e+00
-4.628305435180664062e+00
2.571867942810058594e+00
1.169280242919921875e+01
-1.615036487579345703e+00
-4.391118049621582031e+00
2.191976785659790039e+00
2.213116407394409180e+00
-1.473155975341796875e+00
2.926890850067138672e-01
4.945768833160400391e+00
-8.752739906311035156e+00
-1.384177923202514648e+00
2.329506129026412964e-01
-2.467871665954589844e+00
-6.635622024536132812e+00
-6.021821498870849609e+00
1.625632286071777344e+00
-6.385282874107360840e-01
1.653061509132385254e+00
1.063426971435546875e+00
-5.338080525398254395e-01
2.141098737716674805e+00
1.708258837461471558e-01
-1.112517356872558594e+00
3.476443767547607422e+00
-2.826061010360717773e+00
-3.537037372589111328e+00
-9.557415008544921875e+00
5.648233890533447266e-01
-8.448034286499023438e+00
2.211613178253173828e+00
-9.264084100723266602e-01
-4.454251289367675781e+00
1.713994026184082031e+00
6.700228452682495117e-01
4.137702941894531250e+00
-3.670396804809570312e+00
2.699424266815185547e+00
-4.780395507812500000e+00
6.315705776214599609e+00
-3.511335372924804688e+00
4.165792942047119141e+00
-1.582993566989898682e-01
4.343678474426269531e+00
4.808722496032714844e+00
1.057937908172607422e+01
5.786337375640869141e+00
-5.195178985595703125e+00
9.200263977050781250e+00
-3.987175941467285156e+00
-3.855005502700805664e+00
-4.329862296581268311e-01
-1.712774634361267090e+00
1.031195998191833496e+00
-1.811686873435974121e+00
2.284271240234375000e+00
-1.012312173843383789e+00
-2.401977300643920898e+00
6.199500560760498047e-01
-1.162341594696044922e+00
1.368927240371704102e+00
1.981402158737182617e+00
1.425200104713439941e+00
1.837568759918212891e+00
-1.171446919441223145e+00
-1.718504190444946289e+00
-8.412511944770812988e-01
-2.522746324539184570e-01
-3.654329538345336914e+00
3.319517374038696289e-01
-1.832232713699340820e+00
1.283624172210693359e+00
-3.032082319259643555e+00
3.738093614578247070e+00
3.687968730926513672e+00
-1.707931309938430786e-01
1.999626398086547852e+00
2.390757560729980469e+00
-1.944053024053573608e-01
1.170480012893676758e+00
-5.309916138648986816e-01
5.114439487457275391e+00
-2.321154356002807617e+00
-2.011589288711547852e+00
9.434051513671875000e-01
-1.285959482192993164e+00
3.084243297576904297e+00
4.542883932590484619e-01
-1.674494385719299316e+00
9.463133811950683594e-01
3.499908447265625000e+00
-2.390089511871337891e+00
-3.207830667495727539e+00
5.188849449157714844e+00
-3.173383712768554688e+00
3.511359453201293945e+00
2.954933404922485352e+00
-3.680070042610168457e-01
-2.841858625411987305e+00
-8.144459724426269531e-01
3.761045932769775391e+00
-1.998939156532287598e+00
4.030616581439971924e-01
-1.711391568183898926e+00
-2.494153738021850586e+00
1.808139443397521973e+00
1.105926990509033203e+00
2.962195158004760742e+00
7.068979144096374512e-01
3.208438158035278320e+00
-2.607386350631713867e+00
3.284483909606933594e+00
-6.957239508628845215e-01
-3.500007987022399902e-01
7.283340096473693848e-01
-1.860258936882019043e+00
4.347045898437500000e+00
-6.749051213264465332e-01
-2.949044466018676758e+00
-8.935205340385437012e-01
3.369316101074218750e+00
3.947652101516723633e+00
-2.754290401935577393e-01
-2.370968818664550781e+00
-1.575005173683166504e+00
9.612581729888916016e-01
2.665194511413574219e+00
1.156689882278442383e+00
2.267431259155273438e+00
-1.302941441535949707e+00
2.959406614303588867e+00
1.046694993972778320e+00
2.975697517395019531e+00
-2.553729534149169922e+00
-7.848588228225708008e-01
7.923058271408081055e-01
-2.642418146133422852e+00
2.805646896362304688e+00
-7.560153007507324219e-01
5.363123416900634766e-01
2.752740621566772461e+00
4.402463912963867188e+00
-1.590572595596313477e+00
4.960496723651885986e-01
-1.467072963714599609e+00
1.415732383728027344e+00
-2.331127166748046875e+00
4.468209743499755859e+00
3.565764904022216797e+00
5.737861990928649902e-01
2.168227910995483398e+00
9.495532512664794922e-01
3.232962191104888916e-01
2.410385847091674805e+00
7.741578817367553711e-01
1.745824575424194336e+00
-6.703544259071350098e-01
4.325038492679595947e-01
1.587338566780090332e+00
-1.094991207122802734e+00
-1.224970579147338867e+00
1.433499217033386230e+00
1.963963150978088379e+00
2.365502119064331055e+00
-1.248938202857971191e+00
-1.090442299842834473e+00
-3.834228038787841797e+00
1.103359341621398926e+00
-2.858151435852050781e+00
2.971778869628906250e+00
3.521621465682983398e+00
-2.214721679687500000e+00
-4.344496428966522217e-01
-1.373660683631896973e+00
-2.564927101135253906e+00
2.854366779327392578e+00
3.515221178531646729e-01
-4.530940055847167969e-01
1.171834707260131836e+00
2.482145071029663086e+00
-2.511377334594726562e+00
3.564766645431518555e+00
-7.430297136306762695e-01
-2.680425643920898438e+00
-2.924741804599761963e-01
-7.021611332893371582e-01
2.839780330657958984e+00
-3.239893913269042969e-01
-3.256974458694458008e+00
1.852781653404235840e+00
1.286931633949279785e-01
3.106056928634643555e+00
2.487866580486297607e-01
8.332116603851318359e-01
-5.644336938858032227e-01
-2.773729324340820312e+00
3.577988743782043457e-01
3.967464447021484375e+00
-1.362362504005432129e-01
7.507491707801818848e-01
-4.412399232387542725e-01
-2.654464542865753174e-01
2.255477666854858398e+00
4.269357621669769287e-01
-2.287050008773803711e+00
-8.734242916107177734e-01
-1.152062892913818359e+00
2.145739316940307617e+00
-3.601378202438354492e+00
2.924856185913085938e+00
3.660903215408325195e+00
-5.076549202203750610e-02
1.086324810981750488e+00
2.405484199523925781e+00
-1.671687960624694824e-01
1.682931900024414062e+00
-1.526090383529663086e+00
4.490880966186523438e+00
-2.200425386428833008e+00
-1.692908167839050293e+00
4.748006463050842285e-01
-1.955163478851318359e+00
9.512346982955932617e-01
1.431821584701538086e+00
-8.158785700798034668e-01
4.175258055329322815e-02
2.921790122985839844e+00
-1.037896513938903809e+00
-2.639023303985595703e+00
4.798973560333251953e+00
-3.229401588439941406e+00
2.814585447311401367e+00
2.754493236541748047e+00
7.867826819419860840e-01
-2.165679454803466797e+00
-1.397985577583312988e+00
3.224671125411987305e+00
-1.519784808158874512e+00
-2.141434513032436371e-02
-1.508883357048034668e+00
-1.449851751327514648e+00
1.469262003898620605e+00
7.289637327194213867e-01
1.941368699073791504e+00
1.146078109741210938e+00
3.536346435546875000e+00
-2.190003395080566406e+00
3.623176097869873047e+00
-1.960284948348999023e+00
-6.054902672767639160e-01
-7.217517495155334473e-02
-9.518194198608398438e-01
4.555933475494384766e+00
-7.903102636337280273e-01
-2.855349063873291016e+00
-1.173272013664245605e+00
3.327882289886474609e+00
3.191653013229370117e+00
-1.613047719001770020e+00
-2.127601385116577148e+00
4.674380719661712646e-01
-1.656276136636734009e-01
1.278912305831909180e+00
2.637189865112304688e+00
2.838124036788940430e+00
-4.140301644802093506e-01
2.720407485961914062e+00
-6.562731862068176270e-01
3.391165018081665039e+00
-1.481079459190368652e+00
-7.014911174774169922e-01
1.333863586187362671e-01
-2.956392526626586914e+00
2.783162832260131836e+00
-6.295533180236816406e-01
-4.682031869888305664e-01
4.126058578491210938e+00
4.381787300109863281e+00
-2.598281860351562500e+00
-8.854959011077880859e-01
-1.337384343147277832e+00
2.020330667495727539e+00
-2.538283824920654297e+00
4.253422737121582031e+00
2.179095029830932617e+00
1.521603465080261230e+00
2.613363027572631836e+00
1.848057359457015991e-01
1.411235928535461426e-01
1.195109605789184570e+00
4.459734857082366943e-01
1.693934679031372070e+00
-3.144070208072662354e-01
-4.766390919685363770e-01
-9.504815340042114258e-01
6.989632546901702881e-02
-1.529155135154724121e+00
1.817401885986328125e+00
2.197225332260131836e+00
2.439486742019653320e+00
-1.802446842193603516e+00
-1.220585227012634277e+00
-2.332377195358276367e+00
1.368458986282348633e+00
-3.100267410278320312e+00
1.619836091995239258e+00
4.160295009613037109e+00
-1.383851885795593262e+00
-9.353405833244323730e-01
-1.250827074050903320e+00
-2.445330619812011719e+00
3.319713115692138672e+00
5.207276344299316406e-01
-3.036152422428131104e-01
7.109139561653137207e-01
2.408658742904663086e+00
-2.268813848495483398e+00
2.091703414916992188e+00
-1.399938821792602539e+00
-2.838400125503540039e+00
-2.294935584068298340e-01
-2.246608495712280273e+00
2.680667400360107422e+00
-6.870335936546325684e-01
-7.224801778793334961e-01
