1.695243716239929199e+00
-1.287473201751708984e+00
-7.488201260566711426e-01
-2.355507612228393555e-01
4.395635604858398438e+00
2.011459589004516602e+00
2.780179738998413086e+00
2.130344867706298828e+00
2.291853904724121094e+00
2.239275693893432617e+00
3.277039289474487305e+00
1.078011393547058105e+00
-4.673814475536346436e-01
1.777325011789798737e-02
-2.177226394414901733e-01
5.700522065162658691e-01
4.754078015685081482e-02
-1.405280947685241699e+00
2.507275156676769257e-02
8.647140264511108398e-01
-1.437071114778518677e-01
2.581210434436798096e-02
1.208095774054527283e-01
-1.768769025802612305e-01
7.065126299858093262e-02
-5.363135337829589844e-01
-6.266211271286010742e-01
1.839592680335044861e-02
-3.727785348892211914e-01
5.456977486610412598e-01
-2.867689169943332672e-02
3.714103996753692627e-01
-3.143624961376190186e-02
-2.268087565898895264e-01
-1.981996744871139526e-01
-8.428093045949935913e-02
3.152510225772857666e-01
3.853010013699531555e-02
-2.596710324287414551e-01
3.152305781841278076e-01
-2.158160954713821411e-01
-5.279027223587036133e-01
-6.552312970161437988e-01
1.006669521331787109e+01
9.519948959350585938e+00
9.569796562194824219e+00
1.313735198974609375e+01
1.347865581512451172e+01
1.571808624267578125e+01
1.510592746734619141e+01
1.490392398834228516e+01
1.756984519958496094e+01
1.918978500366210938e+01
2.068078994750976562e+01
2.219969177246093750e+01
2.262169265747070312e+01
2.154661941528320312e+01
1.169765233993530273e+00
-4.090323150157928467e-01
9.359586238861083984e-01
6.544867753982543945e-01
5.715143680572509766e-01
-1.464890003204345703e+00
1.753416061401367188e+00
-2.165762662887573242e+00
-2.933661341667175293e-01
8.449973911046981812e-02
2.179304361343383789e+00
-1.352798223495483398e+00
1.293437361717224121e+00
-3.269897699356079102e+00
4.705669581890106201e-01
1.064619660377502441e+00
-6.962938904762268066e-01
1.019048690795898438e+00
-1.098467826843261719e+00
8.518742918968200684e-01
-2.475447177886962891e+00
-5.089525580406188965e-01
1.337728142738342285e+00
-3.487406253814697266e+00
3.829401493072509766e+00
2.628623008728027344e+00
2.577154159545898438e+00
1.947709918022155762e+00
1.084818124771118164e+00
-1.709009520709514618e-02
1.138561010360717773e+00
3.624616861343383789e-01
-1.436414718627929688e+00
2.125122118741273880e-03
-1.173396944999694824e+00
2.687969446182250977e+00
1.544314384460449219e+00
-1.324954032897949219e+00
-1.710852861404418945e+00
-4.761035442352294922e-01
3.182848393917083740e-01
-5.683545395731925964e-02
5.440816879272460938e-01
-1.831938743591308594e+00
-3.958034813404083252e-01
1.086232811212539673e-01
3.698765635490417480e-01
-8.967380523681640625e+00
7.252314090728759766e+00
-2.178680992126464844e+01
-1.809522271156311035e+00
1.030239760875701904e-01
8.592286705970764160e-01
1.093019127845764160e+00
1.365485429763793945e+00
-1.636882901191711426e+00
8.220778107643127441e-01
1.255686473846435547e+01
-8.412174224853515625e+00
2.945115280151367188e+01
1.070187568664550781e+00
-2.311952114105224609e+00
1.641702175140380859e+00
-8.980332612991333008e-01
7.565323114395141602e-01
-1.165942430496215820e+00
1.461299061775207520e-01
-8.632822036743164062e-01
-2.267946481704711914e+00
4.234279155731201172e+00
-4.510993957519531250e+00
-6.284251213073730469e-01
-3.640174269676208496e-01
4.301362037658691406e+00
8.011601567268371582e-01
2.653780221939086914e+00
-1.111478924751281738e+00
2.382924556732177734e+00
-3.943408429622650146e-01
6.650238037109375000e-01
-4.132442951202392578e+00
-2.532549619674682617e+00
-2.590238809585571289e+00
-4.615141868591308594e+00
1.373159766197204590e+00
-5.036781430244445801e-01
-1.918731451034545898e+00
-1.645741939544677734e+00
6.716104149818420410e-01
-6.060106754302978516e-01
2.878735363483428955e-01
8.358711600303649902e-01
7.818886637687683105e-01
1.539261490106582642e-01
-2.117566347122192383e+00
8.861962705850601196e-02
-3.505237102508544922e-01
1.781099319458007812e+00
-2.680249691009521484e+00
2.137535333633422852e+00
-3.266634702682495117e+00
2.668952703475952148e+00
-1.148987770080566406e+00
-6.702927589416503906e+00
5.386343598365783691e-01
7.982928305864334106e-02
1.543468981981277466e-01
-9.844480454921722412e-02
-3.618578016757965088e-01
-3.665561228990554810e-02
-4.508710801601409912e-01
2.711147665977478027e-01
-3.446689844131469727e-01
1.396151930093765259e-01
9.792950749397277832e-02
5.776326730847358704e-02
1.393821597099304199e+00
-1.048445627093315125e-01
6.102577224373817444e-02
-5.987930111587047577e-03
5.297619104385375977e-01
2.153487317264080048e-02
2.105807363986968994e-01
-1.203547641634941101e-01
4.231253564357757568e-01
7.751883864402770996e-01
-8.580793142318725586e-01
3.488972485065460205e-01
9.797485470771789551e-01
-1.333752870559692383e+00
4.248994290828704834e-01
1.819486975669860840e+00
-8.181897401809692383e-01
2.705954201519489288e-02
6.777358651161193848e-01
4.991994500160217285e-01
-4.150856137275695801e-01
-1.171990633010864258e-01
-7.521247863769531250e-01
-1.926108896732330322e-01
-6.548547744750976562e-01
3.613358736038208008e-01
-6.542354822158813477e-01
-8.505391329526901245e-02
1.629321575164794922e-01
9.562621265649795532e-02
-4.225775599479675293e-02
9.506799280643463135e-02
-2.447400540113449097e-01
2.554212212562561035e-01
7.522075623273849487e-02
-1.728150695562362671e-01
6.977397441864013672e+00
-2.785094738006591797e+00
-4.114727497100830078e+00
4.858582615852355957e-01
1.674383282661437988e-01
-1.488742977380752563e-01
-1.431505079381167889e-04
-7.584510743618011475e-02
2.668713331222534180e-01
-1.845358759164810181e-01
-8.535240173339843750e+00
5.844252586364746094e+00
5.727057456970214844e+00
7.856343686580657959e-02
6.358463168144226074e-01
-3.920773267745971680e-01
3.777609169483184814e-01
2.470232993364334106e-01
4.042677879333496094e-01
1.596775293350219727e+00
-5.469804629683494568e-02
9.890097379684448242e-02
-9.545317888259887695e-01
1.312033772468566895e+00
4.091421961784362793e-01
-9.313648939132690430e-02
-1.176619291305541992e+00
1.004901081323623657e-01
-3.088171780109405518e-01
-1.231494426727294922e+00
-1.256982237100601196e-01
3.816472366452217102e-02
3.120060563087463379e-01
5.698309540748596191e-01
1.326669812202453613e+00
-2.134941101074218750e+00
-7.929718494415283203e-01
-3.468209207057952881e-01
4.799281656742095947e-01
4.945963621139526367e-03
-7.423155754804611206e-02
-9.785544872283935547e-01
-7.155564427375793457e-02
4.817275702953338623e-01
-3.585245609283447266e-01
1.184985041618347168e+00
-1.830906420946121216e-01
-8.917009830474853516e-02
1.374599695205688477e+00
9.617311954498291016e-01
-8.164433240890502930e-01
-7.322797775268554688e-01
5.511323809623718262e-01
2.772216081619262695e+00
-8.651632070541381836e-02
-1.196306198835372925e-01
-7.214618921279907227e-01
1.021846294403076172e+00
-4.817943274974822998e-01
4.146093726158142090e-01
1.604962348937988281e-02
1.102445572614669800e-01
1.927784234285354614e-01
-8.564092963933944702e-02
-2.818558812141418457e-01
9.021058678627014160e-01
-1.543006580322980881e-02
-2.601038217544555664e-01
-8.118250966072082520e-01
1.126419782638549805e+00
-7.150917649269104004e-01
-1.036948919296264648e+00
8.523133993148803711e-01
-2.245924174785614014e-01
1.116634905338287354e-01
-2.805989682674407959e-01
3.411589860916137695e-01
-4.199464023113250732e-01
1.084679603576660156e+00
3.989704251289367676e-01
1.183710806071758270e-02
3.522407636046409607e-02
-6.777846813201904297e-01
-9.144978597760200500e-03
9.027178883552551270e-01
1.495339423418045044e-01
-3.622258082032203674e-02
3.349197208881378174e-01
1.646173149347305298e-01
-4.758622944355010986e-01
1.481154710054397583e-01
-2.267508208751678467e-01
6.486755013465881348e-01
-1.049938082695007324e+00
-6.441509127616882324e-01
-4.270358383655548096e-01
4.250045120716094971e-01
1.709424555301666260e-01
4.497905820608139038e-02
-1.148134171962738037e-01
-2.059215493500232697e-02
-6.988211721181869507e-02
-9.691796451807022095e-02
1.924475878477096558e-01
-7.465679943561553955e-02
4.355800628662109375e+00
-2.825579404830932617e+00
-3.394154787063598633e+00
4.470430016517639160e-01
-1.223468780517578125e-01
-3.163914382457733154e-01
3.177135884761810303e-01
-2.267588227987289429e-01
4.130849242210388184e-01
-4.729535430669784546e-02
-5.657811164855957031e+00
2.711180448532104492e+00
3.733437299728393555e+00
-4.523513913154602051e-01
8.110828399658203125e-01
-5.278222560882568359e-01
8.513735979795455933e-02
-4.179883897304534912e-01
5.139142274856567383e-01
-3.152508661150932312e-02
5.279152840375900269e-02
-1.354283988475799561e-01
-1.052185297012329102e+00
6.922257542610168457e-01
-1.789381913840770721e-02
2.690867483615875244e-01
-9.285255670547485352e-01
-7.099204063415527344e-01
-2.259598672389984131e-01
1.697309255599975586e+00
-3.032960295677185059e-01
-2.727861143648624420e-02
-3.962463438510894775e-01
6.272327899932861328e-01
1.133765220642089844e+00
6.200866699218750000e-01
4.433626532554626465e-01
-1.282391250133514404e-01
-7.099737226963043213e-02
7.134344577789306641e-01
8.573611378669738770e-01
1.303652524948120117e-01
-1.246421098709106445e+00
-1.671314686536788940e-01
-6.971734762191772461e-02
-4.207631349563598633e-01
-4.933481812477111816e-01
3.531130850315093994e-01
3.284262716770172119e-01
5.430948361754417419e-02
-2.738721854984760284e-02
-2.900537848472595215e-01
-2.057760804891586304e-01
6.351242065429687500e-01
-1.922712847590446472e-02
-1.599842190742492676e+00
-2.985425293445587158e-01
1.240742325782775879e+00
9.787956252694129944e-03
4.020604246761649847e-04
3.722656518220901489e-03
-7.627213373780250549e-03
-3.772169584408402443e-03
-3.403515554964542389e-03
5.826840177178382874e-03
-6.296325940638780594e-03
-2.163663972169160843e-03
6.370840594172477722e-03
-2.257151762023568153e-03
3.018249291926622391e-03
7.196613121777772903e-03
9.050277993083000183e-03
9.576184675097465515e-03
-6.618737243115901947e-03
8.284037001430988312e-03
-7.326916791498661041e-03
-7.085983175784349442e-03
-6.934617646038532257e-03
-2.972337417304515839e-03
-7.757395505905151367e-03
8.013891987502574921e-03
-3.862312296405434608e-03
7.657217327505350113e-03
6.794908083975315094e-03
-8.045794675126671791e-05
-2.758635208010673523e-03
1.454194134566932917e-04
-3.281738376244902611e-03
-1.161604654043912888e-03
7.991378195583820343e-03
4.696090705692768097e-03
-2.263742033392190933e-03
-1.219130470417439938e-03
5.329527426511049271e-03
9.506973437964916229e-03
7.067995145916938782e-03
-5.619740113615989685e-04
9.134528809227049351e-04
6.852608639746904373e-03
1.223902683705091476e-03
8.861292153596878052e-03
3.073169791605323553e-04
-5.812857300043106079e-03
-5.832505878061056137e-03
2.788731653708964586e-04
-8.972242358140647411e-04
-3.827532287687063217e-03
-1.991484547033905983e-03
-6.707970518618822098e-03
3.936595749109983444e-03
9.883040562272071838e-03
8.005032315850257874e-03
-3.083708463236689568e-03
2.111864043399691582e-03
2.494436921551823616e-04
7.632746361196041107e-03
1.059225527569651604e-03
3.733088029548525810e-03
-6.940127816051244736e-03
-4.507211036980152130e-03
-9.326356463134288788e-03
5.769753988715820014e-05
-6.761058233678340912e-03
5.018813069909811020e-03
-2.436236478388309479e-03
5.783991422504186630e-03
-8.311818353831768036e-03
9.560991078615188599e-03
-3.851122921332716942e-03
5.580845754593610764e-03
-4.777402617037296295e-03
6.287458818405866623e-03
1.821220503188669682e-04
1.683763839537277818e-04
-4.997606854885816574e-03
-6.320532411336898804e-03
-4.915087949484586716e-03
4.058890510350465775e-03
8.110707276500761509e-04
-3.461407497525215149e-03
-2.433161484077572823e-03
-5.185686051845550537e-03
6.564395036548376083e-03
3.777389414608478546e-03
-1.785931061021983624e-03
9.437197819352149963e-03
4.912599455565214157e-03
7.101648952811956406e-03
8.209720253944396973e-03
1.396182808093726635e-03
8.129879832267761230e-03
4.371860995888710022e-03
-7.655320223420858383e-03
-2.811502432450652122e-03
5.312856286764144897e-03
2.411408117040991783e-03
3.853337140753865242e-03
3.496347228065133095e-03
7.360660820268094540e-04
4.326865542680025101e-03
9.565622545778751373e-03
9.411336854100227356e-03
-4.967313725501298904e-03
1.349705815315246582e+00
9.770093560218811035e-01
-1.700052022933959961e+00
6.765921115875244141e-01
