1.577165246009826660e+00
1.279029607772827148e+00
4.223883152008056641e+00
-1.390375971794128418e+00
2.019741535186767578e+00
2.583141326904296875e+00
2.854079008102416992e+00
2.272773027420043945e+00
2.819923162460327148e+00
1.254317522048950195e+00
1.340827584266662598e+00
6.934269070625305176e-01
1.977635920047760010e-01
-1.149838343262672424e-01
5.598099827766418457e-01
1.439463019371032715e+00
7.365079522132873535e-01
-6.542345285415649414e-01
6.992208361625671387e-01
3.775423169136047363e-01
-5.042615532875061035e-01
-7.593398094177246094e-01
1.347351312637329102e+00
7.551882416009902954e-02
-3.215562552213668823e-02
-1.311279386281967163e-01
-2.010386735200881958e-01
4.900747537612915039e-02
-6.113389879465103149e-02
-3.248158693313598633e-01
-4.353507459163665771e-01
1.485572010278701782e-01
7.166177034378051758e-02
-1.075442433357238770e+00
9.405723571777343750e+00
1.320285701751708984e+01
1.106725692749023438e+01
1.398833847045898438e+01
1.566884040832519531e+01
1.508922290802001953e+01
1.739861488342285156e+01
1.900966835021972656e+01
1.966552734375000000e+01
1.994285774230957031e+01
2.734965324401855469e+01
1.173303484916687012e+00
1.438303589820861816e-01
-4.139947593212127686e-01
-3.894231617450714111e-01
2.935371100902557373e-01
5.010104775428771973e-01
-1.258697152137756348e+00
4.652013480663299561e-01
-8.101139068603515625e-01
-1.351999044418334961e+00
-1.249594569206237793e+00
-1.419388204813003540e-01
8.122302293777465820e-01
-1.514974355697631836e+00
-6.885600090026855469e-01
1.070829272270202637e+00
-3.960613012313842773e-01
-8.195874691009521484e-01
-3.157956004142761230e-01
-4.013483822345733643e-01
-7.723557949066162109e-01
2.286322116851806641e-01
-1.650890111923217773e-01
-6.837815046310424805e-01
-8.306886553764343262e-01
7.051139473915100098e-01
-4.302998781204223633e-01
-4.313619807362556458e-03
-4.202379882335662842e-01
-7.176630198955535889e-02
2.893702030181884766e+00
9.855105876922607422e-01
-1.178991079330444336e+00
-2.581331431865692139e-01
-5.112907290458679199e-01
6.415741443634033203e-01
-3.489484786987304688e-01
2.146062135696411133e+00
9.497281908988952637e-01
-4.084081351757049561e-01
1.164604544639587402e+00
-4.546981751918792725e-01
-5.062762498855590820e-01
7.200944423675537109e-02
2.278433591127395630e-01
-2.852135896682739258e-01
-5.675746202468872070e-01
-5.111905336380004883e-01
8.827349543571472168e-01
-4.825439304113388062e-02
-1.782650709152221680e+00
6.956217885017395020e-01
1.569617629051208496e+00
-9.159836769104003906e-01
-9.488815665245056152e-01
1.866395115852355957e+00
-1.253885507583618164e+00
2.064414620399475098e-01
2.424099922180175781e+00
2.194542884826660156e+00
1.690699219703674316e+00
4.649575054645538330e-01
-1.289000630378723145e+00
-5.835736274719238281e+00
4.500780999660491943e-01
-3.551240265369415283e-01
-2.945312261581420898e-01
3.199775516986846924e-02
-2.589031755924224854e-01
1.688427478075027466e-01
5.908284783363342285e-01
5.722985044121742249e-02
-4.969753623008728027e-01
-4.602831900119781494e-01
4.603627026081085205e-01
9.180889129638671875e-01
-3.281660079956054688e-01
5.456116795539855957e-01
-5.048282071948051453e-02
2.531092762947082520e-01
-2.528587281703948975e-01
-8.342614769935607910e-02
1.408850997686386108e-01
2.839622199535369873e-01
2.163478285074234009e-01
-1.783513873815536499e-01
2.938107550144195557e-01
-5.906512378714978695e-04
3.466434180736541748e-01
-4.253314137458801270e-01
-2.368146181106567383e-02
-9.690678119659423828e-01
-1.141485944390296936e-01
-9.517389535903930664e-02
1.697901338338851929e-01
-4.386451244354248047e-01
-3.803595602512359619e-01
1.996561884880065918e-01
2.514399886131286621e-01
5.595449358224868774e-02
-4.512782096862792969e-01
-8.119872212409973145e-01
-2.974409461021423340e-01
-1.558945298194885254e+00
4.049726128578186035e-01
-1.127983331680297852e-01
3.425505459308624268e-01
2.973490059375762939e-01
-4.125767052173614502e-01
1.032588183879852295e-01
6.371484398841857910e-01
7.236658334732055664e-01
1.736033521592617035e-02
1.791650056838989258e-01
1.205451250076293945e+00
5.309047102928161621e-01
6.455821394920349121e-01
1.147087335586547852e+00
6.315376758575439453e-01
-4.068522155284881592e-02
-1.195019707083702087e-01
7.076892256736755371e-02
7.070279121398925781e-01
-1.152091145515441895e+00
-8.469424843788146973e-01
1.828404814004898071e-01
4.742694497108459473e-01
8.822600245475769043e-01
-4.676000475883483887e-01
1.484192609786987305e+00
-3.041919553652405739e-03
6.065755486488342285e-01
-1.788386553525924683e-01
1.344566643238067627e-01
3.534401655197143555e-01
-8.994060754776000977e-02
-4.918437600135803223e-01
1.476246416568756104e-01
9.089567065238952637e-01
-2.167086303234100342e-01
-5.889357328414916992e-01
-2.159191817045211792e-01
1.227657794952392578e-01
-4.840491712093353271e-02
-2.099985480308532715e-01
2.902603745460510254e-01
3.320304453372955322e-01
-9.953672438859939575e-02
1.281865984201431274e-01
-3.102618455886840820e-02
2.127497643232345581e-01
-1.745162904262542725e-01
1.491722762584686279e-01
2.831802144646644592e-02
1.154636517167091370e-01
9.325349330902099609e-02
3.362597525119781494e-01
8.286332488059997559e-01
1.793666779994964600e-01
-4.808985292911529541e-01
3.972736597061157227e-01
-1.871678829193115234e-01
-7.422840595245361328e-01
-3.931810259819030762e-01
2.856214940547943115e-01
3.981828093528747559e-01
4.399023056030273438e-01
-2.643679678440093994e-01
9.544417262077331543e-02
1.535499244928359985e-01
-3.835276365280151367e-01
3.267097175121307373e-01
-5.698142647743225098e-01
4.822110831737518311e-01
4.420149028301239014e-01
-1.025847196578979492e-01
-4.374947845935821533e-01
-3.007636368274688721e-01
5.475080013275146484e-01
-7.055435329675674438e-02
-1.120852112770080566e+00
-6.215683743357658386e-02
-1.372949630022048950e-01
-1.091536641120910645e+00
-1.094392180442810059e+00
9.343492984771728516e-01
9.102138876914978027e-01
1.703135251998901367e+00
8.707136511802673340e-01
6.049113348126411438e-02
-4.894793629646301270e-01
-3.336739838123321533e-01
-3.583379685878753662e-01
1.057575792074203491e-01
-4.629625380039215088e-01
1.543797492980957031e+00
-8.754927664995193481e-02
-1.266989231109619141e+00
-7.124290335923433304e-03
6.997943390160799026e-03
-4.158698488026857376e-03
8.761658100411295891e-04
-4.263808019459247589e-03
8.946772664785385132e-03
3.989255987107753754e-03
-9.104815311729907990e-03
4.020426422357559204e-03
-1.059013069607317448e-03
-6.619188934564590454e-03
4.884486086666584015e-03
7.078842725604772568e-03
-8.889102376997470856e-03
-7.491241209208965302e-03
6.439482793211936951e-03
-7.807076908648014069e-03
6.934971082955598831e-03
-9.403049014508724213e-03
1.169853494502604008e-03
6.556851789355278015e-03
-9.586145170032978058e-03
4.382293205708265305e-03
9.025092236697673798e-03
2.769669983536005020e-03
4.355012904852628708e-03
1.911438303068280220e-03
4.274156410247087479e-03
6.956980563700199127e-03
-1.817763899452984333e-03
7.783455308526754379e-03
-4.438277799636125565e-03
9.214769117534160614e-03
-7.405830547213554382e-03
3.152098273858428001e-03
6.281401962041854858e-03
2.866630908101797104e-03
-7.377872709184885025e-03
4.187962040305137634e-03
9.927495382726192474e-03
-3.353858599439263344e-03
4.744709003716707230e-03
-7.296893745660781860e-03
5.081104580312967300e-03
-9.292446076869964600e-03
1.283245161175727844e-03
2.316358964890241623e-03
-1.302192453294992447e-03
-5.846233689226210117e-04
-8.586424402892589569e-03
-7.707656826823949814e-03
2.524127718061208725e-03
3.349738195538520813e-03
-7.902978919446468353e-03
-6.005897186696529388e-03
-5.638543050736188889e-03
2.290745731443166733e-03
4.629292059689760208e-03
2.405381528660655022e-03
-1.759231672622263432e-03
-7.751819677650928497e-03
5.890492815524339676e-03
-9.909261949360370636e-03
-6.160034798085689545e-03
5.647889338433742523e-03
7.015388458967208862e-03
1.254616379737854004e+00
8.597795963287353516e-01
-1.553693175315856934e+00
6.025307774543762207e-01
