1.520280599594116211e+00
1.209195137023925781e+00
1.531477689743041992e+00
3.895843982696533203e+00
8.937047123908996582e-01
2.388426065444946289e+00
2.956923723220825195e+00
1.959131240844726562e+00
1.898073911666870117e+00
2.202698945999145508e+00
2.035024404525756836e+00
2.267302751541137695e+00
7.137100696563720703e-01
8.809707760810852051e-01
2.813020050525665283e-01
1.736623644828796387e+00
-4.967560470104217529e-01
2.934205258497968316e-05
3.342447429895401001e-02
1.838124036788940430e+00
4.728548973798751831e-02
1.670303940773010254e-01
-4.397243857383728027e-01
2.448276132345199585e-01
1.914768517017364502e-01
4.091834127902984619e-01
1.026491522789001465e-01
1.520965993404388428e-01
5.720329880714416504e-01
-8.467190861701965332e-01
3.531456708908081055e+00
1.147366613149642944e-01
5.120143294334411621e-02
-1.929629147052764893e-01
-3.271885812282562256e-01
-5.375988315790891647e-03
-1.666834354400634766e-01
5.360623449087142944e-02
-2.700260579586029053e-01
2.289925962686538696e-01
-1.985636651515960693e-01
-5.504840612411499023e-02
-1.339254155755043030e-02
-3.181664347648620605e-01
-1.100209057331085205e-01
-1.755504727363586426e+00
9.316821098327636719e+00
1.098061847686767578e+01
1.313954067230224609e+01
1.326844787597656250e+01
1.400025081634521484e+01
1.540123271942138672e+01
1.497440433502197266e+01
1.654568862915039062e+01
1.895703125000000000e+01
1.779736137390136719e+01
1.955187797546386719e+01
2.835070037841796875e+01
2.252381324768066406e+01
2.109590911865234375e+01
3.427462005615234375e+01
1.315578699111938477e+00
-7.321840524673461914e-02
1.302782744169235229e-01
-5.338950157165527344e-01
-1.688938140869140625e-01
2.195979356765747070e-01
-6.021648645401000977e-01
-1.000207543373107910e+00
-7.073544263839721680e-01
8.203350305557250977e-01
-8.203335851430892944e-02
-2.981055378913879395e-01
-5.857715606689453125e-01
1.280404925346374512e+00
-8.139845728874206543e-02
6.060621738433837891e-01
-6.396492123603820801e-01
3.384247720241546631e-01
-1.338160932064056396e-01
6.826701760292053223e-01
-4.436702132225036621e-01
7.546559572219848633e-01
6.501949429512023926e-01
-2.991286516189575195e-01
6.973775476217269897e-02
-5.361861363053321838e-02
-8.630995154380798340e-01
1.009708046913146973e+00
2.115230321884155273e+00
5.884147882461547852e-01
-6.915851831436157227e-01
-1.851421236991882324e+00
-3.631102740764617920e-01
1.310134887695312500e+00
-1.888943463563919067e-01
-1.732624024152755737e-01
2.904946208000183105e-01
-3.682280778884887695e-01
-3.537163436412811279e-01
-3.708482682704925537e-01
6.660834550857543945e-01
-2.214698344469070435e-01
2.001421749591827393e-01
3.152439296245574951e-01
1.063093185424804688e+00
-1.443944096565246582e+00
-3.495241999626159668e-01
8.985489010810852051e-01
-6.409107446670532227e-01
1.731329113245010376e-01
1.730717301368713379e+00
1.343202143907546997e-01
-1.436518192291259766e+00
1.918255925178527832e+00
2.633545875549316406e+00
-7.817163467407226562e-01
-4.529628753662109375e-01
3.332484066486358643e-01
-3.404396474361419678e-01
-2.613801658153533936e-01
-1.187406420707702637e+00
-2.194109410047531128e-01
1.089680343866348267e-01
1.183799982070922852e+00
3.026188015937805176e-01
-1.977024525403976440e-01
5.539976954460144043e-01
1.420440524816513062e-01
-4.131141602993011475e-01
-8.787724971771240234e-01
5.623275041580200195e-01
-2.903280593454837799e-02
3.595378100872039795e-01
-9.282681941986083984e-01
-4.520379304885864258e-01
-1.483082532882690430e+00
-8.112154603004455566e-01
-7.697435021400451660e-01
2.369642853736877441e-01
3.151707723736763000e-02
3.580754399299621582e-01
-6.437426805496215820e-02
-4.937636554241180420e-01
3.005839586257934570e-01
2.220461964607238770e-01
-1.173807740211486816e+00
6.292620897293090820e-01
3.562799990177154541e-01
-1.609723567962646484e+00
5.156772136688232422e-01
2.590228021144866943e-01
-3.403187729418277740e-03
-1.659462451934814453e-01
1.328616976737976074e+00
1.924658417701721191e-01
2.109150588512420654e-01
-2.139980554580688477e+00
1.014014244079589844e+00
9.584144949913024902e-01
6.669107079505920410e-01
-1.188567757606506348e+00
1.382611393928527832e+00
-1.575504422187805176e+00
-7.706075310707092285e-01
-5.317039489746093750e-01
5.276936292648315430e-01
-1.040474295616149902e+00
9.760805368423461914e-01
6.738365292549133301e-01
1.414335131645202637e+00
1.954990744590759277e+00
-9.808932542800903320e-01
-1.432836532592773438e+00
-3.869861736893653870e-02
1.593382596969604492e+00
-2.101738929748535156e+00
-7.213464975357055664e-01
4.969734251499176025e-01
-1.489144563674926758e+00
-2.343752145767211914e+00
-4.160277247428894043e-01
4.019509255886077881e-01
-1.175022348761558533e-01
3.355653285980224609e-01
-2.447111755609512329e-01
4.145857319235801697e-02
4.293889403343200684e-01
7.184958457946777344e-01
4.781391620635986328e-01
-4.363875091075897217e-01
5.738480947911739349e-03
3.082233369350433350e-01
-7.270623743534088135e-02
-6.833814084529876709e-02
-1.797582954168319702e-01
3.203683197498321533e-01
1.527065783739089966e-01
-3.084267377853393555e-01
3.895560801029205322e-01
5.060429498553276062e-02
-2.377361953258514404e-01
1.577901244163513184e-01
-1.163208931684494019e-01
1.680528968572616577e-01
4.985573887825012207e-01
3.400001302361488342e-02
-5.725974440574645996e-01
-2.367824167013168335e-01
7.780810594558715820e-01
5.666874721646308899e-02
7.169937491416931152e-01
5.617224574089050293e-01
3.865108266472816467e-02
-1.340781748294830322e-01
-9.089498221874237061e-02
-3.555714786052703857e-01
-8.075281977653503418e-02
1.572710722684860229e-01
-2.444241642951965332e-01
1.719772517681121826e-01
4.970207214355468750e-01
-1.480516642332077026e-01
-1.798568129539489746e+00
4.086383879184722900e-01
2.098175585269927979e-01
-4.515454471111297607e-01
5.690241456031799316e-01
-1.439447104930877686e-01
2.691300511360168457e-01
-1.097825288772583008e+00
4.122778475284576416e-01
-1.242044344544410706e-01
-4.437138140201568604e-01
-1.505062133073806763e-01
-9.903400540351867676e-01
3.456840217113494873e-01
3.625104129314422607e-01
-1.678636968135833740e-01
4.133024215698242188e-01
-2.494797855615615845e-01
3.193705677986145020e-01
-2.960043847560882568e-01
-6.147971153259277344e-01
3.829246461391448975e-01
-8.106042444705963135e-02
2.641968131065368652e-01
1.211734041571617126e-01
3.525172472000122070e-01
6.209161132574081421e-03
2.055145353078842163e-01
6.978093832731246948e-02
-1.563304960727691650e-01
8.755167573690414429e-02
3.339908421039581299e-01
5.914885401725769043e-01
3.807719349861145020e-01
1.069471687078475952e-01
-5.890513211488723755e-02
1.746680736541748047e-01
4.674756526947021484e-01
1.241212248802185059e+00
-1.152612045407295227e-01
-3.476465642452239990e-01
3.476389944553375244e-01
-1.416357755661010742e-01
-2.103895246982574463e-01
3.838989138603210449e-02
3.761323392391204834e-01
-2.882305681705474854e-01
6.273816227912902832e-01
6.741324663162231445e-01
4.260352626442909241e-02
7.778389453887939453e-01
-5.288155749440193176e-02
-5.871686935424804688e-01
-9.958702325820922852e-01
2.462646216154098511e-01
-9.735877066850662231e-02
-2.159527540206909180e-01
-1.084220632910728455e-01
3.260168433189392090e-01
4.235544502735137939e-01
4.031251966953277588e-01
-2.648211419582366943e-01
-2.199474871158599854e-01
5.599125027656555176e-01
1.149896740913391113e+00
1.392299532890319824e-01
-4.347885251045227051e-01
-1.239973306655883789e-01
-6.161762475967407227e-01
-4.231521189212799072e-01
5.220192670822143555e-02
3.047126345336437225e-02
-7.880668640136718750e-01
4.368326365947723389e-01
-8.064531087875366211e-01
-1.284151673316955566e-01
1.681232452392578125e-01
1.131988883018493652e+00
-1.409254223108291626e-01
-3.073474764823913574e-01
1.804452687501907349e-01
-2.010932425037026405e-03
-9.820777922868728638e-02
-1.060490086674690247e-01
-6.737470626831054688e-02
1.634464599192142487e-03
-2.241407185792922974e-01
1.132817380130290985e-02
7.005894929170608521e-02
-1.528976261615753174e-01
2.334405854344367981e-02
-1.346615701913833618e-02
3.140388727188110352e-01
-4.100149273872375488e-01
5.719756335020065308e-02
-1.678635478019714355e-01
-3.709965646266937256e-01
1.677451282739639282e-02
-7.987560331821441650e-02
3.260783106088638306e-02
3.212907910346984863e-02
3.710032626986503601e-02
-2.193130366504192352e-02
-3.744608908891677856e-02
2.494610846042633057e-02
-5.963806062936782837e-02
9.505419433116912842e-02
-1.224901154637336731e-02
-1.142087727785110474e-01
2.211649417877197266e-01
7.529152184724807739e-02
-2.290333062410354614e-01
1.432439684867858887e-01
9.842237830162048340e-02
1.083201542496681213e-01
-1.903378814458847046e-01
1.685196161270141602e-01
-8.831332623958587646e-02
-2.387741506099700928e-01
1.562239527702331543e-01
7.875230908393859863e-01
-2.980413436889648438e-01
-6.070287823677062988e-01
5.880780220031738281e-01
4.409385025501251221e-01
-2.598214745521545410e-01
-2.340123057365417480e-01
5.280360579490661621e-01
-4.374489188194274902e-01
1.028505712747573853e-01
2.087730169296264648e-01
3.041074872016906738e-01
-2.872707247734069824e-01
1.425467580556869507e-01
-3.871626406908035278e-02
-1.395246386528015137e-01
-3.060332834720611572e-01
2.465865463018417358e-01
2.860099971294403076e-01
-1.972046345472335815e-01
2.459990531206130981e-01
1.039317175745964050e-01
-2.046242356300354004e-01
2.694615423679351807e-01
-5.064374208450317383e-01
-5.724807977676391602e-01
6.127104163169860840e-02
4.053650498390197754e-01
-3.302279487252235413e-02
3.234622180461883545e-01
8.384214341640472412e-02
1.765181720256805420e-01
3.849294483661651611e-01
5.211462378501892090e-01
6.624042391777038574e-01
1.160057410597801208e-01
-4.604123234748840332e-01
-1.684174388647079468e-01
-4.423966407775878906e-01
1.049656420946121216e-03
-8.454512804746627808e-02
2.506690919399261475e-01
4.161567687988281250e-01
9.026619791984558105e-01
-4.760410189628601074e-01
-3.721928000450134277e-01
4.408730566501617432e-01
-2.740862667560577393e-01
-2.574003338813781738e-01
6.498178243637084961e-01
-4.875676333904266357e-01
-4.505610466003417969e-01
6.253270506858825684e-01
6.887676715850830078e-01
2.573600783944129944e-02
-7.893926501274108887e-01
-7.911765575408935547e-01
4.999667778611183167e-02
2.744935154914855957e-01
-6.317871809005737305e-01
5.046338587999343872e-02
5.881997346878051758e-01
-5.896362662315368652e-01
-5.389859080314636230e-01
-4.331344962120056152e-01
1.531825661659240723e-01
4.055990874767303467e-01
5.715126544237136841e-02
-2.297407239675521851e-01
5.144802927970886230e-01
-4.491823613643646240e-01
-1.233221683651208878e-02
1.436931490898132324e-01
4.479581117630004883e-01
5.043857097625732422e-01
-1.427653580904006958e-01
-2.031115628778934479e-02
-4.521084427833557129e-01
-8.565943688154220581e-03
-4.906093236058950424e-04
-3.586594713851809502e-03
-2.366528613492846489e-03
8.339519612491130829e-03
-7.739050313830375671e-03
-1.190510694868862629e-03
-9.433886036276817322e-03
8.545887656509876251e-03
8.052252815105021000e-05
-5.299913696944713593e-03
-2.280023880302906036e-03
2.427489496767520905e-03
3.386209020391106606e-03
5.147459451109170914e-03
-3.542855149134993553e-03
-7.679761853069067001e-03
-4.589704796671867371e-03
6.298489868640899658e-03
-3.380624577403068542e-03
9.817483834922313690e-03
-8.003618568181991577e-03
5.343721131794154644e-04
7.239309605211019516e-03
6.794460117816925049e-03
-5.623808596283197403e-03
-3.038263646885752678e-03
6.004212424159049988e-03
-8.174829185009002686e-03
6.634728051722049713e-04
-3.778399433940649033e-03
-9.533359669148921967e-03
2.133840462192893028e-03
2.160318195819854736e-03
-7.979650981724262238e-03
2.657377859577536583e-03
3.178049344569444656e-03
-7.319317664951086044e-03
-2.816104330122470856e-03
7.495029363781213760e-03
4.820536822080612183e-03
-1.612595282495021820e-03
8.277723565697669983e-03
5.652251653373241425e-03
-4.302956629544496536e-03
9.617622941732406616e-03
4.533081781119108200e-03
-6.022343412041664124e-03
6.625071167945861816e-03
-1.822097692638635635e-04
-5.852976348251104355e-03
2.615968463942408562e-03
9.552683681249618530e-03
5.940407514572143555e-03
4.322330467402935028e-03
-6.002396345138549805e-03
-8.872004225850105286e-03
7.471405901014804840e-03
-9.261376224458217621e-03
1.828267821110785007e-03
-4.786161705851554871e-03
-1.500714104622602463e-03
1.629326841793954372e-03
6.424812600016593933e-03
-6.601799279451370239e-03
9.312524460256099701e-03
1.477500889450311661e-03
4.307608760427683592e-04
-1.892509986646473408e-03
-9.139379486441612244e-03
7.757933810353279114e-03
-6.614885292947292328e-03
-2.795201027765870094e-03
-8.793164975941181183e-03
-3.143793903291225433e-03
8.702131919562816620e-03
-4.133986309170722961e-03
-4.990566056221723557e-03
-6.993304472416639328e-03
-6.615076214075088501e-03
6.370995193719863892e-03
-7.583308964967727661e-03
-2.525134710595011711e-03
1.894241664558649063e-03
-9.353933855891227722e-03
3.145900322124361992e-03
7.511399220675230026e-03
2.381790895015001297e-03
4.768592771142721176e-04
3.076628316193819046e-03
9.161004796624183655e-03
7.401677314192056656e-03
-8.885129354894161224e-03
-8.631243370473384857e-03
-9.303625673055648804e-03
-8.896310813724994659e-03
-2.915631514042615891e-03
8.800751529633998871e-03
-2.116275485605001450e-03
8.009423501789569855e-03
-9.617010131478309631e-03
-6.273266859352588654e-03
1.043673488311469555e-03
3.879090305417776108e-03
-6.295731756836175919e-03
8.999288082122802734e-03
8.474578149616718292e-03
9.864036925137042999e-03
4.702903795987367630e-03
7.869052700698375702e-03
7.376102730631828308e-04
5.719480104744434357e-03
-5.303219892084598541e-03
3.239946207031607628e-03
-3.760231193155050278e-03
-7.677410263568162918e-03
-7.558770012110471725e-03
-1.640291186049580574e-03
-3.723864676430821419e-03
5.780559964478015900e-03
1.794090628623962402e+00
6.618896722793579102e-01
-1.092040538787841797e+00
4.010563492774963379e-01
