1.545802354812622070e+00
1.224665522575378418e+00
1.515480279922485352e+00
4.047209739685058594e+00
1.102453351020812988e+00
1.856376051902770996e+00
3.106051445007324219e+00
2.002701997756958008e+00
1.879490017890930176e+00
1.326632142066955566e+00
2.039802312850952148e+00
2.163281202316284180e+00
7.948489189147949219e-01
1.269990324974060059e+00
1.443035840988159180e+00
5.647379755973815918e-01
-4.688177406787872314e-01
1.946973204612731934e-01
1.036756709218025208e-01
1.391332149505615234e+00
-2.776809930801391602e-01
9.889704734086990356e-02
-9.597182273864746094e-02
3.202127516269683838e-01
8.202113509178161621e-01
3.091565072536468506e-01
2.008915133774280548e-02
5.177040696144104004e-01
-4.049021601676940918e-01
-5.152069330215454102e-01
1.232735157012939453e+00
3.421529661864042282e-03
-1.327947061508893967e-02
-9.525997936725616455e-02
-3.064613044261932373e-01
-3.812933573499321938e-03
-1.329754739999771118e-01
-1.427460014820098877e-01
-8.122127503156661987e-02
1.750050485134124756e-01
-1.032144650816917419e-01
-1.645638942718505859e-01
-1.082044169306755066e-01
-7.807051390409469604e-02
7.033591717481613159e-02
-9.949054718017578125e-01
9.307868003845214844e+00
1.095907497406005859e+01
1.316485500335693359e+01
1.368090629577636719e+01
1.400617218017578125e+01
1.541480541229248047e+01
1.479060459136962891e+01
1.661484909057617188e+01
1.900276947021484375e+01
1.787209701538085938e+01
1.913493537902832031e+01
2.430565071105957031e+01
2.002808952331542969e+01
1.950561904907226562e+01
2.510333824157714844e+01
1.233598947525024414e+00
-4.575127065181732178e-01
5.959370136260986328e-01
-1.793093383312225342e-01
-3.895256519317626953e-01
-5.401529073715209961e-01
-4.292253255844116211e-01
1.838148683309555054e-01
-1.288794398307800293e+00
5.856266617774963379e-01
5.573554709553718567e-02
-1.000008940696716309e+00
-4.913612008094787598e-01
1.322902888059616089e-01
5.264467597007751465e-01
4.022045135498046875e-01
-3.638761937618255615e-01
1.128725111484527588e-01
-5.518587231636047363e-01
1.763235926628112793e-01
3.228222429752349854e-01
8.557441085577011108e-02
3.464001119136810303e-01
2.107435464859008789e-02
3.526615202426910400e-01
-7.150539159774780273e-01
2.502486407756805420e-01
-3.576605021953582764e-01
2.358761072158813477e+00
2.964796423912048340e-01
-1.585644960403442383e+00
-9.060986042022705078e-01
2.337510287761688232e-01
3.604531288146972656e-01
-2.834500074386596680e-01
7.729675620794296265e-02
-4.412453472614288330e-01
8.167843520641326904e-02
-1.622792184352874756e-01
-3.423882424831390381e-01
-4.069876968860626221e-01
-3.669189810752868652e-01
1.913132667541503906e+00
4.837083220481872559e-01
-1.505496799945831299e-01
-2.584536671638488770e-01
-1.927948147058486938e-01
1.072112560272216797e+00
-3.887132406234741211e-01
-2.845398187637329102e-01
2.250288009643554688e+00
-5.015946924686431885e-02
-8.142289519309997559e-01
1.953908681869506836e+00
1.642615675926208496e+00
-4.108589589595794678e-01
3.973769247531890869e-01
-2.309755384922027588e-01
-2.553847134113311768e-01
5.471427440643310547e-01
-1.148262262344360352e+00
-1.375018000602722168e+00
-8.537752032279968262e-01
1.076783537864685059e+00
-5.512123107910156250e-01
5.409565567970275879e-02
-1.604986786842346191e-01
1.232133731245994568e-01
-1.141360759735107422e+00
1.203731745481491089e-01
-3.240084052085876465e-01
5.460550785064697266e-01
2.168659418821334839e-01
-1.798246204853057861e-01
-5.656140446662902832e-01
-1.031090021133422852e+00
-1.321924030780792236e-01
-4.696900248527526855e-01
3.239106759428977966e-02
-2.729929089546203613e-01
-1.628694087266921997e-01
-5.488015338778495789e-02
-1.285861879587173462e-01
-1.639275997877120972e-01
-1.788113452494144440e-02
-4.270152747631072998e-01
2.574300765991210938e-01
5.048270821571350098e-01
-1.281443834304809570e-01
8.926761150360107422e-01
-3.273166716098785400e-01
7.614513635635375977e-01
2.397147417068481445e+00
1.391896247863769531e+00
-9.727691411972045898e-01
-2.129068672657012939e-01
-2.569008827209472656e+00
7.863270640373229980e-01
1.612059116363525391e+00
3.508445322513580322e-01
-4.063527882099151611e-01
-4.743502438068389893e-01
-3.975169360637664795e-01
-1.134918183088302612e-01
-2.220396846532821655e-01
-1.710962057113647461e-01
-3.473650217056274414e-01
1.684170603752136230e+00
-1.248748078942298889e-01
3.745166659355163574e-01
-2.752104759216308594e+00
5.181956291198730469e-01
-1.561501383781433105e+00
-3.907018005847930908e-01
-1.723130226135253906e+00
-1.784261763095855713e-01
3.510661795735359192e-02
2.109407424926757812e+00
5.382034555077552795e-02
-1.505957961082458496e+00
1.665595173835754395e-01
2.239938080310821533e-01
-1.192829757928848267e-02
-2.525050342082977295e-01
-2.307433933019638062e-01
3.339557647705078125e-01
1.840606033802032471e-01
3.627499341964721680e-01
2.293005585670471191e-01
3.198995068669319153e-02
2.755315005779266357e-01
3.834727406501770020e-01
3.078702390193939209e-01
1.668480187654495239e-01
-2.502352893352508545e-01
1.319393068552017212e-01
3.189592659473419189e-01
3.838694095611572266e-02
2.159789018332958221e-02
-3.716099262237548828e-02
-9.875782579183578491e-02
2.624062448740005493e-02
-1.781135648488998413e-01
-3.418166935443878174e-02
1.154239922761917114e-01
3.662139475345611572e-01
7.332423329353332520e-02
4.625057801604270935e-02
1.100138574838638306e-01
2.707720696926116943e-01
6.546289324760437012e-01
1.235499009490013123e-01
-4.181163851171731949e-03
1.223802492022514343e-01
-8.166187442839145660e-03
-1.905496716499328613e-01
1.212891712784767151e-01
1.497795581817626953e-01
-3.849095404148101807e-01
9.596401453018188477e-02
2.506758272647857666e-01
-1.276665627956390381e-01
-1.134658455848693848e+00
-1.338365953415632248e-02
2.458042465150356293e-02
-1.100471168756484985e-01
2.477001398801803589e-01
-2.259501516819000244e-01
-3.658876568078994751e-02
-2.067250162363052368e-01
-1.219467282295227051e+00
-4.050876572728157043e-02
-3.039110004901885986e-01
-3.486660420894622803e-01
-2.420707792043685913e-01
2.393909394741058350e-01
-1.959099620580673218e-01
-2.168812900781631470e-01
4.369089603424072266e-01
-1.307696453295648098e-03
-1.574599295854568481e-01
-3.050824627280235291e-02
-1.706241369247436523e-01
3.453644812107086182e-01
3.784136176109313965e-01
1.869269162416458130e-01
2.007362097501754761e-01
7.701213657855987549e-02
1.188924908638000488e-01
2.177984267473220825e-01
1.159187704324722290e-01
-1.701415330171585083e-01
2.945067547261714935e-02
3.055445849895477295e-01
2.314402014017105103e-01
5.318870544433593750e-01
2.221477925777435303e-01
-7.780521363019943237e-02
3.622605279088020325e-02
2.773791849613189697e-01
1.705948561429977417e-01
1.121034622192382812e-01
2.418155670166015625e-01
6.839203238487243652e-01
3.984659612178802490e-01
1.287976372987031937e-02
1.259151101112365723e-01
1.773241460323333740e-01
-4.063806533813476562e-01
2.300092130899429321e-01
-1.437583123333752155e-03
1.902262121438980103e-01
7.538106441497802734e-01
-1.560236699879169464e-02
-3.583766892552375793e-02
3.214477598667144775e-01
-4.191021025180816650e-01
-6.444072723388671875e-01
2.757059335708618164e-01
-1.252018809318542480e-01
1.714252531528472900e-01
-4.790972471237182617e-01
1.678678393363952637e-01
3.119645714759826660e-01
2.461026757955551147e-01
7.028930783271789551e-01
3.799969851970672607e-01
-2.452976107597351074e-01
-7.399682700634002686e-02
2.281301021575927734e-01
1.400320768356323242e+00
-6.836237013339996338e-02
1.848999559879302979e-01
-1.516164094209671021e-01
1.464067339897155762e+00
1.342348903417587280e-01
-8.049478530883789062e-01
2.697044312953948975e-01
1.942961812019348145e-01
7.284213304519653320e-01
-5.717215538024902344e-01
-2.515788376331329346e-01
-8.895923383533954620e-03
9.233184158802032471e-02
-1.865953803062438965e-01
-9.127620607614517212e-02
-8.051908761262893677e-02
-4.330746829509735107e-02
-4.806329309940338135e-01
1.058860961347818375e-02
1.991225481033325195e-01
-2.794295363128185272e-02
-7.169669121503829956e-02
-9.650355577468872070e-02
2.597450911998748779e-01
-9.633186459541320801e-02
-1.264522671699523926e-01
-1.088174507021903992e-01
1.728553026914596558e-01
-2.911804988980293274e-02
9.943633340299129486e-03
2.978389337658882141e-02
-4.692019224166870117e-01
-9.395968914031982422e-02
2.599897852633148432e-04
-1.309258788824081421e-01
-1.387905627489089966e-01
-1.822555065155029297e-01
-1.234216913580894470e-01
-1.348111871629953384e-02
1.088069602847099304e-01
1.625094264745712280e-01
-7.587213069200515747e-02
-7.017958909273147583e-02
1.186008453369140625e-01
-6.626116484403610229e-02
1.785392612218856812e-01
6.911496818065643311e-02
1.219971328973770142e-01
-5.368373543024063110e-02
4.559000581502914429e-02
-6.076999381184577942e-02
-2.609766460955142975e-02
-1.300187855958938599e-01
-4.015618935227394104e-02
1.696303039789199829e-01
3.239109516143798828e-01
-1.103059872984886169e-01
2.850256301462650299e-02
3.309735283255577087e-02
2.901102900505065918e-01
4.581227898597717285e-02
1.881773769855499268e-01
-1.298720538616180420e-01
-3.630341291427612305e-01
1.368390023708343506e-01
-1.126960366964340210e-01
-1.103469878435134888e-01
-2.596807181835174561e-01
-5.098229646682739258e-02
1.432395279407501221e-01
6.383845955133438110e-02
1.114118248224258423e-01
-1.200071573257446289e-01
1.812012195587158203e-01
1.159584522247314453e-01
-1.770252436399459839e-01
-8.451383560895919800e-02
3.888981044292449951e-01
-4.466704279184341431e-02
-1.337517648935317993e-01
1.450205296277999878e-01
-2.267046831548213959e-02
-3.716350719332695007e-02
2.561804056167602539e-01
2.944487333297729492e-01
5.353470891714096069e-02
-5.629797652363777161e-02
3.087468072772026062e-02
2.720206789672374725e-02
2.354777604341506958e-01
3.792121424339711666e-04
-8.506372570991516113e-02
1.371014416217803955e-01
-2.310334891080856323e-01
5.962795019149780273e-01
-4.002994894981384277e-01
-1.482564955949783325e-01
1.145291626453399658e-01
2.225759923458099365e-01
-1.456587016582489014e-01
3.851240277290344238e-01
-1.595298409461975098e+00
-7.095290422439575195e-01
9.310445189476013184e-01
2.459364011883735657e-02
-1.230968013405799866e-01
2.971757948398590088e-01
-6.187143325805664062e-01
2.030535787343978882e-01
-3.181585809215903282e-03
-1.226753517985343933e-01
3.884264035150408745e-03
2.055679857730865479e-01
5.627474933862686157e-02
-6.635233759880065918e-02
1.913543343544006348e-01
-2.760362625122070312e-01
-1.825403273105621338e-01
2.777807712554931641e-01
-1.251153945922851562e-01
-4.269982874393463135e-02
3.020192682743072510e-01
5.927141010761260986e-02
6.328498721122741699e-01
2.401150315999984741e-01
-2.901862859725952148e-01
-6.246410012245178223e-01
1.068791374564170837e-01
5.492359399795532227e-01
-8.565943688154220581e-03
-4.906093236058950424e-04
-3.586594713851809502e-03
-2.366528613492846489e-03
8.339519612491130829e-03
-7.739050313830375671e-03
-1.190510694868862629e-03
-9.433886036276817322e-03
8.545887656509876251e-03
8.052252815105021000e-05
-5.299913696944713593e-03
-2.280023880302906036e-03
2.427489496767520905e-03
3.386209020391106606e-03
5.147459451109170914e-03
-3.542855149134993553e-03
-7.679761853069067001e-03
-4.589704796671867371e-03
6.298489868640899658e-03
-3.380624577403068542e-03
9.817483834922313690e-03
-8.003618568181991577e-03
5.343721131794154644e-04
7.239309605211019516e-03
6.794460117816925049e-03
-5.623808596283197403e-03
-3.038263646885752678e-03
6.004212424159049988e-03
-8.174829185009002686e-03
6.634728051722049713e-04
-3.778399433940649033e-03
-9.533359669148921967e-03
2.133840462192893028e-03
2.160318195819854736e-03
-7.979650981724262238e-03
2.657377859577536583e-03
3.178049344569444656e-03
-7.319317664951086044e-03
-2.816104330122470856e-03
7.495029363781213760e-03
4.820536822080612183e-03
-1.612595282495021820e-03
8.277723565697669983e-03
5.652251653373241425e-03
-4.302956629544496536e-03
9.617622941732406616e-03
4.533081781119108200e-03
-6.022343412041664124e-03
6.625071167945861816e-03
-1.822097692638635635e-04
-5.852976348251104355e-03
2.615968463942408562e-03
9.552683681249618530e-03
5.940407514572143555e-03
4.322330467402935028e-03
-6.002396345138549805e-03
-8.872004225850105286e-03
7.471405901014804840e-03
-9.261376224458217621e-03
1.828267821110785007e-03
-4.786161705851554871e-03
-1.500714104622602463e-03
1.629326841793954372e-03
6.424812600016593933e-03
-6.601799279451370239e-03
9.312524460256099701e-03
1.477500889450311661e-03
4.307608760427683592e-04
-1.892509986646473408e-03
-9.139379486441612244e-03
7.757933810353279114e-03
-6.614885292947292328e-03
-2.795201027765870094e-03
-8.793164975941181183e-03
-3.143793903291225433e-03
8.702131919562816620e-03
-4.133986309170722961e-03
-4.990566056221723557e-03
-6.993304472416639328e-03
-6.615076214075088501e-03
6.370995193719863892e-03
-7.583308964967727661e-03
-2.525134710595011711e-03
1.894241664558649063e-03
-9.353933855891227722e-03
3.145900322124361992e-03
7.511399220675230026e-03
2.381790895015001297e-03
4.768592771142721176e-04
3.076628316193819046e-03
9.161004796624183655e-03
7.401677314192056656e-03
-8.885129354894161224e-03
-8.631243370473384857e-03
-9.303625673055648804e-03
-8.896310813724994659e-03
-2.915631514042615891e-03
8.800751529633998871e-03
-2.116275485605001450e-03
8.009423501789569855e-03
-9.617010131478309631e-03
-6.273266859352588654e-03
1.043673488311469555e-03
3.879090305417776108e-03
-6.295731756836175919e-03
8.999288082122802734e-03
8.474578149616718292e-03
9.864036925137042999e-03
4.702903795987367630e-03
7.869052700698375702e-03
7.376102730631828308e-04
5.719480104744434357e-03
-5.303219892084598541e-03
3.239946207031607628e-03
-3.760231193155050278e-03
-7.677410263568162918e-03
-7.558770012110471725e-03
-1.640291186049580574e-03
-3.723864676430821419e-03
5.780559964478015900e-03
1.355374932289123535e+00
6.980639696121215820e-01
-1.221303343772888184e+00
4.790744483470916748e-01
