1.912066221237182617e+00
-1.391175389289855957e+00
4.843717575073242188e+00
3.937407493591308594e+00
5.508713126182556152e-01
2.256600856781005859e+00
3.357608556747436523e+00
-3.905550539493560791e-01
2.453554794192314148e-02
1.056225776672363281e+00
4.738113284111022949e-01
3.109087347984313965e-01
2.884013950824737549e-01
-6.337152719497680664e-01
1.385479122400283813e-01
5.411545932292938232e-02
1.423717856407165527e+00
1.682806760072708130e-02
6.795333325862884521e-02
-5.328769683837890625e-01
-3.498809337615966797e-01
3.007928431034088135e-01
-3.461865186691284180e-01
-1.192860603332519531e+00
3.880407214164733887e-01
1.023191642761230469e+01
1.331567764282226562e+01
1.534718132019042969e+01
9.270938873291015625e+00
1.755484199523925781e+01
1.923340415954589844e+01
2.002942276000976562e+01
2.803588294982910156e+01
-1.002265419811010361e-02
-3.374438285827636719e-01
8.705161213874816895e-01
-2.455892413854598999e-02
6.130449771881103516e-01
5.229711532592773438e-01
1.935900449752807617e+00
5.849194049835205078e+00
-7.221982479095458984e-01
1.664378941059112549e-01
9.134388715028762817e-02
6.577533483505249023e-01
-8.286327123641967773e-01
7.119618058204650879e-01
1.556859850883483887e+00
-6.126024723052978516e-01
-1.828698158264160156e+00
-6.047199368476867676e-01
2.731004655361175537e-01
-9.085895419120788574e-01
-4.214253425598144531e+00
1.179654788970947266e+01
1.471678853034973145e+00
-2.035861760377883911e-01
1.543473434448242188e+01
1.449790954589843750e+01
1.219308018684387207e+00
-7.744144201278686523e-01
9.953773021697998047e-01
6.712563037872314453e+00
1.468790471553802490e-01
4.819933176040649414e-01
-3.849271297454833984e+00
1.621278643608093262e+00
-5.033847689628601074e-01
6.008136272430419922e+00
3.473227471113204956e-02
-1.944110840559005737e-01
1.305914968252182007e-01
-8.324056863784790039e-01
-1.101530909538269043e+00
-2.526898086071014404e-01
-2.150993824005126953e+00
3.387532234191894531e+00
3.888720571994781494e-01
2.064566910266876221e-01
-7.427402734756469727e-01
1.722395122051239014e-01
9.750950336456298828e-02
2.248983234167098999e-01
-1.552308946847915649e-01
2.621816694736480713e-01
-1.976311802864074707e-01
2.141335457563400269e-01
-1.238843426108360291e-01
7.066152691841125488e-01
-6.192079782485961914e-01
-4.013234615325927734e+00
5.562653541564941406e-01
9.254831820726394653e-02
-4.687384128570556641e+00
4.720313072204589844e+00
3.205411732196807861e-01
6.342958211898803711e-01
-1.721242427825927734e+00
-9.753035902976989746e-01
1.989292800426483154e-01
2.617972791194915771e-01
2.209171533584594727e+00
1.143628597259521484e+00
1.855307444930076599e-02
1.159733176231384277e+00
-1.692450046539306641e-01
1.878028512001037598e-01
2.687976360321044922e-01
5.098379850387573242e-01
6.630631685256958008e-01
-2.844671308994293213e-01
3.248361051082611084e-01
-1.478420376777648926e+00
3.109459280967712402e-01
-2.631780207157135010e-01
1.076361536979675293e+00
-2.908934354782104492e-01
6.845160126686096191e-01
-3.040030002593994141e-01
5.477682948112487793e-01
4.769653677940368652e-01
3.981437981128692627e-01
6.631042063236236572e-02
-8.005597442388534546e-02
2.716755270957946777e-01
1.104742169380187988e+00
-8.119973540306091309e-01
-1.936767578125000000e+00
6.852093935012817383e-01
-4.098775386810302734e+00
6.754755020141601562e+00
-6.516391038894653320e-01
-1.900968402624130249e-01
4.253682196140289307e-01
9.138698875904083252e-02
1.289128363132476807e-01
-6.759119033813476562e-02
-1.661292314529418945e-01
-9.592615365982055664e-01
9.461376667022705078e-01
-2.609792232513427734e+00
-6.533706560730934143e-03
-6.812319625169038773e-03
2.277337480336427689e-03
-1.630620798096060753e-03
-8.497784845530986786e-03
-3.369750222191214561e-03
3.509395522996783257e-03
-6.999650504440069199e-03
3.424735274165868759e-03
-6.993969436734914780e-03
3.697994863614439964e-03
8.004928007721900940e-03
3.147453069686889648e-03
-1.970012905076146126e-03
-7.134975865483283997e-03
-6.240473594516515732e-03
-3.890398191288113594e-03
-8.304820396006107330e-03
-2.185566117987036705e-03
9.680901654064655304e-03
5.234426353126764297e-03
-4.643216729164123535e-03
-5.344686098396778107e-03
4.473235821933485568e-05
-5.127854645252227783e-03
-9.910626336932182312e-03
8.791335858404636383e-03
6.319598294794559479e-03
-8.006534539163112640e-03
1.846201950684189796e-03
5.775969475507736206e-03
-8.885472081601619720e-03
5.582405254244804382e-03
-8.388439193367958069e-03
1.513048628112301230e-04
-3.108793869614601135e-03
1.038653254508972168e+00
9.599724411964416504e-01
-1.917516827583312988e+00
7.233364582061767578e-01
