1.905345678329467773e+00
-1.355742454528808594e+00
4.834750175476074219e+00
3.950440406799316406e+00
6.071337461471557617e-01
2.235645532608032227e+00
3.371252536773681641e+00
-6.316540241241455078e-01
-2.013356685638427734e-01
1.165592670440673828e+00
5.164721608161926270e-01
3.164125978946685791e-01
5.156711488962173462e-02
-8.636276721954345703e-01
2.884793877601623535e-01
1.310868710279464722e-01
8.652200698852539062e-01
1.981118023395538330e-01
2.532236874103546143e-01
-6.128841638565063477e-01
-1.805564016103744507e-01
2.518099844455718994e-01
-5.126841068267822266e-01
-1.121497511863708496e+00
7.251639366149902344e-01
1.019255352020263672e+01
1.331183052062988281e+01
1.534030818939208984e+01
9.653008460998535156e+00
1.751710128784179688e+01
1.923270988464355469e+01
2.040677452087402344e+01
3.073094177246093750e+01
1.738438010215759277e-01
-2.101824283599853516e-01
7.657399773597717285e-01
-2.511859536170959473e-01
5.152651071548461914e-01
7.427174448966979980e-01
1.535416007041931152e+00
4.795768737792968750e+00
-6.997476816177368164e-01
1.590171009302139282e-01
1.108580231666564941e-01
6.992743611335754395e-01
-7.521704435348510742e-01
1.574521362781524658e-01
1.229968428611755371e+00
-6.725691556930541992e-01
-1.586049556732177734e+00
-6.813105940818786621e-01
3.040022850036621094e-01
-5.448282957077026367e-01
-3.957697153091430664e+00
6.536986351013183594e+00
2.314260482788085938e+00
-1.189409255981445312e+00
1.148120117187500000e+01
9.381393432617187500e+00
1.104303717613220215e+00
-8.357247710227966309e-01
6.108082532882690430e-01
6.728552818298339844e+00
9.975922107696533203e-02
3.571354746818542480e-01
-4.640655517578125000e+00
1.647722601890563965e+00
-1.738039255142211914e+00
7.222079277038574219e+00
1.979098916053771973e-01
-1.012622192502021790e-01
1.393256038427352905e-01
-1.017248868942260742e+00
-1.038572311401367188e+00
-1.207752376794815063e-01
-1.259780526161193848e+00
3.361311912536621094e+00
4.097734391689300537e-01
2.640940248966217041e-01
-8.321047425270080566e-01
1.055262014269828796e-01
2.222744375467300415e-01
1.372477971017360687e-03
-8.868733644485473633e-01
2.480188012123107910e-01
-9.204504638910293579e-02
4.187802076339721680e-01
-1.365173310041427612e-01
6.695171594619750977e-01
-5.975937843322753906e-01
-4.413245201110839844e+00
-5.620533823966979980e-01
9.243655800819396973e-01
-2.411936521530151367e+00
3.278343677520751953e+00
3.458476960659027100e-01
4.696685373783111572e-01
-1.728316903114318848e+00
-1.351672053337097168e+00
3.205164074897766113e-01
3.790133595466613770e-01
2.195134878158569336e+00
1.670263886451721191e+00
-9.117604047060012817e-02
-1.647604070603847504e-02
-2.068039029836654663e-01
1.198594942688941956e-01
3.419159948825836182e-01
1.350461721420288086e+00
5.825010538101196289e-01
-3.293679654598236084e-01
6.456787884235382080e-02
-1.945430397987365723e+00
2.824269831180572510e-01
-2.687739133834838867e-01
1.261805295944213867e+00
-1.162672787904739380e-01
5.915227532386779785e-01
9.200882911682128906e-02
8.412165045738220215e-01
5.137858986854553223e-01
1.615088731050491333e-01
-1.276782006025314331e-01
-2.844870463013648987e-02
1.101304292678833008e-01
1.403004050254821777e+00
3.478821754455566406e+00
-8.997550606727600098e-01
-1.513114273548126221e-01
-2.095031738281250000e+00
5.179662704467773438e+00
-5.631212592124938965e-01
-5.285666510462760925e-02
6.293587088584899902e-01
2.500426024198532104e-02
1.528247538954019547e-02
2.866568043828010559e-02
1.872014068067073822e-02
-1.252406358718872070e+00
1.046036481857299805e+00
-2.558854103088378906e+00
-6.533706560730934143e-03
-6.812319625169038773e-03
2.277337480336427689e-03
-1.630620798096060753e-03
-8.497784845530986786e-03
-3.369750222191214561e-03
3.509395522996783257e-03
-6.999650504440069199e-03
3.424735274165868759e-03
-6.993969436734914780e-03
3.697994863614439964e-03
8.004928007721900940e-03
3.147453069686889648e-03
-1.970012905076146126e-03
-7.134975865483283997e-03
-6.240473594516515732e-03
-3.890398191288113594e-03
-8.304820396006107330e-03
-2.185566117987036705e-03
9.680901654064655304e-03
5.234426353126764297e-03
-4.643216729164123535e-03
-5.344686098396778107e-03
4.473235821933485568e-05
-5.127854645252227783e-03
-9.910626336932182312e-03
8.791335858404636383e-03
6.319598294794559479e-03
-8.006534539163112640e-03
1.846201950684189796e-03
5.775969475507736206e-03
-8.885472081601619720e-03
5.582405254244804382e-03
-8.388439193367958069e-03
1.513048628112301230e-04
-3.108793869614601135e-03
1.081921935081481934e+00
9.828194379806518555e-01
-1.865748524665832520e+00
7.137445211410522461e-01
