2.179906129837036133e+00
7.597292065620422363e-01
5.049312591552734375e+00
3.988518476486206055e+00
1.958227038383483887e+00
3.566774606704711914e+00
1.087042093276977539e+00
-1.053835079073905945e-01
-6.674591302871704102e-01
7.463945448398590088e-02
-4.194770008325576782e-02
9.483740329742431641e-01
-1.073191985487937927e-01
-2.529154539108276367e+00
-1.096141576766967773e+00
8.836873173713684082e-01
-4.078999459743499756e-01
-4.306006133556365967e-01
-3.264326751232147217e-01
6.805079579353332520e-01
2.006622314453125000e+00
5.727422833442687988e-01
1.016828155517578125e+01
1.329904747009277344e+01
1.532960700988769531e+01
1.722514152526855469e+01
1.912638664245605469e+01
2.210207939147949219e+01
2.322542953491210938e+01
6.009010672569274902e-01
8.317000269889831543e-01
-9.530892968177795410e-01
-1.051100611686706543e+00
4.643131792545318604e-01
2.481007277965545654e-01
-1.541894912719726562e+00
-6.871067881584167480e-01
-1.624833941459655762e-01
-9.030570387840270996e-01
8.515669107437133789e-01
3.518635928630828857e-01
1.915373921394348145e+00
-3.549587130546569824e-01
-2.612673044204711914e-01
-1.482227206230163574e+00
1.037752509117126465e+00
-2.809300661087036133e+00
1.333035826683044434e+00
-1.395116150379180908e-01
-5.314636826515197754e-01
4.486888051033020020e-01
1.018360182642936707e-01
-4.625514745712280273e-01
2.418962955474853516e+00
1.292985677719116211e+00
5.394148230552673340e-01
6.708931446075439453e+00
-3.613054007291793823e-02
-1.644950658082962036e-01
6.993095576763153076e-02
5.079817026853561401e-02
-4.656651616096496582e-01
-1.457534134387969971e-01
-2.093656212091445923e-01
5.618694424629211426e-01
-1.364898979663848877e-01
3.200917318463325500e-02
2.380118221044540405e-01
-6.506298780441284180e-01
4.639385342597961426e-01
4.774686992168426514e-01
-1.234994903206825256e-01
-6.348480284214019775e-02
-2.234554886817932129e-01
4.713478982448577881e-01
-8.276260644197463989e-02
-1.288227885961532593e-01
-5.319735035300254822e-02
-3.497814238071441650e-01
2.947857379913330078e-01
3.514753282070159912e-01
1.412242054939270020e-01
1.849173903465270996e+00
7.554393410682678223e-01
-1.169798970222473145e-01
-5.601706504821777344e-01
1.399336196482181549e-02
-1.969062089920043945e-01
1.226327896118164062e+00
-7.050570100545883179e-03
-2.151371389627456665e-01
1.333618611097335815e-01
1.453417390584945679e-01
4.546093195676803589e-02
3.365633189678192139e-01
-4.989965856075286865e-01
2.338704466819763184e-02
-9.553866982460021973e-01
1.561075150966644287e-01
7.762528955936431885e-02
5.259298086166381836e-01
-3.488417267799377441e-01
8.853253126144409180e-01
-3.566029071807861328e-01
8.152340352535247803e-02
6.349748969078063965e-01
2.944278419017791748e-01
9.955961257219314575e-02
2.392653608694672585e-03
-9.009193181991577148e-01
-7.316523790359497070e-01
-5.219988226890563965e-01
-1.995076775550842285e+00
8.660787716507911682e-03
-2.176120178773999214e-03
-1.872070948593318462e-03
-7.353300228714942932e-03
6.272479891777038574e-03
4.094396252185106277e-03
6.872146856039762497e-03
8.329906500875949860e-03
-9.299737401306629181e-03
7.077506743371486664e-03
8.943278342485427856e-03
-2.205728320404887199e-03
3.604528494179248810e-03
-8.007876574993133545e-03
5.082966294139623642e-03
8.643230423331260681e-03
-7.676789537072181702e-03
-9.371901862323284149e-03
-7.368768565356731415e-03
-2.196957822889089584e-03
5.697868298739194870e-03
-2.079144585877656937e-03
5.181534215807914734e-03
-4.763686563819646835e-03
-9.141044691205024719e-03
-2.206986100645735860e-04
4.888524767011404037e-03
-2.960485639050602913e-03
1.285975575447082520e+00
1.078941106796264648e+00
-2.347260951995849609e+00
8.076450228691101074e-01
