1.727905273437500000e+00
8.570656180381774902e-01
-1.442113757133483887e+00
4.427926540374755859e+00
2.022691726684570312e+00
3.940903186798095703e+00
1.365368247032165527e+00
2.296828746795654297e+00
2.742094755172729492e+00
1.902260541915893555e+00
8.192092776298522949e-01
-9.184340834617614746e-01
-1.386634111404418945e+00
-5.332186222076416016e-01
8.105360865592956543e-01
-7.423831224441528320e-01
1.311568319797515869e-01
1.401317000389099121e+00
5.100714564323425293e-01
7.950865626335144043e-01
-1.965058922767639160e+00
-7.573288083076477051e-01
-1.721243381500244141e+00
2.531394362449645996e-01
3.177232742309570312e-01
2.024983987212181091e-02
-2.608124315738677979e-01
1.963459253311157227e-01
-1.039991617202758789e+00
1.954060494899749756e-01
-6.744286417961120605e-01
2.318180054426193237e-01
3.359911739826202393e-01
-1.389388740062713623e-01
9.634067535400390625e+00
1.028418827056884766e+01
1.312260627746582031e+01
1.359762859344482422e+01
1.538763427734375000e+01
1.412904644012451172e+01
1.758332252502441406e+01
1.926136970520019531e+01
1.917924118041992188e+01
2.464339065551757812e+01
3.291573715209960938e+01
-3.438269793987274170e-01
3.512090742588043213e-01
1.543081045150756836e+00
-2.444639950990676880e-01
8.741769194602966309e-01
-2.341531038284301758e+00
-1.959334969520568848e+00
-1.647500872611999512e+00
1.332081437110900879e+00
-6.455707073211669922e+00
2.829674631357192993e-02
1.015788912773132324e+00
2.534183859825134277e-01
-1.023460388183593750e+00
1.840909719467163086e+00
-1.161706566810607910e+00
8.374953866004943848e-01
-1.058560132980346680e+00
3.475771844387054443e-01
-8.121883124113082886e-02
-1.990167021751403809e+00
-3.575254082679748535e-01
9.922951459884643555e-01
2.084229707717895508e+00
-8.324712753295898438e+00
-3.671881675720214844e+00
-4.782970905303955078e+00
1.165379905700683594e+01
6.637588500976562500e+00
4.659104943275451660e-01
-4.368252754211425781e+00
-1.954316616058349609e+00
1.173948001861572266e+01
5.319379329681396484e+00
6.572329044342041016e+00
-1.640893936157226562e+01
-4.171205520629882812e+00
6.183019876480102539e-01
1.993651241064071655e-01
-1.810448765754699707e+00
-1.281690716743469238e+00
-4.540497660636901855e-01
1.795271277427673340e+00
1.491443634033203125e+00
-5.317173957824707031e+00
-3.826917648315429688e+00
-1.271330595016479492e+00
-2.543218374252319336e+00
5.809613227844238281e+00
-8.459245681762695312e+00
1.141853046417236328e+01
7.176086902618408203e-01
-1.304021477699279785e+00
8.228255510330200195e-01
-2.891882181167602539e+00
8.234951972961425781e+00
1.144552454352378845e-01
9.878218919038772583e-02
-5.487125396728515625e+00
-2.597322702407836914e+00
1.558766663074493408e-01
8.958186149597167969e+00
-6.088273525238037109e+00
-2.136218070983886719e+00
1.967411518096923828e+00
7.763021945953369141e+00
1.890621930360794067e-01
-7.245034575462341309e-01
-1.775753051042556763e-01
-2.383160293102264404e-01
1.342167109251022339e-01
1.043601393699645996e+00
-1.201277732849121094e+00
6.230810880661010742e-01
8.964245766401290894e-02
9.453472495079040527e-01
-2.601866722106933594e+00
1.020466685295104980e-01
-5.816745162010192871e-01
3.995548784732818604e-01
-1.030319631099700928e-01
-4.568493366241455078e-01
-1.547516286373138428e-01
1.994981197640299797e-03
6.707329154014587402e-01
-7.649250626564025879e-01
-4.515762925148010254e-01
-5.401691794395446777e-01
1.012278556823730469e+00
-1.055440783500671387e+00
3.907792568206787109e+00
2.484130561351776123e-01
-8.094911575317382812e-01
1.616682052612304688e+00
-3.195910692214965820e+00
2.243252754211425781e+00
-5.258921533823013306e-02
1.325787782669067383e+00
-5.410491466522216797e+00
-8.897151350975036621e-01
1.455861806869506836e+00
-1.204101443290710449e+00
3.130115032196044922e+00
-2.408607721328735352e+00
3.029486238956451416e-01
2.875763773918151855e-01
2.456007599830627441e-01
8.891672641038894653e-02
4.184951782226562500e-01
-1.463989496231079102e+00
1.237380623817443848e+00
3.094948053359985352e+00
1.397598385810852051e+00
2.817662060260772705e-01
-1.594004154205322266e+00
5.754172801971435547e+00
-1.556017398834228516e+00
3.849577605724334717e-01
3.817210793495178223e-01
1.043970603495836258e-02
-6.663038134574890137e-01
-8.552336692810058594e-01
3.359555602073669434e-01
-3.024533092975616455e-01
2.664225697517395020e-01
1.212468504905700684e+00
6.327651739120483398e-01
3.348873257637023926e-01
1.556720733642578125e+00
9.075086116790771484e-01
1.243989586830139160e+00
-1.171637654304504395e+00
1.074013113975524902e+00
5.801869034767150879e-01
-2.884198129177093506e-01
1.951565146446228027e-01
-9.021915495395660400e-02
8.342782258987426758e-01
-9.778498113155364990e-02
-6.951639056205749512e-01
1.419473409652709961e+00
2.512284755706787109e+00
1.442717760801315308e-01
-3.258348703384399414e-01
5.270926356315612793e-01
-3.590409457683563232e-01
-2.603085935115814209e-01
3.477781713008880615e-01
2.077347338199615479e-01
-3.334534168243408203e-01
2.060374170541763306e-01
1.056026220321655273e+00
-1.463662981986999512e-01
-6.973080635070800781e-01
6.074945330619812012e-01
-7.694965600967407227e-01
2.718253850936889648e+00
-9.398418664932250977e-02
-4.323422312736511230e-01
7.493741512298583984e-01
-2.011840581893920898e+00
3.874028027057647705e-01
1.256815041415393353e-03
8.906287550926208496e-01
-4.781258106231689453e+00
2.371368259191513062e-01
7.782244682312011719e-01
-1.405064821243286133e+00
2.085145711898803711e+00
-7.643054127693176270e-01
-1.143300160765647888e-01
-2.624229714274406433e-02
2.092351764440536499e-01
-1.990227401256561279e-01
-2.581259049475193024e-02
-3.490697145462036133e-01
1.051743030548095703e+00
5.253315448760986328e+00
-1.154059052467346191e+00
-2.413992881774902344e-01
2.760217666625976562e+00
2.893346548080444336e+00
-2.594721794128417969e+00
-5.072955489158630371e-01
2.989443838596343994e-01
-3.672687113285064697e-01
-9.784742593765258789e-01
5.533283352851867676e-01
-3.096104264259338379e-01
2.530693709850311279e-01
-1.127293229103088379e+00
1.457325458526611328e+00
5.835478901863098145e-01
2.741572618484497070e+00
-3.001393556594848633e+00
-2.984542846679687500e+00
-3.715620934963226318e-01
-2.236217498779296875e+00
1.582983531989157200e-03
6.775965914130210876e-03
8.705620653927326202e-03
2.618931001052260399e-03
-5.276258103549480438e-03
-3.163863206282258034e-03
3.876582020893692970e-03
7.287897169589996338e-03
-5.790283903479576111e-03
1.069234218448400497e-03
7.951705716550350189e-03
-7.950766012072563171e-03
-3.661983646452426910e-03
-1.359916641376912594e-04
1.016509486362338066e-03
-5.211881827563047409e-03
6.152990274131298065e-03
-2.370460191741585732e-03
9.058067575097084045e-03
-4.638357553631067276e-03
7.242006249725818634e-03
6.777505390346050262e-03
3.198754973709583282e-03
-5.709862336516380310e-03
5.024196114391088486e-03
-8.639045059680938721e-03
4.812445957213640213e-03
3.537050681188702583e-03
7.678181864321231842e-03
-3.970205143559724092e-04
-7.903397781774401665e-04
-9.269339032471179962e-03
9.682726813480257988e-04
7.045721169561147690e-03
-4.536901134997606277e-03
6.664363201707601547e-03
-6.156631279736757278e-03
-1.742208696668967605e-04
9.354711510241031647e-03
-5.882406607270240784e-03
-8.105537854135036469e-03
-1.047779107466340065e-03
8.122753351926803589e-03
2.867011586204171181e-03
-4.755352623760700226e-03
-4.842730704694986343e-03
5.872060079127550125e-03
2.594027668237686157e-03
-1.839405595092102885e-04
-6.191053893417119980e-03
-1.544563216157257557e-03
-3.437267849221825600e-03
-8.067676797509193420e-03
-1.956798834726214409e-03
7.979746907949447632e-03
-1.688933116383850574e-03
5.097682587802410126e-03
-4.559044318739324808e-04
8.432447910308837891e-03
8.933810517191886902e-03
7.432590704411268234e-03
-5.172017961740493774e-03
1.650837948545813560e-03
-6.775747169740498066e-04
-3.119411412626504898e-03
-3.104593371972441673e-03
1.982112765312194824e+00
1.039954900741577148e+00
-1.783532977104187012e+00
6.674412488937377930e-01
