2.177921533584594727e+00
1.377480745315551758e+00
-3.778708279132843018e-01
4.566739559173583984e+00
2.040553092956542969e+00
3.842349290847778320e+00
1.366760373115539551e+00
1.958711147308349609e+00
2.392060756683349609e+00
2.594412326812744141e+00
7.645514607429504395e-01
-5.821363255381584167e-02
-1.944035768508911133e+00
3.763347566127777100e-01
1.158533990383148193e-01
1.466590315103530884e-01
1.060535013675689697e-01
1.499472260475158691e-01
2.302301228046417236e-01
1.923848241567611694e-01
-1.122472360730171204e-01
-1.590848445892333984e+00
1.599408030509948730e+00
6.242313385009765625e-01
1.856143027544021606e-01
3.419250622391700745e-02
-1.015888452529907227e-01
-9.376955032348632812e-02
-1.852615922689437866e-01
3.937778249382972717e-02
-2.980692982673645020e-01
-1.956206262111663818e-01
-7.283622026443481445e-02
-8.195872902870178223e-01
9.246195793151855469e+00
1.053195953369140625e+01
1.327332592010498047e+01
1.332300758361816406e+01
1.537638473510742188e+01
1.494980812072753906e+01
1.744273567199707031e+01
1.927516365051269531e+01
1.904299163818359375e+01
2.096893310546875000e+01
2.372595024108886719e+01
8.083398640155792236e-02
4.469593241810798645e-02
5.563518404960632324e-01
6.173165440559387207e-01
-2.587912678718566895e-01
-1.006404042243957520e+00
-6.026421487331390381e-02
7.495229244232177734e-01
-2.928576767444610596e-01
-1.576912999153137207e-01
4.198831915855407715e-01
4.782829880714416504e-01
1.164779514074325562e-01
4.564361274242401123e-01
5.309017300605773926e-01
-1.680556774139404297e+00
-9.927171468734741211e-01
1.439689636230468750e+00
6.449757516384124756e-02
-6.958280205726623535e-01
4.014704525470733643e-01
1.087816506624221802e-01
-1.441303610801696777e+00
5.755552649497985840e-01
-1.033509492874145508e+00
-8.772694468498229980e-01
-2.759664952754974365e-01
1.148034095764160156e+00
1.435581922531127930e+00
-1.062939643859863281e+00
1.303012728691101074e+00
-8.567004799842834473e-01
1.381675004959106445e+00
1.240948319435119629e+00
2.957073273137211800e-03
-1.460566401481628418e+00
-7.632558941841125488e-01
8.240311145782470703e-01
5.492599681019783020e-02
-1.117771744728088379e+00
-1.164320707321166992e+00
-2.162544876337051392e-01
5.314035415649414062e-01
3.291727304458618164e-01
-1.624305248260498047e+00
9.258666634559631348e-01
3.191898167133331299e-01
1.887569725513458252e-01
-1.405737400054931641e+00
-1.438338160514831543e+00
1.150901794433593750e+00
1.782687067985534668e+00
-1.540099680423736572e-01
-1.189332127571105957e+00
-7.063008546829223633e-01
2.273313045501708984e+00
2.071963399648666382e-01
1.645384728908538818e-01
1.491630673408508301e-01
-2.225613832473754883e+00
-7.370566483587026596e-03
9.787943214178085327e-02
-1.591924428939819336e+00
1.479341685771942139e-01
-5.739105939865112305e-01
2.403079122304916382e-01
-4.458307921886444092e-01
-4.113020598888397217e-01
-7.555066049098968506e-02
-1.778811365365982056e-01
-5.580434575676918030e-02
7.017347812652587891e-01
2.289025634527206421e-01
7.211260497570037842e-03
-2.811681032180786133e-01
1.897334009408950806e-01
-2.266030311584472656e-01
-1.480805277824401855e-01
-4.636871069669723511e-02
-1.949035227298736572e-01
-3.520626127719879150e-01
7.943347692489624023e-01
2.979501485824584961e-01
-4.009135961532592773e-01
-3.924200236797332764e-01
-1.086499691009521484e-01
1.256159245967864990e-01
4.818340390920639038e-02
6.641592383384704590e-01
-3.616177439689636230e-01
6.097801923751831055e-01
6.384853273630142212e-03
5.048668384552001953e-02
2.930560111999511719e-01
-7.864753007888793945e-01
6.064233183860778809e-01
-4.785959720611572266e-01
4.779594540596008301e-01
-8.545055389404296875e-01
-3.110749125480651855e-01
4.399749934673309326e-01
7.542733103036880493e-02
9.417123198509216309e-01
-8.094303607940673828e-01
1.938990950584411621e-01
2.525785267353057861e-01
1.709438711404800415e-01
-2.467101067304611206e-02
5.749321728944778442e-02
-6.146903336048126221e-02
8.264574408531188965e-01
3.454319536685943604e-01
-1.750977933406829834e-01
2.946045398712158203e-01
2.864203155040740967e-01
1.080579161643981934e+00
-1.208218336105346680e+00
1.803544610738754272e-01
3.447068035602569580e-01
1.809178590774536133e-01
5.810928344726562500e-01
-5.896509289741516113e-01
1.892566680908203125e-02
5.604765191674232483e-02
-4.569002985954284668e-01
3.202460408210754395e-01
-4.110499322414398193e-01
2.926752865314483643e-01
7.297694087028503418e-01
2.383391857147216797e-01
1.997822523117065430e-01
4.709982872009277344e-01
-3.501803874969482422e-01
-1.440429389476776123e-01
-1.766792982816696167e-01
-1.615914106369018555e-01
-2.314159423112869263e-01
4.591647386550903320e-01
-4.674009084701538086e-01
3.571327328681945801e-01
3.725618124008178711e-01
1.920591443777084351e-01
-8.422431349754333496e-02
-1.752268970012664795e-01
2.417426854372024536e-01
-1.172313094139099121e-01
-4.644092917442321777e-01
7.208866477012634277e-01
6.226300597190856934e-01
-2.873437404632568359e-01
4.463601857423782349e-02
-2.114564552903175354e-02
1.731838434934616089e-01
4.400017857551574707e-02
3.862932026386260986e-01
-1.702232807874679565e-01
5.265494585037231445e-01
1.217252239584922791e-01
5.540709942579269409e-02
8.617352694272994995e-02
-6.850827932357788086e-01
4.687089622020721436e-01
-5.358484387397766113e-01
1.325584501028060913e-01
-9.831408262252807617e-01
1.627515554428100586e-01
3.141969442367553711e-01
-8.345981687307357788e-02
7.088935375213623047e-01
-7.007062435150146484e-01
2.958811521530151367e-01
1.689202189445495605e-01
3.334399163722991943e-01
3.052418353036046028e-03
-1.062422096729278564e-01
-1.320078521966934204e-01
6.500837802886962891e-01
-1.788933873176574707e-01
-2.186198905110359192e-02
1.683072745800018311e-01
7.067189365625381470e-02
5.198460221290588379e-01
-5.432308316230773926e-01
-6.789843440055847168e-01
-4.857212305068969727e-03
1.194584369659423828e-01
3.855995833873748779e-02
-3.804299533367156982e-01
-4.439918994903564453e-01
4.714178740978240967e-01
1.424095481634140015e-01
1.288993000984191895e+00
3.243964016437530518e-01
-6.260297447443008423e-02
-4.619353115558624268e-01
-2.163494378328323364e-01
3.484346568584442139e-01
1.704756319522857666e-01
1.582983531989157200e-03
6.775965914130210876e-03
8.705620653927326202e-03
2.618931001052260399e-03
-5.276258103549480438e-03
-3.163863206282258034e-03
3.876582020893692970e-03
7.287897169589996338e-03
-5.790283903479576111e-03
1.069234218448400497e-03
7.951705716550350189e-03
-7.950766012072563171e-03
-3.661983646452426910e-03
-1.359916641376912594e-04
1.016509486362338066e-03
-5.211881827563047409e-03
6.152990274131298065e-03
-2.370460191741585732e-03
9.058067575097084045e-03
-4.638357553631067276e-03
7.242006249725818634e-03
6.777505390346050262e-03
3.198754973709583282e-03
-5.709862336516380310e-03
5.024196114391088486e-03
-8.639045059680938721e-03
4.812445957213640213e-03
3.537050681188702583e-03
7.678181864321231842e-03
-3.970205143559724092e-04
-7.903397781774401665e-04
-9.269339032471179962e-03
9.682726813480257988e-04
7.045721169561147690e-03
-4.536901134997606277e-03
6.664363201707601547e-03
-6.156631279736757278e-03
-1.742208696668967605e-04
9.354711510241031647e-03
-5.882406607270240784e-03
-8.105537854135036469e-03
-1.047779107466340065e-03
8.122753351926803589e-03
2.867011586204171181e-03
-4.755352623760700226e-03
-4.842730704694986343e-03
5.872060079127550125e-03
2.594027668237686157e-03
-1.839405595092102885e-04
-6.191053893417119980e-03
-1.544563216157257557e-03
-3.437267849221825600e-03
-8.067676797509193420e-03
-1.956798834726214409e-03
7.979746907949447632e-03
-1.688933116383850574e-03
5.097682587802410126e-03
-4.559044318739324808e-04
8.432447910308837891e-03
8.933810517191886902e-03
7.432590704411268234e-03
-5.172017961740493774e-03
1.650837948545813560e-03
-6.775747169740498066e-04
-3.119411412626504898e-03
-3.104593371972441673e-03
7.415853142738342285e-01
9.167793989181518555e-01
-2.174694061279296875e+00
6.471293568611145020e-01
