2.181816816329956055e+00
4.652891159057617188e+00
1.935615420341491699e+00
3.670023918151855469e+00
1.646927833557128906e+00
1.926447629928588867e+00
2.321638345718383789e+00
2.660011529922485352e+00
4.658933877944946289e-01
-1.995885521173477173e-01
1.082511544227600098e+00
4.105855152010917664e-02
9.257291257381439209e-02
3.815430104732513428e-01
-4.039686024188995361e-01
2.466584891080856323e-01
1.192570805549621582e+00
-5.976165086030960083e-02
-1.246631816029548645e-01
-1.467683166265487671e-01
-6.162435412406921387e-01
-1.467155218124389648e-01
-9.314242005348205566e-02
2.194686383008956909e-01
-6.318475008010864258e-01
1.327366447448730469e+01
1.333464813232421875e+01
1.536839675903320312e+01
1.507900047302246094e+01
1.731035041809082031e+01
1.911490058898925781e+01
1.903985786437988281e+01
2.518957138061523438e+01
5.652859807014465332e-01
-2.071103572845458984e+00
1.235675215721130371e-01
2.236917167901992798e-01
4.513694345951080322e-01
-2.867705225944519043e-01
-6.057313680648803711e-01
-3.291503906250000000e+00
2.308075666427612305e+00
-2.425164878368377686e-01
-7.096357643604278564e-02
-7.756748795509338379e-01
5.966349318623542786e-02
5.823919773101806641e-01
5.103584766387939453e+00
5.955245345830917358e-02
-9.117313623428344727e-01
-3.647099435329437256e-01
-5.704891681671142578e-01
3.052444159984588623e-01
-1.240991830825805664e+00
5.185579061508178711e-01
-1.135417461395263672e+00
1.202246069908142090e+00
-2.832612097263336182e-01
-1.664949208498001099e-01
1.368002653121948242e+00
-8.738046288490295410e-01
1.076946258544921875e-01
1.912421464920043945e+00
7.831048965454101562e-01
-1.647209376096725464e-01
-2.537594795227050781e+00
-1.153353899717330933e-01
1.269906997680664062e+00
3.483195066452026367e+00
2.077214717864990234e-01
7.692403197288513184e-01
-1.190787032246589661e-01
1.164847984910011292e-02
1.065084338188171387e-01
6.641228199005126953e-01
-3.263052701950073242e-01
2.406845331192016602e+00
-1.166135907173156738e+00
-2.288898266851902008e-02
1.516294330358505249e-01
4.107286334037780762e-01
-8.254672884941101074e-01
-1.929181516170501709e-01
-4.492113590240478516e+00
2.356385886669158936e-01
3.916049897670745850e-01
-1.343066245317459106e-01
3.766541779041290283e-01
5.228263139724731445e-02
-1.966048955917358398e+00
2.606723606586456299e-01
2.959669232368469238e-01
-3.925567120313644409e-02
5.208577513694763184e-01
1.267039299011230469e+00
3.094302415847778320e-01
5.168845653533935547e-01
-1.215437650680541992e-01
6.653659343719482422e-01
4.886688292026519775e-02
7.836159318685531616e-02
-1.795051455497741699e+00
4.350060224533081055e-01
-1.603462457656860352e+00
6.969716548919677734e-01
-1.681317538022994995e-01
3.243224024772644043e-01
-2.927349321544170380e-02
-5.294056609272956848e-02
1.311120111495256424e-02
3.943538963794708252e-01
-2.326268702745437622e-01
-1.592967987060546875e+00
2.004107236862182617e-01
2.063374519348144531e-01
-1.162066757678985596e-01
3.100565075874328613e-01
-5.315889120101928711e-01
6.386859416961669922e-01
3.353837013244628906e+00
1.741690039634704590e-01
5.574566870927810669e-02
9.504109621047973633e-02
1.597784459590911865e-02
-1.376122534275054932e-01
2.292166709899902344e+00
-3.415574133396148682e-01
2.590676844120025635e-01
-5.069077610969543457e-01
1.288456469774246216e-01
2.256516516208648682e-01
-7.894365191459655762e-01
1.035062945447862148e-03
1.506490856409072876e-01
-1.232980966567993164e+00
-1.681136786937713623e-01
5.160174891352653503e-02
2.938210964202880859e+00
7.903674989938735962e-02
7.226866483688354492e-01
-1.122945189476013184e+00
4.323153290897607803e-03
-5.564914084970951080e-03
-5.310386884957551956e-03
-1.314917928539216518e-03
9.206612594425678253e-04
8.835879154503345490e-03
9.449292905628681183e-03
3.740665270015597343e-04
-8.488519117236137390e-03
-2.620847895741462708e-03
2.113001421093940735e-03
8.843208663165569305e-03
6.706671323627233505e-03
8.299856446683406830e-03
9.211363270878791809e-03
-6.336463149636983871e-03
-6.425205618143081665e-03
-4.778016824275255203e-03
-1.058459980413317680e-03
1.133847632445394993e-03
8.239383809268474579e-03
-5.639047827571630478e-03
9.442918933928012848e-03
3.117760410532355309e-03
-5.100612062960863113e-03
5.975116044282913208e-03
6.838507018983364105e-03
-6.424390710890293121e-03
-3.640735289081931114e-03
-7.302457001060247421e-03
2.049260772764682770e-03
-1.023178454488515854e-03
-3.573348978534340858e-03
1.386771327815949917e-03
-9.299209341406822205e-03
9.218330495059490204e-03
7.083582282066345215e-01
9.268831014633178711e-01
-1.978430271148681641e+00
6.452541351318359375e-01
