1.681707954406738281e+01
1.031966495513916016e+01
1.544492053985595703e+01
1.628584671020507812e+01
1.773235702514648438e+01
4.795690536499023438e+00
1.547208404541015625e+01
1.118004035949707031e+01
1.007039642333984375e+01
1.319436740875244141e+01
9.502724647521972656e+00
1.848487663269042969e+01
5.838023662567138672e+00
9.159023284912109375e+00
1.664565467834472656e+01
1.633874893188476562e+01
6.350081443786621094e+00
3.345033645629882812e+00
6.745085239410400391e+00
2.016310691833496094e+00
2.108752727508544922e+00
-8.799371719360351562e+00
2.544533312320709229e-01
8.737603187561035156e+00
9.550763130187988281e+00
-3.566842079162597656e-01
-6.257125854492187500e+00
6.038436293601989746e-01
-4.293419122695922852e-01
1.537129044532775879e+00
3.162381410598754883e+00
-2.080566644668579102e+00
-6.275027275085449219e+00
1.055111217498779297e+01
3.918958902359008789e+00
6.140696525573730469e+00
6.845914363861083984e+00
7.494546771049499512e-01
-7.212643623352050781e+00
-8.067395210266113281e+00
-1.606426048278808594e+01
-3.028063058853149414e+00
-2.061615228652954102e+00
-2.767350673675537109e+00
4.212865829467773438e+00
-7.930857181549072266e+00
-2.114442586898803711e-01
-5.642644762992858887e-01
2.682282686233520508e+00
-3.518809080123901367e+00
-4.229754924774169922e+00
7.384865880012512207e-01
3.366271555423736572e-01
-1.471642255783081055e-01
-9.152525901794433594e+00
4.491039276123046875e+00
2.553320407867431641e+00
-4.413358211517333984e+00
-1.354840278625488281e+00
-5.118911266326904297e+00
6.825553417205810547e+00
-3.995461940765380859e+00
7.632467746734619141e+00
2.083223342895507812e+00
-8.786581158638000488e-01
-5.862383365631103516e+00
-9.070090293884277344e+00
-1.223096966743469238e+00
-1.161851024627685547e+01
-6.626946449279785156e+00
6.391545295715332031e+00
-3.734204053878784180e+00
-7.534493803977966309e-01
7.307941436767578125e+00
5.358165740966796875e+00
2.032230138778686523e+00
-9.795322418212890625e-01
7.580793857574462891e+00
-8.337047576904296875e+00
7.338125705718994141e+00
2.450590372085571289e+00
4.983087062835693359e+00
2.492693424224853516e+00
-1.795853018760681152e+00
-2.173176288604736328e+00
-1.767057895660400391e+00
-6.376708149909973145e-01
-1.620999455451965332e+00
-2.627434968948364258e+00
3.965512275695800781e+00
5.468978404998779297e+00
1.090747833251953125e+00
1.297162628173828125e+01
-5.160077095031738281e+00
3.547379493713378906e+00
1.757879614830017090e+00
-1.425377130508422852e+00
2.053595304489135742e+00
-5.981301516294479370e-02
-9.468582868576049805e-01
6.240138411521911621e-02
-1.344719171524047852e+00
-4.207703173160552979e-01
-1.708751201629638672e+00
-1.583800196647644043e+00
4.653037711977958679e-02
4.285484552383422852e-01
-3.842876195907592773e+00
-3.207536935806274414e+00
2.930742502212524414e+00
1.110680389404296875e+01
-4.185219109058380127e-01
-5.195188999176025391e+00
1.067813777923583984e+01
4.193587779998779297e+00
2.697770118713378906e+00
5.908145427703857422e+00
6.477552413940429688e+00
-5.055971622467041016e+00
5.034891128540039062e+00
-1.407302498817443848e+00
-6.379733085632324219e+00
-7.678866863250732422e+00
-1.564825773239135742e+00
-3.283976078033447266e+00
-3.386728286743164062e+00
7.658655047416687012e-01
3.974444150924682617e+00
-1.432794570922851562e+01
6.652638912200927734e-01
-2.669217824935913086e+00
8.366006851196289062e+00
-8.532196879386901855e-01
2.809872150421142578e+00
9.055524826049804688e+00
-9.060346603393554688e+00
7.000184535980224609e+00
-7.558177947998046875e+00
-5.725476264953613281e+00
1.088828086853027344e+00
-2.435113787651062012e-01
4.725557804107666016e+00
3.167425394058227539e+00
-2.774412870407104492e+00
-4.337284088134765625e+00
1.158505058288574219e+01
-6.519621372222900391e+00
6.918612480163574219e+00
-5.637083053588867188e+00
5.394944190979003906e+00
8.094477653503417969e+00
9.053308486938476562e+00
-1.302105426788330078e+00
1.837537765502929688e+00
-3.349613189697265625e+00
-3.459186077117919922e+00
4.438147544860839844e+00
2.038010805845260620e-01
2.717703580856323242e-01
-6.221511840820312500e+00
3.245360612869262695e+00
-2.855338096618652344e+00
-3.724130690097808838e-01
2.635417938232421875e+00
-2.354977875947952271e-01
3.958997964859008789e+00
3.409503698348999023e+00
5.467048645019531250e+00
3.152544260025024414e+00
2.690228700637817383e+00
-6.287416815757751465e-01
7.778099775314331055e-01
1.315908432006835938e+00
5.626801848411560059e-01
4.153503894805908203e+00
-4.826541423797607422e+00
1.442636609077453613e+00
1.203150272369384766e+00
-3.679883778095245361e-01
4.985903948545455933e-02
4.525570392608642578e+00
-2.034969329833984375e+00
6.811225414276123047e-01
1.327062010765075684e+00
-9.865680336952209473e-01
5.196694850921630859e+00
-1.093860387802124023e+00
-2.069103419780731201e-01
-1.285358428955078125e+00
3.022958517074584961e+00
2.557311296463012695e+00
-4.628716468811035156e+00
1.412444114685058594e+00
3.296874761581420898e+00
-1.878994226455688477e+00
-1.715571165084838867e+00
3.425559997558593750e+00
1.251894474029541016e+00
-4.356610774993896484e-01
-2.281912267208099365e-01
1.385831981897354126e-01
-1.975024461746215820e+00
-3.576115369796752930e+00
1.683808684349060059e+00
-3.836864471435546875e+00
1.394780397415161133e+00
2.162212371826171875e+00
4.249297618865966797e+00
3.848388195037841797e+00
3.844110727310180664e+00
-8.275371789932250977e-01
-3.255893707275390625e+00
2.642386555671691895e-01
-1.162857532501220703e+00
8.039105534553527832e-01
3.465291023254394531e+00
-1.326629400253295898e+00
-2.935819149017333984e+00
-4.740222692489624023e-01
-3.042748197913169861e-02
2.389667987823486328e+00
-5.579154968261718750e+00
2.862343788146972656e+00
1.754456758499145508e+00
2.108656406402587891e+00
6.184282898902893066e-01
4.199231624603271484e+00
1.592979669570922852e+00
4.128462314605712891e+00
7.330671548843383789e-01
2.402027398347854614e-01
-8.102740645408630371e-01
1.431938052177429199e+00
-1.692368388175964355e+00
3.575047552585601807e-01
-9.256235361099243164e-01
-1.180027127265930176e+00
-4.419759809970855713e-01
-9.391357302665710449e-01
-4.579777717590332031e-01
1.872244954109191895e+00
-7.832685112953186035e-01
-1.427487015724182129e+00
-2.621594190597534180e+00
1.804915308952331543e+00
-5.717709064483642578e+00
6.864843368530273438e+00
-4.417281448841094971e-01
-1.174610257148742676e+00
-1.354164004325866699e+00
3.175160884857177734e+00
1.701098084449768066e+00
1.951931715011596680e+00
-3.547593116760253906e+00
-1.275877475738525391e+00
6.209176778793334961e-01
1.731722831726074219e+00
-4.324912071228027344e+00
4.219046592712402344e+00
2.411326646804809570e+00
4.665548205375671387e-01
1.984024882316589355e+00
5.804492235183715820e-01
-4.541969671845436096e-02
2.682593762874603271e-01
3.268903017044067383e+00
3.909824371337890625e+00
-2.272448062896728516e+00
-6.344141960144042969e-01
-3.312732458114624023e+00
-4.160333633422851562e+00
4.379988670349121094e+00
-2.335357189178466797e+00
-9.010542631149291992e-01
2.515977621078491211e+00
-3.752038478851318359e+00
1.221330761909484863e+00
-6.273699402809143066e-01
-3.991430997848510742e+00
8.051861524581909180e-01
7.931208014488220215e-01
-9.103462696075439453e-01
2.698034048080444336e-01
6.979767680168151855e-01
5.783638477325439453e+00
-2.951136589050292969e+00
-5.301884412765502930e-01
2.019958198070526123e-01
-3.303582906723022461e+00
6.581013202667236328e-01
-3.556575059890747070e+00
-2.596096277236938477e+00
9.376292228698730469e+00
-3.494203805923461914e+00
5.371490865945816040e-02
-3.943433761596679688e+00
6.263366937637329102e-01
-5.340254783630371094e+00
-1.436771035194396973e+00
-9.600934982299804688e-01
-4.244462251663208008e-01
2.883162260055541992e+00
2.858528375625610352e+00
-1.579714536666870117e+00
2.746341943740844727e+00
9.013577103614807129e-01
-4.306185245513916016e-01
8.838831782341003418e-01
4.783245325088500977e-01
-3.866912126541137695e-01
3.273412466049194336e+00
-3.867510795593261719e+00
1.372127056121826172e+00
2.303439527750015259e-01
8.369651436805725098e-01
-8.400138616561889648e-01
4.455383777618408203e+00
-2.706960439682006836e+00
-9.266698360443115234e-01
2.598934888839721680e+00
3.233420133590698242e+00
1.654341697692871094e+00
1.127944067120552063e-01
-1.506943702697753906e-01
-3.136234283447265625e+00
2.542602300643920898e+00
1.190887093544006348e+00
-8.270099639892578125e+00
1.732316017150878906e+00
1.934924006462097168e+00
-3.978515863418579102e+00
1.330512046813964844e+00
5.330660820007324219e+00
4.997368454933166504e-01
-4.169106185436248779e-01
9.609356522560119629e-01
-2.367421835660934448e-01
-4.069121837615966797e+00
-3.748798131942749023e+00
2.092089653015136719e+00
-2.027324199676513672e+00
-4.192331790924072266e+00
-5.550336241722106934e-01
2.081324100494384766e+00
4.000710964202880859e+00
5.605783939361572266e+00
-2.618692398071289062e+00
1.431224584579467773e+00
1.154023706912994385e-01
-2.537650585174560547e+00
2.730742216110229492e+00
4.544394016265869141e+00
-2.595438003540039062e+00
-2.778911352157592773e+00
2.111007720232009888e-01
4.373469829559326172e+00
5.692172050476074219e-01
1.037130475044250488e+00
-1.009789347648620605e+00
-1.849751360714435577e-02
1.185754776000976562e+00
1.441078901290893555e+00
7.289761304855346680e-01
6.142242550849914551e-01
2.965234041213989258e+00
-8.540451526641845703e-01
-2.185379505157470703e+00
2.474592447280883789e+00
-3.087664365768432617e+00
-4.099518656730651855e-01
-5.871707201004028320e-01
5.174531936645507812e-01
6.572928428649902344e-01
4.221552312374114990e-01
3.134142160415649414e-01
-5.799605250358581543e-01
-1.694039344787597656e+00
6.149654388427734375e-01
1.483327388763427734e+00
-1.701972842216491699e+00
9.735020995140075684e-01
-1.224651455879211426e+00
7.919088363647460938e+00
2.902734279632568359e+00
1.250791996717453003e-01
-1.050172686576843262e+00
1.717042803764343262e+00
2.082871913909912109e+00
2.414383411407470703e+00
-3.580304861068725586e+00
-5.903983116149902344e-01
7.836537361145019531e-01
9.824422597885131836e-01
-3.118984699249267578e+00
6.106588840484619141e+00
1.428910255432128906e+00
2.474089525640010834e-02
2.377509832382202148e+00
5.316943526268005371e-01
2.959074497222900391e+00
-3.115583062171936035e-01
3.363754987716674805e+00
-2.279268980026245117e+00
1.653109341859817505e-01
7.205827236175537109e-01
-1.509865760803222656e+00
-2.814068317413330078e+00
1.759096264839172363e+00
-2.786379575729370117e+00
-1.310903549194335938e+00
3.726946592330932617e+00
-1.389914512634277344e+00
-1.653129935264587402e+00
-2.137521266937255859e+00
-2.626216411590576172e+00
-9.143746644258499146e-02
-2.927878797054290771e-01
-1.645424604415893555e+00
-7.475329041481018066e-01
1.510563850402832031e+00
2.040137290954589844e+00
-2.055860519409179688e+00
2.193269252777099609e+00
-7.101794481277465820e-01
-8.680672049522399902e-01
