2.177182435989379883e+00
-2.132991850376129150e-01
5.010778427124023438e+00
3.677349328994750977e+00
1.749334692955017090e+00
1.942161560058593750e+00
3.533670425415039062e+00
-3.705040514469146729e-01
1.171056851744651794e-01
-9.681538939476013184e-01
1.607352346181869507e-01
1.841897219419479370e-01
2.497856169939041138e-01
2.699872255325317383e-01
-1.749009042978286743e-01
2.055049180984497070e+00
9.749680757522583008e-01
-4.327616393566131592e-01
-1.357814371585845947e-01
-2.260499894618988037e-01
8.518691360950469971e-02
-1.714334636926651001e-01
-8.117333799600601196e-02
-2.761950790882110596e-01
-9.907466173171997070e-01
9.627538681030273438e+00
1.329313659667968750e+01
1.542531585693359375e+01
1.491191673278808594e+01
1.746349143981933594e+01
1.914889526367187500e+01
2.030021286010742188e+01
2.214236259460449219e+01
-9.125754982233047485e-02
-6.271057128906250000e-01
4.047981277108192444e-02
4.208457842469215393e-02
-8.306382894515991211e-01
-1.311616420745849609e+00
-1.212939500808715820e+00
1.070558801293373108e-01
-8.159609436988830566e-01
-1.610643416643142700e-01
3.457998931407928467e-01
-5.018194317817687988e-01
1.094510778784751892e-01
-1.054846286773681641e+00
-5.013523101806640625e-01
5.621038675308227539e-01
-2.137191295623779297e+00
-4.033246636390686035e-01
-4.415147602558135986e-01
2.225307226181030273e+00
1.167230606079101562e+00
3.322767734527587891e+00
-9.624214172363281250e-01
1.238911509513854980e+00
-3.598392963409423828e+00
-4.193164825439453125e+00
1.292722940444946289e+00
-9.635904431343078613e-01
-8.035293780267238617e-03
1.558632493019104004e+00
2.370364814996719360e-01
-1.324810683727264404e-01
-2.392488479614257812e+00
2.969523668289184570e+00
1.907104492187500000e+00
3.545394182205200195e+00
-1.477158665657043457e-01
7.954986393451690674e-02
1.730987727642059326e-01
-3.091560304164886475e-01
-5.561512112617492676e-01
3.312772512435913086e-01
-4.071296453475952148e-01
-2.778848707675933838e-01
3.693529963493347168e-01
3.699682420119643211e-03
-1.830196231603622437e-01
9.184937924146652222e-03
2.170025408267974854e-01
5.219642445445060730e-02
5.519900321960449219e-01
2.168369740247726440e-01
6.187848448753356934e-01
-1.346867829561233521e-01
2.198968529701232910e-01
-1.185446023941040039e+00
4.975516498088836670e-01
-6.969178318977355957e-01
1.710341274738311768e-01
-3.757765144109725952e-02
1.711922645568847656e+00
4.804442226886749268e-01
-2.621874026954174042e-02
4.141144156455993652e-01
-6.996196508407592773e-01
-1.576266646385192871e+00
-4.138214141130447388e-02
3.026611208915710449e-01
1.395002841949462891e+00
-4.056353867053985596e-01
-5.698604583740234375e-01
6.113617420196533203e-01
-4.691731929779052734e-01
2.275657840073108673e-02
9.953577816486358643e-02
-4.260416030883789062e-01
-1.143592968583106995e-02
7.359030246734619141e-01
-3.261100351810455322e-01
-6.324186921119689941e-01
3.603070974349975586e-01
-7.342617958784103394e-02
8.129892498254776001e-02
1.841910630464553833e-01
8.353108912706375122e-02
4.760739803314208984e-01
-1.071186512708663940e-01
9.014374762773513794e-02
1.456753611564636230e-01
3.089326620101928711e-01
-3.268457716330885887e-03
-1.195690557360649109e-01
2.605433166027069092e-01
1.384281814098358154e-01
2.074714601039886475e-01
-7.577257603406906128e-02
-2.257575541734695435e-01
-7.681542634963989258e-01
-4.352244138717651367e-01
2.152420952916145325e-02
2.843297421932220459e-01
1.075419425964355469e+00
3.421250879764556885e-01
-3.677225857973098755e-02
-5.375959277153015137e-01
-5.339504480361938477e-01
3.750376105308532715e-01
4.745117425918579102e-01
-6.007033516652882099e-04
2.062677871435880661e-03
-7.485842332243919373e-03
7.369663566350936890e-03
9.508780203759670258e-03
4.613416735082864761e-03
-7.323126774281263351e-03
-5.069522652775049210e-03
7.761475164443254471e-03
-3.115257946774363518e-03
-5.369983147829771042e-03
9.572773124091327190e-04
-1.187731511890888214e-03
-9.120267815887928009e-03
4.538070876151323318e-03
5.609396379441022873e-03
9.176254272460937500e-03
-6.455246824771165848e-03
2.519791480153799057e-03
1.450327108614146709e-04
-8.863374590873718262e-03
2.768004778772592545e-04
-7.404872681945562363e-03
8.349562413059175014e-04
-8.600006811320781708e-03
4.539471410680562258e-04
9.632337838411331177e-03
-9.641136974096298218e-03
3.376818494871258736e-03
4.878048319369554520e-03
-7.596278563141822815e-03
2.717799972742795944e-03
2.876888727769255638e-03
-3.033091546967625618e-03
-6.485985592007637024e-03
-1.463226857595145702e-03
7.096029520034790039e-01
9.971763491630554199e-01
-2.121539354324340820e+00
7.720223665237426758e-01
