1.706347227096557617e+00
-5.474665760993957520e-01
1.419544577598571777e+00
-6.020137667655944824e-01
4.534747600555419922e+00
1.713668107986450195e+00
2.670743703842163086e+00
2.666875123977661133e+00
1.849599719047546387e+00
2.308109760284423828e+00
-3.318053185939788818e-01
3.299735546112060547e+00
-7.773457169532775879e-01
6.369984149932861328e-01
-5.324229001998901367e-01
1.426601260900497437e-01
9.093999862670898438e-01
-1.403186082839965820e+00
1.782705187797546387e-01
-6.645257584750652313e-03
4.487560093402862549e-01
-4.514500200748443604e-01
-8.814135193824768066e-01
2.345500141382217407e-01
4.992521405220031738e-01
3.038699328899383545e-01
-7.081843018531799316e-01
-1.480818390846252441e-01
-1.022589132189750671e-01
-1.337933242321014404e-01
-6.233534216880798340e-01
3.371014073491096497e-02
-6.401132047176361084e-02
-2.326539158821105957e-01
-3.941242992877960205e-01
1.068088188767433167e-01
5.875443667173385620e-02
2.872065901756286621e-01
-2.735082805156707764e-01
-5.202428251504898071e-02
1.114875912666320801e+00
2.946614623069763184e-01
-8.238953948020935059e-01
7.134625434875488281e+00
9.984912872314453125e+00
9.496155738830566406e+00
1.314603233337402344e+01
1.352551078796386719e+01
1.579086112976074219e+01
1.496729278564453125e+01
1.506849861145019531e+01
1.762759208679199219e+01
2.233409881591796875e+01
1.924287414550781250e+01
2.196038055419921875e+01
2.165958595275878906e+01
2.563019943237304688e+01
-8.532556533813476562e+00
1.547931551933288574e+00
9.005052447319030762e-01
-2.757735252380371094e-01
-7.470387816429138184e-01
2.550964355468750000e+00
9.816212058067321777e-01
-5.484195709228515625e+00
1.112163901329040527e+00
9.550637006759643555e-01
8.664500117301940918e-01
2.131717920303344727e+00
-1.042920827865600586e+00
-4.609097957611083984e+00
1.690070152282714844e+00
-5.642749071121215820e-01
6.737565398216247559e-01
1.220618247985839844e+00
-2.201178520917892456e-01
-1.103450059890747070e+00
1.768195033073425293e+00
-1.144405245780944824e+00
-7.534804344177246094e-01
-2.453541994094848633e+00
7.393319606781005859e-01
2.622102975845336914e+00
1.451709121465682983e-01
1.530438542366027832e+00
-1.678557693958282471e-01
4.703582525253295898e-01
-9.224883317947387695e-01
1.301878094673156738e+00
6.288260221481323242e-01
1.815841794013977051e+00
-3.933226346969604492e+00
6.262012124061584473e-01
8.258907198905944824e-01
4.669178009033203125e+00
-1.062677726149559021e-01
9.608085155487060547e-01
-1.222811102867126465e+00
-2.056100070476531982e-01
-7.317271232604980469e-01
4.099625647068023682e-01
2.761953473091125488e-01
1.404579162597656250e+00
-6.705086827278137207e-01
-5.134086608886718750e+00
-2.510092735290527344e+01
-7.651497721672058105e-01
-7.542069554328918457e-01
1.094012409448623657e-01
2.036200523376464844e+00
-2.568597495555877686e-01
7.114387750625610352e-01
3.888444602489471436e-01
-2.116181999444961548e-01
5.090342998504638672e+00
3.631806945800781250e+01
-7.023987174034118652e-01
4.517774283885955811e-01
-2.631651639938354492e+00
3.023275852203369141e+00
-9.607671499252319336e-01
3.930130898952484131e-01
1.954351365566253662e-01
-1.348389863967895508e+00
-1.562276601791381836e+00
3.633530616760253906e+00
4.771539688110351562e+00
-5.213469505310058594e+00
6.712840199470520020e-01
-2.481706142425537109e+00
-3.770072162151336670e-01
7.274155020713806152e-01
-5.121985912322998047e+00
-7.277146339416503906e+00
2.403254747390747070e+00
-2.072518825531005859e+00
3.197897911071777344e+00
2.478828132152557373e-01
-1.841472268104553223e+00
5.930625200271606445e-01
6.405380249023437500e+00
1.904228568077087402e+00
-2.644432336091995239e-02
-6.820973753929138184e-01
2.494093418121337891e+00
-2.993038415908813477e+00
-1.308486819267272949e+00
-3.381868839263916016e+00
-1.164227724075317383e+00
-1.309958457946777344e+00
2.318085193634033203e+00
1.056805133819580078e+00
3.685522675514221191e-01
8.169349282979965210e-02
-9.312350153923034668e-01
2.673344612121582031e+00
-5.842860341072082520e-01
9.736426472663879395e-01
1.341964364051818848e+00
-5.437424182891845703e+00
-1.180137515068054199e+00
2.259578704833984375e+00
2.658486604690551758e+00
-7.847936153411865234e-01
7.567647099494934082e-01
5.935193896293640137e-01
2.584307491779327393e-01
-1.465790629386901855e+00
1.023543357849121094e+00
1.187227725982666016e+00
-1.299138545989990234e+00
-1.485874056816101074e+00
7.886247634887695312e-01
-1.165645956993103027e+00
1.568499207496643066e+00
1.275269389152526855e-01
1.765137314796447754e-01
-1.844707429409027100e-01
9.170293807983398438e-02
-2.477948963642120361e-01
-7.830327749252319336e-02
2.205341011285781860e-01
-1.531954407691955566e-01
2.199220061302185059e-01
-9.384852647781372070e-01
-1.314852535724639893e-01
-9.859138727188110352e-01
-7.331544160842895508e-02
-4.472124278545379639e-01
-4.003419876098632812e-01
-3.198412954807281494e-01
-1.178494002670049667e-02
-3.308579325675964355e-02
-3.554854989051818848e-01
5.114235877990722656e-01
-6.435719132423400879e-01
3.566859662532806396e-01
8.045639097690582275e-02
-7.168518900871276855e-01
2.621801197528839111e-01
7.040819525718688965e-01
-7.560696452856063843e-02
5.792472362518310547e-01
-2.669484913349151611e-01
1.617842167615890503e-01
2.000063955783843994e-01
3.430865705013275146e-02
3.863415718078613281e-01
4.150571823120117188e-01
2.655282497406005859e+00
3.492760658264160156e+00
-7.553745269775390625e+00
2.401351779699325562e-01
1.538771539926528931e-01
-1.389708966016769409e-01
2.487076520919799805e-01
-1.427294760942459106e-01
8.440632373094558716e-03
5.374276041984558105e-01
-4.867256164550781250e+00
-3.964846849441528320e+00
1.079060745239257812e+01
3.831619322299957275e-01
6.679469347000122070e-01
-8.747951388359069824e-01
1.143576204776763916e-01
-9.127117991447448730e-01
2.096860855817794800e-01
-1.021573133766651154e-02
-9.703477472066879272e-02
-1.257617831230163574e+00
-6.757919788360595703e-01
1.405809998512268066e+00
-1.105068325996398926e+00
1.273321747779846191e+00
8.268462121486663818e-02
8.427275419235229492e-01
2.185151815414428711e+00
-7.029483318328857422e-01
-2.800473272800445557e-01
3.286005854606628418e-01
1.223793327808380127e-01
-4.440652132034301758e-01
-6.073296666145324707e-01
-1.638147234916687012e+00
2.913783192634582520e-01
6.742346882820129395e-01
-8.853113651275634766e-02
6.674769520759582520e-02
6.534700989723205566e-01
2.384985238313674927e-01
-5.803719162940979004e-01
8.895201683044433594e-01
-5.495617389678955078e-01
-7.025421857833862305e-01
-7.284814715385437012e-01
-9.853488765656948090e-03
8.730884641408920288e-02
-4.566481411457061768e-01
-2.725858688354492188e-01
-6.125458478927612305e-01
-9.560734778642654419e-02
-1.718081980943679810e-01
-1.969041973352432251e-01
6.092158794403076172e+00
7.461229562759399414e-01
2.017056226730346680e+00
2.891288995742797852e+00
3.250652253627777100e-01
7.216356396675109863e-01
-1.599348634481430054e-01
-5.884238481521606445e-01
-1.032977104187011719e+00
3.809295594692230225e-01
1.790872097015380859e+00
1.115806460380554199e+00
6.611551046371459961e-01
-2.396241277456283569e-01
-1.067614078521728516e+00
-2.807473242282867432e-01
-1.395268738269805908e-01
-6.801683306694030762e-01
1.376682519912719727e-02
-1.053489446640014648e-01
-7.240063697099685669e-02
3.917508721351623535e-01
2.829845529049634933e-03
2.697748318314552307e-02
-4.087517857551574707e-01
1.308312118053436279e-01
2.274769842624664307e-01
-1.766248047351837158e-01
-2.390374662354588509e-03
1.038019061088562012e+00
3.138738572597503662e-01
-3.270757794380187988e-01
-5.329000204801559448e-02
-1.039694100618362427e-01
1.587310284376144409e-01
8.828747868537902832e-01
2.525526285171508789e-01
7.800157666206359863e-01
-3.385442495346069336e-01
-1.112882018089294434e+00
3.425189554691314697e-01
1.158259153366088867e+00
-1.164327785372734070e-01
3.294351100921630859e-01
1.564932018518447876e-01
-9.496291168034076691e-03
-3.131517767906188965e-01
-5.333299934864044189e-02
2.086135149002075195e-01
3.688915073871612549e-01
3.226200342178344727e+00
1.986005187034606934e+00
-4.926706314086914062e+00
-2.732250094413757324e-01
8.643958717584609985e-02
-6.100539565086364746e-01
-3.144096136093139648e-01
-3.164609670639038086e-01
-7.732636928558349609e-01
-2.568294405937194824e-01
-3.827654123306274414e+00
-3.859477758407592773e+00
7.954438686370849609e+00
2.122618705034255981e-01
-3.298125788569450378e-02
-3.972387909889221191e-01
-1.515977531671524048e-01
3.739576935768127441e-01
-5.599306523799896240e-02
6.431145668029785156e-01
4.409712851047515869e-01
-4.988650679588317871e-01
-8.087792992591857910e-01
1.243462920188903809e+00
8.602151870727539062e-01
5.998441576957702637e-01
7.390982657670974731e-02
-3.095671236515045166e-01
3.058882951736450195e-01
-1.110420823097229004e+00
-9.858781099319458008e-01
8.020303845405578613e-01
-7.579581141471862793e-01
-1.081943362951278687e-01
-5.887855291366577148e-01
-4.104048758745193481e-02
-1.832838416099548340e+00
-1.079413890838623047e+00
2.759395539760589600e-01
3.568713068962097168e-01
3.101539611816406250e-01
4.386292099952697754e-01
8.698682785034179688e-01
1.009593605995178223e+00
4.554917216300964355e-01
-1.315931230783462524e-01
7.788165211677551270e-01
-6.442139744758605957e-01
1.577862799167633057e-01
2.695644497871398926e-01
2.501071989536285400e-01
-1.357446789741516113e+00
-1.091336309909820557e-01
1.068490147590637207e+00
-5.614777207374572754e-01
-5.084410309791564941e-01
-3.215589046478271484e+00
7.999639511108398438e-01
3.376697655767202377e-03
4.299359396100044250e-03
-2.374887932091951370e-03
1.459476607124088332e-05
4.407288972288370132e-03
1.703259302303195000e-03
-7.702287286520004272e-03
5.254609044641256332e-03
7.864466868340969086e-03
5.987693555653095245e-03
2.706723287701606750e-03
2.212389837950468063e-03
7.906315848231315613e-03
2.901586994994431734e-04
-5.965518066659569740e-04
-7.320695556700229645e-03
-4.429672844707965851e-03
-4.839512519538402557e-03
-8.368502371013164520e-03
3.288440173491835594e-03
9.489079006016254425e-03
2.473084488883614540e-03
-9.590982459485530853e-03
3.578658448532223701e-03
-9.563269093632698059e-03
-2.784116892144083977e-03
-6.978111807256937027e-03
-4.794785752892494202e-03
-9.757246822118759155e-03
4.985850770026445389e-03
2.882851753383874893e-03
-4.063047468662261963e-03
5.506256129592657089e-03
-7.996447384357452393e-03
5.936907604336738586e-03
-6.565768737345933914e-03
9.271414019167423248e-03
1.685959636233747005e-03
6.420721765607595444e-03
-3.318165254313498735e-04
1.409133197739720345e-03
-8.793830871582031250e-03
9.322321042418479919e-03
2.663345367182046175e-04
4.024768248200416565e-03
-3.119278466328978539e-03
4.632998723536729813e-03
7.239011581987142563e-03
-1.373284962028264999e-03
-1.811196096241474152e-03
-2.472531516104936600e-03
-1.376134576275944710e-03
4.198764450848102570e-03
7.965113967657089233e-03
-6.780788302421569824e-03
1.646131742745637894e-03
1.627979683689773083e-03
-7.861317135393619537e-03
8.220938034355640411e-03
-1.926620607264339924e-03
-9.006776846945285797e-03
-5.291189998388290405e-03
6.711507681757211685e-03
-2.221212489530444145e-03
2.708423882722854614e-03
-2.783998614177107811e-03
7.144108880311250687e-03
2.753384644165635109e-03
-8.978861384093761444e-03
2.783575560897588730e-03
3.809283021837472916e-03
-5.975723732262849808e-03
-3.855621442198753357e-03
3.274595597758889198e-03
2.748450962826609612e-03
-6.269854959100484848e-03
3.419626504182815552e-03
7.110959850251674652e-03
-8.694187738001346588e-03
5.220085848122835159e-03
4.940528888255357742e-03
-8.688410744071006775e-03
-3.995172213762998581e-03
-4.485943645704537630e-04
1.004891935735940933e-03
-1.201713806949555874e-03
5.050607956945896149e-03
-3.062509465962648392e-03
-5.204041488468647003e-03
-2.595991245470941067e-04
6.799068767577409744e-03
2.448282903060317039e-03
1.618929672986268997e-03
8.398519828915596008e-03
3.970616962760686874e-03
-1.691741344984620810e-04
-7.722254376858472824e-03
-8.963907137513160706e-03
-3.776386380195617676e-03
-8.095612283796072006e-04
6.536482251249253750e-04
5.389430094510316849e-03
-9.660814888775348663e-03
-3.855553455650806427e-03
1.769599388353526592e-03
1.783892869949340820e+00
9.471532106399536133e-01
-1.598870396614074707e+00
5.518150925636291504e-01
