1.699653148651123047e+00
9.624847024679183960e-02
1.138330817222595215e+00
-1.896902620792388916e-01
1.679943561553955078e+00
4.412627696990966797e+00
1.208359718322753906e+00
2.371427774429321289e+00
3.319717407226562500e+00
2.194770574569702148e+00
2.138263702392578125e+00
6.394668221473693848e-01
2.622898817062377930e+00
2.134660631418228149e-01
-1.796472668647766113e-01
7.286916375160217285e-01
-1.273530244827270508e+00
-3.981147408485412598e-01
1.953414380550384521e-01
-3.702449798583984375e-01
3.348688408732414246e-02
3.759182989597320557e-01
1.170274257659912109e+00
-4.443318545818328857e-01
5.111270546913146973e-01
7.540944963693618774e-02
-9.075722843408584595e-02
-3.104629218578338623e-01
-4.034743905067443848e-01
7.346273399889469147e-03
1.231741532683372498e-01
4.720164537429809570e-01
-8.948945999145507812e-02
2.897974848747253418e-01
-1.478140503168106079e-01
-1.637430191040039062e-01
1.408792585134506226e-01
-2.075615376234054565e-01
-6.924746185541152954e-02
2.189452014863491058e-02
3.700402751564979553e-02
5.818773433566093445e-02
-9.636862576007843018e-02
-3.101726472377777100e-01
-4.217323362827301025e-01
-3.273023068904876709e-01
8.011352539062500000e+00
5.870681285858154297e+00
8.180934906005859375e+00
1.029917812347412109e+01
1.322490692138671875e+01
1.371973037719726562e+01
1.472583198547363281e+01
1.551214504241943359e+01
1.737064552307128906e+01
1.876484298706054688e+01
2.109968376159667969e+01
1.944242286682128906e+01
2.580267143249511719e+01
2.915512466430664062e+01
2.850926780700683594e+01
-7.980449199676513672e+00
3.895181119441986084e-01
1.307479500770568848e+00
5.558459162712097168e-01
-9.075219631195068359e-01
-3.811170339584350586e+00
4.522500038146972656e+00
-1.578710317611694336e+00
-3.502407312393188477e+00
9.328778266906738281e+00
-1.311387300491333008e+00
-6.990950107574462891e+00
-3.080891072750091553e-01
-2.819700837135314941e-01
8.672061562538146973e-01
-2.663202762603759766e+00
-6.119825839996337891e-01
-5.770950913429260254e-01
6.484355926513671875e-01
4.035499572753906250e+00
-4.914655208587646484e+00
3.184354543685913086e+00
-2.482717037200927734e+00
1.812938094139099121e+00
1.219722151756286621e+00
5.205221772193908691e-01
1.983355641365051270e+00
2.380467653274536133e+00
-2.512149810791015625e+00
5.751574039459228516e-01
-1.045640230178833008e+00
-4.299016296863555908e-01
3.363135576248168945e+00
-1.363725900650024414e+00
1.139225721359252930e+00
5.798972249031066895e-01
-3.643804192543029785e-01
2.831829786300659180e+00
-2.867961227893829346e-01
6.259140968322753906e+00
-9.372793436050415039e-01
8.299140930175781250e-01
9.764555096626281738e-01
-5.763882398605346680e-01
1.854846239089965820e+00
-3.662363588809967041e-01
-6.402545571327209473e-01
8.016501665115356445e-01
6.294074058532714844e-01
2.767425775527954102e+00
-9.273121356964111328e-01
5.014539241790771484e+00
-2.748382568359375000e+00
-5.958268642425537109e-01
-8.247965574264526367e-02
-2.415139913558959961e+00
1.745381206274032593e-02
2.215044349431991577e-01
-6.202206611633300781e-01
5.590060353279113770e-01
-2.212684392929077148e+00
2.383678108453750610e-01
-9.744740128517150879e-01
1.697064638137817383e+00
-7.705383896827697754e-01
4.412079811096191406e+00
2.344260454177856445e+00
-1.857047915458679199e+00
2.480800628662109375e+00
-8.647035360336303711e-01
6.450766563415527344e+00
-3.024076938629150391e+00
7.145771503448486328e+00
-3.250788450241088867e+00
3.489350795745849609e+00
-1.932354807853698730e+00
5.108945965766906738e-01
-2.562578916549682617e-01
-4.477701187133789062e-01
3.387945890426635742e-01
-2.955653071403503418e-01
6.558517366647720337e-02
1.355264067649841309e+00
1.181677341461181641e+00
-6.516918540000915527e-01
1.530134826898574829e-01
-1.082383275032043457e+00
-2.840820252895355225e-01
2.212220430374145508e-01
7.972724735736846924e-03
-3.797506570816040039e+00
-1.933563798666000366e-01
-1.011809945106506348e+00
3.556868314743041992e+00
-9.780716300010681152e-01
-2.135233640670776367e+00
2.003186464309692383e+00
4.506993770599365234e+00
-6.788076758384704590e-01
-6.722030162811279297e+00
2.629658460617065430e+00
4.512492656707763672e+00
-1.485050916671752930e+00
3.963805139064788818e-01
-1.812117993831634521e-01
2.178026288747787476e-01
-1.476934105157852173e-01
3.969770669937133789e+00
-7.696979679167270660e-03
-3.213438987731933594e+00
-3.437634229660034180e+00
-1.289928913116455078e+00
-2.087527513504028320e+00
-1.806236028671264648e+00
-1.942425608634948730e+00
1.636108160018920898e-01
3.173352479934692383e+00
7.734945297241210938e+00
-1.890015602111816406e+00
1.191203117370605469e+00
5.060557365417480469e+00
3.528555482625961304e-02
-8.978340029716491699e-01
-3.720995485782623291e-01
5.448892712593078613e-01
1.014315128326416016e+00
-2.373260498046875000e+00
1.694384098052978516e+00
1.276634335517883301e+00
-2.970448732376098633e+00
1.198227763175964355e+00
2.033857345581054688e+00
9.744055569171905518e-02
-3.020373582839965820e-01
-2.663957595825195312e+00
1.277470231056213379e+00
6.945324540138244629e-01
1.267805844545364380e-01
-2.739448547363281250e-01
4.705428779125213623e-01
1.678426980972290039e+00
-1.618443727493286133e+00
2.062161922454833984e+00
-2.507204294204711914e+00
2.413135766983032227e+00
1.558074474334716797e+00
-7.198177576065063477e-01
1.492742538452148438e+00
2.838269710540771484e+00
3.101527988910675049e-01
-1.482416838407516479e-01
1.398680657148361206e-01
-3.608408868312835693e-01
8.950828909873962402e-01
-1.011928439140319824e+00
-1.287510097026824951e-01
-4.847563058137893677e-02
4.474217295646667480e-01
4.820274412631988525e-01
-1.618556618690490723e+00
6.995223760604858398e-01
5.109369754791259766e-01
-2.942662835121154785e-01
1.299991905689239502e-01
-1.448465824127197266e+00
3.967109024524688721e-01
1.849938742816448212e-02
3.374674916267395020e-01
-1.589746177196502686e-01
-3.869429230690002441e-01
5.037327408790588379e-01
-1.204174995422363281e+00
1.468907356262207031e+00
-3.630669042468070984e-02
-2.906037308275699615e-02
1.777405977249145508e+00
-4.349120855331420898e-01
2.677527070045471191e-01
-7.843032479286193848e-03
-1.359831243753433228e-01
-1.534253805875778198e-01
2.517574429512023926e-01
1.237780809402465820e+00
-5.332264900207519531e-01
2.834075391292572021e-01
-4.612804412841796875e+00
-1.802075803279876709e-01
-2.762717306613922119e-01
3.050203025341033936e-01
-3.092938959598541260e-01
-2.475851476192474365e-01
1.045476913452148438e+00
-3.960260152816772461e+00
3.447990894317626953e+00
-2.087011337280273438e-01
7.241089940071105957e-01
-1.664377152919769287e-01
3.029903471469879150e-01
4.855390638113021851e-02
2.843370735645294189e-01
-1.830304265022277832e-01
2.663232386112213135e-01
-6.253587603569030762e-01
-2.892456948757171631e-01
3.342304527759552002e-01
1.534212231636047363e-01
1.638387441635131836e-01
5.445040762424468994e-02
3.984598070383071899e-02
7.188107371330261230e-01
8.600689768791198730e-01
1.975560337305068970e-01
2.697859704494476318e-01
-8.771665692329406738e-01
8.353395462036132812e-01
1.040589928627014160e+00
4.496096670627593994e-01
-3.996993005275726318e-01
-1.001787543296813965e+00
2.169420719146728516e+00
-5.821763277053833008e-01
-1.488057255744934082e+00
-3.709486722946166992e-01
-6.941798329353332520e-01
4.959761798381805420e-01
3.739038705825805664e+00
-2.510572783648967743e-02
3.230703175067901611e-01
7.713873386383056641e-01
-3.712359666824340820e-01
1.165576100349426270e+00
-2.169851213693618774e-01
-1.219973266124725342e-01
1.177120923995971680e+00
-1.812666177749633789e+00
2.246391534805297852e+00
5.533365011215209961e-01
-1.527612566947937012e+00
5.769274234771728516e-01
-9.221775531768798828e-01
1.745442152023315430e+00
9.384536743164062500e-01
-2.278825193643569946e-01
-5.761541724205017090e-01
2.794722318649291992e-01
1.483781218528747559e+00
-2.419049978256225586e+00
1.155764818191528320e+00
-6.880221366882324219e-01
-2.019645929336547852e+00
-8.088470101356506348e-01
1.899870157241821289e+00
1.022206783294677734e+00
-2.820670604705810547e-01
-6.251578927040100098e-01
1.136307954788208008e+00
4.873189628124237061e-01
-3.829192835837602615e-03
1.753090471029281616e-01
-1.369712471961975098e+00
-3.072275593876838684e-02
-5.488168001174926758e-01
1.115567803382873535e+00
-7.366307973861694336e-01
6.911785602569580078e-01
-1.077255010604858398e+00
1.345899105072021484e-01
-1.767612934112548828e+00
1.565710157155990601e-01
1.391457766294479370e-01
5.826128721237182617e-01
-1.334202587604522705e-01
-1.402692317962646484e+00
1.323256969451904297e+00
-4.449609816074371338e-01
5.972207784652709961e-01
-5.818857550621032715e-01
-1.724000275135040283e-01
-5.963717103004455566e-01
-2.503512859344482422e+00
-3.877618163824081421e-02
6.185750365257263184e-01
-3.767522796988487244e-02
1.222252622246742249e-01
-5.565213561058044434e-01
2.459826469421386719e-01
-2.200771272182464600e-01
-2.580922245979309082e-01
2.783777415752410889e-01
-2.210607081651687622e-01
-1.932135373353958130e-01
-9.586443901062011719e-01
5.084482431411743164e-01
9.744286537170410156e-02
2.679200172424316406e-01
3.799961507320404053e-01
-2.889558076858520508e-01
2.112824656069278717e-02
4.983467981219291687e-02
-7.920686900615692139e-02
3.455245792865753174e-01
7.716956734657287598e-02
1.917115002870559692e-01
-4.406503438949584961e-01
-9.546011686325073242e-02
-2.536139726638793945e+00
8.134698867797851562e-01
1.308544278144836426e-01
-7.288921475410461426e-01
3.995005488395690918e-01
4.365256130695343018e-01
4.367011133581399918e-03
-3.445823431015014648e+00
1.701029062271118164e+00
6.821178793907165527e-01
5.748564004898071289e-01
-1.398170441389083862e-01
2.137320935726165771e-01
1.363474279642105103e-01
-7.448683977127075195e-01
4.450393025763332844e-04
3.174836039543151855e-01
-1.461778521537780762e+00
2.186998426914215088e-01
4.028168320655822754e-01
-4.831475019454956055e-01
3.015834391117095947e-01
-1.071427762508392334e-01
1.627445667982101440e-01
-1.213001757860183716e-01
1.893457651138305664e+00
-1.719330847263336182e-01
7.226784229278564453e-01
-8.186254501342773438e-01
9.495226144790649414e-01
3.916887566447257996e-02
-1.231173872947692871e+00
-1.730822324752807617e+00
1.453345775604248047e+00
1.687137842178344727e+00
-1.766114354133605957e+00
-6.862871050834655762e-01
5.572642087936401367e-01
6.807722449302673340e-01
1.808348149061203003e-01
-1.100985884666442871e+00
4.258472621440887451e-01
9.147473573684692383e-01
-1.719335436820983887e+00
1.010487675666809082e+00
9.025420546531677246e-01
6.110280156135559082e-01
9.895870089530944824e-01
-5.594103336334228516e-01
8.582824468612670898e-01
-7.523242235183715820e-01
-3.049902915954589844e-01
-2.913686990737915039e+00
4.026986360549926758e-01
-2.004409313201904297e+00
2.358277793973684311e-03
-6.344219669699668884e-03
-6.864879745990037918e-03
-8.013783022761344910e-03
5.942494142800569534e-03
5.402709823101758957e-03
-5.748755298554897308e-03
8.865550626069307327e-04
-4.124976694583892822e-03
7.327212020754814148e-03
-9.732962585985660553e-03
-2.412626345176249743e-04
-7.405538577586412430e-03
-2.166427439078688622e-03
4.050685558468103409e-03
8.857318200170993805e-03
-4.499637056142091751e-03
5.185787100344896317e-03
5.913662724196910858e-03
5.182838998734951019e-03
4.483263910515233874e-05
2.729042316786944866e-04
-2.701983088627457619e-03
6.012884434312582016e-03
-2.673452952876687050e-03
4.399730823934078217e-03
-6.276878062635660172e-03
-1.473449869081377983e-03
3.929781261831521988e-03
1.100309775210916996e-03
-1.235324889421463013e-03
-5.967201665043830872e-03
-3.358423244208097458e-03
-3.437840146943926811e-03
1.243631937541067600e-03
3.930961611331440508e-05
8.094588294625282288e-03
8.109982125461101532e-03
-8.442106656730175018e-03
5.333219654858112335e-03
-7.784327957779169083e-03
8.134424686431884766e-03
4.574822727590799332e-03
4.615128505975008011e-03
6.340332911349833012e-04
-7.451465353369712830e-03
7.582440972328186035e-03
-5.464496091008186340e-03
5.402509123086929321e-03
9.332379326224327087e-03
-8.427698165178298950e-03
3.743422916159033775e-03
6.797718378948047757e-05
-6.756285671144723892e-03
8.248298428952693939e-03
6.886168848723173141e-04
9.682928794063627720e-05
8.044373244047164917e-04
6.143484264612197876e-03
-4.404562525451183319e-03
-7.283246610313653946e-03
-6.700180470943450928e-03
-3.780610859394073486e-03
-9.557993151247501373e-03
5.700261332094669342e-03
-9.167409501969814301e-03
-7.748689386062324047e-04
7.559172343462705612e-03
4.049791023135185242e-03
3.741873428225517273e-03
3.078710869885981083e-04
-1.433691475540399551e-03
9.598543401807546616e-04
-1.931462553329765797e-03
7.857461459934711456e-03
5.983956158161163330e-03
-8.664124645292758942e-03
8.713999763131141663e-03
-2.481558360159397125e-03
4.142924677580595016e-03
-6.114859599620103836e-03
6.244274321943521500e-03
-7.368635386228561401e-03
6.362565327435731888e-03
-8.918603416532278061e-04
-1.421555643901228905e-03
-1.270760665647685528e-03
4.955096635967493057e-03
-7.798791863024234772e-03
5.140497349202632904e-03
-9.185970760881900787e-03
-3.321556374430656433e-03
4.629058297723531723e-03
-5.846021696925163269e-03
2.333751646801829338e-03
6.425910163670778275e-03
-5.720578134059906006e-03
9.026448242366313934e-04
4.323783796280622482e-03
-3.141855355352163315e-03
2.733376808464527130e-03
6.504375021904706955e-03
-9.047191590070724487e-03
5.463318433612585068e-03
-6.501000840216875076e-03
2.427769592031836510e-03
4.684994462877511978e-03
1.436868915334343910e-04
-2.528274431824684143e-03
-5.606056656688451767e-03
-4.750423599034547806e-03
-5.497919395565986633e-03
1.991155557334423065e-03
3.593349829316139221e-03
-5.109881516546010971e-03
-3.303719451650977135e-03
6.819599308073520660e-03
5.849081557244062424e-03
3.556252922862768173e-03
-8.409298956394195557e-03
8.286370038986206055e-01
7.898984551429748535e-01
-1.461212992668151855e+00
4.796502888202667236e-01
