1.914532303810119629e+00
4.777113437652587891e+00
3.926268577575683594e+00
1.550092816352844238e+00
2.169632911682128906e+00
3.414401531219482422e+00
-6.625447273254394531e-01
8.520717620849609375e-01
-6.481449007987976074e-01
-5.284329652786254883e-01
1.194403648376464844e+00
-5.385545492172241211e-01
-2.982290983200073242e-01
-4.786744117736816406e-01
-2.720576822757720947e-01
-4.531246721744537354e-01
3.192051053047180176e-01
2.258283495903015137e-01
-6.868220567703247070e-01
1.330331230163574219e+01
1.528181838989257812e+01
1.031563377380371094e+01
1.727051925659179688e+01
1.910029792785644531e+01
2.270841407775878906e+01
-7.101187109947204590e-01
2.702820003032684326e-01
-3.711259365081787109e-02
2.057621926069259644e-01
-4.237079918384552002e-01
5.556089282035827637e-01
-5.260270833969116211e-01
5.246582999825477600e-02
-9.250595569610595703e-01
2.854472994804382324e-01
1.055687308311462402e+00
3.067385554313659668e-01
-6.323198676109313965e-01
-1.554220020771026611e-01
1.620215654373168945e+00
8.535404205322265625e-01
-1.304217725992202759e-01
-9.422479271888732910e-01
4.836927726864814758e-02
3.530235886573791504e-01
-4.958151817321777344e+00
5.687139034271240234e-01
-8.118306845426559448e-02
-2.557952702045440674e-01
6.411553174257278442e-02
-3.942801803350448608e-02
8.992835879325866699e-01
1.206474781036376953e+00
5.352578759193420410e-01
-4.479643404483795166e-01
2.431761622428894043e-01
-2.428007125854492188e-01
1.837523132562637329e-01
1.902351230382919312e-01
7.877373695373535156e-01
3.727163374423980713e-01
1.345442682504653931e-01
2.233500480651855469e-01
4.867221415042877197e-01
4.353744983673095703e-01
-1.001806259155273438e+00
1.499113798141479492e+00
1.276776939630508423e-01
-1.034438759088516235e-01
2.659329175949096680e-01
-2.001295536756515503e-01
3.791029453277587891e-01
-4.916082322597503662e-01
-5.340421199798583984e-01
-1.024580121040344238e+00
5.650035142898559570e-01
-3.065614700317382812e-01
1.430796027183532715e+00
-2.728989422321319580e-01
-1.001800149679183960e-01
-4.289723932743072510e-01
2.427857816219329834e-01
-3.140192329883575439e-01
-4.328994080424308777e-02
-6.618689298629760742e-01
-5.415806919336318970e-02
8.468827605247497559e-01
-1.210859894752502441e+00
-2.478996990248560905e-03
-9.266154374927282333e-04
-2.013327088207006454e-03
-7.551722228527069092e-03
-3.389040473848581314e-03
-3.885366255417466164e-03
-2.809926168993115425e-03
1.815042342059314251e-04
-5.094076506793498993e-03
6.946460809558629990e-03
6.987067405134439468e-03
-1.587567385286092758e-03
-5.889758467674255371e-03
1.172252465039491653e-03
7.768593495711684227e-04
-3.991689532995223999e-03
-7.385370787233114243e-03
-4.378269892185926437e-03
-5.577971227467060089e-03
8.846884593367576599e-04
8.094399236142635345e-03
1.442620038986206055e+00
9.500489234924316406e-01
-2.028131246566772461e+00
7.938919067382812500e-01
