-7.265847802417472190e-01
5.697242241479211211e-01
6.766129742373947487e-01
1.395158330905496014e-01
-1.490629029021626195e+00
-6.123245137248383152e-01
-7.637965350642550444e-01
-5.053769337037672393e-01
-5.319519536037745633e-01
-1.402302943952771441e+00
-1.045868743536413126e+00
8.089638530096603108e-02
2.416842856759029157e-01
1.478327693993456426e-01
2.145892321700625383e-01
-7.605426134436322760e-01
-1.191069990612017016e+00
3.288763641490343725e-01
-4.450113268388035115e-01
-1.077622776016199518e-01
3.443100842652649929e-01
2.642507388730954698e-01
-4.695296642274015414e-02
-5.680934618513143741e-01
1.844396484255344248e-01
-1.322227656016027042e-01
2.197347947585544248e-01
8.476649345141776815e-01
-2.560838205238474274e-01
4.622326378828956472e-01
5.462017059846365763e-01
4.955222993534473819e-01
-8.106653126253050567e-01
-9.454118801951364448e-01
3.351728715537337089e-01
7.712846967780304097e-02
-3.171642020911152882e-01
3.806565426093334592e-01
-3.892345631242219439e-01
-4.121469703926367023e-01
2.351144110311196578e-01
9.481008346281095955e-02
-5.591183742936114420e-01
-1.005403894028036760e+00
-5.932122695496433451e-01
2.504993096463203339e-01
-3.542059868148953461e-01
4.656169921636683084e-01
9.772477565945942857e-01
-5.080476042365685840e-01
1.998001058981127287e-01
-2.069673846586780330e-01
4.982008972474033515e-01
7.647617941912313588e-01
7.039292328183478498e-01
4.832041278105365101e-01
1.676020442791804621e-01
-3.092021976453825441e-02
-5.116798703893117306e-01
-2.672543582982513377e-01
-5.574642381221422971e-01
-1.430162754857117191e+00
3.962024131422332007e-01
3.919326397099757719e-01
3.989259247513746165e-01
-2.875203317297651551e-01
-8.688119685911317724e-02
-8.011833744794516488e-01
-2.811086622404040392e-01
-1.237649594935412711e+00
-1.009961766722265591e-01
2.752448091608036274e-01
4.745884499538612911e-01
1.811216195614750168e-01
-9.500664074432937922e-02
-2.777462209965240320e-02
-6.584153236738975457e-01
-1.069577498561148504e-01
-2.253188120300966268e-01
4.171063212879921878e-01
-1.542101891942874614e+00
1.752069217471722284e-01
-1.692525895827913796e-01
-2.470935249056825656e-01
3.037272214859267905e-01
-3.201390974459096261e-01
7.533939185683102835e-01
-1.172805618131855382e-01
-1.304996194525143149e+00
-1.480495457148073957e+00
1.692475958371835731e-01
2.863430116144739523e-01
-9.450599780306347952e-01
-3.737578710429089734e-01
6.975186582140212588e-01
-1.539940400183034130e-01
9.271526041155704334e-01
9.231466678897911615e-01
2.835041519704508683e-01
-4.213012617667460380e-01
6.396140747117338987e-02
-1.959744819693373316e-02
-1.354974487092981128e-01
-2.609366283882877391e-01
-1.072887688996778888e+00
6.619455090290521371e-01
1.536000401209315080e-01
-8.419935572419284808e-01
-2.486219278263908025e-03
-7.087264561367894178e-01
1.097122459538672601e+00
-1.063663337889889426e+00
9.724268052357624148e-01
-2.230855831655764177e-01
-1.001651966334118071e-01
-8.820728581728300988e-01
7.407802114127493009e-01
-2.006798460767463821e-01
-9.898883220256170512e-01
3.024359248639554854e-01
5.795834380301673194e-01
-1.346680894508203163e+00
-3.902759324176947597e-01
-9.329254692344414179e-01
3.887099067585639278e-01
4.321946302834341336e-01
9.095900912207643962e-01
-2.062285697331060763e-01
-3.205100784520656942e-01
-3.469057332145821237e-01
9.111834288989040243e-01
1.053031827031418954e+00
1.543047172894693453e-01
-4.420444241844524447e-01
8.100694119302563889e-01
1.158686551780734098e+00
-6.719824609341471522e-01
1.532107321318125492e-01
1.263213399862187059e+00
-3.042518153163858985e-01
-9.739397395152508130e-01
3.892793727799206405e-01
1.273799814810211983e-01
-1.751361529630210065e-02
9.720179243985205275e-02
-3.557477142494162026e-01
-6.673130642260541867e-01
4.133796351952340187e-01
-5.155965575264714884e-01
1.256187846899439187e+00
3.592312777899414056e-01
-8.840119001597300796e-01
1.833469256597632102e-02
-1.555636238936568549e-01
7.432973511809320977e-01
1.313455495510761795e+00
1.212294165130290147e-01
-5.062332488117016194e-02
-1.113314488560213533e+00
5.903579835992940616e-02
2.950773987844138024e-01
-1.068548040510767905e+00
4.614351263424509159e-02
1.443649280855574979e+00
7.981998049572148757e-01
1.305142045538962847e-01
3.170754425562036238e-01
1.537564443456249874e+00
6.571245602699833377e-01
7.969895793229175851e-01
-4.292061629974443515e-01
-5.656755128625706730e-01
4.747109486393184530e-01
-3.419406467384630277e-01
2.467902926338526592e-01
2.652972420156420874e-01
-3.059137011377686122e-01
1.089174949340232512e+00
-9.921638738397352275e-02
1.643018774406370452e+00
-3.031297485406579950e-01
-9.926442921096673144e-01
-2.255504444961276347e-02
5.966217285484158861e-01
1.225749196624992404e-01
9.250595495410507407e-01
-1.207739242776326272e+00
8.418355858028323535e-01
7.742490924114582285e-01
1.203051439975267423e+00
1.932387985670288577e-01
7.508819357864033872e-01
-2.052035210932038820e-02
-1.909172697278967989e-01
-4.258408607018162040e-01
3.605313970239289456e-01
4.629307958630589012e-03
2.459984720333329988e-01
1.534472160912061720e-02
4.159998000788394656e-01
4.304410842344263965e-01
-6.530951317886021235e-01
-2.107472505032854937e-01
1.878160349509890858e-01
-2.679836834509076171e-01
-6.601042389820594991e-01
-2.272304129895279939e-02
2.835602228723744789e-01
1.255939479949063631e-01
-1.232338583660685383e-01
7.621387557744843111e-01
1.000480597227567658e-01
-2.568650241362426812e-01
5.550051328653090588e-01
-6.483159623710335051e-01
5.288143874823023616e-01
7.945546755702209696e-01
-1.000406353767198109e+00
9.260132285728407409e-01
8.069714324356058732e-01
2.939896199129032328e-01
3.425150626578120638e-01
7.110452719288379297e-01
1.383343568500190024e+00
7.030119716851092049e-01
-2.837260067224739446e-01
-1.234057285047991392e+00
1.440969536139392160e+00
4.358378948649974105e-01
-6.959928409136073579e-02
7.390901442848014646e-01
6.752115867283456918e-01
6.720416937653228562e-01
8.258783215053916438e-01
1.581332454068915316e+00
-1.200384980925535278e-01
-6.265975552067247767e-01
-3.334175250138841640e-01
-3.874650436748438564e-01
1.740068907656572850e-01
7.380346003233378971e-01
-3.435055504641543883e-02
-9.404310381671635577e-01
2.702281406128159147e-01
-8.735106392695828337e-01
1.931095597498572874e-02
-6.846416733959193035e-01
-4.092606559355910778e-01
-6.009135003152613619e-01
-2.271855362758386232e-01
1.107576807709058642e+00
-8.297504968499380684e-01
-6.585895794920914037e-01
5.640544107073444113e-01
8.544408233706749511e-01
