1.157083511352539062e+01
1.548820686340332031e+01
5.760256767272949219e+00
7.916653156280517578e+00
9.847017288208007812e+00
1.665908241271972656e+01
1.607513809204101562e+01
1.544088554382324219e+01
1.557631015777587891e+01
1.398003959655761719e+01
1.223697853088378906e+01
1.774074172973632812e+01
1.046714973449707031e+01
1.746510386466979980e+00
-5.177384853363037109e+00
-6.669683456420898438e+00
6.200898170471191406e+00
-8.373388290405273438e+00
1.194015502929687500e+01
-1.596405148506164551e+00
-2.011677265167236328e+00
7.660285949707031250e+00
-4.917201519012451172e+00
6.172669410705566406e+00
1.934433102607727051e+00
-2.947712898254394531e+00
2.445218712091445923e-02
1.101306155323982239e-01
1.038421511650085449e+00
-1.448696494102478027e+00
-6.961723566055297852e-01
-1.906950920820236206e-01
1.256861984729766846e-01
7.902665138244628906e-01
1.497663617134094238e+00
4.436126708984375000e+00
-2.357478618621826172e+00
8.301854133605957031e+00
-1.713389873504638672e+00
-5.992821216583251953e+00
4.615499973297119141e+00
-5.354589939117431641e+00
8.701081275939941406e+00
2.924598932266235352e+00
2.158185005187988281e+00
-1.423944115638732910e+00
-9.387283325195312500e+00
7.254263401031494141e+00
1.059189081192016602e+00
1.106019210815429688e+01
5.115953683853149414e-01
5.560067176818847656e+00
9.173344612121582031e+00
1.320126438140869141e+01
3.825916051864624023e+00
6.416073322296142578e+00
1.160015583038330078e+00
8.523141860961914062e+00
-1.059335231781005859e+01
7.687337398529052734e+00
-9.650162696838378906e+00
-7.990904808044433594e+00
8.625911712646484375e+00
4.557403087615966797e+00
-5.842473506927490234e-01
7.755486488342285156e+00
3.600370168685913086e+00
-7.447140693664550781e+00
1.016647815704345703e+00
4.860411167144775391e+00
6.616171360015869141e+00
5.674132347106933594e+00
-6.752055168151855469e+00
4.092398643493652344e+00
-3.397998571395874023e+00
-6.736035823822021484e+00
-7.209879875183105469e+00
-2.745096206665039062e+00
1.254140663146972656e+01
4.127135276794433594e+00
2.111310720443725586e+00
-3.861586093902587891e+00
-4.945764064788818359e+00
-3.933322727680206299e-01
-7.825645446777343750e+00
-1.026938533782958984e+01
9.388001441955566406e+00
-3.167135238647460938e+00
-1.877992987632751465e+00
2.258897066116333008e+00
1.160126209259033203e+00
-5.063276886940002441e-01
1.204547047615051270e+00
1.014048233628273010e-01
4.990737915039062500e+00
-3.501321077346801758e+00
-2.598475217819213867e+00
3.559190273284912109e+00
3.419370651245117188e+00
1.245551705360412598e+00
-4.858545780181884766e+00
-2.415460586547851562e+00
-1.644900441169738770e+00
1.155592560768127441e+00
5.693408250808715820e-01
4.133835136890411377e-01
2.564833760261535645e-01
2.154142856597900391e+00
2.938348948955535889e-01
-6.785106062889099121e-01
-1.631310224533081055e+00
1.247285962104797363e+00
-5.979946851730346680e-01
4.695237636566162109e+00
3.344027996063232422e-01
-3.173230171203613281e+00
5.284464955329895020e-01
-3.413840055465698242e+00
1.262923479080200195e+00
-1.305829405784606934e+00
3.501015424728393555e+00
4.419931888580322266e+00
3.294408798217773438e+00
-3.029736280441284180e+00
1.266832590103149414e+00
-3.355684518814086914e+00
1.141165018081665039e+00
-2.845577955245971680e+00
2.147701025009155273e+00
2.414863109588623047e+00
-1.243624448776245117e+00
1.968359202146530151e-01
-1.454436540603637695e+00
2.902685880661010742e+00
7.728723287582397461e-01
1.363525271415710449e+00
1.762587428092956543e+00
-4.442174911499023438e+00
3.822256803512573242e+00
-2.058999300003051758e+00
-1.814562201499938965e+00
-1.776152372360229492e+00
-1.244854927062988281e+00
-1.685117334127426147e-01
3.088519334793090820e+00
4.264780044555664062e+00
-3.546085596084594727e+00
-4.119509220123291016e+00
2.321916580200195312e+00
4.518250465393066406e+00
-1.438483595848083496e-01
2.452789068222045898e+00
2.031852722167968750e+00
-5.184168219566345215e-01
5.572213530540466309e-01
-5.248227119445800781e-01
1.567274808883666992e+00
6.054866313934326172e-01
-4.972231984138488770e-01
5.332857608795166016e+00
3.450160622596740723e-01
3.164726018905639648e+00
2.643473386764526367e+00
-2.760697603225708008e+00
-1.871414303779602051e+00
-2.882759809494018555e+00
2.653860330581665039e+00
-3.088858366012573242e+00
8.543239831924438477e-01
-2.923520803451538086e-01
-4.087438285350799561e-01
-1.227920174598693848e+00
4.315681457519531250e+00
-2.913767814636230469e+00
-1.377934694290161133e+00
4.450763702392578125e+00
2.771810293197631836e+00
2.239327430725097656e+00
-5.404788017272949219e+00
-2.682622432708740234e+00
-5.721966028213500977e-01
-3.019131422042846680e-01
1.418619155883789062e-01
5.807064771652221680e-01
-1.179282069206237793e+00
-1.458768486976623535e+00
-1.057892560958862305e+00
-6.488248109817504883e-01
2.125592470169067383e+00
-4.940794110298156738e-01
1.186513900756835938e+00
1.831793069839477539e+00
-1.601517558097839355e+00
-3.122010231018066406e+00
1.573238253593444824e+00
-6.150181889533996582e-01
5.107042789459228516e+00
-3.185421705245971680e+00
5.156555175781250000e+00
1.808988571166992188e+00
-9.736639261245727539e-01
-1.241151332855224609e+00
1.890626788139343262e+00
-1.864759683609008789e+00
2.258642435073852539e+00
-1.709673762321472168e+00
4.008582234382629395e-01
2.256506681442260742e+00
-3.549640893936157227e+00
5.660986900329589844e-01
-8.602017760276794434e-01
3.029241800308227539e+00
-7.933483719825744629e-01
2.785038352012634277e-01
1.606639027595520020e+00
-2.603959083557128906e+00
2.999288558959960938e+00
-1.684538245201110840e+00
-2.511670112609863281e+00
-1.144612673670053482e-02
-1.264083862304687500e+00
1.975085377693176270e+00
2.436893224716186523e+00
3.540005207061767578e+00
-2.916176319122314453e+00
-2.993678152561187744e-01
1.869910120964050293e+00
5.621873855590820312e+00
-1.320619106292724609e+00
2.921020030975341797e+00
2.424028158187866211e+00
-1.404746651649475098e+00
1.165099740028381348e+00
-1.567759871482849121e+00
2.243887424468994141e+00
2.782088756561279297e+00
-4.556994736194610596e-01
4.390142917633056641e+00
1.040817022323608398e+00
7.841958403587341309e-01
1.249949455261230469e+00
-2.152268290519714355e-01
2.215706855058670044e-01
-3.554864406585693359e+00
2.880393862724304199e-01
-3.807172536849975586e+00
-8.761695623397827148e-01
