2.218176841735839844e+00
1.010816246271133423e-01
5.153892040252685547e+00
4.100413322448730469e+00
3.813437461853027344e+00
-1.013640761375427246e+00
-6.609778106212615967e-02
7.145105004310607910e-01
-1.266753792762756348e+00
5.007626414299011230e-01
-2.344584703445434570e+00
5.864127874374389648e-01
-2.760242857038974762e-02
1.660095751285552979e-01
-3.742219209671020508e-01
1.587486267089843750e+00
1.076039600372314453e+01
1.333844375610351562e+01
1.548023033142089844e+01
1.895934486389160156e+01
2.642926406860351562e+01
-8.842505812644958496e-01
-1.177429318428039551e+00
3.825208246707916260e-01
8.480613827705383301e-01
1.191821217536926270e+00
-8.864206671714782715e-01
5.616060495376586914e-01
-5.109688639640808105e-01
2.480240345001220703e+00
-1.025482058525085449e+00
-6.393480300903320312e-01
-1.569005131721496582e+00
-2.461391687393188477e-01
2.640872716903686523e+00
7.367056369781494141e+00
4.694010317325592041e-01
7.829696536064147949e-01
-2.968968749046325684e-01
3.790110349655151367e-01
-1.221302032470703125e+00
5.047141313552856445e-01
-2.161849476397037506e-02
-6.891543418169021606e-02
-2.756850719451904297e+00
4.970307052135467529e-01
5.952351093292236328e-01
1.185309886932373047e+00
2.496005296707153320e-01
-1.118470430374145508e+00
1.887872815132141113e+00
1.147163033485412598e+00
2.235822081565856934e-01
2.015334665775299072e-01
-4.657251834869384766e-01
4.969281330704689026e-02
2.491895854473114014e-01
-2.118783295154571533e-01
6.269333362579345703e-01
4.910098314285278320e-01
4.680490493774414062e-01
-1.931512802839279175e-01
-3.446324765682220459e-01
3.475685715675354004e-01
-2.490601837635040283e-01
-1.777840137481689453e+00
5.154696409590542316e-04
-3.580370685085654259e-03
-4.294712096452713013e-03
-9.041398880071938038e-04
-9.947546757757663727e-03
5.282024852931499481e-03
5.103419534862041473e-03
-6.711423397064208984e-03
8.375090546905994415e-03
-4.853383637964725494e-03
-4.168248735368251801e-03
-7.181445602327585220e-03
-6.606290116906166077e-03
1.799304736778140068e-03
-2.959005534648895264e-03
8.241794109344482422e-01
1.277905583381652832e+00
-2.602000474929809570e+00
9.762542843818664551e-01
