1.751957535743713379e+00
4.245986461639404297e+00
2.134838104248046875e+00
3.883448123931884766e+00
1.566840529441833496e+00
2.230024099349975586e+00
2.493719339370727539e+00
2.397814512252807617e+00
-1.482802987098693848e+00
-4.157170653343200684e-02
8.969654440879821777e-01
-2.027243524789810181e-01
1.199774071574211121e-01
6.123839616775512695e-01
-5.011411309242248535e-01
-3.064772859215736389e-02
-1.813808202743530273e+00
2.832344174385070801e-01
-2.336304485797882080e-01
-3.141538798809051514e-01
-3.307245075702667236e-01
-9.062994271516799927e-02
-1.262649148702621460e-01
1.751384325325489044e-02
6.721619367599487305e-01
1.328993511199951172e+01
1.328801155090332031e+01
1.528608894348144531e+01
1.012452125549316406e+01
1.720356178283691406e+01
1.886458396911621094e+01
1.945022392272949219e+01
3.838010025024414062e+01
-2.011913508176803589e-01
-4.464173614978790283e-01
2.190296351909637451e-01
6.068160384893417358e-02
-1.115147590637207031e+00
2.411208629608154297e+00
-2.449426174163818359e+00
3.426889181137084961e+00
-7.134521603584289551e-01
-1.052192077040672302e-01
-1.075745701789855957e+00
1.944683313369750977e+00
-3.637571811676025391e+00
2.267067193984985352e+00
-2.785203218460083008e+00
-7.485706210136413574e-01
6.234652996063232422e-01
7.778709381818771362e-02
-1.402537941932678223e+00
1.609095811843872070e+00
2.804302692413330078e+00
1.208512544631958008e+00
-8.848195075988769531e-01
8.963897824287414551e-01
-8.798601031303405762e-01
-2.414304733276367188e+00
-1.193202376365661621e+00
3.533313989639282227e+00
-3.604832649230957031e+00
-6.533607006072998047e+00
-7.094176292419433594e+00
6.057074069976806641e+00
5.547409534454345703e+00
-5.174584865570068359e+00
2.838975936174392700e-02
1.508492183685302734e+01
7.964451909065246582e-01
6.146695017814636230e-01
1.990892142057418823e-01
-3.210126161575317383e-01
-1.361101865768432617e-01
-8.751688599586486816e-01
-2.874448299407958984e-01
-5.891861915588378906e-01
-1.732380986213684082e+00
1.700556427240371704e-01
-2.705928683280944824e-01
8.652065396308898926e-01
1.230970323085784912e-01
-5.661317110061645508e-01
3.003868579864501953e+00
4.168642759323120117e-01
-3.009904325008392334e-01
3.646309077739715576e-01
3.801402449607849121e-01
-1.070996895432472229e-01
-3.679730892181396484e-01
1.481090545654296875e+00
4.228143990039825439e-01
6.551693081855773926e-01
1.160515189170837402e+00
-1.145811796188354492e+00
5.747537016868591309e-01
2.189546078443527222e-01
7.865450382232666016e-01
2.508901357650756836e+00
1.858458757400512695e+00
-1.575266957283020020e+00
-2.523074388504028320e+00
1.533174276351928711e+00
-1.726549386978149414e+00
-3.378474235534667969e+00
-9.087686538696289062e-01
4.696092009544372559e-01
-7.166430354118347168e-02
1.163778454065322876e-01
2.422772496938705444e-01
8.486320376396179199e-01
4.199188947677612305e-01
1.201861977577209473e+00
9.699394702911376953e-01
-4.275153577327728271e-01
2.537852227687835693e-01
-6.564002633094787598e-01
5.573534369468688965e-01
5.686379075050354004e-01
-2.100769519805908203e+00
3.084848821163177490e-01
3.352148830890655518e-01
-1.009674444794654846e-01
-1.606990993022918701e-01
-1.866280734539031982e-01
-1.188849806785583496e+00
-1.866257071495056152e+00
-2.514014244079589844e-01
-1.754077970981597900e-01
-1.027258396148681641e+00
-5.093417167663574219e-01
-1.700449138879776001e-01
-8.039491772651672363e-01
4.711560308933258057e-01
-7.367776632308959961e-01
-5.962627008557319641e-02
4.671827852725982666e-01
1.790332198143005371e-01
-2.746433019638061523e-01
6.057603955268859863e-01
2.127002239227294922e+00
1.518258941359817982e-03
7.222692016512155533e-03
1.743662054650485516e-03
7.080344483256340027e-03
4.609318566508591175e-04
-1.720841974020004272e-04
-8.970871567726135254e-03
7.543009705841541290e-04
-1.116351922973990440e-03
2.513109706342220306e-03
6.674611009657382965e-03
5.787256173789501190e-03
-4.374260082840919495e-03
9.034976363182067871e-03
1.237298012711107731e-03
6.347439251840114594e-03
-3.517043311148881912e-03
6.771684624254703522e-03
-4.966237116605043411e-03
4.023707879241555929e-04
-5.573939997702836990e-04
4.909686278551816940e-03
-8.778144605457782745e-03
-9.927680948749184608e-04
6.916159298270940781e-03
8.440474979579448700e-03
9.357443079352378845e-03
-4.383521620184183121e-03
-7.232885807752609253e-03
-5.913423374295234680e-03
8.690675720572471619e-03
6.039429572410881519e-04
9.393127635121345520e-03
-4.784442484378814697e-03
4.462974146008491516e-03
-8.743195794522762299e-03
7.276305556297302246e-01
1.028393983840942383e+00
-1.775040626525878906e+00
6.413187980651855469e-01
