1.544488334655761719e+01
1.554298496246337891e+01
6.580872535705566406e+00
3.446919202804565430e+00
1.845679092407226562e+01
1.618588638305664062e+01
1.542056274414062500e+01
-2.269225418567657471e-01
8.130261674523353577e-03
1.503132915496826172e+01
1.267734050750732422e+01
-8.111492156982421875e+00
5.850421428680419922e+00
9.114732146263122559e-01
1.036984562873840332e+00
9.172113418579101562e+00
-1.934881687164306641e+00
-4.753624498844146729e-01
-3.772315740585327148e+00
6.690119504928588867e-01
1.277594184875488281e+01
8.680153846740722656e+00
6.141962528228759766e+00
1.168054389953613281e+01
-7.873375892639160156e+00
4.419480800628662109e+00
-4.998438835144042969e+00
-1.502520918846130371e+00
3.523933172225952148e+00
2.152013301849365234e+00
-1.268841385841369629e+00
7.115637660026550293e-01
-5.013846874237060547e+00
1.078918814659118652e+00
1.514963984489440918e+00
2.141574144363403320e+00
-1.761623954772949219e+01
8.681362152099609375e+00
-1.240679454803466797e+01
4.711807727813720703e+00
5.857819080352783203e+00
6.666928768157958984e+00
3.186609506607055664e+00
4.057785034179687500e+00
-5.498146414756774902e-01
-4.413764953613281250e+00
4.375718593597412109e+00
3.241339027881622314e-01
-1.051266384124755859e+01
4.521284580230712891e+00
1.702825188636779785e+00
6.829791545867919922e+00
-2.148096859455108643e-01
-6.637523651123046875e+00
-3.868436813354492188e+00
-1.199032664299011230e+00
1.918502092361450195e+00
-7.734659314155578613e-01
-6.626905798912048340e-01
1.498926162719726562e+00
-4.971956253051757812e+00
-4.426557064056396484e+00
-3.835898160934448242e+00
3.302038908004760742e+00
2.478076696395874023e+00
3.888581752777099609e+00
-5.114553451538085938e+00
-3.862548172473907471e-01
-2.602302730083465576e-01
5.058530718088150024e-03
-2.352176904678344727e+00
5.395998954772949219e-01
6.101587414741516113e-01
-3.732765018939971924e-01
1.512875556945800781e+00
-4.118368029594421387e-01
-1.470050692558288574e+00
2.227288722991943359e+00
-5.447317600250244141e+00
5.829724073410034180e-01
-5.998699069023132324e-01
-1.240653395652770996e+00
4.198662757873535156e+00
-2.082301139831542969e+00
8.505806922912597656e-01
9.322146773338317871e-01
1.653203248977661133e+00
3.699054419994354248e-01
-3.334930419921875000e+00
1.416921019554138184e+00
1.285569667816162109e+00
1.640090227127075195e+00
