1.335070037841796875e+01
1.555987262725830078e+01
8.688372611999511719e+00
7.935491085052490234e+00
1.752418136596679688e+01
1.629701423645019531e+01
1.545524692535400391e+01
8.022444725036621094e+00
-5.723986148834228516e+00
5.391265869140625000e+00
1.374131488800048828e+01
-8.971095085144042969e+00
6.268238067626953125e+00
4.423515796661376953e+00
2.957566738128662109e+00
9.589248657226562500e+00
-3.378655672073364258e+00
-9.569291025400161743e-02
-6.304696559906005859e+00
2.653585374355316162e-01
1.351850986480712891e+01
8.616650581359863281e+00
3.760384559631347656e+00
8.092037200927734375e+00
-7.779661178588867188e+00
1.051092433929443359e+01
-6.495098114013671875e+00
-5.393613815307617188e+00
5.351885795593261719e+00
2.105508804321289062e+00
-1.312940478324890137e+00
4.871995449066162109e-01
-2.153126239776611328e+00
3.285616636276245117e+00
4.252633452415466309e-01
3.486339449882507324e-01
-1.185840797424316406e+01
5.725761413574218750e+00
-1.632927131652832031e+01
3.688840389251708984e+00
7.987092018127441406e+00
6.475845336914062500e+00
1.951136469841003418e+00
4.033454895019531250e+00
7.623486220836639404e-02
-2.854233264923095703e+00
3.608348369598388672e+00
1.821853667497634888e-01
-9.490489006042480469e+00
6.245315551757812500e+00
2.334179878234863281e+00
5.828612327575683594e+00
1.323235183954238892e-01
-5.198659420013427734e+00
-5.254457950592041016e+00
-1.439660549163818359e+00
1.850543379783630371e+00
-1.404403567314147949e+00
7.237008959054946899e-02
1.293680787086486816e+00
-2.278256177902221680e+00
-3.250391006469726562e+00
-3.909808635711669922e+00
4.035263538360595703e+00
2.367547512054443359e+00
3.023501634597778320e+00
-4.145596981048583984e+00
1.024488061666488647e-01
-1.472091436386108398e+00
1.107236862182617188e+00
-2.124602556228637695e+00
3.466230034828186035e-01
7.278530001640319824e-01
-3.141781687736511230e-01
1.567878484725952148e+00
-4.111999645829200745e-02
-7.031267881393432617e-01
2.498906612396240234e+00
-5.313990592956542969e+00
1.938001036643981934e+00
-9.084916114807128906e-01
-1.381353855133056641e+00
2.904594421386718750e+00
7.768239378929138184e-01
4.719952940940856934e-01
1.649149775505065918e+00
-9.816159605979919434e-01
-3.447650074958801270e-01
-3.754274129867553711e+00
8.582283258438110352e-01
1.244302511215209961e+00
1.653330802917480469e+00
