2.188644647598266602e+00
5.081175804138183594e+00
4.003259181976318359e+00
1.786652326583862305e+00
3.586541175842285156e+00
-1.008327126502990723e+00
4.346653521060943604e-01
-2.702462375164031982e-01
-1.123755574226379395e+00
7.639664411544799805e-01
-2.591125011444091797e+00
-3.889802694320678711e-01
1.551274359226226807e-01
-1.285537481307983398e-01
-4.840066656470298767e-02
1.228455781936645508e+00
1.331010723114013672e+01
1.535231971740722656e+01
1.730522537231445312e+01
1.904239654541015625e+01
2.225232696533203125e+01
-7.028323411941528320e-01
7.465589046478271484e-02
8.607681989669799805e-01
-6.596316099166870117e-01
1.274638533592224121e+00
-4.974012970924377441e-01
-1.537443995475769043e+00
2.969457805156707764e-01
-1.069147825241088867e+00
2.333924055099487305e+00
-1.027068853378295898e+00
4.703923225402832031e+00
1.098595038056373596e-01
-1.775341987609863281e+00
7.365321159362792969e+00
5.068989396095275879e-01
-2.254546284675598145e-01
1.350331187248229980e+00
-9.734479784965515137e-01
1.326812028884887695e+00
4.053741693496704102e-01
-5.750907063484191895e-01
2.894612252712249756e-01
-1.817238926887512207e+00
1.118641614913940430e+00
1.883023232221603394e-01
-1.240686416625976562e+00
4.688775837421417236e-01
1.646103739738464355e+00
-4.857007861137390137e-01
2.180722504854202271e-01
-4.674131423234939575e-02
-1.299385070800781250e+00
1.445552110671997070e+00
-1.769452452659606934e+00
3.287138640880584717e-01
1.315889358520507812e+00
-5.391382575035095215e-01
1.607954740524291992e+00
-2.026267766952514648e+00
3.200178444385528564e-01
-4.954909980297088623e-01
-7.658607512712478638e-02
-9.015335440635681152e-01
-1.449696302413940430e+00
5.249447654932737350e-03
-4.668876994401216507e-03
-2.362197963520884514e-03
-1.173486234620213509e-03
-8.844866417348384857e-03
8.856235072016716003e-03
1.138158841058611870e-03
4.623619373887777328e-03
6.252759136259555817e-03
-5.945164244621992111e-03
1.603951328434050083e-03
-2.284408081322908401e-03
4.912718199193477631e-03
-1.156520564109086990e-03
-7.281261961907148361e-03
4.317363798618316650e-01
1.095128178596496582e+00
-2.196266412734985352e+00
7.767477631568908691e-01
