2.153787612915039062e+00
-8.272129893302917480e-01
-1.865198463201522827e-01
5.010983943939208984e+00
3.860832929611206055e+00
1.229086041450500488e+00
2.045562982559204102e+00
2.123456001281738281e+00
2.781665325164794922e+00
-6.280845403671264648e-01
2.113954164087772369e-02
3.065682761371135712e-02
-1.314821958541870117e+00
-1.022533401846885681e-01
1.850995272397994995e-01
1.280809640884399414e-01
-4.236663579940795898e-01
3.123654127120971680e-01
7.339351177215576172e-01
1.789140582084655762e+00
1.650069952011108398e+00
-2.086607217788696289e-01
4.667713940143585205e-01
-1.529735624790191650e-01
-1.964394599199295044e-01
2.778786122798919678e-01
1.720358431339263916e-02
-3.067831397056579590e-01
1.159502565860748291e-02
-8.741813302040100098e-01
-1.630024671554565430e+00
1.018492031097412109e+01
1.040458774566650391e+01
1.328632545471191406e+01
1.540334987640380859e+01
1.467709064483642578e+01
1.752968406677246094e+01
1.922154426574707031e+01
1.916788673400878906e+01
1.994677925109863281e+01
2.428807830810546875e+01
-3.507597744464874268e-01
-1.411452442407608032e-01
-9.524307847023010254e-01
3.094339668750762939e-01
-4.948418736457824707e-01
-8.356447219848632812e-01
8.332856297492980957e-01
8.844780325889587402e-01
-1.384132623672485352e+00
-1.022273778915405273e+00
3.126443922519683838e-01
6.505535840988159180e-01
-2.575820982456207275e-01
-9.238478541374206543e-01
-3.084328025579452515e-02
1.157932400703430176e+00
1.220092535018920898e+00
-9.793310165405273438e-01
-2.798968791961669922e+00
-7.598368525505065918e-01
-2.456265240907669067e-01
5.561777353286743164e-01
4.768871366977691650e-01
-7.751070857048034668e-01
-3.880346119403839111e-01
-2.096610784530639648e+00
-7.542272657155990601e-02
6.524698734283447266e-01
-3.817563772201538086e+00
-8.966017365455627441e-01
-1.254231929779052734e+00
4.743040502071380615e-01
3.420288801193237305e+00
-1.129545569419860840e-01
1.023480892181396484e+01
-1.988155096769332886e-01
2.241292715072631836e+00
-4.411668777465820312e-01
-1.137122154235839844e+01
-4.442382812500000000e+00
1.587006807327270508e+00
2.263251692056655884e-01
-1.346681356430053711e+00
-1.733611524105072021e-01
2.495039224624633789e+00
4.615498483180999756e-01
-1.968614310026168823e-01
-5.904893279075622559e-01
-3.138307809829711914e+00
4.542063176631927490e-01
4.294845163822174072e-01
-1.929010391235351562e+00
6.996423244476318359e+00
3.799909114837646484e+00
4.664394855499267578e+00
4.443081021308898926e-01
9.241275489330291748e-03
-4.000286012887954712e-02
3.387899100780487061e-01
5.244798064231872559e-01
-8.287724256515502930e-01
-3.048397004604339600e-01
1.201882600784301758e+00
7.995292544364929199e-01
-1.415854692459106445e-01
4.060451388359069824e-01
-2.966736555099487305e-01
-1.807577311992645264e-01
4.643213450908660889e-01
1.036427140235900879e+00
-2.458125054836273193e-01
-1.252829790115356445e+00
4.362322390079498291e-01
1.146967709064483643e-01
4.822341203689575195e-01
1.449362784624099731e-01
-4.901248514652252197e-01
1.145503968000411987e-01
-8.123612403869628906e-02
5.378149747848510742e-01
7.401375174522399902e-01
6.581962108612060547e-01
-4.946587383747100830e-01
2.532245159149169922e+00
-2.765819802880287170e-02
6.555974483489990234e-02
6.487478036433458328e-03
-2.311418533325195312e+00
-1.098198056221008301e+00
-6.076864719390869141e+00
5.357968620955944061e-04
-6.813284158706665039e-01
-5.904851555824279785e-01
6.236820697784423828e+00
4.151769161224365234e+00
3.733788430690765381e-01
6.028367280960083008e-01
2.827442884445190430e-01
1.089889883995056152e+00
-2.786115705966949463e-01
1.308094561100006104e-01
-4.468775093555450439e-01
-7.656032592058181763e-02
6.100077629089355469e-01
3.348058462142944336e-01
-2.966907918453216553e-01
1.155269622802734375e+00
-2.726940155029296875e+00
-2.500357866287231445e+00
1.088896512985229492e+00
-1.697967946529388428e-01
-2.046920731663703918e-02
4.084171950817108154e-01
-4.667519629001617432e-01
-4.324317872524261475e-01
1.349032998085021973e+00
-5.024670958518981934e-01
-6.328867673873901367e-01
-2.304648905992507935e-01
7.237516045570373535e-01
-9.494391679763793945e-01
-3.186635673046112061e-02
7.085270714014768600e-03
-1.526903212070465088e-01
-6.377922892570495605e-01
6.576883792877197266e-01
-1.998363286256790161e-01
3.875958025455474854e-01
1.258038640022277832e+00
2.127188146114349365e-01
-1.408260017633438110e-01
-1.187308132648468018e-01
-9.093841165304183960e-02
5.439529418945312500e-01
-6.900003552436828613e-02
2.727543413639068604e-01
6.785599887371063232e-02
-3.893893212080001831e-02
1.558243036270141602e+00
5.046840310096740723e-01
1.196716353297233582e-02
1.328403502702713013e-01
-1.238725304603576660e+00
1.631830483675003052e-01
-6.107305049896240234e+00
-4.053260087966918945e-01
2.776648700237274170e-01
3.460212051868438721e-01
4.037063598632812500e+00
2.109295606613159180e+00
-8.888350725173950195e-01
-2.517387568950653076e-01
7.651080191135406494e-02
-3.710611164569854736e-01
-4.938531816005706787e-01
-1.635957211256027222e-01
6.947744488716125488e-01
-1.211918890476226807e-02
6.984415054321289062e-01
-2.511382997035980225e-01
2.282206416130065918e-01
-2.945028543472290039e-01
-2.475759744644165039e+00
-9.333389997482299805e-01
-3.242414236068725586e+00
9.878427721560001373e-03
-7.649505510926246643e-03
4.132912028580904007e-03
4.131125286221504211e-03
5.010997876524925232e-03
-2.039129147306084633e-03
-5.916193593293428421e-03
-9.005134925246238708e-03
6.938139442354440689e-03
-2.103645238094031811e-04
6.034913007169961929e-03
-2.032822463661432266e-03
1.861323951743543148e-03
4.302070010453462601e-03
-1.429551513865590096e-03
-9.509676019661128521e-04
2.812608378008008003e-03
-8.274696767330169678e-03
-1.492753654019907117e-05
-6.751400884240865707e-03
7.556959986686706543e-03
7.882532663643360138e-03
7.096541579812765121e-03
4.033755511045455933e-03
3.011286957189440727e-03
4.958181641995906830e-03
-5.737809464335441589e-03
7.631918415427207947e-03
2.179673872888088226e-03
4.873599391430616379e-03
-2.374469040660187602e-04
-7.592795416712760925e-03
-5.430362652987241745e-03
7.219968363642692566e-03
3.329172497615218163e-03
9.097788482904434204e-03
9.508367627859115601e-03
1.582983531989157200e-03
6.775965914130210876e-03
8.705620653927326202e-03
2.618931001052260399e-03
-5.276258103549480438e-03
-3.163863206282258034e-03
3.876582020893692970e-03
7.287897169589996338e-03
-5.790283903479576111e-03
1.069234218448400497e-03
7.951705716550350189e-03
-7.950766012072563171e-03
-3.661983646452426910e-03
-1.359916641376912594e-04
1.016509486362338066e-03
-5.211881827563047409e-03
6.152990274131298065e-03
-2.370460191741585732e-03
6.608775854110717773e-01
8.638057112693786621e-01
-2.267783880233764648e+00
5.889164805412292480e-01
