1.575148582458496094e+00
-4.790877699851989746e-01
-4.186461567878723145e-01
-2.819629907608032227e-01
1.575957536697387695e+00
4.485770225524902344e+00
-6.931869983673095703e-01
8.890813589096069336e-01
3.252176046371459961e+00
2.216003417968750000e+00
1.389879822731018066e+00
2.136864423751831055e+00
2.361725568771362305e+00
6.105921268463134766e-01
2.255543231964111328e+00
-2.516015470027923584e-01
-1.589507460594177246e-01
7.562351226806640625e-02
4.431355744600296021e-02
1.048486590385437012e+00
2.295488119125366211e-01
1.091304659843444824e+00
6.440460681915283203e-01
3.116431646049022675e-02
7.821163535118103027e-01
3.474862575531005859e-01
9.284147024154663086e-01
1.285690069198608398e+00
2.859255671501159668e-01
-5.294849276542663574e-01
-6.310225725173950195e-01
4.903584420680999756e-01
-5.326758027076721191e-01
9.838652610778808594e-01
6.009575724601745605e-01
5.502272844314575195e-01
-3.805244863033294678e-01
4.184772670269012451e-01
1.076652288436889648e+00
8.927299976348876953e-01
1.138159990310668945e+00
-3.347988724708557129e-01
1.129245638847351074e+00
-7.112094163894653320e-01
7.935518026351928711e-02
-2.946261167526245117e-01
9.553336501121520996e-01
-3.302631527185440063e-02
-2.404842078685760498e-01
1.181350871920585632e-01
-7.555057108402252197e-02
1.889413595199584961e-01
5.865988135337829590e-01
-2.169639021158218384e-01
6.942726969718933105e-01
3.960123062133789062e+00
5.887717247009277344e+00
7.925913810729980469e+00
9.994225502014160156e+00
1.328574275970458984e+01
1.130662536621093750e+01
1.231333923339843750e+01
1.541445541381835938e+01
1.473523807525634766e+01
1.644257926940917969e+01
1.758044815063476562e+01
1.944054222106933594e+01
2.097499275207519531e+01
1.896477699279785156e+01
2.164603614807128906e+01
2.386652755737304688e+01
2.557605171203613281e+01
2.767458343505859375e+01
-2.086079269647598267e-01
9.796556085348129272e-02
2.053965479135513306e-01
-4.488872736692428589e-02
3.268480598926544189e-01
7.836081981658935547e-01
5.658901929855346680e-01
3.929580450057983398e-01
4.598932266235351562e-01
4.525354504585266113e-01
1.245789408683776855e+00
1.123385310173034668e+00
-1.670369207859039307e-01
-3.256507813930511475e-01
6.774944067001342773e-01
5.428335666656494141e-01
9.066632986068725586e-01
6.848286390304565430e-01
8.575450628995895386e-02
5.003584027290344238e-01
-8.007866889238357544e-02
8.686000108718872070e-01
2.100603818893432617e+00
1.405624985694885254e+00
9.334208369255065918e-01
2.503840327262878418e-01
-4.372231960296630859e-01
2.390888452529907227e+00
7.629019618034362793e-01
1.451795935630798340e+00
-1.023873805999755859e+00
6.293452382087707520e-01
4.542596340179443359e-01
5.263776779174804688e-01
2.732093930244445801e-01
9.952467679977416992e-01
-2.030460396781563759e-03
4.313746690750122070e-01
-2.628118991851806641e-01
3.868706524372100830e-01
-4.491075873374938965e-01
1.567039638757705688e-01
-6.478622555732727051e-01
1.157006397843360901e-01
6.894550323486328125e-01
3.168952092528343201e-02
4.456901252269744873e-01
6.039450764656066895e-01
1.422265887260437012e+00
9.849976897239685059e-01
8.045537471771240234e-01
1.507567286491394043e+00
4.215290844440460205e-01
-9.751735925674438477e-01
-1.007895350456237793e+00
1.691693216562271118e-01
-1.252722024917602539e+00
-6.076097488403320312e-01
2.836548388004302979e-01
9.092155098915100098e-02
-1.945731163024902344e+00
6.783794760704040527e-01
1.759370446205139160e+00
9.268275499343872070e-01
2.307729005813598633e+00
1.091011047363281250e+00
-7.851426005363464355e-01
-3.297554850578308105e-01
1.236707791686058044e-01
-4.301092326641082764e-01
2.544499635696411133e-01
8.474670052528381348e-01
1.821625381708145142e-01
2.349085807800292969e-01
-9.228509664535522461e-02
-9.477794915437698364e-02
-3.655875027179718018e-01
5.245248675346374512e-01
-4.611315131187438965e-01
-3.970403969287872314e-01
-4.626052677631378174e-01
6.407497525215148926e-01
7.036411762237548828e-01
-6.651353836059570312e-01
-1.194926142692565918e+00
-6.399297714233398438e-01
-8.512700200080871582e-01
7.896567583084106445e-01
1.076771140098571777e+00
6.467776298522949219e-01
-2.259693741798400879e-01
2.114819288253784180e+00
1.868294835090637207e+00
1.677118092775344849e-01
-5.932267308235168457e-01
3.932395577430725098e-02
3.098483383655548096e-01
-7.386651039123535156e-01
3.390137255191802979e-01
2.132635712623596191e-01
-1.063148379325866699e+00
-2.568711638450622559e-01
9.424076676368713379e-01
5.921650528907775879e-01
8.491199612617492676e-01
-1.223930418491363525e-01
-9.989952296018600464e-02
2.395227253437042236e-01
-8.223870396614074707e-01
3.376301825046539307e-01
1.841139048337936401e-01
5.327818393707275391e-01
-3.036342561244964600e-01
1.326519370079040527e+00
-7.869669795036315918e-01
3.198524415493011475e-01
-7.819200158119201660e-01
-4.232546389102935791e-01
-3.170153498649597168e-02
-5.385704040527343750e-01
3.509683012962341309e-01
4.586467146873474121e-01
6.605947017669677734e-01
3.002153635025024414e-01
3.811312913894653320e-01
-2.446863055229187012e-01
8.032029867172241211e-02
2.252031415700912476e-01
7.637118697166442871e-01
-4.038855135440826416e-01
-1.435779482126235962e-01
9.146687574684619904e-03
6.232444047927856445e-01
1.496960967779159546e-01
2.598541676998138428e-01
1.299671173095703125e+00
-1.719239592552185059e+00
-5.201693773269653320e-01
5.817891359329223633e-01
-7.389274239540100098e-01
3.031143248081207275e-01
5.255815386772155762e-01
2.075070291757583618e-01
4.618232548236846924e-01
-7.411964535713195801e-01
2.862391769886016846e-01
-7.516978979110717773e-01
4.271937608718872070e-01
3.167791366577148438e-01
5.580676794052124023e-01
6.808237433433532715e-01
8.735353350639343262e-01
9.403865933418273926e-01
7.082870602607727051e-01
4.736166596412658691e-01
2.516176998615264893e-01
-6.191642605699598789e-04
-6.729876399040222168e-01
2.767033278942108154e-01
-9.822969883680343628e-02
9.449182748794555664e-01
6.576573252677917480e-01
6.643862128257751465e-01
8.108214735984802246e-01
7.851598858833312988e-01
7.512356042861938477e-01
5.081492662429809570e-01
-4.725174233317375183e-02
7.855069041252136230e-01
8.985103964805603027e-01
-4.136468470096588135e-01
5.094673037528991699e-01
7.330136895179748535e-01
4.704743325710296631e-01
1.601508110761642456e-01
-3.678834438323974609e-02
6.264001131057739258e-01
-3.721880018711090088e-01
2.340686768293380737e-01
5.279122591018676758e-01
5.858336687088012695e-01
-9.471904486417770386e-02
-2.792831361293792725e-01
1.414061307907104492e+00
2.757345139980316162e-01
1.101749181747436523e+00
3.251943290233612061e-01
3.338505327701568604e-01
6.088774800300598145e-01
9.342412948608398438e-01
4.493303894996643066e-01
1.312233090400695801e+00
1.434171199798583984e-01
7.611671090126037598e-01
-5.361858382821083069e-02
2.661791741847991943e-01
-2.133554965257644653e-01
8.888390660285949707e-01
-2.142379730939865112e-01
2.682066261768341064e-01
-6.364619731903076172e-02
-4.036102890968322754e-01
9.851763248443603516e-01
1.023325085639953613e+00
6.138238310813903809e-01
7.172600626945495605e-01
1.122013211250305176e+00
-2.000085264444351196e-02
3.773534297943115234e-01
1.228703498840332031e+00
3.056070208549499512e-01
1.703921258449554443e-01
-5.767585709691047668e-02
1.126237392425537109e+00
-3.392193019390106201e-01
-1.293094307184219360e-01
1.274405419826507568e-01
3.940672576427459717e-01
1.168540358543395996e+00
5.064644813537597656e-01
1.294134557247161865e-01
9.752578139305114746e-01
1.073067486286163330e-01
-3.482510745525360107e-01
3.216689229011535645e-01
2.994937896728515625e-01
2.753115892410278320e-01
3.748936951160430908e-01
1.152239292860031128e-01
4.951573312282562256e-01
4.865027666091918945e-01
1.645916402339935303e-01
3.266906440258026123e-01
9.055135250091552734e-01
6.842397451400756836e-01
-3.489323854446411133e-01
3.633267283439636230e-01
4.424063265323638916e-01
-6.007611155509948730e-01
-1.383357942104339600e-01
-3.928886055946350098e-01
-8.127558976411819458e-02
4.113138020038604736e-01
-2.549370825290679932e-01
2.319382503628730774e-02
5.360817909240722656e-01
5.865386724472045898e-01
-7.315051555633544922e-02
-2.805046141147613525e-01
-1.997067779302597046e-01
7.051046490669250488e-01
-7.323563098907470703e-01
-1.126265525817871094e+00
2.298723161220550537e-01
2.240900993347167969e-01
1.341485977172851562e-01
8.897498250007629395e-02
8.795440196990966797e-02
2.637837529182434082e-01
8.780594468116760254e-01
2.216359376907348633e+00
1.295645594596862793e+00
1.650756478309631348e+00
1.458672761917114258e+00
-4.565118253231048584e-01
1.941242665052413940e-01
-4.655573964118957520e-01
-8.144975304603576660e-01
-1.623863130807876587e-01
-6.154972314834594727e-01
-2.193105220794677734e-01
2.172827869653701782e-01
3.561590909957885742e-01
4.183142185211181641e-01
1.112875580787658691e+00
-8.695301413536071777e-02
3.196465969085693359e-01
2.267488688230514526e-01
2.835029959678649902e-01
1.531016677618026733e-01
-4.578391313552856445e-01
-2.179706990718841553e-01
2.655588090419769287e-01
-5.902715921401977539e-01
3.473771512508392334e-01
9.409088641405105591e-03
-3.967407345771789551e-01
6.964200735092163086e-01
-2.721520960330963135e-01
6.472760438919067383e-01
5.196458846330642700e-02
-5.328467488288879395e-01
2.500146031379699707e-01
7.218684256076812744e-02
3.713813796639442444e-02
6.627093553543090820e-01
-6.071691587567329407e-02
7.532419264316558838e-02
5.012344717979431152e-01
-1.448857635259628296e-01
1.941130869090557098e-02
7.911452054977416992e-01
2.665694355964660645e-01
9.029844403266906738e-01
5.459476113319396973e-01
9.809622168540954590e-01
-2.235155701637268066e-01
4.326642304658889771e-02
1.310176998376846313e-01
-3.890178203582763672e-01
-3.170326948165893555e-01
1.131962090730667114e-01
5.408929288387298584e-02
5.963385105133056641e-01
3.335007429122924805e-01
7.438449561595916748e-02
7.030352950096130371e-01
-3.200169801712036133e-01
-2.536017894744873047e-01
6.024553775787353516e-01
4.531732201576232910e-01
1.203373908996582031e+00
-2.618108689785003662e-01
9.224907755851745605e-01
3.245725333690643311e-01
9.373447299003601074e-01
9.540358781814575195e-01
3.848623037338256836e-01
-3.244984149932861328e-01
-1.312664449214935303e-01
9.344737529754638672e-01
4.330426454544067383e-01
7.738481760025024414e-01
8.752468824386596680e-01
4.745740890502929688e-01
6.236833333969116211e-01
6.071563363075256348e-01
3.526696562767028809e-01
5.183945298194885254e-01
2.274297624826431274e-01
8.739957809448242188e-01
-5.915178358554840088e-02
2.120341062545776367e-01
2.443023175001144409e-01
7.608041167259216309e-01
7.674722671508789062e-01
2.816531956195831299e-01
5.333060026168823242e-01
-6.917071342468261719e-01
-9.135606884956359863e-02
8.807941079139709473e-01
6.198337078094482422e-01
6.267062574625015259e-02
-2.756921947002410889e-01
8.312410712242126465e-01
-9.095594286918640137e-03
7.052438855171203613e-01
2.547157108783721924e-01
4.524757564067840576e-01
1.263460040092468262e+00
6.618010401725769043e-01
8.036466240882873535e-01
6.890782117843627930e-01
1.370253413915634155e-01
1.042728185653686523e+00
3.201546967029571533e-01
9.776757657527923584e-02
-2.130385302007198334e-02
2.137084603309631348e-01
4.957106411457061768e-01
-2.998900413513183594e-01
-1.003967374563217163e-01
-1.910127550363540649e-01
9.934431910514831543e-01
1.001941561698913574e+00
3.660757541656494141e-01
8.246983885765075684e-01
7.758458852767944336e-01
1.231388002634048462e-01
4.523818492889404297e-01
9.335564970970153809e-01
6.211461871862411499e-02
3.509313464164733887e-01
-1.860646605491638184e-01
9.595784544944763184e-01
-1.236396878957748413e-01
4.509544372558593750e-01
-6.099842190742492676e-01
7.958820462226867676e-02
1.328275203704833984e+00
3.512527644634246826e-01
-9.556383825838565826e-03
2.568878531455993652e-01
-6.531471014022827148e-02
5.342159047722816467e-02
5.772463679313659668e-01
5.498471260070800781e-01
4.461977183818817139e-01
5.599082112312316895e-01
4.094252884387969971e-01
4.214957058429718018e-01
2.700014412403106689e-01
1.989187300205230713e-01
1.293928772211074829e-01
6.900894641876220703e-01
2.567587047815322876e-02
2.314092218875885010e-01
2.357550710439682007e-01
2.459409981966018677e-01
5.160626769065856934e-01
5.268045663833618164e-01
1.282159984111785889e-01
2.393705695867538452e-01
-1.464161723852157593e-01
-1.085361167788505554e-01
-1.911160051822662354e-01
2.347170561552047729e-01
-3.172786831855773926e-01
3.560992777347564697e-01
-3.695984482765197754e-01
-9.083936810493469238e-01
3.700826317071914673e-02
-4.068766236305236816e-01
-4.258920550346374512e-01
-7.337251305580139160e-02
3.309881389141082764e-01
2.074080258607864380e-01
6.232130527496337891e-01
4.069897234439849854e-01
1.191097870469093323e-01
4.210317730903625488e-01
1.981580615043640137e+00
1.050287246704101562e+00
9.727666378021240234e-01
1.268343687057495117e+00
-7.608023285865783691e-01
1.182726025581359863e-01
-6.647886037826538086e-01
-1.024477958679199219e+00
3.100074268877506256e-02
-5.449439287185668945e-01
-4.688330292701721191e-01
-5.663247704505920410e-01
8.296996355056762695e-01
-1.984069645404815674e-01
1.372231125831604004e+00
6.642528772354125977e-01
-1.120562255382537842e-01
1.277187913656234741e-01
1.237165257334709167e-01
4.238835349678993225e-02
-2.609225809574127197e-01
1.456924080848693848e-01
4.677689075469970703e-02
-1.118044331669807434e-01
-1.524210870265960693e-01
6.976709961891174316e-01
2.188097983598709106e-01
-1.716201007366180420e-01
-6.377125531435012817e-02
-1.327295154333114624e-01
2.292960435152053833e-01
-3.072557784616947174e-02
6.015670895576477051e-01
1.305196285247802734e-01
1.158420801162719727e+00
5.191125273704528809e-01
1.674595028162002563e-01
5.146378278732299805e-02
-6.374595314264297485e-02
8.549559861421585083e-02
-5.649258568882942200e-02
2.196587994694709778e-02
7.136932760477066040e-02
1.155544996261596680e+00
8.455690145492553711e-01
6.033571958541870117e-01
-3.823277540504932404e-03
3.510673046112060547e-01
5.215947031974792480e-01
6.879495382308959961e-01
1.463586390018463135e-01
7.306360602378845215e-01
2.364831417798995972e-01
1.828728318214416504e-01
-4.247301220893859863e-01
5.304776430130004883e-01
-3.630917072296142578e-01
-3.546416163444519043e-01
3.763230443000793457e-01
2.429065853357315063e-01
1.814438700675964355e-01
1.214320063591003418e+00
5.490228906273841858e-02
7.003454566001892090e-01
4.158373773097991943e-01
4.802311956882476807e-01
1.510179638862609863e-01
-1.296975314617156982e-01
4.718842208385467529e-01
2.470548897981643677e-01
1.081705451011657715e+00
5.131565332412719727e-01
9.343663454055786133e-01
3.822146058082580566e-01
6.377934813499450684e-01
3.636031448841094971e-01
1.232051968574523926e+00
3.379019200801849365e-01
-2.131071314215660095e-02
5.209869742393493652e-01
5.462663769721984863e-01
9.547174572944641113e-01
9.059705138206481934e-01
4.358603060245513916e-01
8.257535099983215332e-01
3.296698331832885742e-01
9.412033557891845703e-01
4.229812324047088623e-01
6.316689252853393555e-01
9.872742891311645508e-01
8.390216827392578125e-01
2.706492878496646881e-02
5.861496925354003906e-01
3.514384850859642029e-02
2.830293476581573486e-01
6.488208174705505371e-01
9.707515686750411987e-02
8.985865861177444458e-02
2.778637409210205078e-01
8.730129152536392212e-02
4.654011428356170654e-01
7.880207300186157227e-01
6.231613755226135254e-01
9.272487163543701172e-01
9.891694784164428711e-01
2.293333858251571655e-01
5.429583191871643066e-01
2.855220437049865723e-01
6.281803846359252930e-01
5.164757743477821350e-02
4.514308869838714600e-01
4.579018056392669678e-01
6.617457866668701172e-01
1.076708585023880005e-01
6.646665334701538086e-01
7.606735825538635254e-01
4.193056225776672363e-01
2.762106657028198242e-01
9.047560691833496094e-01
4.997136592864990234e-01
9.537631273269653320e-01
3.168022334575653076e-01
9.222047924995422363e-01
3.152775811031460762e-03
1.057176738977432251e-01
7.883878350257873535e-01
7.505448460578918457e-01
7.209056615829467773e-01
6.222613453865051270e-01
7.353177070617675781e-01
5.227689743041992188e-01
9.139353632926940918e-01
4.760851860046386719e-01
3.364009559154510498e-01
9.800336360931396484e-01
3.240046799182891846e-01
1.483385860919952393e-01
1.531680077314376831e-01
2.877745926380157471e-01
7.559434771537780762e-01
6.013955920934677124e-02
8.948145806789398193e-02
8.460305929183959961e-01
9.203481078147888184e-01
8.362217545509338379e-01
6.332960128784179688e-01
4.200393557548522949e-01
6.931986212730407715e-01
8.198412656784057617e-01
1.734347939491271973e-01
4.602984189987182617e-01
9.919703006744384766e-02
6.432402133941650391e-01
8.877560496330261230e-01
9.186252355575561523e-01
9.043585658073425293e-01
2.567390352487564087e-02
3.653231561183929443e-01
8.601624965667724609e-01
6.188815087080001831e-02
6.486489772796630859e-01
6.590393185615539551e-01
4.441458582878112793e-01
9.773427248001098633e-01
2.524558082222938538e-02
4.695194661617279053e-01
7.176768183708190918e-01
2.942858338356018066e-01
9.544621706008911133e-01
8.904534578323364258e-01
8.724563568830490112e-02
7.716202735900878906e-01
7.071428298950195312e-01
3.996711671352386475e-01
4.735494554042816162e-01
9.744512438774108887e-01
4.763060510158538818e-01
9.295918345451354980e-01
9.193439483642578125e-01
6.976864933967590332e-01
5.184330940246582031e-01
9.607643485069274902e-01
9.469413757324218750e-01
9.253153800964355469e-01
5.756722092628479004e-01
9.360222816467285156e-01
3.383067250251770020e-01
2.754316031932830811e-01
4.423514306545257568e-01
7.321504503488540649e-02
1.463629752397537231e-01
1.655344069004058838e-01
9.067918062210083008e-01
2.511631548404693604e-01
9.546675682067871094e-01
8.833497762680053711e-01
1.380730122327804565e-01
8.438477665185928345e-02
7.995650172233581543e-01
4.336394369602203369e-01
8.185299634933471680e-01
3.722492456436157227e-01
9.993542730808258057e-02
7.556908130645751953e-01
9.757900238037109375e-01
6.879335734993219376e-03
8.855185508728027344e-01
3.119133710861206055e-01
6.809484362602233887e-01
5.120083689689636230e-01
4.638167917728424072e-01
5.501306653022766113e-01
6.061691641807556152e-01
9.618905186653137207e-01
2.262496650218963623e-01
4.805482327938079834e-01
3.216944634914398193e-01
6.060318350791931152e-01
4.391818642616271973e-01
3.637332618236541748e-01
5.150120258331298828e-01
7.410961389541625977e-02
3.748334348201751709e-01
9.808886647224426270e-01
6.787527799606323242e-01
6.770598292350769043e-01
4.853645265102386475e-01
6.186939477920532227e-01
8.256934285163879395e-01
4.607889056205749512e-01
8.878470659255981445e-01
7.608941197395324707e-01
2.151408344507217407e-01
2.128068804740905762e-01
5.745244026184082031e-01
8.612270951271057129e-01
2.621886730194091797e-01
8.470162749290466309e-01
3.250569105148315430e-01
2.118921428918838501e-01
6.893661618232727051e-01
9.080167412757873535e-01
5.384859442710876465e-01
9.402728080749511719e-01
2.542869746685028076e-01
1.292820870876312256e-01
3.173155486583709717e-01
2.025325745344161987e-01
6.177368760108947754e-01
5.095887780189514160e-01
3.226206898689270020e-01
2.892222702503204346e-01
3.427057862281799316e-01
1.306195497512817383e+00
9.637969136238098145e-01
-1.646760940551757812e+00
5.666726231575012207e-01
