1.552029848098754883e+00
-5.892367362976074219e-01
-5.140774846076965332e-01
-2.986489534378051758e-01
1.172894954681396484e+00
4.225074768066406250e+00
-1.009645700454711914e+00
1.475943684577941895e+00
3.286386728286743164e+00
2.359014987945556641e+00
1.859829068183898926e+00
2.125522136688232422e+00
9.283549189567565918e-01
6.508384346961975098e-01
2.998022079467773438e+00
2.930409610271453857e-01
3.847359418869018555e-01
4.146478474140167236e-01
4.399304091930389404e-01
6.414914727210998535e-01
2.706989645957946777e-01
5.949280858039855957e-01
-3.054296970367431641e-01
7.710702717304229736e-02
3.076177239418029785e-01
3.908572196960449219e-01
5.184009671211242676e-01
1.273393392562866211e+00
-5.354505181312561035e-01
-9.945539385080337524e-02
3.963306546211242676e-01
5.370820164680480957e-01
-5.944090485572814941e-01
1.107387393712997437e-01
1.810040712356567383e+00
3.465602993965148926e-01
1.121982187032699585e-01
2.512542307376861572e-01
3.163402378559112549e-01
1.168064549565315247e-01
6.309903860092163086e-01
-3.091389536857604980e-01
5.256465077400207520e-01
-5.983908772468566895e-01
1.094504743814468384e-01
-1.199278384447097778e-01
6.816541552543640137e-01
-2.806290686130523682e-01
2.725896835327148438e-01
3.089658915996551514e-02
-1.984251141548156738e-01
-1.034336630254983902e-02
1.327267941087484360e-02
-8.084249496459960938e-02
4.272811412811279297e-01
5.099137306213378906e+00
4.874341011047363281e+00
7.826587200164794922e+00
9.316915512084960938e+00
1.325116062164306641e+01
1.262571048736572266e+01
1.092665767669677734e+01
1.541560649871826172e+01
1.446787548065185547e+01
1.669738769531250000e+01
1.797346305847167969e+01
2.146192741394042969e+01
2.597386932373046875e+01
1.929446220397949219e+01
2.853953742980957031e+01
2.916423225402832031e+01
3.242619705200195312e+01
3.099388122558593750e+01
-2.469093561172485352e+00
-6.264932155609130859e-01
-6.382931470870971680e-01
-3.365531921386718750e+00
2.056638479232788086e+00
5.918277263641357422e+00
2.807636976242065430e+00
1.205872416496276855e+00
-1.064569115638732910e+00
7.778989076614379883e-01
6.062358021736145020e-01
7.079144477844238281e+00
-7.756848812103271484e+00
-1.997925758361816406e+00
-6.999244093894958496e-01
3.361055374145507812e+00
-2.762398481369018555e+00
8.342759609222412109e-01
-1.741282343864440918e+00
7.935689687728881836e-01
-1.035665869712829590e+00
1.756368041038513184e+00
1.238328814506530762e-01
5.874280333518981934e-01
-2.139721214771270752e-01
-8.744411468505859375e-01
-3.579790353775024414e+00
2.113778591156005859e+00
1.781606197357177734e+00
8.528050422668457031e+00
-1.030201911926269531e-01
2.369474649429321289e+00
2.051782369613647461e+00
1.230592578649520874e-01
-1.013058781623840332e+00
-5.219644546508789062e+00
2.583338320255279541e-01
-2.908142089843750000e+00
-5.770874023437500000e+00
6.167608499526977539e-01
8.193558454513549805e-01
3.661183595657348633e+00
-3.281376600265502930e+00
3.284155368804931641e+00
-6.755575537681579590e-01
-3.725167036056518555e+00
-1.788792133331298828e+00
-7.804507017135620117e-01
3.643207550048828125e+00
2.802132844924926758e+00
4.049269199371337891e+00
1.232141256332397461e+00
6.426177620887756348e-01
1.868133693933486938e-01
-1.417641788721084595e-01
1.127244353294372559e+00
-2.332291364669799805e+00
-7.842943668365478516e-01
9.825512170791625977e-01
3.961686193943023682e-01
-5.622080802917480469e+00
7.931662797927856445e-01
7.524210214614868164e-01
-5.353284478187561035e-01
-1.238466262817382812e+00
8.653175830841064453e-01
-1.592218756675720215e+00
-2.381067991256713867e+00
1.081627085804939270e-01
-9.184705615043640137e-01
1.290637969970703125e+00
1.265788376331329346e-01
1.069365739822387695e+00
-5.925344303250312805e-02
-7.156569361686706543e-01
-2.355483621358871460e-01
-2.186981439590454102e+00
1.626288652420043945e+00
2.488293409347534180e+00
-4.004263877868652344e-01
-3.491008281707763672e+00
2.816964387893676758e-01
-5.917508602142333984e-01
4.420206546783447266e+00
-2.698776721954345703e+00
8.807137608528137207e-01
-2.059414148330688477e+00
6.444850921630859375e+00
-5.656037926673889160e-01
-3.887067317962646484e+00
2.698450326919555664e+00
5.112144947052001953e+00
2.064761668443679810e-01
3.985189497470855713e-01
-1.572361707687377930e+00
1.271803975105285645e+00
7.960909008979797363e-01
-1.718146085739135742e+00
-7.956521511077880859e-01
2.111699581146240234e+00
4.392758309841156006e-01
-1.568845391273498535e+00
-3.203462958335876465e-01
-4.342848658561706543e-01
-8.176144957542419434e-01
-4.507960677146911621e-01
3.017672896385192871e-01
-1.202102676033973694e-01
-1.106865763664245605e+00
-6.817109137773513794e-02
-9.270825237035751343e-02
6.805883049964904785e-01
-1.251275420188903809e+00
5.060382932424545288e-02
9.357889741659164429e-02
6.346241831779479980e-01
-9.894852042198181152e-01
4.163176417350769043e-01
-1.866895318031311035e+00
-7.555952072143554688e-01
2.766047716140747070e+00
7.708995938301086426e-01
2.955668210983276367e+00
5.686129331588745117e-01
-9.128200411796569824e-01
-2.694408655166625977e+00
-1.497469067573547363e+00
1.302090644836425781e+00
1.214358925819396973e+00
5.649599432945251465e-01
-6.245995759963989258e-01
-1.339603304862976074e+00
8.387389779090881348e-01
1.153792977333068848e+00
-2.590040564537048340e-01
-5.218756198883056641e-01
-2.002944707870483398e+00
5.153021216392517090e-01
-3.061673939228057861e-01
-1.856421947479248047e+00
-1.909284830093383789e+00
1.015150904655456543e+00
-2.948839187622070312e+00
-4.029041767120361328e+00
1.235163450241088867e+00
7.575954794883728027e-01
-3.971145391464233398e+00
-2.068480968475341797e+00
4.804287433624267578e+00
3.127360105514526367e+00
-1.276504516601562500e+01
-1.328059285879135132e-01
2.156416416168212891e+00
1.366303682327270508e+00
-8.265117406845092773e-01
1.641260623931884766e+00
-1.597913801670074463e-01
-2.063590586185455322e-01
2.307986170053482056e-01
-4.270581722259521484e+00
1.739799499511718750e+00
2.470947027206420898e+00
-2.660914361476898193e-01
-1.404654383659362793e+00
8.844048529863357544e-02
2.353524923324584961e+00
-3.425528526306152344e+00
-9.659501314163208008e-01
8.800365447998046875e+00
-2.096161365509033203e+00
4.983353137969970703e+00
2.350226163864135742e+00
1.204675808548927307e-01
3.899810910224914551e-01
1.033344149589538574e+00
-8.780308961868286133e-01
-1.382886528968811035e+00
-1.211932897567749023e+00
-8.009492754936218262e-01
1.630211114883422852e+00
6.915178298950195312e-01
-1.281087160110473633e+00
-2.037621259689331055e+00
2.959583520889282227e+00
3.683305978775024414e-01
-7.179497480392456055e-01
-1.961149275302886963e-01
1.280045509338378906e+00
-9.008437991142272949e-01
1.897407770156860352e+00
-3.976117372512817383e-01
1.263740301132202148e+00
-1.496533006429672241e-01
1.009483695030212402e+00
-4.738163948059082031e-01
6.194303035736083984e-01
-2.649208530783653259e-02
1.660616278648376465e+00
-1.986665010452270508e+00
1.557128548622131348e+00
-5.912503004074096680e-01
-3.949979692697525024e-02
-9.910851120948791504e-01
-8.370802402496337891e-01
1.484686493873596191e+00
2.924433231353759766e+00
1.416549205780029297e+00
1.668924093246459961e-01
9.886299967765808105e-01
1.790736913681030273e+00
-5.638097524642944336e-01
2.292753159999847412e-01
-1.740559577941894531e+00
1.512632608413696289e+00
-1.045308947563171387e+00
9.430136680603027344e-01
2.351420074701309204e-01
3.225581049919128418e-01
2.286912679672241211e+00
1.027895689010620117e+00
-5.806487202644348145e-01
-2.644595801830291748e-01
-3.704225122928619385e-01
-3.669938445091247559e-01
-1.723170862533152103e-03
4.235058426856994629e-01
-5.267301797866821289e-01
9.957602620124816895e-01
4.932805299758911133e-01
-5.664901137351989746e-01
1.878660768270492554e-01
-1.593232899904251099e-01
4.630749821662902832e-01
-2.718513607978820801e-01
1.748369812965393066e+00
-3.678682073950767517e-02
7.397918403148651123e-02
6.737130880355834961e-01
-1.102406010031700134e-01
-3.187789618968963623e-01
-2.225379347801208496e-01
-3.289379477500915527e-01
6.954920012503862381e-03
-4.290433228015899658e-01
1.989859528839588165e-02
7.714396119117736816e-01
7.160834670066833496e-01
5.292639732360839844e-01
-1.568795293569564819e-01
7.126295566558837891e-01
4.275276660919189453e-01
-7.273945808410644531e-01
-7.026394009590148926e-01
1.777739673852920532e-01
-1.169205427169799805e+00
1.260133981704711914e+00
-7.457949519157409668e-01
-9.370912909507751465e-01
6.943932920694351196e-02
3.450778722763061523e-01
1.690378785133361816e+00
5.575820207595825195e-01
2.251497745513916016e+00
2.236734479665756226e-01
-9.299506992101669312e-02
7.590017914772033691e-01
-1.978084594011306763e-01
-6.835779547691345215e-01
5.273142457008361816e-01
3.541176915168762207e-01
-1.118934631347656250e+00
2.346091344952583313e-02
1.199349284172058105e+00
-1.109213709831237793e+00
1.144290715456008911e-01
1.017622590065002441e+00
5.470094680786132812e-01
3.709240630269050598e-02
2.206100523471832275e-02
2.931886017322540283e-01
-5.561051964759826660e-01
-6.653326153755187988e-01
-7.506521791219711304e-02
-3.572001457214355469e-01
9.351035952568054199e-01
-4.546889662742614746e-01
-1.310115098953247070e+00
5.077521800994873047e-01
-3.694320619106292725e-01
9.881153702735900879e-01
-2.469696104526519775e-01
-1.338064193725585938e+00
-9.465982764959335327e-02
-4.298696815967559814e-01
-9.301439523696899414e-01
1.115576982498168945e+00
1.111928746104240417e-01
1.048444509506225586e+00
-5.198998451232910156e-01
-5.613259673118591309e-01
3.540905416011810303e-01
5.769495368003845215e-01
-1.638037562370300293e-01
5.165480375289916992e-01
-1.864913664758205414e-02
1.414893388748168945e+00
6.740181446075439453e-01
3.431565761566162109e-01
-1.606754660606384277e-01
-2.935370802879333496e-02
-1.749359630048274994e-02
-3.211206495761871338e-01
-4.732618629932403564e-01
-3.092051446437835693e-01
-1.493195742368698120e-01
-8.613860011100769043e-01
1.068162545561790466e-01
7.272920608520507812e-01
5.574167966842651367e-01
1.847916841506958008e-01
-1.616815447807312012e+00
1.526871204376220703e+00
5.452977418899536133e-01
-5.779986735433340073e-03
-6.056979298591613770e-01
9.865336418151855469e-01
2.013081163167953491e-01
1.809492856264114380e-01
-8.884027600288391113e-01
-3.863594233989715576e-01
1.108897924423217773e+00
9.196295589208602905e-02
-1.814875721931457520e+00
-2.551718056201934814e-01
-1.075794219970703125e+00
-1.414955854415893555e+00
1.753376722335815430e-01
8.586463332176208496e-01
1.586389064788818359e+00
4.045701920986175537e-01
1.014378070831298828e+00
-1.733125925064086914e+00
1.592888236045837402e+00
1.027912497520446777e+00
5.953861474990844727e-01
3.139566257596015930e-02
3.736376464366912842e-01
6.943536400794982910e-01
-8.021889328956604004e-01
-9.077309966087341309e-01
7.601780891418457031e-01
8.171975016593933105e-01
1.675230562686920166e-01
5.245907902717590332e-01
2.029559612274169922e+00
2.726548612117767334e-01
4.692121744155883789e-01
5.297080278396606445e-01
7.165524959564208984e-01
5.204305648803710938e-01
4.774210155010223389e-01
1.471060037612915039e+00
6.681133508682250977e-01
3.978924751281738281e-01
1.366578459739685059e+00
7.297201156616210938e-01
2.252751588821411133e-02
3.130130469799041748e-02
9.148412346839904785e-01
3.031308948993682861e-02
-1.286813497543334961e+00
-1.443607330322265625e+00
-6.079397201538085938e-01
1.923990488052368164e+00
8.709054440259933472e-02
6.184638142585754395e-01
-1.583847962319850922e-02
2.032232999801635742e+00
-9.426885843276977539e-01
1.050224900245666504e+00
2.194161415100097656e+00
5.493850708007812500e-01
2.161916792392730713e-01
-9.303861856460571289e-01
1.038756370544433594e+00
-1.443855285644531250e+00
3.593622744083404541e-01
-5.660756230354309082e-01
8.064562678337097168e-01
5.890071988105773926e-01
-1.569460749626159668e+00
4.167734980583190918e-01
1.363160014152526855e-01
-1.098762080073356628e-02
-4.227581918239593506e-01
2.835772633552551270e-01
2.430656701326370239e-01
-2.954179048538208008e-01
8.239941000938415527e-01
9.651533365249633789e-01
2.597643435001373291e-01
1.353279948234558105e-01
1.641837477684020996e+00
-1.965817064046859741e-01
-5.065630078315734863e-01
-2.691264450550079346e-01
3.007855117321014404e-01
4.955051541328430176e-01
3.250708878040313721e-01
6.531613469123840332e-01
4.794844239950180054e-02
1.649293899536132812e-01
-4.294454157352447510e-01
8.249454945325851440e-02
-3.001143336296081543e-01
1.365792006254196167e-01
-4.050311446189880371e-01
-1.403118134476244450e-03
8.292716145515441895e-01
-7.923646569252014160e-01
-5.909335613250732422e-01
-4.655535519123077393e-01
6.040806770324707031e-01
3.850709646940231323e-02
5.274087563157081604e-02
-6.648180484771728516e-01
4.740151166915893555e-01
-2.098554819822311401e-01
2.089828997850418091e-01
-2.062581062316894531e+00
2.956185340881347656e-01
1.921288251876831055e+00
-2.646287977695465088e-01
-6.494270265102386475e-02
-4.661021232604980469e-01
6.995030492544174194e-02
4.288263618946075439e-01
-3.451321721076965332e-01
1.662213802337646484e-01
5.275223255157470703e-01
-8.608691692352294922e-01
-6.694582104682922363e-01
-2.695738673210144043e-01
3.108841739594936371e-02
-1.095258593559265137e-01
1.095198750495910645e+00
-2.621517777442932129e-01
1.483165919780731201e-01
-3.448626995086669922e-01
6.525763124227523804e-02
-2.451336830854415894e-01
-2.634020149707794189e-01
-3.871446847915649414e-01
-9.331973642110824585e-02
2.340071946382522583e-01
-4.558911919593811035e-01
-1.119329128414392471e-02
1.078313469886779785e+00
5.918582677841186523e-01
4.012666046619415283e-01
3.394959568977355957e-01
5.566187500953674316e-01
2.322313338518142700e-01
4.115376248955726624e-02
-4.889050722122192383e-01
1.183015346527099609e+00
8.171687275171279907e-02
2.980260252952575684e-01
2.209755927324295044e-01
7.942190766334533691e-02
-4.054432213306427002e-01
1.453369483351707458e-02
2.907359413802623749e-02
1.463580250740051270e+00
6.162306666374206543e-01
3.340512216091156006e-01
3.733266592025756836e-01
5.297203361988067627e-02
4.956194162368774414e-01
4.483989775180816650e-01
1.723792403936386108e-01
-1.088115811347961426e+00
1.503436923027038574e+00
-6.359475255012512207e-01
8.993936181068420410e-01
2.228148460388183594e+00
1.730470806360244751e-01
-2.329584658145904541e-01
1.305799007415771484e+00
9.794177412986755371e-01
-1.466156244277954102e+00
-2.499463856220245361e-01
3.689949035644531250e+00
7.912754267454147339e-02
-3.396457135677337646e-01
-7.624245285987854004e-01
4.601897299289703369e-01
-7.225992679595947266e-01
2.674019932746887207e-01
6.641476750373840332e-01
3.385749459266662598e-01
1.395605802536010742e+00
-2.065629959106445312e-01
-8.966187387704849243e-02
9.500880241394042969e-01
1.589529871940612793e+00
1.214374542236328125e+00
-3.945705294609069824e-01
1.309560060501098633e+00
-2.270488888025283813e-01
-3.061597108840942383e+00
-1.002220734953880310e-01
6.806733459234237671e-02
9.059705138206481934e-01
4.358603060245513916e-01
8.257535099983215332e-01
3.296698331832885742e-01
9.412033557891845703e-01
4.229812324047088623e-01
6.316689252853393555e-01
9.872742891311645508e-01
8.390216827392578125e-01
2.706492878496646881e-02
5.861496925354003906e-01
3.514384850859642029e-02
2.830293476581573486e-01
6.488208174705505371e-01
9.707515686750411987e-02
8.985865861177444458e-02
2.778637409210205078e-01
8.730129152536392212e-02
4.654011428356170654e-01
7.880207300186157227e-01
6.231613755226135254e-01
9.272487163543701172e-01
9.891694784164428711e-01
2.293333858251571655e-01
5.429583191871643066e-01
2.855220437049865723e-01
6.281803846359252930e-01
5.164757743477821350e-02
4.514308869838714600e-01
4.579018056392669678e-01
6.617457866668701172e-01
1.076708585023880005e-01
6.646665334701538086e-01
7.606735825538635254e-01
4.193056225776672363e-01
2.762106657028198242e-01
9.047560691833496094e-01
4.997136592864990234e-01
9.537631273269653320e-01
3.168022334575653076e-01
9.222047924995422363e-01
3.152775811031460762e-03
1.057176738977432251e-01
7.883878350257873535e-01
7.505448460578918457e-01
7.209056615829467773e-01
6.222613453865051270e-01
7.353177070617675781e-01
5.227689743041992188e-01
9.139353632926940918e-01
4.760851860046386719e-01
3.364009559154510498e-01
9.800336360931396484e-01
3.240046799182891846e-01
1.483385860919952393e-01
1.531680077314376831e-01
2.877745926380157471e-01
7.559434771537780762e-01
6.013955920934677124e-02
8.948145806789398193e-02
8.460305929183959961e-01
9.203481078147888184e-01
8.362217545509338379e-01
6.332960128784179688e-01
4.200393557548522949e-01
6.931986212730407715e-01
8.198412656784057617e-01
1.734347939491271973e-01
4.602984189987182617e-01
9.919703006744384766e-02
6.432402133941650391e-01
8.877560496330261230e-01
9.186252355575561523e-01
9.043585658073425293e-01
2.567390352487564087e-02
3.653231561183929443e-01
8.601624965667724609e-01
6.188815087080001831e-02
6.486489772796630859e-01
6.590393185615539551e-01
4.441458582878112793e-01
9.773427248001098633e-01
2.524558082222938538e-02
4.695194661617279053e-01
7.176768183708190918e-01
2.942858338356018066e-01
9.544621706008911133e-01
8.904534578323364258e-01
8.724563568830490112e-02
7.716202735900878906e-01
7.071428298950195312e-01
3.996711671352386475e-01
4.735494554042816162e-01
9.744512438774108887e-01
4.763060510158538818e-01
9.295918345451354980e-01
9.193439483642578125e-01
6.976864933967590332e-01
5.184330940246582031e-01
9.607643485069274902e-01
9.469413757324218750e-01
9.253153800964355469e-01
5.756722092628479004e-01
9.360222816467285156e-01
3.383067250251770020e-01
2.754316031932830811e-01
4.423514306545257568e-01
7.321504503488540649e-02
1.463629752397537231e-01
1.655344069004058838e-01
9.067918062210083008e-01
2.511631548404693604e-01
9.546675682067871094e-01
8.833497762680053711e-01
1.380730122327804565e-01
8.438477665185928345e-02
7.995650172233581543e-01
4.336394369602203369e-01
8.185299634933471680e-01
3.722492456436157227e-01
9.993542730808258057e-02
7.556908130645751953e-01
9.757900238037109375e-01
6.879335734993219376e-03
8.855185508728027344e-01
3.119133710861206055e-01
6.809484362602233887e-01
5.120083689689636230e-01
4.638167917728424072e-01
5.501306653022766113e-01
6.061691641807556152e-01
9.618905186653137207e-01
2.262496650218963623e-01
4.805482327938079834e-01
3.216944634914398193e-01
6.060318350791931152e-01
4.391818642616271973e-01
3.637332618236541748e-01
5.150120258331298828e-01
7.410961389541625977e-02
3.748334348201751709e-01
9.808886647224426270e-01
6.787527799606323242e-01
6.770598292350769043e-01
4.853645265102386475e-01
6.186939477920532227e-01
8.256934285163879395e-01
4.607889056205749512e-01
8.878470659255981445e-01
7.608941197395324707e-01
2.151408344507217407e-01
2.128068804740905762e-01
5.745244026184082031e-01
8.612270951271057129e-01
2.621886730194091797e-01
8.470162749290466309e-01
3.250569105148315430e-01
2.118921428918838501e-01
6.893661618232727051e-01
9.080167412757873535e-01
5.384859442710876465e-01
9.402728080749511719e-01
2.542869746685028076e-01
1.292820870876312256e-01
3.173155486583709717e-01
2.025325745344161987e-01
6.177368760108947754e-01
5.095887780189514160e-01
3.226206898689270020e-01
2.892222702503204346e-01
3.427057862281799316e-01
1.288669466972351074e+00
7.375566959381103516e-01
-1.084300398826599121e+00
4.330881536006927490e-01
