1.756862831115722656e+01
1.636311531066894531e+01
5.649242877960205078e+00
1.534331798553466797e+01
7.678214550018310547e+00
-6.685924053192138672e+00
-2.996620416641235352e+00
5.761874198913574219e+00
3.176421821117401123e-01
7.777013778686523438e+00
-1.195287823677062988e+00
8.787928581237792969e+00
6.434797048568725586e-01
-3.330357074737548828e+00
9.124354362487792969e+00
-2.315626382827758789e+00
9.208279609680175781e+00
2.821823120117187500e+00
6.739990711212158203e+00
-4.910296916961669922e+00
-4.566105365753173828e+00
-4.604383707046508789e-01
-4.588648974895477295e-01
4.042843729257583618e-02
3.260728120803833008e-01
5.909735679626464844e+00
5.355947017669677734e+00
-1.974285721778869629e+00
-3.409699201583862305e-01
5.107166171073913574e-01
8.371834158897399902e-01
-2.719246149063110352e+00
-9.331615567207336426e-01
1.064684629440307617e+00
-9.970597267150878906e+00
6.742014288902282715e-01
-6.561647057533264160e-01
-1.144178286194801331e-01
5.368744134902954102e-01
-3.148301124572753906e+00
-2.156666994094848633e+00
5.027081489562988281e+00
2.013808965682983398e+00
-1.752313137054443359e+00
-1.937361717224121094e+00
1.397637128829956055e-01
-1.800934433937072754e+00
-1.227015972137451172e+00
1.887313842773437500e+00
2.179906606674194336e+00
-5.070116043090820312e+00
