2.502726173400878906e+01
1.676242637634277344e+01
-7.994059920310974121e-01
1.544878578186035156e+01
5.066527366638183594e+00
1.717936992645263672e+00
6.319506645202636719e+00
5.670439243316650391e+00
-1.862456560134887695e+00
1.053860282897949219e+01
4.804871082305908203e+00
9.977171897888183594e+00
1.373033881187438965e+00
1.125538349151611328e+00
3.466577291488647461e+00
-1.917621731758117676e+00
7.860930919647216797e+00
2.121897935867309570e+00
5.184686660766601562e+00
-9.699142456054687500e+00
-5.286034584045410156e+00
2.338564991950988770e-01
-1.768822908401489258e+00
-8.346003890037536621e-01
-7.038986086845397949e-01
7.728235721588134766e+00
2.478275775909423828e+00
-1.910600543022155762e+00
8.624739944934844971e-02
6.519217014312744141e+00
4.217282772064208984e+00
-4.896122515201568604e-01
-1.287469267845153809e+00
-4.471296072006225586e-02
-5.083040237426757812e+00
-1.900833472609519958e-02
-3.084058523178100586e+00
1.562126874923706055e+00
4.286739528179168701e-01
-1.107235074043273926e+00
-6.605577468872070312e+00
5.129386901855468750e+00
2.807705879211425781e+00
2.850991189479827881e-01
-6.265053749084472656e+00
-1.731232404708862305e+00
2.539938688278198242e+00
-8.214988112449645996e-01
2.877967119216918945e+00
8.296207189559936523e-01
-7.389252781867980957e-01
