1.727173089981079102e+00
1.554817080497741699e+00
6.763585209846496582e-01
4.382166862487792969e+00
1.749445796012878418e+00
3.802982568740844727e+00
1.979130744934082031e+00
2.322968244552612305e+00
7.785692214965820312e-01
3.342690706253051758e+00
2.230691909790039062e-01
7.237102836370468140e-02
3.332970738410949707e-01
-2.248773723840713501e-01
9.708223342895507812e-01
-5.872002243995666504e-02
2.461637854576110840e-01
1.710221320390701294e-01
3.570937812328338623e-01
4.265222251415252686e-01
-1.614285409450531006e-01
-2.337635681033134460e-02
-1.229916095733642578e+00
-7.827261686325073242e-01
1.037101387977600098e+00
-3.121176064014434814e-01
-4.586659371852874756e-01
-1.061812415719032288e-01
-8.302118629217147827e-02
-7.539779692888259888e-02
-9.613915532827377319e-02
-2.474235445261001587e-01
-1.670919060707092285e-01
2.023009955883026123e-02
3.178085386753082275e-01
-8.644778728485107422e-01
-5.409098267555236816e-01
1.031386852264404297e+01
9.242788314819335938e+00
1.311451435089111328e+01
1.353855895996093750e+01
1.542250251770019531e+01
1.419512367248535156e+01
1.751610374450683594e+01
2.097179031372070312e+01
1.919269752502441406e+01
2.179261589050292969e+01
2.107764434814453125e+01
2.346495819091796875e+01
6.578561663627624512e-01
1.067647814750671387e+00
-2.367514818906784058e-01
-1.574527323246002197e-01
-6.285303831100463867e-01
2.829365730285644531e+00
2.997491657733917236e-01
8.041836619377136230e-01
-5.822207927703857422e-01
-1.681899547576904297e+00
-1.547178775072097778e-01
-1.423537611961364746e+00
1.072926878929138184e+00
-1.188049912452697754e+00
-1.542618393898010254e+00
4.288212954998016357e-01
7.536752223968505859e-01
-2.986782789230346680e-01
-2.114713430404663086e+00
2.301020547747612000e-02
3.695889472961425781e+00
-4.667948722839355469e+00
-1.595497488975524902e+00
-6.722193956375122070e-01
1.401824802160263062e-01
-6.805447340011596680e-01
4.677118062973022461e-01
8.702582716941833496e-01
-5.122417211532592773e-01
-3.920188546180725098e-01
2.294607925415039062e+01
-6.522155761718750000e+00
-4.898971080780029297e+00
-4.641695916652679443e-01
1.844425082206726074e+00
-3.518770456314086914e+00
-3.393612205982208252e-01
-8.730614781379699707e-01
-7.745294570922851562e-01
-3.272390747070312500e+01
1.275170516967773438e+01
8.349020004272460938e+00
-5.671806260943412781e-02
-2.295992612838745117e+00
-1.684760928153991699e+00
2.756398320198059082e-01
2.181404381990432739e-01
3.408696413040161133e+00
-3.619485497474670410e-01
1.751929402351379395e+00
6.066089630126953125e+00
1.233443260192871094e+00
-3.724381446838378906e+00
1.535710692405700684e+00
4.466266632080078125e+00
-4.111256122589111328e+00
-7.928804874420166016e+00
1.506715059280395508e+00
2.938315868377685547e-01
-5.891909599304199219e-01
2.377338886260986328e+00
1.452458858489990234e+00
-3.252861976623535156e+00
-9.664756059646606445e-01
9.311571121215820312e-01
2.165376543998718262e-01
-8.140650391578674316e-02
8.624731302261352539e-01
2.995330095291137695e-01
1.111981153488159180e+00
-1.178279280662536621e+00
-1.496994853019714355e+00
6.044584512710571289e-01
3.829553425312042236e-01
2.028265237808227539e+00
-1.944321274757385254e+00
-1.304901123046875000e+00
6.028968811035156250e+00
1.439691614359617233e-02
1.322155892848968506e-01
-1.212772801518440247e-01
-3.355015814304351807e-01
1.443980187177658081e-01
-1.841668337583541870e-01
1.998734772205352783e-01
-3.191976845264434814e-01
6.108356714248657227e-01
-6.076405644416809082e-01
-6.102107763290405273e-01
4.098437428474426270e-01
2.275873124599456787e-01
1.439147535711526871e-02
-2.230296470224857330e-02
-5.874065756797790527e-01
4.730200469493865967e-01
8.188356161117553711e-01
-8.805460333824157715e-01
-1.757849156856536865e-01
2.685902416706085205e-01
1.567550420761108398e+00
-3.475461304187774658e-01
-4.479888379573822021e-01
7.877667546272277832e-01
-3.090497553348541260e-01
1.374675393104553223e+00
3.230969607830047607e-01
4.918409883975982666e-02
2.834475040435791016e-01
1.719362020492553711e+00
6.602936267852783203e+00
1.175824999809265137e+00
-9.735425561666488647e-02
3.725624680519104004e-01
-1.463458538055419922e+00
-6.638362407684326172e-01
3.249728381633758545e-01
-3.277268409729003906e-01
-2.664227724075317383e+00
-8.005867958068847656e+00
-1.686416029930114746e+00
1.845148652791976929e-01
5.669559836387634277e-01
5.042868256568908691e-01
-5.711462497711181641e-01
7.465703785419464111e-02
2.113663405179977417e-01
8.821488022804260254e-01
-6.097439527511596680e-01
-6.446213461458683014e-03
-6.241472959518432617e-01
9.861457943916320801e-01
5.969227552413940430e-01
7.635278254747390747e-02
1.992283016443252563e-01
1.209895730018615723e+00
1.282219648361206055e+00
4.915565252304077148e-01
-3.112687170505523682e-01
-4.595196843147277832e-01
1.119885802268981934e+00
3.920373916625976562e-01
1.540986180305480957e+00
-1.151511818170547485e-01
-3.414185643196105957e-01
-1.468063443899154663e-01
-4.148772954940795898e-01
7.161661982536315918e-01
1.152199983596801758e+00
1.897341310977935791e-01
5.401096343994140625e-01
2.922195196151733398e-01
-5.745129585266113281e-01
-2.044095396995544434e-01
1.240438938140869141e+00
-2.935423254966735840e-01
-1.536699682474136353e-01
-7.005363702774047852e-02
-4.186084866523742676e-01
3.396665677428245544e-02
2.733704745769500732e-01
4.998343437910079956e-02
-4.967029392719268799e-01
-4.556119740009307861e-01
2.196357697248458862e-01
-1.954889595508575439e-01
6.488479375839233398e-01
4.964417517185211182e-01
4.374164640903472900e-01
-6.387414932250976562e-01
1.650573164224624634e-01
-2.539916662499308586e-03
7.889910936355590820e-01
4.365100711584091187e-02
-6.075390577316284180e-01
4.713313579559326172e-01
3.912588655948638916e-01
5.298956632614135742e-01
1.233374357223510742e+00
5.694261193275451660e-01
-4.209466874599456787e-01
5.074021816253662109e-01
-4.592039287090301514e-01
9.569380283355712891e-01
-1.451069023460149765e-02
9.642921388149261475e-02
3.561541140079498291e-01
1.317795634269714355e+00
4.504528999328613281e+00
4.913133382797241211e-01
1.630210429430007935e-01
2.015796452760696411e-01
-1.712253928184509277e+00
-3.197513520717620850e-02
-3.270502202212810516e-03
5.130122881382703781e-03
-2.983135700225830078e+00
-8.818969726562500000e+00
-1.104892492294311523e+00
5.196560919284820557e-02
4.708569645881652832e-01
2.892830967903137207e-01
-9.641860425472259521e-02
-1.355563849210739136e-01
-4.584321379661560059e-01
8.198758214712142944e-02
4.198348224163055420e-01
-2.187322378158569336e-01
5.873189568519592285e-01
8.685531616210937500e-01
-6.539128422737121582e-01
2.197280406951904297e+00
3.738607406616210938e+00
8.449280858039855957e-01
-1.617636203765869141e+00
1.950842677615582943e-03
8.349654078483581543e-01
2.369781881570816040e-01
5.071479082107543945e-01
8.659018278121948242e-01
4.026202261447906494e-01
-2.370320707559585571e-01
1.921259015798568726e-01
8.011806756258010864e-02
1.709477454423904419e-01
-3.876691162586212158e-01
-3.345018029212951660e-01
3.816536068916320801e-01
-2.976107001304626465e-01
-1.677199006080627441e-01
4.670554399490356445e-01
-6.613318920135498047e-01
1.627794504165649414e+00
-4.036766290664672852e-01
-1.272952914237976074e+00
-3.743740497156977654e-03
-2.011363627389073372e-03
-4.841420333832502365e-03
-7.039729040116071701e-03
-6.580256856977939606e-03
2.549454104155302048e-03
-4.150258377194404602e-03
9.123747237026691437e-03
-2.743302844464778900e-03
7.938084891065955162e-04
9.199235937558114529e-04
9.605650790035724640e-03
-6.142565980553627014e-03
9.115824475884437561e-03
8.375764824450016022e-03
-5.049239378422498703e-03
9.040801785886287689e-03
-8.588329888880252838e-03
1.922482857480645180e-03
4.470624495297670364e-03
-8.287282660603523254e-03
-6.340831052511930466e-03
3.341943724080920219e-03
5.187956150621175766e-03
2.088079461827874184e-03
-1.209378824569284916e-03
-1.167762326076626778e-03
5.049968138337135315e-03
7.212921977043151855e-03
-1.780076767317950726e-03
6.742350757122039795e-03
-6.278075277805328369e-03
2.347474452108144760e-03
-3.772668540477752686e-03
-8.805548772215843201e-03
3.317249706014990807e-03
9.626417420804500580e-03
-9.751830250024795532e-03
7.454390171915292740e-03
-8.523684926331043243e-03
-1.855883863754570484e-03
2.364460378885269165e-03
-3.094630083069205284e-03
5.058354232460260391e-03
-2.717188792303204536e-03
-1.225671730935573578e-03
9.396210312843322754e-03
-7.728048367425799370e-04
5.772334523499011993e-03
8.050036616623401642e-03
-1.409006654284894466e-03
7.121491245925426483e-03
9.180934168398380280e-03
-5.674981977790594101e-03
-3.687941934913396835e-03
-8.350816788151860237e-04
8.019447326660156250e-03
-2.112250804202631116e-04
-6.533188570756465197e-05
-6.852488499134778976e-03
4.596166312694549561e-03
4.625427071005105972e-03
-3.868259489536285400e-03
-9.387895464897155762e-03
5.569630302488803864e-03
8.271836675703525543e-03
-4.305175971239805222e-03
8.165079168975353241e-03
-3.377587534487247467e-03
-5.235152784734964371e-04
-1.820805598981678486e-03
-1.105388510040938854e-03
-4.968871828168630600e-03
7.481641136109828949e-03
-9.915919043123722076e-03
-2.485236618667840958e-03
-5.478566046804189682e-03
1.748476410284638405e-03
1.095960140228271484e+00
9.658532142639160156e-01
-1.608464121818542480e+00
6.426477432250976562e-01
