1.555927085876464844e+01
9.390872955322265625e+00
1.742214393615722656e+01
1.329509258270263672e+01
1.158820819854736328e+01
1.573026561737060547e+01
1.544502925872802734e+01
1.633346557617187500e+01
1.086028957366943359e+01
1.060709857940673828e+01
7.570181846618652344e+00
1.581569957733154297e+01
1.803549766540527344e+00
-1.108127593994140625e+00
-3.803035914897918701e-01
-1.750471115112304688e+00
8.140299320220947266e-01
-2.025512695312500000e+00
-2.802577018737792969e+00
2.229753583669662476e-01
-7.853606939315795898e-01
5.151027441024780273e-02
-6.596410870552062988e-01
1.390225768089294434e+00
-4.924619674682617188e+00
-3.007526397705078125e+00
4.054783344268798828e+00
-3.816901445388793945e+00
-6.720209717750549316e-01
-7.937300682067871094e+00
9.406497001647949219e+00
-3.217678785324096680e+00
-1.013529014587402344e+01
1.244163417816162109e+01
7.623298168182373047e-01
-8.174168586730957031e+00
5.494738578796386719e+00
-1.297340679168701172e+01
-3.851844370365142822e-01
5.643884181976318359e+00
-4.841821193695068359e+00
2.393357992172241211e+00
-3.175952911376953125e+00
-3.634096622467041016e+00
-2.935844659805297852e-01
2.487888336181640625e+00
-2.392597675323486328e+00
-6.622837066650390625e+00
1.721557259559631348e+00
3.060787677764892578e+00
1.337976264953613281e+01
-6.305743694305419922e+00
-4.285972595214843750e+00
1.195985507965087891e+01
1.016371822357177734e+01
-1.175217056274414062e+01
1.602537393569946289e+00
1.030835986137390137e+00
-2.111494779586791992e+00
1.293966007232666016e+01
2.586372613906860352e+00
7.403022766113281250e+00
3.792437613010406494e-01
-1.060045808553695679e-01
5.222498893737792969e+00
8.191281318664550781e+00
1.144224643707275391e+01
-2.367337226867675781e+00
-1.344956874847412109e+00
5.506055355072021484e+00
7.552686214447021484e+00
-1.075000762939453125e+01
-5.129644870758056641e-01
-4.258775711059570312e+00
4.433444976806640625e+00
8.328820228576660156e+00
-3.134830236434936523e+00
1.922668457031250000e+00
5.514056682586669922e+00
7.289706230163574219e+00
-3.134036064147949219e+00
1.025170612335205078e+01
7.160622119903564453e+00
2.916752099990844727e+00
8.411962985992431641e-01
-1.047723484039306641e+01
2.311942815780639648e+00
7.602981090545654297e+00
-7.698625564575195312e+00
-6.686132431030273438e+00
-1.603904604911804199e+00
3.932153061032295227e-02
-9.743242263793945312e-01
-8.103266358375549316e-01
-2.261862516403198242e+00
1.232737421989440918e+00
4.479248225688934326e-01
5.881811380386352539e-01
1.583765268325805664e+00
1.355278611183166504e+00
2.183891296386718750e+00
-5.481345579028129578e-02
-2.816680669784545898e+00
3.959905624389648438e+00
3.801525831222534180e+00
-2.048988580703735352e+00
-1.617018938064575195e+00
5.987606048583984375e-01
1.353216543793678284e-02
2.802204847335815430e+00
3.856876850128173828e+00
-2.047521114349365234e+00
2.118245363235473633e+00
-4.524336457252502441e-01
2.669188082218170166e-01
-3.970319986343383789e+00
1.758713483810424805e+00
-3.212377309799194336e+00
1.805663585662841797e+00
4.272546291351318359e+00
-2.965821325778961182e-01
-6.331998705863952637e-01
7.930544614791870117e-01
1.481722712516784668e+00
4.390537738800048828e+00
-1.980505943298339844e+00
-2.471758127212524414e+00
-4.286900043487548828e+00
5.178496360778808594e+00
5.009235143661499023e-01
-2.076313346624374390e-01
-3.263121128082275391e+00
-1.972698688507080078e+00
1.760255575180053711e+00
2.567383050918579102e+00
-1.442822813987731934e+00
7.052131891250610352e-01
1.353861212730407715e+00
3.556223392486572266e+00
1.442874670028686523e+00
2.984012126922607422e+00
-5.250647544860839844e+00
-1.103357791900634766e+00
-4.498795270919799805e-01
3.760619401931762695e+00
-1.391073942184448242e+00
2.894955873489379883e+00
2.452223062515258789e+00
2.561827421188354492e+00
4.947650909423828125e+00
-1.653418540954589844e+00
-1.438229084014892578e+00
3.957389354705810547e+00
-2.047989130020141602e+00
7.761628031730651855e-01
-2.942613601684570312e+00
4.318486690521240234e+00
5.005709528923034668e-01
-3.586762428283691406e+00
-1.128006339073181152e+00
1.276585340499877930e+00
1.227619647979736328e+00
-3.101322412490844727e+00
2.874385416507720947e-01
1.708968162536621094e+00
5.467909336090087891e+00
-1.706016302108764648e+00
-2.623334169387817383e+00
-6.678864359855651855e-01
9.570562839508056641e-01
-1.345712780952453613e+00
-1.291021823883056641e+00
2.177670717239379883e+00
-4.465377703309059143e-02
-1.192971348762512207e+00
-7.342446446418762207e-01
-4.298702180385589600e-01
-1.277437686920166016e+00
-5.856662988662719727e-01
1.175695657730102539e+00
-2.076010704040527344e+00
2.542985439300537109e+00
3.654351472854614258e+00
-2.243306875228881836e+00
-2.847662448883056641e+00
6.172855496406555176e-01
3.100833594799041748e-01
2.053875684738159180e+00
3.812323808670043945e+00
-1.982564568519592285e+00
1.276065587997436523e+00
1.970544457435607910e-01
1.634537696838378906e+00
-3.157279968261718750e+00
2.715052604675292969e+00
-2.715579748153686523e+00
2.275703430175781250e+00
4.661767959594726562e+00
-2.349116325378417969e+00
-1.083842515945434570e+00
-7.147467136383056641e-02
1.612766504287719727e+00
4.334908485412597656e+00
-4.868592321872711182e-01
-2.117735624313354492e+00
-4.502130031585693359e+00
5.361800193786621094e+00
-2.220653146505355835e-01
-1.744573473930358887e+00
-2.767927646636962891e+00
-1.827030658721923828e+00
2.075045585632324219e+00
1.640080809593200684e+00
-1.291867136955261230e+00
8.986826539039611816e-01
1.291250109672546387e+00
3.527502775192260742e+00
-8.586056530475616455e-02
1.170092105865478516e+00
-6.038144826889038086e-01
-8.471313118934631348e-01
2.469685316085815430e+00
4.994487762451171875e+00
4.289147377014160156e+00
3.169311523437500000e+00
1.247655510902404785e+00
2.627931833267211914e+00
4.895377635955810547e+00
-2.434381484985351562e+00
-3.590025186538696289e+00
3.769803047180175781e+00
-2.387748241424560547e+00
9.535437226295471191e-01
-3.641370296478271484e+00
3.117908239364624023e+00
-5.314085483551025391e-01
-3.846123695373535156e+00
-1.043711543083190918e+00
3.734987676143646240e-01
1.691935896873474121e+00
-4.529334068298339844e+00
-2.554667711257934570e+00
1.294699668884277344e+00
2.452776432037353516e+00
-3.446353197097778320e+00
-3.733755588531494141e+00
-8.499393463134765625e-01
