1.733878374099731445e+00
4.692684650421142578e+00
3.661630153656005859e+00
1.604818940162658691e+00
2.052864551544189453e+00
3.296362161636352539e+00
2.027639627456665039e+00
-1.321700096130371094e+00
7.626715898513793945e-01
8.082424104213714600e-02
-8.209630250930786133e-01
1.325170695781707764e-01
6.018254756927490234e-01
-1.166656017303466797e+00
-2.702060699462890625e+00
-2.279113680124282837e-01
-5.944383144378662109e-01
2.952970936894416809e-02
5.082133039832115173e-02
1.035292223095893860e-01
3.600139915943145752e-01
1.151152014732360840e+00
1.328634548187255859e+01
1.515465259552001953e+01
1.039523983001708984e+01
1.627699470520019531e+01
1.922318267822265625e+01
1.775722503662109375e+01
2.827098846435546875e+01
-7.834420800209045410e-01
1.928617358207702637e-01
-3.429584801197052002e-01
1.388034075498580933e-01
-3.666591644287109375e-01
2.042830437421798706e-01
-2.586694061756134033e-01
-8.769826889038085938e-01
1.718379259109497070e-01
1.841670125722885132e-01
-5.966385602951049805e-01
5.892862677574157715e-01
8.657147884368896484e-01
4.156050384044647217e-01
-6.698731780052185059e-01
-4.546307921409606934e-01
5.400778725743293762e-02
3.037465810775756836e+00
-1.063657760620117188e+00
4.888220131397247314e-01
-1.615753173828125000e-01
-1.258635520935058594e+00
2.140820175409317017e-01
-4.858011007308959961e-01
-2.966863870620727539e+00
5.701749920845031738e-01
3.025320053100585938e+00
6.807861328125000000e+00
2.107079625129699707e-01
4.198935627937316895e-02
-3.583647012710571289e-01
-2.865691483020782471e-01
-6.331632733345031738e-01
-7.461578398942947388e-02
8.433844447135925293e-01
3.974126279354095459e-01
1.736177206039428711e-01
9.474186599254608154e-02
-2.449520677328109741e-01
-3.247470855712890625e-01
5.671213865280151367e-01
-7.303203940391540527e-01
9.055501222610473633e-01
-5.093518495559692383e-01
2.855045557022094727e+00
-8.232581019401550293e-01
1.144421935081481934e+00
1.610052227973937988e+00
-8.745986223220825195e-01
-9.977642893791198730e-01
-5.035852640867233276e-02
-3.511053323745727539e-01
5.091081857681274414e-01
4.247045814990997314e-01
2.702095806598663330e-01
9.860278964042663574e-01
4.963689744472503662e-01
7.355723530054092407e-02
4.595171809196472168e-01
2.829731106758117676e-01
5.287895798683166504e-01
-3.448891043663024902e-01
-7.879919409751892090e-01
3.422160446643829346e-01
-3.321707248687744141e-01
-1.655797213315963745e-01
7.226821184158325195e-01
4.034087061882019043e-01
-1.154613137245178223e+00
6.150222420692443848e-01
-4.068184494972229004e-01
7.866854071617126465e-01
-3.157631397247314453e+00
-1.409310847520828247e-01
-4.232347607612609863e-01
-1.815770983695983887e+00
8.968719244003295898e-01
2.798614203929901123e-01
3.379568755626678467e-01
5.797250270843505859e-01
6.452196836471557617e-01
-3.500712513923645020e-01
-6.885538697242736816e-01
-1.503519415855407715e-01
-7.377146277576684952e-03
9.043469093739986420e-03
-8.888966403901576996e-03
5.872944369912147522e-03
-8.216277696192264557e-03
-1.580826588906347752e-03
6.929059047251939774e-03
4.163782112300395966e-03
-4.136578179895877838e-03
-8.634884841740131378e-03
-9.528034366667270660e-03
3.481250023469328880e-03
-4.301410168409347534e-03
7.660008035600185394e-03
-3.455143421888351440e-03
9.435389190912246704e-03
9.011881425976753235e-03
-6.982984021306037903e-03
-4.334724508225917816e-03
-5.643024574965238571e-03
-1.043600495904684067e-03
-7.576369680464267731e-03
3.195002442225813866e-03
-1.492151408456265926e-03
-2.612848300486803055e-03
-7.199659477919340134e-03
9.896128438413143158e-03
9.429146535694599152e-03
4.000267684459686279e-01
1.111531853675842285e+00
-2.027266263961791992e+00
7.925277948379516602e-01
