2.211428880691528320e+00
5.119423389434814453e+00
3.935315847396850586e+00
1.509412407875061035e+00
3.740662097930908203e+00
2.635916709899902344e+00
7.861276865005493164e-01
-6.603055596351623535e-01
-1.639174818992614746e+00
-3.746940791606903076e-01
3.172417402267456055e+00
2.647823393344879150e-01
-7.206870913505554199e-01
3.895122092217206955e-03
7.250486016273498535e-01
-1.298582196235656738e+00
1.332643604278564453e+01
1.541923904418945312e+01
1.646493721008300781e+01
1.899919509887695312e+01
2.338526725769042969e+01
-8.346573710441589355e-01
3.572145998477935791e-01
3.757088482379913330e-01
-2.072407007217407227e-01
-4.762982726097106934e-01
-9.388620257377624512e-01
-9.720791578292846680e-01
-2.431838363409042358e-01
5.310255885124206543e-01
6.366331577301025391e+00
-5.522444248199462891e-01
-7.551033020019531250e+00
1.857957988977432251e-01
-8.714313060045242310e-02
9.671856880187988281e+00
5.438449382781982422e-01
1.476133018732070923e-01
1.056684926152229309e-02
1.506710797548294067e-01
6.689102649688720703e-01
4.934527575969696045e-01
7.685161232948303223e-01
-1.031626090407371521e-01
-4.427949786186218262e-01
-3.600003242492675781e+00
-5.096508190035820007e-02
5.914301395416259766e+00
1.189999803900718689e-01
4.883624911308288574e-01
-6.554510116577148438e+00
1.937795132398605347e-01
-1.718967109918594360e-01
5.796672031283378601e-02
2.960578501224517822e-01
-2.262091031298041344e-03
3.569735884666442871e-01
-2.232056558132171631e-01
-1.322024166584014893e-01
4.834576845169067383e-01
1.262785196304321289e+00
1.606014072895050049e-01
-3.033631801605224609e+00
3.054753541946411133e-01
-2.141973376274108887e-01
3.719668388366699219e+00
-1.565779792144894600e-03
-9.671462699770927429e-03
-2.599302213639020920e-03
-7.709349039942026138e-03
-1.137683211709372699e-04
2.500074217095971107e-03
2.743174787610769272e-03
9.368761442601680756e-03
-7.610610919073224068e-04
-5.801432416774332523e-04
-4.585900343954563141e-03
-8.178705349564552307e-03
7.423228584229946136e-03
-1.640243572182953358e-03
5.541148129850625992e-03
1.027054190635681152e+00
1.104769349098205566e+00
-2.125213384628295898e+00
7.569913268089294434e-01
