2.166241884231567383e+00
4.628345489501953125e+00
1.961438059806823730e+00
3.723611116409301758e+00
1.589556813240051270e+00
2.038221120834350586e+00
2.332316160202026367e+00
2.573483467102050781e+00
2.255912780761718750e+00
-3.508724570274353027e-01
1.368437528610229492e+00
-2.442953176796436310e-02
-8.961945027112960815e-02
7.102884650230407715e-01
-8.228040933609008789e-01
-2.707079350948333740e-01
1.469391107559204102e+00
-2.217800123617053032e-03
-2.781187593936920166e-01
5.968067049980163574e-02
-2.477846592664718628e-01
-9.900858253240585327e-02
-1.132189780473709106e-01
5.497772619128227234e-02
-7.458888292312622070e-01
1.326645183563232422e+01
1.336640548706054688e+01
1.538040351867675781e+01
1.509274387359619141e+01
1.750692558288574219e+01
1.921258544921875000e+01
1.912889480590820312e+01
3.278376007080078125e+01
2.115638554096221924e-01
-1.479789614677429199e+00
4.954773932695388794e-02
4.270520806312561035e-01
4.299446567893028259e-02
7.935775816440582275e-02
-2.935170233249664307e-01
-4.902836799621582031e+00
1.329280018806457520e+00
6.011480465531349182e-02
-8.307850360870361328e-01
8.027585595846176147e-02
-7.604565024375915527e-01
4.493027925491333008e-01
7.336634159088134766e+00
4.261414334177970886e-02
-9.405630826950073242e-01
-4.827442169189453125e-01
-6.938630342483520508e-02
2.543091177940368652e-01
-8.486337065696716309e-01
6.345806717872619629e-01
-1.092883348464965820e+00
6.589550375938415527e-01
-2.444618195295333862e-01
-1.214891314506530762e+00
1.360361456871032715e+00
1.060224771499633789e-01
-1.039859771728515625e+00
3.517098665237426758e+00
-7.637611776590347290e-02
2.558211982250213623e-01
-3.772066593170166016e+00
-1.427270919084548950e-01
-1.891829848289489746e+00
5.854832172393798828e+00
-1.715206503868103027e-01
7.203927636146545410e-01
-1.040603220462799072e-01
1.047148779034614563e-01
1.838698796927928925e-02
3.978956937789916992e-01
-8.734779432415962219e-03
-2.834493853151798248e-02
-1.391746282577514648e+00
-1.609577611088752747e-02
-3.680505156517028809e-01
-2.581468522548675537e-01
-5.186690390110015869e-02
4.778456687927246094e-01
-1.875002861022949219e+00
1.817393749952316284e-01
2.143176347017288208e-01
-1.358907073736190796e-01
2.385332137346267700e-01
-1.328165233135223389e-01
-3.285299539566040039e-01
1.115627512335777283e-01
4.723371937870979309e-02
-1.026403382420539856e-01
1.109914034605026245e-01
5.919306278228759766e-01
1.877208948135375977e-01
6.849726289510726929e-02
3.420271277427673340e-01
-9.431306719779968262e-01
-3.209425210952758789e-01
-1.792760491371154785e-01
2.752651691436767578e+00
-3.609023392200469971e-01
4.409295320510864258e-01
-3.928472042083740234e+00
-1.089282333850860596e-01
7.935286760330200195e-01
-1.389421969652175903e-01
2.257210612297058105e-01
2.360406816005706787e-01
3.060381412506103516e-01
-5.484432727098464966e-02
-1.098044991493225098e+00
-1.284860819578170776e-01
5.890439823269844055e-02
-1.073284000158309937e-01
1.796428114175796509e-01
-1.895408630371093750e-01
3.133928775787353516e-01
3.493544101715087891e+00
2.617760002613067627e-01
2.217086255550384521e-01
2.571776807308197021e-01
1.930838823318481445e-01
-1.397853791713714600e-01
1.458601355552673340e+00
-1.596410423517227173e-01
3.531342744827270508e-01
-5.572195723652839661e-02
6.932359933853149414e-02
3.833444416522979736e-02
-6.580318212509155273e-01
-8.173644542694091797e-02
2.648186385631561279e-01
9.617004543542861938e-02
3.152486085891723633e-01
5.698964595794677734e-01
-3.884952664375305176e-01
3.189668059349060059e-01
-1.824067085981369019e-01
2.814634561538696289e+00
-5.642071366310119629e-03
4.311568103730678558e-03
-3.429442876949906349e-03
-9.852487593889236450e-03
4.416247829794883728e-03
-9.819750674068927765e-03
5.867379717528820038e-03
-8.020606823265552521e-03
5.015109200030565262e-03
-9.861614671535789967e-05
2.241905778646469116e-03
4.535777028650045395e-03
7.359476876445114613e-04
-1.790849957615137100e-03
7.433321792632341385e-03
-6.859688088297843933e-03
-9.507432579994201660e-03
1.726580201648175716e-03
-6.024835631251335144e-03
-6.556592881679534912e-03
6.951378891244530678e-04
7.637698668986558914e-03
-1.439727842807769775e-03
-3.445537993684411049e-03
-5.266156978905200958e-03
7.155592087656259537e-03
-9.321848861873149872e-03
9.121113456785678864e-03
-8.338851854205131531e-03
6.808748003095388412e-03
8.573391474783420563e-03
2.544384915381669998e-03
-6.336660124361515045e-03
3.740456420928239822e-03
3.108107717707753181e-03
5.363346543163061142e-03
3.315528631210327148e-01
8.903234601020812988e-01
-2.144254922866821289e+00
6.416397690773010254e-01
