1.422083139419555664e+00
-1.183050394058227539e+00
2.340782880783081055e-01
1.242091894149780273e+00
3.625521898269653320e+00
-1.239490151405334473e+00
2.154429197311401367e+00
2.964573621749877930e+00
1.917576909065246582e+00
1.981002569198608398e+00
-1.648364067077636719e+00
1.965243935585021973e+00
1.127394556999206543e+00
2.189074754714965820e+00
1.937810182571411133e+00
-3.057173490524291992e-01
-8.201692104339599609e-01
6.975226998329162598e-01
5.119515657424926758e-01
-4.215363562107086182e-01
-4.325099885463714600e-01
2.711728811264038086e-01
3.105193972587585449e-01
-2.666769325733184814e-01
-1.852238923311233521e-01
-3.889389932155609131e-01
-6.906196358613669872e-04
3.844820559024810791e-01
-1.902417093515396118e-01
1.528831273317337036e-01
1.022103130817413330e-01
-4.638241231441497803e-02
-2.464559376239776611e-01
-3.594623804092407227e-01
9.646590799093246460e-03
2.057136036455631256e-02
2.280147187411785126e-02
-1.750111952424049377e-02
-1.618042588233947754e-01
1.744857989251613617e-02
-1.470149308443069458e-01
-7.303251326084136963e-02
9.890332072973251343e-02
-4.703558087348937988e-01
-6.017804741859436035e-01
-6.879521608352661133e-01
-4.263131320476531982e-01
6.842704862356185913e-02
1.726035773754119873e-01
5.479560047388076782e-02
-1.895527839660644531e-01
1.336281839758157730e-02
-7.458170503377914429e-02
-1.074546352028846741e-01
1.068872958421707153e-01
-1.951951533555984497e-01
3.033580780029296875e-01
1.002985760569572449e-01
4.665423557162284851e-02
1.218979582190513611e-01
-1.112600192427635193e-01
1.365296095609664917e-01
3.011691868305206299e-01
-2.681136131286621094e-01
-2.011009603738784790e-01
-3.133950829505920410e-01
3.813734650611877441e-02
-2.486236542463302612e-01
1.464243382215499878e-01
3.108326792716979980e-01
9.118944168090820312e+00
9.532531738281250000e+00
1.062289524078369141e+01
1.309296989440917969e+01
1.148948669433593750e+01
1.369409847259521484e+01
1.517083263397216797e+01
1.424760437011718750e+01
1.586128234863281250e+01
1.670934677124023438e+01
1.776564025878906250e+01
1.940206909179687500e+01
1.888563728332519531e+01
1.964643859863281250e+01
2.270494079589843750e+01
2.132557487487792969e+01
2.349537086486816406e+01
2.822177124023437500e+01
2.642016029357910156e+01
2.957092666625976562e+01
3.338613510131835938e+01
3.112848091125488281e+01
3.465213012695312500e+01
1.594991087913513184e+00
6.846705675125122070e-01
4.294581115245819092e-01
-1.069888353347778320e+00
-7.328441739082336426e-01
-4.387604892253875732e-01
7.489091753959655762e-01
3.183745741844177246e-01
-4.623430669307708740e-01
-3.519620001316070557e-01
-6.655935645103454590e-01
1.710386574268341064e-01
5.053966641426086426e-01
-5.710334777832031250e-01
6.242799162864685059e-01
-3.751225769519805908e-01
-3.858862221240997314e-01
1.972248256206512451e-01
9.443374723196029663e-02
-1.416422963142395020e+00
5.206024646759033203e-01
-7.616540193557739258e-01
3.140129446983337402e-01
-4.599598348140716553e-01
-7.810248136520385742e-01
-7.110540866851806641e-01
-1.130085349082946777e+00
2.938753664493560791e-01
6.848487257957458496e-01
-2.759533822536468506e-01
1.552271366119384766e+00
1.448106914758682251e-01
2.171574383974075317e-01
6.258349418640136719e-01
-1.332640647888183594e-01
-4.653054475784301758e-01
-5.652846097946166992e-01
7.421951889991760254e-01
1.165888905525207520e+00
6.903814673423767090e-01
-6.032777428627014160e-01
3.136533498764038086e+00
8.516272157430648804e-02
2.872350931167602539e+00
1.631681799888610840e+00
5.004563927650451660e-02
9.828531183302402496e-03
-1.969656050205230713e-01
-1.473276317119598389e-01
-2.765836715698242188e-01
-8.059699535369873047e-01
-3.399750888347625732e-01
-1.640555560588836670e-01
-4.346240460872650146e-01
8.477778173983097076e-03
-2.915458083152770996e-01
2.226893454790115356e-01
-4.261347949504852295e-01
-7.659457921981811523e-01
1.160627603530883789e+00
3.974247872829437256e-01
5.884530544281005859e-01
9.762093424797058105e-01
4.816083610057830811e-01
4.990098178386688232e-01
-1.193808197975158691e+00
6.440093517303466797e-01
6.232263445854187012e-01
-1.579675316810607910e+00
3.481296598911285400e-01
-4.446257948875427246e-01
3.748085796833038330e-01
-2.472667098045349121e-01
-4.885784685611724854e-01
1.651422023773193359e+00
-7.311968207359313965e-01
7.562773823738098145e-01
-4.602448344230651855e-01
2.197311162948608398e+00
5.118604302406311035e-01
1.752779364585876465e+00
9.044567346572875977e-01
-8.206476569175720215e-01
7.220693826675415039e-01
-6.770988106727600098e-01
7.991110682487487793e-01
3.007128834724426270e-01
-1.138422966003417969e+00
1.508642137050628662e-01
-2.333282828330993652e-01
3.636403381824493408e-01
-3.296636790037155151e-02
-5.580365061759948730e-01
-1.624758541584014893e-01
-3.195215463638305664e-01
6.813350915908813477e-01
-8.204866051673889160e-01
3.911938890814781189e-02
-6.172606721520423889e-02
1.208855137228965759e-01
8.338530063629150391e-01
1.885074228048324585e-01
1.116097122430801392e-01
7.135186195373535156e-01
-4.055583775043487549e-01
6.619313359260559082e-01
-8.592136502265930176e-01
1.010606646537780762e+00
8.511341214179992676e-01
-2.799027860164642334e-01
6.093954667448997498e-02
-1.855905890464782715e+00
1.311347633600234985e-01
-1.186036109924316406e+00
2.645961940288543701e-01
-2.416242837905883789e+00
-1.010398030281066895e+00
-1.490290284156799316e+00
-1.508720040321350098e+00
-6.390492618083953857e-02
-1.171542167663574219e+00
5.355388522148132324e-01
-2.061311244964599609e+00
-5.114391818642616272e-02
-6.117504239082336426e-01
-4.818915724754333496e-01
1.993464380502700806e-01
-3.457392752170562744e-01
-1.656561255455017090e+00
7.458764314651489258e-01
-4.003250002861022949e-01
-2.497882544994354248e-01
7.037157416343688965e-01
5.040580630302429199e-01
1.276491880416870117e-01
-8.953614532947540283e-02
-7.037832736968994141e-01
1.712977886199951172e-02
-9.663143754005432129e-02
1.689441502094268799e-03
1.558441519737243652e-01
-2.428758889436721802e-01
-1.022065058350563049e-01
3.705120384693145752e-01
1.164857387542724609e+00
-1.167732596397399902e+00
1.051973626017570496e-01
-1.177476253360509872e-02
7.702814787626266479e-02
2.355898857116699219e+00
8.410044908523559570e-01
-1.475215852260589600e-01
9.300063848495483398e-01
7.002252340316772461e-01
1.757382392883300781e+00
1.093659400939941406e+00
-2.524784393608570099e-02
5.465344190597534180e-01
1.799319237470626831e-01
4.063749909400939941e-01
6.043703556060791016e-01
-1.426590681076049805e+00
1.573985368013381958e-01
9.732297062873840332e-02
7.192777395248413086e-01
-8.938308358192443848e-01
1.150263566523790359e-02
1.864665985107421875e+00
1.181144595146179199e+00
8.777113556861877441e-01
9.349007606506347656e-01
8.169361203908920288e-02
5.583559349179267883e-02
-1.791659742593765259e-02
-2.344949841499328613e-01
3.660809099674224854e-01
5.046611428260803223e-01
2.054888308048248291e-01
5.098570585250854492e-01
2.193581908941268921e-01
-6.362212300300598145e-01
1.562660455703735352e+00
7.061361670494079590e-01
1.236271381378173828e+00
-1.067094802856445312e+00
5.899778008460998535e-01
5.175329446792602539e-01
-1.843943744897842407e-01
-3.832079470157623291e-01
-1.568016290664672852e+00
1.548915952444076538e-01
-9.089860320091247559e-01
3.303409516811370850e-01
1.778502911329269409e-01
6.685703992843627930e-01
-3.139207959175109863e-01
2.156593561172485352e+00
5.443528890609741211e-01
8.056334406137466431e-02
7.281848788261413574e-01
-3.959160149097442627e-01
-4.352758824825286865e-01
-1.493249893188476562e+00
-2.178277492523193359e+00
2.099776268005371094e+00
1.694449186325073242e+00
8.730601668357849121e-01
-3.069453127682209015e-02
5.815492197871208191e-02
-1.633366823196411133e+00
1.295293867588043213e-01
-4.893183708190917969e-01
9.785397052764892578e-01
-1.724790222942829132e-02
5.612360835075378418e-01
1.779755502939224243e-01
6.817572712898254395e-01
2.026205539703369141e+00
1.292215347290039062e+00
-1.576053053140640259e-01
-6.663720607757568359e-01
1.139919042587280273e+00
-3.661820590496063232e-01
8.637928366661071777e-01
-4.398204088211059570e-01
-1.041384339332580566e+00
2.474052459001541138e-01
1.720704078674316406e+00
-2.723246216773986816e-01
-1.818157434463500977e-01
-1.357723951339721680e+00
2.886989355087280273e+00
-1.941567540168762207e+00
2.268420934677124023e+00
-1.894353926181793213e-01
2.564877986907958984e+00
-1.473605990409851074e+00
-6.246265769004821777e-01
-3.588132858276367188e-01
-6.864104866981506348e-01
-4.757061004638671875e-01
-2.867083251476287842e-01
2.756571769714355469e-01
-3.519240766763687134e-02
3.435589373111724854e-03
-2.609350085258483887e-01
2.872990846633911133e+00
-1.710889101028442383e+00
1.590277433395385742e+00
-8.095219731330871582e-02
-3.539578914642333984e-01
-3.604427576065063477e-01
4.940763413906097412e-01
-7.218357920646667480e-01
4.321499347686767578e+00
9.542754292488098145e-01
1.207262277603149414e+00
2.259804755449295044e-01
3.359304428100585938e+00
1.130320191383361816e+00
-4.173389673233032227e-01
6.168352961540222168e-01
1.929182171821594238e+00
-3.657535314559936523e-01
-7.639681100845336914e-01
-3.233313560485839844e+00
2.723118305206298828e+00
4.818624019622802734e+00
3.589282274246215820e+00
3.068001508712768555e+00
6.752527713775634766e+00
1.864186525344848633e+00
3.658532619476318359e+00
6.702639102935791016e+00
4.217529296875000000e+00
3.415347576141357422e+00
8.674950897693634033e-02
3.853564709424972534e-02
1.021274402737617493e-01
-1.906919032335281372e-01
4.542157948017120361e-01
1.214356198906898499e-01
9.641993045806884766e-02
3.109313547611236572e-01
2.179811596870422363e-01
3.966844379901885986e-01
-1.739546358585357666e-01
5.052826404571533203e-01
-1.076428666710853577e-01
-3.955645263195037842e-01
9.494038820266723633e-01
5.078603029251098633e-01
-3.588788211345672607e-01
2.155642360448837280e-01
-4.720245003700256348e-01
-4.666961133480072021e-01
1.494874209165573120e-01
-1.461723074316978455e-02
2.382229268550872803e-01
-7.475712299346923828e-01
7.545099258422851562e-01
2.508114874362945557e-01
9.843025207519531250e-01
1.957142502069473267e-01
6.879004240036010742e-01
2.917246222496032715e-01
5.252534747123718262e-01
4.291398823261260986e-01
2.790131866931915283e-01
3.536496460437774658e-01
1.067976728081703186e-01
5.769197642803192139e-02
8.629621267318725586e-01
-2.542296051979064941e-01
4.488527476787567139e-01
-3.230985403060913086e-01
-5.320515036582946777e-01
-3.587166965007781982e-01
-2.125297784805297852e+00
2.394121587276458740e-01
6.054119467735290527e-01
4.632047414779663086e-01
-2.325248531997203827e-02
9.141326695680618286e-02
3.642836213111877441e-01
4.920057952404022217e-02
4.102859199047088623e-01
7.880815267562866211e-01
7.733463048934936523e-01
2.662508189678192139e-01
1.050613999366760254e+00
1.183357313275337219e-01
3.671738207340240479e-01
6.711338758468627930e-01
7.726212739944458008e-01
4.886899590492248535e-01
4.194091856479644775e-01
-1.531095951795578003e-01
1.871788024902343750e+00
1.070007085800170898e+00
1.030616760253906250e+00
2.049579173326492310e-01
4.347525164484977722e-02
-1.545006930828094482e-01
4.262345731258392334e-01
-5.741240084171295166e-02
1.547743231058120728e-01
1.389394700527191162e-01
2.731172144412994385e-01
1.586228013038635254e-01
6.540660280734300613e-03
-1.557226628065109253e-01
-1.379905492067337036e-01
-4.475193098187446594e-02
-7.623745501041412354e-02
1.107027754187583923e-01
2.801838815212249756e-01
-2.349138259887695312e-01
-1.593727767467498779e-01
2.602548897266387939e-01
2.112144976854324341e-01
1.465988606214523315e-01
1.000296697020530701e-01
7.131184339523315430e-01
1.318357735872268677e-01
-2.581008672714233398e-01
3.809584379196166992e-01
3.820963501930236816e-01
3.173842430114746094e-01
8.282876014709472656e-01
8.182682842016220093e-02
5.856736376881599426e-02
6.579104661941528320e-01
8.571285605430603027e-01
2.611188292503356934e-01
1.020775809884071350e-01
6.509956121444702148e-01
2.896811664104461670e-01
5.811855792999267578e-01
5.283219218254089355e-01
7.795313596725463867e-01
3.387932777404785156e-01
1.864849478006362915e-01
9.947847574949264526e-02
2.277978807687759399e-01
5.626511573791503906e-01
5.332235097885131836e-01
8.331396430730819702e-02
5.260876938700675964e-02
1.610599905252456665e-01
3.935036063194274902e-01
6.351053118705749512e-01
-2.939769029617309570e-01
6.661933064460754395e-01
-3.048713803291320801e-01
6.932291984558105469e-01
6.354422569274902344e-01
2.106250375509262085e-01
4.072204232215881348e-01
1.405249089002609253e-01
3.865657746791839600e-01
4.788411855697631836e-01
1.651157438755035400e-01
2.011815458536148071e-01
2.330233305692672729e-01
3.730852603912353516e-01
-2.803273499011993408e-01
8.204231858253479004e-01
9.533473849296569824e-02
2.123993635177612305e-01
-1.726551949977874756e-01
-1.522677838802337646e-01
5.949509739875793457e-01
5.447752475738525391e-01
9.190867543220520020e-01
2.902629971504211426e-01
3.686828613281250000e-01
-2.448308765888214111e-01
-2.696312367916107178e-01
3.881056308746337891e-01
3.106181323528289795e-02
2.851608693599700928e-01
-8.790596574544906616e-02
-2.551226615905761719e-01
5.519607067108154297e-01
4.917382448911666870e-02
1.953131258487701416e-01
-9.684596210718154907e-02
-7.145332694053649902e-01
1.109677702188491821e-01
2.759498655796051025e-01
5.525909066200256348e-01
6.052191853523254395e-01
-1.385702341794967651e-01
1.711573153734207153e-01
4.369033575057983398e-01
6.222643256187438965e-01
2.437128275632858276e-01
3.647614419460296631e-01
6.085029244422912598e-01
4.682788550853729248e-01
7.062686681747436523e-01
1.235930800437927246e+00
-1.154891699552536011e-01
8.499193191528320312e-01
6.025310754776000977e-01
4.290010631084442139e-01
2.978504002094268799e-01
2.341314852237701416e-01
-2.450686693191528320e-01
7.394948005676269531e-01
1.954850703477859497e-01
3.501119613647460938e-01
3.078352808952331543e-01
6.030419468879699707e-02
4.911005198955535889e-01
1.407457739114761353e-01
-8.082285523414611816e-01
-3.806178569793701172e-01
6.942000389099121094e-01
5.922052264213562012e-01
4.604160785675048828e-01
6.243768334388732910e-01
2.046028077602386475e-01
-7.537443190813064575e-02
6.536035239696502686e-02
2.706071734428405762e-01
-9.105824679136276245e-02
3.245717585086822510e-01
9.559568949043750763e-03
-1.562401652336120605e-01
-1.985257863998413086e-02
8.989946842193603516e-01
-4.074366092681884766e-01
1.116329073905944824e+00
4.599747657775878906e-01
-1.009182888083159924e-03
-1.566221266984939575e-01
-3.459193557500839233e-02
4.268290400505065918e-01
1.022580981254577637e+00
-1.214595511555671692e-02
4.167234897613525391e-01
-1.693885922431945801e-01
4.928083717823028564e-01
-7.273472100496292114e-02
7.329403162002563477e-01
3.630682528018951416e-01
1.029613137245178223e+00
-6.647912319749593735e-03
4.460387229919433594e-01
4.699264466762542725e-01
3.818451464176177979e-01
1.305032968521118164e-01
1.750730127096176147e-01
6.855930685997009277e-01
7.260459065437316895e-01
3.988445401191711426e-01
6.273437291383743286e-03
5.635084509849548340e-01
4.767185449600219727e-01
-3.854070007801055908e-01
9.967812150716781616e-02
9.908894300460815430e-01
8.862465023994445801e-01
8.608356118202209473e-01
1.007740497589111328e+00
1.925382852554321289e+00
4.347036778926849365e-01
1.028139710426330566e+00
-3.599360883235931396e-01
3.282328844070434570e-01
8.834639191627502441e-01
6.287483572959899902e-01
5.639436244964599609e-01
2.752649307250976562e+00
6.133397817611694336e-01
-2.841308712959289551e-01
1.459478959441184998e-02
8.411700129508972168e-01
-6.007687449455261230e-01
-6.933230757713317871e-01
9.253464341163635254e-01
4.072654545307159424e-01
5.348023772239685059e-01
6.561067104339599609e-01
1.212496280670166016e+00
8.525608777999877930e-01
1.207241892814636230e+00
-3.383592069149017334e-01
1.060662746429443359e+00
1.043264865875244141e+00
-3.386505413800477982e-03
6.402459740638732910e-01
1.404763340950012207e+00
7.801768183708190918e-01
-1.825738549232482910e-01
1.270805716514587402e+00
1.010468482971191406e+00
8.625338077545166016e-01
8.995967507362365723e-01
2.103744029998779297e+00
-3.508933186531066895e-01
-7.917904257774353027e-01
-5.197251439094543457e-01
-4.093061923980712891e+00
6.319729089736938477e-01
8.345020562410354614e-02
-1.371883630752563477e+00
8.696986436843872070e-01
-2.655945539474487305e+00
-3.656458556652069092e-01
-3.451175093650817871e-01
1.430325359106063843e-01
-1.870525926351547241e-01
5.371722579002380371e-01
4.645708501338958740e-01
2.367915511131286621e-01
-2.910179495811462402e-01
2.178487926721572876e-01
1.961124837398529053e-01
4.539738893508911133e-01
1.690175235271453857e-01
-1.950386315584182739e-01
1.193151623010635376e-01
1.595220416784286499e-01
-5.419024080038070679e-02
-1.598341576755046844e-02
7.289526462554931641e-01
3.147595003247261047e-02
3.776689171791076660e-01
1.109814524650573730e+00
2.760663628578186035e-01
4.373362958431243896e-01
3.771740794181823730e-01
8.005481958389282227e-01
-7.744825631380081177e-02
-1.471770703792572021e-01
8.763096481561660767e-02
2.561387978494167328e-02
-8.599752783775329590e-01
-3.156618177890777588e-01
-1.923584043979644775e-01
6.222060322761535645e-01
-3.877023160457611084e-01
-3.090505115687847137e-02
-1.892340183258056641e-01
-3.228722512722015381e-01
-3.156245872378349304e-02
6.455537676811218262e-01
3.685147166252136230e-01
6.803719401359558105e-01
9.482956528663635254e-01
8.419377803802490234e-01
2.396684169769287109e+00
4.148651361465454102e-01
-2.156585901975631714e-01
-2.605029642581939697e-01
1.310616135597229004e-01
1.203450337052345276e-01
-2.031814604997634888e-01
-2.632686495780944824e-01
1.021756306290626526e-01
-1.020014509558677673e-01
-1.304006725549697876e-01
-5.829967558383941650e-02
-3.458145260810852051e-01
-7.886410504579544067e-02
-5.105783939361572266e-01
1.452694833278656006e-01
3.386650979518890381e-01
5.020782947540283203e-01
5.327336788177490234e-01
5.936309099197387695e-01
-1.327473402023315430e+00
-3.398296833038330078e-01
-8.303807973861694336e-01
6.537920236587524414e-01
-1.544331759214401245e-02
-4.003528058528900146e-01
4.450363814830780029e-01
1.171861123293638229e-02
9.858702123165130615e-02
-3.021619617938995361e-01
-1.874469220638275146e-01
-1.739411354064941406e-01
-5.470554828643798828e-01
1.322554945945739746e-01
6.042825430631637573e-02
-2.838984690606594086e-02
-7.282416224479675293e-01
-1.425901502370834351e-01
-4.646852910518646240e-01
-1.930034160614013672e-01
5.602392554283142090e-01
-3.692551851272583008e-01
-1.549012660980224609e-01
-8.731024265289306641e-01
9.117951244115829468e-02
-1.046934127807617188e-01
-8.620822429656982422e-02
2.704786360263824463e-01
1.289581656455993652e-01
3.756142854690551758e-01
1.305192112922668457e-01
-4.178616404533386230e-01
1.169948354363441467e-01
1.910445094108581543e-01
5.147233009338378906e-01
1.528847515583038330e-01
3.713977038860321045e-01
3.581499755382537842e-01
-1.519526839256286621e-01
3.699003458023071289e-01
2.738487124443054199e-01
7.286453992128372192e-02
1.218467876315116882e-01
-6.450486183166503906e-01
2.771361768245697021e-01
-6.513360142707824707e-01
-7.913069427013397217e-02
-1.667436957359313965e-01
1.513634622097015381e-01
1.883639842271804810e-01
1.343812644481658936e-01
-1.487842947244644165e-01
-1.569295078516006470e-01
8.678658604621887207e-01
3.083279430866241455e-01
8.856479823589324951e-02
7.085480690002441406e-01
-3.199031949043273926e-01
5.378125309944152832e-01
5.284959450364112854e-02
1.925169825553894043e-01
1.136752292513847351e-01
1.028215978294610977e-02
-6.430272012948989868e-02
-3.044620156288146973e-01
9.455543011426925659e-02
2.201341837644577026e-01
-4.114633500576019287e-01
2.905695736408233643e-01
-6.400007009506225586e-01
-8.081605434417724609e-01
-5.594308376312255859e-01
1.003584116697311401e-01
5.865883827209472656e-02
-6.589007377624511719e-01
-4.780101776123046875e-01
-2.920107245445251465e-01
-3.424448668956756592e-01
-2.084644734859466553e-01
5.359814688563346863e-02
2.109442353248596191e-01
-1.798636764287948608e-01
-4.214044809341430664e-01
-1.003908589482307434e-01
1.145076239481568336e-04
-4.195990264415740967e-01
-2.115429788827896118e-01
-5.489718914031982422e-01
-1.863871514797210693e-01
-2.872994840145111084e-01
3.766368329524993896e-01
-3.996805846691131592e-01
3.019392304122447968e-02
-5.702381134033203125e-01
-4.662221074104309082e-01
9.644662961363792419e-03
-3.260154277086257935e-02
6.786839663982391357e-02
-3.869883120059967041e-01
2.091201767325401306e-02
-2.583656013011932373e-01
-3.503073453903198242e-01
3.482526540756225586e-01
5.058044791221618652e-01
2.866421639919281006e-01
-1.410583872348070145e-02
-1.225144788622856140e-01
1.743486225605010986e-01
1.660236269235610962e-01
-1.539103388786315918e-01
2.696743467822670937e-03
1.545525640249252319e-01
-5.567753911018371582e-01
-4.412311315536499023e-01
2.030027471482753754e-02
5.135235786437988281e-01
2.375312447547912598e-01
7.677396386861801147e-02
4.934281706809997559e-01
1.261910438537597656e+00
5.004216432571411133e-01
9.189192205667495728e-02
1.010233044624328613e+00
-5.777781009674072266e-01
-4.871595501899719238e-01
2.619458734989166260e-01
1.419628388248383999e-03
8.505691885948181152e-01
-6.242125853896141052e-02
3.745622560381889343e-02
4.226008951663970947e-01
-3.418537974357604980e-01
9.197148680686950684e-01
-1.911080032587051392e-01
-1.006914734840393066e+00
-8.850887417793273926e-02
-1.481049060821533203e+00
-3.010700941085815430e-01
-6.758824922144412994e-03
6.558325290679931641e-01
3.123932480812072754e-01
1.148517131805419922e+00
-4.770039916038513184e-01
-5.231168270111083984e-01
1.245691776275634766e-01
2.941824197769165039e-01
8.136547356843948364e-02
-1.097376942634582520e-01
-7.536740303039550781e-01
1.014921367168426514e-01
-8.000375628471374512e-01
-2.744384706020355225e-01
-4.367640614509582520e-01
2.952291369438171387e-01
5.187443494796752930e-01
-4.846673607826232910e-01
-4.414363801479339600e-01
-4.433694183826446533e-01
4.195189774036407471e-01
-4.212429225444793701e-01
-1.585671454668045044e-01
-9.681783914566040039e-01
-1.393323987722396851e-01
-3.966426476836204529e-02
-2.894300222396850586e-02
-1.069675564765930176e+00
4.102012217044830322e-01
-6.534594893455505371e-01
-1.044075608253479004e+00
-2.170472621917724609e+00
9.144912362098693848e-01
1.011656820774078369e-01
1.352002501487731934e+00
1.201321780681610107e-01
2.224581986665725708e-01
-1.660401672124862671e-01
-5.695142969489097595e-02
-2.524100057780742645e-02
-7.461186647415161133e-01
5.583370923995971680e-01
1.205769777297973633e-01
-1.835242360830307007e-01
1.118358373641967773e+00
1.536287903785705566e+00
-1.418980658054351807e-01
1.186031937599182129e+00
4.092448949813842773e-01
-7.511641085147857666e-02
2.110817655920982361e-02
-3.971655368804931641e-01
2.061101436614990234e+00
4.491508603096008301e-01
2.548584938049316406e-01
-7.254406213760375977e-01
7.561953067779541016e-01
2.079472392797470093e-01
-1.551148593425750732e-01
2.882072031497955322e-01
7.737429141998291016e-01
-1.114670872688293457e+00
-2.219095826148986816e-01
-1.230303198099136353e-01
3.372192680835723877e-01
-6.677061915397644043e-01
3.429481387138366699e-01
9.603238105773925781e-01
5.900529026985168457e-01
3.774174451828002930e+00
-1.612025737762451172e+00
5.643934607505798340e-01
2.977307438850402832e-01
-1.789977312088012695e+00
2.761327981948852539e+00
-1.067756772041320801e+00
5.668359994888305664e-01
7.160421013832092285e-01
8.408165574073791504e-01
8.579074740409851074e-01
7.096950411796569824e-01
6.782808154821395874e-02
7.965566515922546387e-01
5.008084774017333984e-01
7.098788619041442871e-01
1.951469182968139648e-01
8.012275099754333496e-01
9.757445007562637329e-02
8.756644725799560547e-01
9.534247517585754395e-01
8.143491148948669434e-01
7.448396086692810059e-01
8.915027976036071777e-01
5.582224130630493164e-01
9.078240990638732910e-01
1.021183952689170837e-01
4.026722311973571777e-01
4.066392034292221069e-02
9.142807126045227051e-01
3.864684998989105225e-01
2.542367950081825256e-02
4.163897037506103516e-01
3.797040581703186035e-01
3.683570399880409241e-02
6.296141147613525391e-01
6.940684318542480469e-01
2.548895478248596191e-01
6.794383525848388672e-01
1.379560828208923340e-01
6.201505661010742188e-01
2.487102150917053223e-01
6.057150363922119141e-01
8.190552592277526855e-01
2.638277411460876465e-01
4.605827927589416504e-01
2.765372097492218018e-01
3.239411413669586182e-01
3.076526820659637451e-01
1.905709803104400635e-01
9.792486578226089478e-02
4.378311932086944580e-01
9.659337997436523438e-01
9.511672854423522949e-01
2.587170302867889404e-01
8.430897593498229980e-01
1.048990115523338318e-01
7.480212450027465820e-01
5.579999089241027832e-01
5.122233033180236816e-01
6.473546624183654785e-01
2.485461980104446411e-01
2.858649492263793945e-01
5.903429985046386719e-01
7.088403701782226562e-01
6.467370390892028809e-01
9.214776158332824707e-01
2.994033992290496826e-01
6.768556833267211914e-01
5.081357955932617188e-01
4.595889151096343994e-01
6.224765256047248840e-02
7.380419969558715820e-01
1.031404435634613037e-01
2.842510640621185303e-01
5.147127509117126465e-01
9.308688640594482422e-01
2.513514161109924316e-01
3.510617911815643311e-01
6.120734810829162598e-01
5.360595583915710449e-01
4.148653745651245117e-01
7.256235480308532715e-01
8.549539446830749512e-01
1.465642899274826050e-01
5.365357995033264160e-01
7.131351232528686523e-01
4.552575349807739258e-01
9.019008278846740723e-01
1.150932535529136658e-02
8.138136863708496094e-01
9.243915677070617676e-01
3.261952698230743408e-01
1.839182078838348389e-01
8.864105343818664551e-01
2.890755534172058105e-01
3.211756348609924316e-01
4.421092271804809570e-01
2.214826345443725586e-01
3.158724904060363770e-01
1.843232661485671997e-01
1.096525862812995911e-01
9.502509236335754395e-01
1.127611249685287476e-01
5.651771426200866699e-01
3.551952838897705078e-01
8.424171060323715210e-02
6.307275891304016113e-01
5.987135171890258789e-01
3.424416184425354004e-01
5.618832707405090332e-01
8.126795887947082520e-01
5.889685750007629395e-01
2.359114587306976318e-01
5.560879707336425781e-01
5.203623771667480469e-01
9.526113867759704590e-01
2.042360156774520874e-01
7.552925348281860352e-01
6.803351044654846191e-01
3.211556375026702881e-01
6.353678703308105469e-01
6.703892350196838379e-01
8.131951093673706055e-01
7.453715801239013672e-01
6.806412935256958008e-01
7.298985719680786133e-01
4.856443032622337341e-02
4.590917825698852539e-01
7.048501372337341309e-01
2.654054760932922363e-01
6.056072711944580078e-01
5.825628060847520828e-03
5.429059267044067383e-01
7.952857613563537598e-01
1.737065613269805908e-01
1.212376281619071960e-01
7.124310135841369629e-01
7.769887447357177734e-01
4.309210777282714844e-01
2.315559536218643188e-01
9.486183524131774902e-01
4.467171430587768555e-01
6.953248977661132812e-01
8.552405834197998047e-01
8.230280876159667969e-01
1.557739228010177612e-01
3.047623932361602783e-01
7.124886512756347656e-01
4.359520599246025085e-02
4.508679509162902832e-01
4.377244710922241211e-01
5.934576392173767090e-01
9.363926649093627930e-01
9.965998530387878418e-01
4.415402710437774658e-01
8.578926324844360352e-02
2.909132242202758789e-01
1.283079087734222412e-01
3.605128824710845947e-01
4.571315646171569824e-01
5.932380557060241699e-01
7.505345940589904785e-01
1.585509181022644043e-01
7.179883122444152832e-01
7.467244863510131836e-01
5.200244784355163574e-01
1.752816140651702881e-01
7.705782055854797363e-01
8.232228755950927734e-01
3.801009654998779297e-01
8.741647601127624512e-01
6.935079395771026611e-02
7.225676774978637695e-01
6.481087207794189453e-01
9.321897625923156738e-01
1.525891125202178955e-01
4.031204283237457275e-01
8.249113559722900391e-01
7.240409255027770996e-01
9.857966899871826172e-01
6.292026638984680176e-01
7.028951048851013184e-01
3.230089247226715088e-01
2.501867711544036865e-01
1.292114108800888062e-01
3.763712346553802490e-01
6.226017475128173828e-01
4.775877594947814941e-01
9.656363725662231445e-01
8.483435511589050293e-01
5.903349444270133972e-02
9.204614162445068359e-01
5.918374061584472656e-01
8.208227157592773438e-01
7.218948751688003540e-02
7.969038486480712891e-01
3.950213789939880371e-01
6.972469091415405273e-01
7.092407941818237305e-01
7.011582255363464355e-01
9.069620631635189056e-03
7.171702384948730469e-01
3.019990324974060059e-01
5.172575265169143677e-02
7.577595710754394531e-01
1.710704863071441650e-01
4.471537768840789795e-01
3.881702721118927002e-01
9.960520267486572266e-01
6.671974062919616699e-01
7.010074853897094727e-01
5.324457883834838867e-01
5.931428447365760803e-02
5.790524482727050781e-01
6.293522119522094727e-01
8.444931507110595703e-01
8.542703390121459961e-01
8.440118432044982910e-01
5.984043478965759277e-01
7.803569436073303223e-01
5.924392938613891602e-01
8.472877740859985352e-02
7.909076809883117676e-01
9.705201983451843262e-01
6.751596331596374512e-01
6.117126345634460449e-01
1.768888346850872040e-02
2.382858246564865112e-01
4.667522907257080078e-01
5.707784891128540039e-01
1.037823706865310669e-01
2.517880797386169434e-01
4.494795501232147217e-01
7.946604490280151367e-02
1.192080080509185791e-01
9.149990677833557129e-01
5.413643717765808105e-01
9.527717232704162598e-01
2.571616768836975098e-01
9.616795182228088379e-01
6.691829562187194824e-01
7.180058956146240234e-01
6.285333633422851562e-01
2.670589983463287354e-01
4.175128042697906494e-02
9.027050137519836426e-01
2.189885824918746948e-01
8.761919140815734863e-01
6.469604372978210449e-01
9.270975589752197266e-01
2.495285719633102417e-01
4.026262462139129639e-01
8.830686211585998535e-01
5.696163177490234375e-01
3.205730617046356201e-01
3.323274478316307068e-02
4.307736158370971680e-01
9.765061736106872559e-01
6.302721500396728516e-01
2.790549099445343018e-01
6.820486783981323242e-01
3.216002881526947021e-01
8.962245583534240723e-01
4.032778143882751465e-01
6.535524129867553711e-01
3.118782639503479004e-01
7.548129558563232422e-01
6.466440558433532715e-01
2.109103351831436157e-01
5.873440206050872803e-02
7.159106135368347168e-01
2.678398787975311279e-01
9.491323232650756836e-01
3.084174990653991699e-01
6.423968821763992310e-02
4.688149392604827881e-01
7.100676745176315308e-02
7.940125465393066406e-01
7.547965049743652344e-01
2.697900831699371338e-01
7.198762148618698120e-02
9.218525290489196777e-01
9.057293534278869629e-01
4.917992949485778809e-01
-8.380427360534667969e-01
2.330075800418853760e-01
