1.580555677413940430e+00
1.306941032409667969e+00
4.273455619812011719e+00
-1.362351417541503906e+00
1.902636289596557617e+00
2.842077255249023438e+00
2.597369194030761719e+00
2.269963741302490234e+00
2.580396413803100586e+00
1.676620125770568848e+00
1.387890458106994629e+00
7.926014661788940430e-01
-1.262135617434978485e-02
-3.959427028894424438e-02
8.068704605102539062e-01
1.338863253593444824e+00
9.865704178810119629e-01
-7.280021309852600098e-01
6.684825420379638672e-01
3.685996532440185547e-01
-1.270043849945068359e-01
-9.348476529121398926e-01
1.319184184074401855e+00
5.607724562287330627e-02
-6.546045094728469849e-02
-2.809754014015197754e-01
-2.327215671539306641e-01
-3.040845878422260284e-02
-7.647533714771270752e-02
-2.453153431415557861e-01
-4.348334074020385742e-01
1.313805431127548218e-01
3.535676747560501099e-02
-1.056453347206115723e+00
9.464886665344238281e+00
1.321681880950927734e+01
1.111700534820556641e+01
1.401986980438232422e+01
1.559033966064453125e+01
1.504778194427490234e+01
1.739388656616210938e+01
1.895154953002929688e+01
1.947745513916015625e+01
1.992949485778808594e+01
2.665737533569335938e+01
1.192176461219787598e+00
-4.213610664010047913e-02
-5.858919620513916016e-01
-3.270528018474578857e-01
-1.634898632764816284e-01
7.119852900505065918e-01
-7.334316968917846680e-01
3.491477072238922119e-01
-1.185231328010559082e+00
-2.026261568069458008e+00
-9.902287125587463379e-01
-2.507851421833038330e-01
6.747654080390930176e-01
-1.453795671463012695e+00
-3.272574245929718018e-01
9.456523656845092773e-01
-5.192250609397888184e-01
-6.869295835494995117e-01
-2.087898403406143188e-01
-3.012800514698028564e-01
-3.711210787296295166e-01
1.108176037669181824e-01
-2.940422594547271729e-01
-1.104597672820091248e-01
-1.061245918273925781e+00
5.737583637237548828e-01
-1.703502088785171509e-01
9.386557340621948242e-01
-1.307783603668212891e+00
4.785807058215141296e-02
3.000318765640258789e+00
7.712888717651367188e-01
-1.269847393035888672e+00
-4.514381587505340576e-01
-6.309512257575988770e-01
6.010980010032653809e-01
2.883003279566764832e-02
2.041146755218505859e+00
7.564307451248168945e-01
-5.085850358009338379e-01
1.080502748489379883e+00
-2.827941775321960449e-01
-7.591216266155242920e-02
-2.765210270881652832e-01
-1.515909284353256226e-01
-3.279025852680206299e-01
-5.300052165985107422e-01
-7.715214490890502930e-01
7.475847005844116211e-01
2.665199935436248779e-01
-1.622051000595092773e+00
6.959740519523620605e-01
1.529199600219726562e+00
-7.673966884613037109e-01
-6.863723397254943848e-01
1.659827828407287598e+00
-8.170632123947143555e-01
-5.906485915184020996e-01
1.902184724807739258e+00
1.868573904037475586e+00
1.816715955734252930e+00
1.030808925628662109e+00
-3.681844174861907959e-01
-5.140270709991455078e+00
7.868833541870117188e-01
-1.824880480766296387e+00
-1.168793514370918274e-01
-3.654095157980918884e-02
-5.063024759292602539e-01
2.316935062408447266e-01
4.256845712661743164e-01
6.005072221159934998e-02
-6.110998392105102539e-01
-3.154645562171936035e-01
-4.069197475910186768e-01
8.940552473068237305e-01
-5.258151292800903320e-01
5.295546054840087891e-01
-1.343635916709899902e-01
2.270739525556564331e-01
-1.841877400875091553e-01
-8.358419686555862427e-02
2.380770742893218994e-01
1.817201375961303711e-01
2.816087007522583008e-01
-1.999095678329467773e-01
1.896111071109771729e-01
-4.033022820949554443e-01
2.735151052474975586e-01
-3.529540598392486572e-01
-1.291310489177703857e-01
-8.551716208457946777e-01
9.800524264574050903e-02
-1.180304735898971558e-01
-7.800866961479187012e-01
-1.085093021392822266e+00
-4.071933925151824951e-01
1.272542625665664673e-01
1.013842150568962097e-01
3.647434115409851074e-01
-4.302055537700653076e-01
-4.925360381603240967e-01
-3.734698593616485596e-01
-1.260605931282043457e+00
6.186790466308593750e-01
-1.945597082376480103e-01
1.644996106624603271e-01
4.571463763713836670e-01
-5.410769581794738770e-01
-4.273377731442451477e-02
4.952540099620819092e-01
7.616205215454101562e-01
1.959817409515380859e-01
-3.068534284830093384e-02
6.887863278388977051e-01
6.828905344009399414e-01
4.675800800323486328e-01
1.096236824989318848e+00
4.339952766895294189e-01
3.425688743591308594e-01
2.397464811801910400e-01
-1.244186386466026306e-01
1.136680722236633301e+00
-9.627640247344970703e-01
-9.689246416091918945e-01
3.503887951374053955e-01
5.002405866980552673e-02
3.352270126342773438e-01
-3.043696582317352295e-01
1.713412284851074219e+00
-1.908911466598510742e-01
9.356627464294433594e-01
-3.029160201549530029e-01
2.064327895641326904e-01
5.830140113830566406e-01
-1.160456463694572449e-01
-3.233886063098907471e-01
1.452839672565460205e-01
8.364921212196350098e-01
-1.908172369003295898e-01
-1.891514509916305542e-01
-4.598738253116607666e-02
2.829170227050781250e-01
2.630126662552356720e-02
-1.054205521941184998e-01
2.031012326478958130e-01
2.269563674926757812e-01
-9.841115027666091919e-02
7.762137055397033691e-02
6.986683607101440430e-02
8.288373798131942749e-02
-5.723562464118003845e-02
1.616346091032028198e-01
5.043541789054870605e-01
7.098026573657989502e-03
2.906008064746856689e-02
5.224117040634155273e-01
7.991113662719726562e-01
3.256595134735107422e-02
-6.056269407272338867e-01
1.104539871215820312e+00
2.812333106994628906e-01
-6.687458157539367676e-01
-1.942758262157440186e-01
3.808681368827819824e-01
3.346385434269905090e-02
4.844501912593841553e-01
-9.656800329685211182e-02
-1.601459234952926636e-01
2.854985594749450684e-01
-5.090520977973937988e-01
4.153533875942230225e-01
-4.207285046577453613e-01
3.506685495376586914e-01
5.145689845085144043e-01
1.662212014198303223e-01
-4.275926351547241211e-01
-3.460585772991180420e-01
4.306517541408538818e-01
4.476088285446166992e-02
-9.875265359878540039e-01
-1.170635074377059937e-01
-8.130978047847747803e-02
-9.918516278266906738e-01
-1.086908459663391113e+00
5.974342226982116699e-01
4.935137331485748291e-01
1.734896421432495117e+00
6.345381736755371094e-01
3.286150991916656494e-01
-4.296266734600067139e-01
-3.482670187950134277e-01
-3.258666396141052246e-01
1.983610987663269043e-01
-5.569357275962829590e-01
1.331259965896606445e+00
1.514798104763031006e-01
-1.310138106346130371e+00
5.837694276124238968e-03
-9.579875506460666656e-03
9.726421907544136047e-03
-8.510625921189785004e-03
4.585295449942350388e-03
3.832891583442687988e-03
2.738428302109241486e-03
1.558278221637010574e-03
-2.157617360353469849e-03
-9.907982312142848969e-03
-8.430990274064242840e-04
-2.799635287374258041e-03
7.964179967530071735e-04
-4.073584452271461487e-03
2.395564923062920570e-03
-5.553104449063539505e-03
4.882396664470434189e-03
4.510941915214061737e-03
2.975829993374645710e-04
-7.945103570818901062e-03
-8.720800280570983887e-03
8.598165586590766907e-04
4.132210277020931244e-03
9.635149501264095306e-03
-3.971980884671211243e-03
-8.755660615861415863e-03
6.822878494858741760e-03
7.751811295747756958e-03
2.999985917995218188e-05
-7.699660491198301315e-03
3.313985886052250862e-03
7.481592241674661636e-03
6.554371211677789688e-03
1.230883994139730930e-03
5.539317615330219269e-03
1.254910137504339218e-03
6.402663886547088623e-03
5.009111482650041580e-03
-4.048152361065149307e-03
7.592598441988229752e-03
-7.428250974044203758e-04
-1.548244734294712543e-03
-8.084804750978946686e-03
-4.671961069107055664e-03
3.798103425651788712e-03
5.527338013052940369e-03
3.774746321141719818e-03
3.936116583645343781e-03
7.652117870748043060e-03
8.432815782725811005e-03
6.986029911786317825e-03
3.508396912366151810e-03
1.476013858336955309e-04
-5.845427513122558594e-03
-4.903888329863548279e-04
8.314596925629302859e-05
-8.713134564459323883e-03
-5.610445514321327209e-03
-6.368709146045148373e-04
9.120881557464599609e-03
2.391098299995064735e-03
-9.327397681772708893e-03
-1.391011173836886883e-04
-4.042929504066705704e-03
-4.899039398878812790e-03
-8.724537678062915802e-03
1.222658395767211914e+00
8.638108968734741211e-01
-1.570373058319091797e+00
6.032978892326354980e-01
