2.180224895477294922e+00
-4.896682798862457275e-01
7.962542772293090820e-01
5.002299308776855469e+00
3.657689332962036133e+00
1.797223925590515137e+00
2.010599136352539062e+00
3.506020069122314453e+00
1.159933283925056458e-01
2.367126643657684326e-01
1.436626911163330078e-01
-3.418356776237487793e-01
7.536308467388153076e-02
7.498370856046676636e-02
5.080991387367248535e-01
2.289223968982696533e-01
-7.616759836673736572e-02
-1.067877173423767090e+00
-1.903454184532165527e+00
-7.473214864730834961e-01
6.745829433202743530e-02
-1.098391190171241760e-01
-2.332627773284912109e-01
-8.555903099477291107e-03
-2.051621228456497192e-01
-1.182569414377212524e-01
1.331711113452911377e-01
9.466392993927001953e-01
9.397871017456054688e+00
1.042654514312744141e+01
1.328966331481933594e+01
1.541894054412841797e+01
1.494436740875244141e+01
1.749228668212890625e+01
1.918419075012207031e+01
2.070344734191894531e+01
2.220113945007324219e+01
-9.169155359268188477e-01
2.758603692054748535e-01
-1.263277888298034668e+00
4.926974475383758545e-01
-6.583919376134872437e-02
5.176309943199157715e-01
-1.270685672760009766e+00
1.278152704238891602e+00
-3.447242081165313721e-01
7.408980131149291992e-01
2.076569050550460815e-01
4.252634942531585693e-01
1.046789586544036865e-01
-5.442526936531066895e-01
-8.041072487831115723e-01
-8.121094703674316406e-01
-8.607530593872070312e-01
-8.112463355064392090e-01
7.051093131303787231e-02
4.648869484663009644e-02
-5.533066391944885254e-01
2.656444162130355835e-02
1.726708769798278809e+00
1.101010084152221680e+00
5.385976433753967285e-01
-2.203838586807250977e+00
-5.512789636850357056e-02
-3.255298733711242676e-01
-2.567743062973022461e+00
-1.414610743522644043e+00
3.832930088043212891e+00
-2.045296907424926758e+00
1.689271569252014160e+00
3.585321426391601562e+00
5.565895557403564453e+00
1.662548422813415527e+00
-1.295764565467834473e+00
-1.633309245109558105e+00
-3.079238176345825195e+00
2.744553089141845703e-01
8.486844897270202637e-01
3.116892099380493164e+00
1.487577199935913086e+00
2.833478450775146484e+00
6.159415245056152344e+00
-2.049643173813819885e-02
-2.620567381381988525e-01
1.797750592231750488e-02
1.457907352596521378e-02
-9.018930047750473022e-02
-1.741215288639068604e-01
6.634376645088195801e-01
4.184101223945617676e-01
7.731362581253051758e-01
-2.678179740905761719e-01
-1.463524550199508667e-01
-9.204971790313720703e-02
3.840926885604858398e-01
-3.231918439269065857e-02
2.373991012573242188e-01
-2.461654990911483765e-01
2.116737365722656250e-01
3.085511028766632080e-01
1.492974907159805298e-01
-1.023800075054168701e-01
2.251858413219451904e-01
1.213527172803878784e-01
7.865679264068603516e-02
-1.161871179938316345e-01
-1.663374342024326324e-02
1.031348109245300293e+00
-2.053291201591491699e-01
3.984506130218505859e-01
1.270367383956909180e+00
7.353205680847167969e-01
-1.171879649162292480e+00
5.524290800094604492e-01
-4.134808182716369629e-01
-1.559856891632080078e+00
-1.956420540809631348e+00
-2.046536952257156372e-01
3.965155482292175293e-01
5.242791399359703064e-02
1.183471560478210449e+00
7.266194373369216919e-02
1.391167100518941879e-02
-1.129470229148864746e+00
-4.950641691684722900e-01
-9.378185868263244629e-01
-7.062681950628757477e-03
-2.944326102733612061e-01
-1.908101513981819153e-02
6.859935075044631958e-02
3.342404589056968689e-02
1.296047717332839966e-01
-4.463934898376464844e-01
9.943780303001403809e-02
3.924915194511413574e-01
2.071404308080673218e-01
-2.683050930500030518e-01
-6.582395732402801514e-02
-2.121404260396957397e-01
3.658812642097473145e-01
3.159202933311462402e-01
3.344067633152008057e-01
-6.606437265872955322e-02
4.340343475341796875e-01
4.068415462970733643e-01
-2.476388216018676758e-01
1.378719974309206009e-02
2.254383265972137451e-01
1.911530643701553345e-02
-5.380684733390808105e-01
-3.700965344905853271e-01
-9.231397509574890137e-02
7.038198709487915039e-01
2.912007458508014679e-02
1.386336833238601685e-01
1.041349768638610840e+00
3.907732963562011719e-01
-1.751555562019348145e+00
4.838945865631103516e-01
-3.670417368412017822e-01
-1.571863651275634766e+00
-1.595693588256835938e+00
-3.813922405242919922e-01
2.486152946949005127e-01
5.922021269798278809e-01
-6.709144264459609985e-02
1.628681421279907227e-01
-6.767978072166442871e-01
-3.127104938030242920e-01
-1.104635238647460938e+00
-9.271994233131408691e-01
-1.330569505691528320e+00
2.402211772277951241e-03
-3.449127310886979103e-03
-6.392191164195537567e-03
-4.485254641622304916e-03
8.340940810739994049e-03
8.678422309458255768e-03
7.940830662846565247e-03
7.538685575127601624e-03
8.712289854884147644e-03
-4.825677722692489624e-03
-1.296618487685918808e-03
3.763274988159537315e-03
7.660173811018466949e-03
-6.840442307293415070e-03
-8.320274762809276581e-03
-8.027534931898117065e-03
-9.027262218296527863e-03
-9.468854404985904694e-03
-4.415526054799556732e-03
-6.442745681852102280e-03
-2.540869638323783875e-03
6.774630863219499588e-03
-5.579135846346616745e-03
6.243017967790365219e-03
-4.854355938732624054e-03
4.606682807207107544e-03
8.465456194244325161e-04
-9.272962808609008789e-03
2.268513897433876991e-03
-1.121148583479225636e-03
-3.589484142139554024e-03
9.371670894324779510e-03
1.072022714652121067e-03
3.505062544718384743e-03
9.769234806299209595e-03
8.141200058162212372e-03
-9.948755614459514618e-04
-5.352466832846403122e-03
-1.229540910571813583e-03
-7.536801043897867203e-03
9.504183195531368256e-03
9.909345768392086029e-03
-9.057414717972278595e-03
2.151134976884350181e-04
-4.493013024330139160e-03
1.027553081512451172e+00
9.504538774490356445e-01
-2.163141727447509766e+00
6.626931428909301758e-01
