1.236889457702636719e+01
1.085302925109863281e+01
1.152871131896972656e+01
1.564161300659179688e+01
1.104436302185058594e+01
1.111538028717041016e+01
1.550892448425292969e+01
1.544399833679199219e+01
1.544397640228271484e+01
1.544394683837890625e+01
8.744014739990234375e+00
1.598559761047363281e+01
-7.314171314239501953e+00
-5.005484104156494141e+00
1.125631904602050781e+01
3.948981165885925293e-01
1.197828292846679688e+01
-1.029849910736083984e+01
-1.211580559611320496e-01
1.568549156188964844e+00
-5.382426738739013672e+00
-3.170390367507934570e+00
5.809994220733642578e+00
-6.435891151428222656e+00
-2.504517793655395508e+00
-7.652059555053710938e+00
9.707031846046447754e-01
-9.052219390869140625e+00
-6.392179489135742188e+00
2.622419834136962891e+00
5.883497238159179688e+00
-6.591788291931152344e+00
3.515305757522583008e+00
-3.693679332733154297e+00
-1.362487697601318359e+01
7.273411750793457031e+00
-7.133838653564453125e+00
4.860774993896484375e+00
8.340847969055175781e+00
4.255551099777221680e-01
1.240202903747558594e+01
-5.654131412506103516e+00
-4.345002651214599609e+00
-9.449265480041503906e+00
1.810266375541687012e+00
-5.024747371673583984e+00
1.109722137451171875e+01
8.912013053894042969e+00
-8.911357522010803223e-01
-2.939994335174560547e+00
-1.250301837921142578e+00
3.139077186584472656e+00
7.044443130493164062e+00
-3.507224798202514648e+00
4.860771656036376953e+00
8.341619491577148438e+00
6.403938531875610352e-01
-4.426396369934082031e+00
-1.295149177312850952e-01
-8.372542381286621094e+00
4.830178260803222656e+00
-3.809876918792724609e+00
8.591220855712890625e+00
-1.151439189910888672e+00
4.383647441864013672e+00
-3.336075782775878906e+00
8.330346107482910156e+00
3.989878416061401367e+00
7.472474098205566406e+00
2.361627101898193359e+00
-1.147710800170898438e+00
-3.506734669208526611e-01
-4.783923923969268799e-02
-2.591564416885375977e+00
4.791778326034545898e-01
6.167057037353515625e+00
7.364690780639648438e+00
2.739070892333984375e+00
8.309851646423339844e+00
-3.778608322143554688e+00
7.510354518890380859e+00
-7.910163402557373047e+00
6.296023368835449219e+00
4.374759674072265625e+00
-1.852135896682739258e+00
6.822604656219482422e+00
1.257295370101928711e+00
-4.853630065917968750e+00
-4.187932014465332031e+00
-1.793970584869384766e+00
1.273018002510070801e+00
-2.358026742935180664e+00
4.472759962081909180e-01
2.059089660644531250e+00
4.655557632446289062e+00
3.156807899475097656e+00
1.951122522354125977e+00
-2.598763704299926758e+00
-2.003690719604492188e+00
5.025953292846679688e+00
-1.588179230690002441e+00
-1.386289477348327637e+00
-3.869836568832397461e+00
4.980348110198974609e+00
-1.978939771652221680e+00
-1.433564662933349609e+00
4.365215301513671875e+00
-3.388429805636405945e-02
-2.653869628906250000e+00
1.815102934837341309e+00
-1.523598670959472656e+00
2.552798509597778320e+00
-2.474956989288330078e+00
9.239298701286315918e-01
1.948282718658447266e+00
-1.312944412231445312e+00
2.459002971649169922e+00
6.382234096527099609e-01
3.279297828674316406e+00
5.126573085784912109e+00
1.954271316528320312e+00
-3.623438596725463867e+00
-2.969164133071899414e+00
-3.156016588211059570e+00
-3.316472768783569336e+00
2.097530126571655273e+00
-1.134038686752319336e+00
2.927893638610839844e+00
-1.252323985099792480e+00
3.922220468521118164e+00
3.952657938003540039e+00
2.123488426208496094e+00
9.115405678749084473e-01
-3.401941776275634766e+00
5.285741090774536133e-01
-8.819500207901000977e-01
4.338790893554687500e+00
6.571418046951293945e-01
-2.659202814102172852e+00
2.596235036849975586e+00
9.877371191978454590e-01
-8.465721011161804199e-01
-2.830832958221435547e+00
-2.960943698883056641e+00
-2.391158580780029297e+00
-4.039529323577880859e+00
3.970664024353027344e+00
-2.262456893920898438e+00
-2.755393385887145996e-01
1.415498971939086914e+00
-4.498621225357055664e-01
1.007662296295166016e+00
2.445868216454982758e-02
-3.658668756484985352e+00
3.024915933609008789e+00
1.965068101882934570e+00
-1.340907216072082520e-01
3.964623212814331055e+00
-3.218845367431640625e+00
5.435052514076232910e-01
1.344506740570068359e-01
1.862894415855407715e+00
-3.922858715057373047e+00
3.431534290313720703e+00
-2.549494504928588867e+00
2.445216894149780273e+00
-1.227190643548965454e-01
2.890024423599243164e+00
6.749386191368103027e-01
-3.321477890014648438e+00
1.641663074493408203e+00
2.929975032806396484e+00
3.440688848495483398e+00
3.513839960098266602e+00
-7.498564124107360840e-01
-1.196637868881225586e+00
-1.380062103271484375e+00
3.972838401794433594e+00
-3.288898229598999023e+00
-1.152681708335876465e+00
-3.101420640945434570e+00
4.468843460083007812e+00
-8.428060412406921387e-01
-1.190394878387451172e+00
3.648056030273437500e+00
7.141742110252380371e-01
-1.245939731597900391e+00
1.643900871276855469e+00
-2.642521142959594727e+00
8.913207054138183594e-01
-1.762802958488464355e+00
5.369365215301513672e-02
1.691442131996154785e+00
-1.697176933288574219e+00
1.159226417541503906e+00
7.990154027938842773e-01
2.258265256881713867e+00
3.941370248794555664e+00
1.970132708549499512e+00
-2.733512163162231445e+00
-1.638046264648437500e+00
-2.568355798721313477e+00
-2.882516860961914062e+00
2.075311183929443359e+00
1.017381548881530762e+00
2.393802642822265625e+00
-6.656060814857482910e-01
3.866317510604858398e+00
3.932076215744018555e+00
2.131818771362304688e+00
4.293725490570068359e-01
-2.635930776596069336e+00
6.975466609001159668e-01
-2.397803664207458496e-01
4.307703495025634766e+00
4.569942057132720947e-01
-2.384419918060302734e+00
1.711949586868286133e+00
1.542142480611801147e-01
-8.657271265983581543e-01
-2.458910942077636719e+00
-2.543772935867309570e+00
-2.450179815292358398e+00
-2.168364524841308594e+00
3.318871974945068359e+00
7.678779959678649902e-02
4.884139597415924072e-01
-4.519805908203125000e-01
-6.906957030296325684e-01
5.667350888252258301e-01
1.026198744773864746e+00
-4.279441356658935547e+00
2.810356378555297852e+00
3.298754692077636719e+00
4.222064495086669922e+00
3.147537469863891602e+00
-3.021600961685180664e+00
6.580210924148559570e-01
-2.837348282337188721e-01
1.072645306587219238e+00
-4.002232551574707031e+00
1.367058515548706055e+00
-2.432114124298095703e+00
-9.006789326667785645e-01
3.562331944704055786e-02
2.173434019088745117e+00
-6.010293364524841309e-01
