1.615746617317199707e+00
-3.851237148046493530e-02
-7.462325692176818848e-01
3.654974997043609619e-01
1.586340546607971191e+00
4.325268268585205078e+00
2.218089818954467773e+00
9.011208415031433105e-01
3.536484479904174805e+00
1.981414318084716797e+00
2.036726474761962891e+00
4.612649679183959961e-01
2.999338388442993164e+00
-7.371672391891479492e-01
7.236822694540023804e-02
-8.094605803489685059e-02
-9.094672799110412598e-01
-1.747078448534011841e-01
-2.427481263875961304e-01
7.438671588897705078e-02
1.284553647041320801e+00
6.829526424407958984e-01
-2.627614699304103851e-02
-2.788251638412475586e-01
4.835315644741058350e-01
-5.713669061660766602e-01
1.820390462875366211e+00
-8.046287894248962402e-01
3.184229731559753418e-01
-9.108033776283264160e-02
4.493065774440765381e-01
9.134560078382492065e-02
5.597332119941711426e-01
4.314265847206115723e-01
-2.504789233207702637e-01
-4.425237178802490234e-01
-4.083537459373474121e-01
1.561258137226104736e-01
2.149797603487968445e-02
1.906518638134002686e-01
-1.768364459276199341e-01
-8.756380081176757812e-01
2.205361127853393555e-01
1.694239377975463867e-01
-4.140437245368957520e-01
-6.214924901723861694e-02
3.339028596878051758e+00
6.387262344360351562e+00
9.116029739379882812e+00
1.049842548370361328e+01
1.319761085510253906e+01
1.423329257965087891e+01
9.233785629272460938e+00
1.537232017517089844e+01
1.691806030273437500e+01
1.815361213684082031e+01
2.293950462341308594e+01
1.936109542846679688e+01
2.316528320312500000e+01
3.213997268676757812e+01
2.861368370056152344e+01
6.283212900161743164e-01
1.532865405082702637e+00
2.282791584730148315e-01
1.406023740768432617e+00
4.443395435810089111e-01
1.894700407981872559e+00
3.526396512985229492e+00
-5.434667468070983887e-01
-2.079936027526855469e+00
2.601130247116088867e+00
5.642642498016357422e+00
-1.558586001396179199e+00
7.012876868247985840e-01
-2.345089435577392578e+00
-4.954900264739990234e+00
-5.667758464813232422e+00
2.799592971801757812e+00
2.988144636154174805e+00
2.173221111297607422e+00
-5.586957931518554688e+00
-7.029629707336425781e+00
2.445732831954956055e+00
6.965810656547546387e-01
-3.851556777954101562e+00
2.741124153137207031e+00
5.508696436882019043e-01
-4.452892780303955078e+00
1.706879436969757080e-01
4.639807701110839844e+00
-2.111806869506835938e+00
-6.632707715034484863e-01
-3.092378675937652588e-01
-2.018330335617065430e+00
7.754088401794433594e+00
7.392953634262084961e-01
7.683376073837280273e-01
1.164063930511474609e+00
3.762305259704589844e+00
-2.768478870391845703e+00
-3.199078798294067383e+00
1.470670580863952637e+00
-2.339259386062622070e+00
3.464411497116088867e+00
-1.581354260444641113e+00
3.392026662826538086e+00
-1.638818144798278809e+00
-9.493156671524047852e-01
-1.653685331344604492e+00
-2.797899544239044189e-01
-3.385883092880249023e+00
3.295723676681518555e+00
6.046518325805664062e+00
4.021515846252441406e+00
6.178656220436096191e-01
-3.602376282215118408e-01
-1.258554220199584961e+00
1.111824870109558105e+00
6.900196075439453125e-01
-5.453685522079467773e-01
-2.613100223243236542e-02
-2.538146734237670898e+00
1.284737586975097656e+00
-6.810792088508605957e-01
5.444502830505371094e-01
5.752841234207153320e-01
2.487951993942260742e+00
-4.140654563903808594e+00
-1.600572705268859863e+00
4.017059326171875000e+00
-1.832630515098571777e+00
3.868207693099975586e+00
-9.525184035301208496e-01
4.102571964263916016e+00
1.682924777269363403e-01
-1.964882373809814453e+00
-1.035289096832275391e+01
1.858335137367248535e+00
4.183650612831115723e-01
-2.237393140792846680e+00
-4.505225181579589844e+00
1.492058515548706055e+00
-3.012135028839111328e+00
2.214394807815551758e+00
1.934200406074523926e+00
-2.864628732204437256e-01
-4.421617090702056885e-01
9.201937913894653320e-01
-2.225644826889038086e+00
-1.558901190757751465e+00
-2.980823755264282227e+00
-1.826198816299438477e+00
-4.911802411079406738e-01
-2.248809337615966797e+00
2.108760833740234375e+00
-7.148703932762145996e-01
8.710497021675109863e-01
5.629705905914306641e+00
-2.385179549455642700e-01
-3.468638658523559570e-01
-1.802752852439880371e+00
-7.050397396087646484e-01
4.993464052677154541e-01
-4.025742411613464355e-01
2.077347040176391602e+00
6.448467262089252472e-03
-8.249458312988281250e+00
3.369297981262207031e+00
3.992559909820556641e+00
3.805719614028930664e+00
-3.959495067596435547e+00
-2.038512080907821655e-01
-8.421083092689514160e-01
4.839966297149658203e+00
-1.170603513717651367e+00
5.860793113708496094e+00
3.914783716201782227e+00
-3.528294086456298828e+00
7.392375469207763672e+00
-2.765873432159423828e+00
-1.147117495536804199e+00
9.094546437263488770e-01
-3.514838814735412598e-01
6.409699916839599609e-01
-1.762611418962478638e-01
-4.905703067779541016e-01
-1.064868330955505371e+00
-1.166657686233520508e+00
-2.353333979845046997e-01
1.470820784568786621e+00
-4.909180700778961182e-01
-1.507553458213806152e+00
5.286813974380493164e-01
9.776790738105773926e-01
1.918776988983154297e+00
-4.606172814965248108e-02
3.870760440826416016e+00
-1.059556007385253906e+00
-2.548102140426635742e-01
-1.409598946571350098e+00
2.973253011703491211e+00
1.719146370887756348e+00
-5.016864538192749023e-01
1.929267495870590210e-01
1.151557803153991699e+00
-2.904515743255615234e+00
-1.037833929061889648e+00
1.190621852874755859e+00
-2.528635025024414062e+00
3.068660497665405273e-01
8.028844594955444336e-01
-1.591643810272216797e+00
6.939396262168884277e-01
-1.027648329734802246e+00
-1.325786590576171875e+00
4.702219665050506592e-01
-7.282096147537231445e-01
9.858613461256027222e-02
-3.126723170280456543e-01
2.384203374385833740e-01
2.406307697296142578e+00
-1.761565089225769043e+00
1.331876367330551147e-01
-6.032116413116455078e-01
6.100867986679077148e-01
-9.560688138008117676e-01
2.160153388977050781e+00
6.618928909301757812e-02
1.040587663650512695e+00
1.757518500089645386e-01
-1.395368129014968872e-01
-1.034096360206604004e+00
-1.715069532394409180e+00
6.692758798599243164e-01
2.062061309814453125e+00
5.676928758621215820e-01
1.286627650260925293e-01
-8.346217870712280273e-01
-1.306542754173278809e-01
-7.460119575262069702e-02
2.326529175043106079e-01
1.033216476440429688e+00
-1.950706392526626587e-01
-1.070224285125732422e+00
-9.691752493381500244e-02
-6.817456483840942383e-01
5.138834118843078613e-01
3.757548570632934570e+00
-6.901701446622610092e-03
-6.054916381835937500e-01
1.326573252677917480e+00
-1.001821517944335938e+00
8.042992651462554932e-02
2.967094182968139648e-01
2.788259506225585938e+00
2.444920539855957031e+00
-3.092463314533233643e-01
-1.364298462867736816e+00
6.112924218177795410e-01
-6.108081340789794922e-01
-9.710617661476135254e-01
-1.423012614250183105e-01
-3.107442259788513184e-01
-1.745668292045593262e+00
-2.775484323501586914e+00
5.794128179550170898e-01
-3.022066354751586914e-01
-9.446170926094055176e-02
6.402298212051391602e-01
5.730744600296020508e-01
9.420430660247802734e-01
-1.603983342647552490e-02
-1.199552774429321289e+00
1.908663868904113770e+00
-9.799121618270874023e-01
7.083996385335922241e-02
-9.838108718395233154e-02
-9.801228642463684082e-01
1.768599152565002441e+00
8.462484478950500488e-01
7.489563226699829102e-01
3.532817661762237549e-01
1.488281339406967163e-01
-5.617396831512451172e-01
-1.149759769439697266e+00
-1.626242846250534058e-01
3.651987075805664062e+00
-9.653412103652954102e-01
-1.177891135215759277e+00
-1.149214386940002441e+00
-2.629796862602233887e-01
1.454208195209503174e-01
1.296448409557342529e-01
-1.986649394035339355e+00
4.491740167140960693e-01
-2.550087451934814453e+00
-9.590687155723571777e-01
1.725985407829284668e+00
-2.934154033660888672e+00
4.847061634063720703e-01
-3.757453262805938721e-01
3.662503480911254883e+00
4.118176996707916260e-01
5.272820591926574707e-01
1.198973655700683594e+00
-4.916832596063613892e-02
-4.189263582229614258e-01
-7.322057485580444336e-01
4.155431687831878662e-01
1.143279194831848145e+00
-2.568140506744384766e+00
9.040881991386413574e-01
1.631993532180786133e+00
-1.035789847373962402e+00
1.542192250490188599e-01
1.790173649787902832e+00
1.168004035949707031e+00
-6.675584316253662109e-01
-3.404309451580047607e-01
-9.663771986961364746e-01
2.250321149826049805e+00
2.787395954132080078e+00
-5.754972696304321289e-01
4.998379051685333252e-01
4.731961190700531006e-01
5.616896227002143860e-02
2.342786872759461403e-03
9.912833571434020996e-01
2.751264274120330811e-01
1.767222166061401367e+00
1.851298570632934570e+00
5.318261981010437012e-01
3.947629630565643311e-01
-5.163971781730651855e-01
-2.860076665878295898e+00
6.759619116783142090e-01
-6.984230875968933105e-01
-1.190729737281799316e+00
-1.139902234077453613e+00
1.033862113952636719e+00
-4.246925413608551025e-01
-3.288451582193374634e-02
-1.223634123802185059e+00
-1.162906646728515625e+00
9.428324550390243530e-02
-1.244652152061462402e+00
6.808766722679138184e-01
5.166142582893371582e-01
2.764959335327148438e-01
1.040090098977088928e-01
1.299433946609497070e+00
-3.957884907722473145e-01
-4.407321512699127197e-01
4.532370567321777344e-01
2.153015851974487305e+00
2.821021378040313721e-01
-3.671993911266326904e-01
-1.180833935737609863e+00
1.132981702685356140e-01
2.227130681276321411e-01
-6.686934828758239746e-02
-1.562913805246353149e-01
-2.540343701839447021e-01
-5.204229354858398438e-01
-2.292225211858749390e-01
-9.978508353233337402e-01
2.941956222057342529e-01
2.580937862396240234e+00
-1.939069293439388275e-02
-9.569987654685974121e-01
6.265029907226562500e-01
1.275168061256408691e-01
2.133243083953857422e-01
1.190113425254821777e+00
1.220807060599327087e-01
3.033721923828125000e+00
3.693110227584838867e+00
-1.074763774871826172e+00
4.505456387996673584e-01
8.187874555587768555e-01
4.665478467941284180e-01
-4.573310911655426025e-02
1.496407508850097656e+00
8.159655332565307617e-01
1.003219127655029297e+00
2.151354849338531494e-01
2.008339315652847290e-01
-3.919384777545928955e-01
-1.211896017193794250e-01
1.849808692932128906e-01
-3.274798691272735596e-01
-2.343290895223617554e-01
-8.817703127861022949e-01
-1.119094155728816986e-02
-4.372201263904571533e-01
1.006408452987670898e+00
3.299950659275054932e-01
-3.766250014305114746e-01
-5.767040848731994629e-01
1.090003728866577148e+00
7.721328735351562500e-01
-6.940558552742004395e-02
-4.925802052021026611e-01
5.322216749191284180e-01
6.707633137702941895e-01
-1.076107382774353027e+00
5.592790842056274414e-01
-1.878727823495864868e-01
-4.177308380603790283e-01
-6.661996841430664062e-01
-1.110921144485473633e+00
3.662601709365844727e-01
-8.436705172061920166e-02
6.020908057689666748e-02
1.199267983436584473e+00
9.966295957565307617e-01
6.838961839675903320e-01
1.130913496017456055e+00
-2.201157569885253906e+00
-2.625646293163299561e-01
-2.931941509246826172e+00
7.024869322776794434e-01
2.951825261116027832e-01
3.003312349319458008e-01
6.063144207000732422e-01
4.580772221088409424e-01
2.171233147382736206e-01
1.456938385963439941e-01
5.288143083453178406e-02
9.626452922821044922e-01
4.938681125640869141e-01
5.047349929809570312e-01
5.174462199211120605e-01
7.233518958091735840e-01
9.679211974143981934e-01
2.491952925920486450e-01
7.073542568832635880e-03
5.331751704216003418e-01
7.077785730361938477e-01
4.316033720970153809e-01
2.551704347133636475e-01
5.269948244094848633e-01
7.440406680107116699e-01
4.521365165710449219e-01
9.676628112792968750e-01
5.987123250961303711e-01
5.160524249076843262e-01
8.714376389980316162e-02
5.479899048805236816e-01
9.302289783954620361e-02
6.869976222515106201e-02
8.133136034011840820e-01
8.650233745574951172e-01
4.968388080596923828e-01
2.614643871784210205e-01
2.421343624591827393e-01
7.201745510101318359e-01
8.792730048298835754e-03
6.294208765029907227e-01
4.483186006546020508e-01
9.258288741111755371e-01
7.543006539344787598e-01
3.787792325019836426e-01
6.523789167404174805e-01
1.232938021421432495e-01
6.388290971517562866e-02
7.580363750457763672e-01
6.102312207221984863e-01
3.333848714828491211e-01
6.915453672409057617e-01
8.808934688568115234e-01
2.001669555902481079e-01
4.946734309196472168e-01
1.056359559297561646e-01
2.950516641139984131e-01
2.723456025123596191e-01
5.512766242027282715e-01
8.230812549591064453e-01
6.550823152065277100e-02
3.142501711845397949e-01
9.987655282020568848e-02
8.110245317220687866e-02
4.094429016113281250e-01
2.541127800941467285e-01
8.618057966232299805e-01
4.838039875030517578e-01
2.973503768444061279e-01
5.084298253059387207e-01
3.084104061126708984e-01
8.007182478904724121e-01
3.573637828230857849e-02
6.174356937408447266e-01
2.126767300069332123e-02
4.174594283103942871e-01
5.190222263336181641e-01
1.140697672963142395e-01
7.945170998573303223e-01
4.448473155498504639e-01
7.795008420944213867e-01
2.802711129188537598e-01
4.778279066085815430e-01
1.426193714141845703e-01
6.654885411262512207e-01
1.544299274682998657e-01
5.687340497970581055e-01
6.533979177474975586e-01
4.204667210578918457e-01
8.273330330848693848e-01
9.908952713012695312e-01
7.639392614364624023e-01
1.598934829235076904e-01
1.478297114372253418e-01
2.403905838727951050e-01
3.624597787857055664e-01
6.762801408767700195e-01
9.198582172393798828e-01
6.290167570114135742e-01
9.955826401710510254e-01
7.722718119621276855e-01
4.242078363895416260e-01
2.241710387170314789e-02
8.995541334152221680e-01
7.274833917617797852e-01
1.873769313097000122e-01
1.845072358846664429e-01
4.050245285034179688e-01
3.025459945201873779e-01
4.626573920249938965e-01
7.558122277259826660e-01
3.731315433979034424e-01
2.820527255535125732e-01
1.273873597383499146e-01
5.311641097068786621e-01
2.803829014301300049e-01
1.287313550710678101e-01
2.672958672046661377e-01
1.859067231416702271e-01
6.874690651893615723e-01
4.682068228721618652e-01
2.246509641408920288e-01
9.673820137977600098e-01
2.427720546722412109e+00
7.630059719085693359e-01
-1.375575780868530273e+00
5.688326954841613770e-01
