2.186946630477905273e+00
1.179627418518066406e+00
5.045787811279296875e+00
3.973707914352416992e+00
1.890414595603942871e+00
3.631010770797729492e+00
3.897986561059951782e-02
-5.800728797912597656e-01
6.154368445277214050e-02
5.974456667900085449e-01
1.154492735862731934e+00
-1.968123614788055420e-01
1.922558188438415527e+00
3.439594805240631104e-02
-1.937771290540695190e-01
-3.561606705188751221e-01
1.709956973791122437e-01
-6.801317632198333740e-02
-6.539024114608764648e-01
9.629363059997558594e+00
1.329466915130615234e+01
1.531174373626708984e+01
1.712320137023925781e+01
1.909215545654296875e+01
2.341522216796875000e+01
-6.879939883947372437e-02
-1.748175978660583496e+00
4.953832551836967468e-02
1.146207332611083984e+00
2.885894477367401123e-01
-1.268980026245117188e+00
-7.384932637214660645e-01
-3.375879824161529541e-01
-6.405288577079772949e-01
-1.494899094104766846e-01
-3.402565956115722656e+00
-1.380330026149749756e-01
-1.371768951416015625e+00
-4.780982807278633118e-02
2.917814731597900391e+00
1.931467652320861816e+00
-4.213176667690277100e-01
-1.916770219802856445e+00
-6.867265701293945312e-02
-1.524712681770324707e+00
3.001866102218627930e+00
-2.467639595270156860e-01
4.402749836444854736e-01
-4.509032964706420898e-01
-3.194816708564758301e-01
1.218503192067146301e-01
-1.530411839485168457e+00
5.186969637870788574e-01
3.992036730051040649e-02
-3.699068352580070496e-02
8.673014491796493530e-02
2.135623991489410400e-01
7.270123958587646484e-01
-7.659355551004409790e-02
5.622568726539611816e-01
-3.273544907569885254e-01
-2.801624834537506104e-01
1.855706982314586639e-02
4.759218692779541016e-01
2.124598920345306396e-01
4.645965993404388428e-01
-4.285365715622901917e-02
-6.526408791542053223e-01
5.025270208716392517e-02
4.043774604797363281e-01
-3.802731633186340332e-01
-3.628983199596405029e-01
-6.737879514694213867e-01
1.801404505968093872e-01
2.539719827473163605e-02
1.718650758266448975e-01
-9.215051680803298950e-02
8.909854292869567871e-01
-1.144485697150230408e-01
5.109425187110900879e-01
4.740000236779451370e-03
-9.283097982406616211e-01
-5.711793899536132812e-01
2.155836820602416992e-01
8.366114497184753418e-01
2.442245632410049438e-01
5.993533730506896973e-01
-8.026421666145324707e-01
-5.897540599107742310e-03
1.861379947513341904e-03
-8.400611579418182373e-03
-8.089510723948478699e-03
-7.303236518055200577e-03
4.261235240846872330e-03
-4.697937984019517899e-03
-3.444044617936015129e-03
-9.440658614039421082e-03
-4.123278893530368805e-03
4.495100292842835188e-04
-1.081644441001117229e-03
3.303786215838044882e-04
-1.462326385080814362e-03
-2.511701779440045357e-03
8.525305427610874176e-03
8.343080058693885803e-03
1.567681087180972099e-03
2.472139603924006224e-04
8.615233004093170166e-03
-7.118585985153913498e-03
1.522984743118286133e+00
1.094762444496154785e+00
-2.294879436492919922e+00
7.994849681854248047e-01
