1.109383201599121094e+01
8.504240036010742188e+00
1.566023254394531250e+01
1.108954048156738281e+01
1.546907138824462891e+01
9.042100906372070312e+00
1.544486141204833984e+01
1.052725505828857422e+01
1.544979190826416016e+01
1.581612300872802734e+01
1.028952407836914062e+01
1.544477272033691406e+01
1.036427974700927734e+01
1.013536548614501953e+01
1.554568672180175781e+01
1.215736293792724609e+01
1.213054180145263672e+01
1.652724838256835938e+01
1.633673095703125000e+01
1.560918521881103516e+01
-4.364908695220947266e+00
-5.383527278900146484e+00
7.147119045257568359e+00
-2.620656013488769531e+00
3.374150276184082031e+00
6.567213535308837891e-01
1.397384285926818848e+00
8.398224830627441406e+00
8.447957038879394531e+00
4.864636421203613281e+00
-6.122696399688720703e-01
-3.936240434646606445e+00
-5.620873928070068359e+00
-7.479509353637695312e+00
-9.191644191741943359e-01
7.369695186614990234e+00
9.401310920715332031e+00
3.968354463577270508e+00
-5.093482971191406250e+00
1.681186914443969727e+00
4.650009155273437500e+00
-4.354598045349121094e+00
-6.969504356384277344e+00
8.885854721069335938e+00
3.706871986389160156e+00
-8.320676803588867188e+00
2.281449794769287109e+00
-9.742600321769714355e-01
2.713109731674194336e+00
4.152991294860839844e+00
6.110727787017822266e+00
2.314196825027465820e+00
-1.235186672210693359e+01
1.887198537588119507e-01
-4.617608547210693359e+00
-1.721613049507141113e+00
1.139675259590148926e+00
8.463249206542968750e+00
9.806524276733398438e+00
2.489878416061401367e+00
3.726971864700317383e+00
7.789646148681640625e+00
5.735150337219238281e+00
1.157232284545898438e+00
2.538093365728855133e-02
-6.980439424514770508e-01
2.577970743179321289e+00
5.967906951904296875e+00
6.323777675628662109e+00
3.697680950164794922e+00
5.789879322052001953e+00
2.968039989471435547e+00
9.463239312171936035e-01
2.746832609176635742e+00
2.721323370933532715e-01
-9.291182518005371094e+00
4.690937042236328125e+00
5.167338371276855469e+00
-2.448037147521972656e+00
-6.899891376495361328e+00
-5.039941310882568359e+00
-2.819464921951293945e+00
3.816982507705688477e+00
-3.514523029327392578e+00
-9.712102890014648438e+00
5.097096443176269531e+00
4.424407482147216797e+00
-1.079438567161560059e+00
-1.694472432136535645e-01
5.922441005706787109e+00
-1.091329002380371094e+01
7.492510795593261719e+00
-5.451351642608642578e+00
7.746555328369140625e+00
6.679706573486328125e+00
-3.022268533706665039e+00
3.297446489334106445e+00
-5.582466602325439453e+00
3.845593690872192383e+00
-4.291936397552490234e+00
6.125986099243164062e+00
3.279198884963989258e+00
9.655583381652832031e+00
-5.836072444915771484e+00
-4.192012548446655273e-01
2.337358474731445312e+00
2.627506107091903687e-02
2.577821254730224609e+00
3.130155086517333984e+00
-1.634263157844543457e+00
5.902956724166870117e-01
5.157128334045410156e+00
-7.885303497314453125e-01
-8.401545882225036621e-01
8.817075729370117188e+00
4.099086761474609375e+00
4.789261817932128906e+00
-8.345510482788085938e+00
1.239431095123291016e+01
1.469724059104919434e+00
1.359831047058105469e+01
-9.226367950439453125e+00
-2.687397003173828125e+00
6.894217491149902344e+00
6.661218643188476562e+00
4.023436546325683594e+00
-2.295809745788574219e+00
3.398058652877807617e+00
-8.528845787048339844e+00
-4.381878376007080078e+00
1.667561650276184082e+00
-1.856444835662841797e+00
3.438437938690185547e+00
-1.088332056999206543e+00
1.629628658294677734e+00
-2.612708568572998047e+00
-3.604763984680175781e+00
1.397323012351989746e+00
-2.581717967987060547e+00
-1.587184786796569824e+00
1.140538978576660156e+01
4.607649803161621094e+00
-4.217109680175781250e+00
9.169270515441894531e+00
-9.351576119661331177e-02
1.058046913146972656e+01
2.217286229133605957e-01
-9.904824256896972656e+00
5.878974437713623047e+00
7.628271579742431641e+00
2.268123865127563477e+00
-2.579626798629760742e+00
7.872013568878173828e+00
-1.513599395751953125e+00
2.081608295440673828e+00
6.972662210464477539e-01
-6.512633323669433594e+00
-5.927639961242675781e+00
8.150909543037414551e-01
-7.465551495552062988e-01
-3.069170713424682617e+00
1.784817218780517578e+00
5.237717628479003906e+00
-3.445614278316497803e-01
3.496347665786743164e+00
-4.588416814804077148e-01
2.135957002639770508e+00
2.291571617126464844e+00
-2.924850702285766602e+00
-2.477954328060150146e-01
6.382100105285644531e+00
-4.812475740909576416e-01
-4.673553943634033203e+00
-2.178944826126098633e+00
-5.964576244354248047e+00
1.953167468309402466e-01
-2.310701370239257812e+00
-9.501999855041503906e+00
7.794425010681152344e+00
4.814749658107757568e-01
-7.610524177551269531e+00
1.022602939605712891e+01
-5.259451270103454590e-01
1.487845540046691895e+00
4.215838432312011719e+00
1.115119576454162598e+00
8.394490242004394531e+00
4.378125667572021484e+00
-1.164853811264038086e+00
-6.301413059234619141e+00
-7.511747360229492188e+00
-2.124994993209838867e+00
5.454308390617370605e-01
7.551165819168090820e-01
-4.601166725158691406e+00
5.664299011230468750e+00
1.856522202491760254e+00
5.057805061340332031e+00
-1.397310256958007812e+00
6.253206729888916016e+00
8.966019153594970703e-01
-9.530008316040039062e+00
1.210769772529602051e+00
1.076635837554931641e+00
-2.438447713851928711e+00
1.060009670257568359e+01
8.084862709045410156e+00
3.597281932830810547e+00
2.103876918554306030e-01
1.392282009124755859e+00
2.687536776065826416e-01
-1.331337809562683105e+00
1.470172643661499023e+00
-8.525001406669616699e-01
-1.456859350204467773e+00
4.355399608612060547e+00
-2.577866792678833008e+00
7.790060997009277344e+00
4.962547779083251953e+00
2.671945095062255859e+00
-5.454693317413330078e+00
7.125227928161621094e+00
-1.764325857162475586e+00
-7.044480443000793457e-01
2.727661609649658203e+00
6.705605030059814453e+00
2.042982578277587891e+00
1.085914254188537598e+00
-6.920383572578430176e-01
4.684329986572265625e+00
-2.294094085693359375e+00
4.275048255920410156e+00
2.005050897598266602e+00
-6.614074707031250000e-01
2.079329967498779297e+00
3.003253698348999023e+00
4.529859066009521484e+00
2.162134885787963867e+00
2.500782489776611328e+00
4.960755348205566406e+00
-2.378266453742980957e-01
4.908020973205566406e+00
-7.325280308723449707e-01
-2.360451936721801758e+00
5.919371843338012695e-01
-8.232749104499816895e-01
-2.535896062850952148e+00
1.436705708503723145e+00
3.267471790313720703e+00
-1.782505631446838379e+00
-2.499561071395874023e+00
-9.961935281753540039e-01
-2.516467809677124023e+00
3.134237527847290039e+00
3.497241973876953125e+00
6.363229155540466309e-01
-1.219163775444030762e+00
-6.573954820632934570e-01
4.563807323575019836e-02
4.997474193572998047e+00
2.852450132369995117e+00
1.512830257415771484e+00
-5.441834777593612671e-02
1.245343208312988281e+00
6.524464607238769531e+00
-2.042355686426162720e-01
2.561680793762207031e+00
-1.091750025749206543e+00
-2.016908824443817139e-01
1.007002115249633789e+00
4.645702838897705078e+00
-2.044725179672241211e+00
3.969929933547973633e+00
4.128612518310546875e+00
-2.529035091400146484e+00
-2.619328796863555908e-01
1.309620141983032227e+00
2.421967029571533203e+00
-1.183386445045471191e+00
2.509293556213378906e+00
9.582785367965698242e-01
6.370748877525329590e-01
1.073632597923278809e+00
2.423103332519531250e+00
-2.452810049057006836e+00
-1.096415668725967407e-01
-3.708841279149055481e-02
4.839751720428466797e+00
4.238246440887451172e+00
-2.539785802364349365e-01
-2.001036882400512695e+00
2.757689237594604492e+00
3.274537801742553711e+00
5.715100765228271484e-01
6.504307389259338379e-01
2.742004632949829102e+00
-5.858184397220611572e-02
-2.195138454437255859e+00
1.637416839599609375e+00
3.421257734298706055e+00
2.147698879241943359e+00
-8.641909360885620117e-01
2.841631889343261719e+00
-1.891839385032653809e+00
-2.520047664642333984e+00
-2.683893203735351562e+00
6.584399342536926270e-01
2.217832565307617188e+00
1.913916110992431641e+00
1.368968129158020020e+00
4.810408592224121094e+00
-7.922583222389221191e-01
2.399041175842285156e+00
2.786175727844238281e+00
-3.111772704869508743e-03
1.379731059074401855e+00
-7.468044161796569824e-01
-5.181272029876708984e-01
1.151537656784057617e+00
-3.321295738220214844e+00
-2.015378713607788086e+00
-1.762256026268005371e+00
2.195945501327514648e+00
-3.924732446670532227e+00
3.452318191528320312e+00
-5.891990661621093750e-01
2.312395811080932617e+00
3.527388572692871094e+00
2.023675441741943359e+00
1.260840892791748047e+00
-1.809047341346740723e+00
4.030054569244384766e+00
-4.364244639873504639e-01
-1.001998901367187500e+00
1.293116688728332520e+00
-1.995706111192703247e-01
-4.193278551101684570e-01
2.870805740356445312e+00
1.126166105270385742e+00
1.130082607269287109e+00
-1.615949630737304688e+00
-1.329738736152648926e+00
2.936428546905517578e+00
1.263801693916320801e+00
2.383202552795410156e+00
-8.247441053390502930e-01
1.531291127204895020e+00
4.064470291137695312e+00
1.694410324096679688e+00
-2.000797986984252930e+00
-2.256476879119873047e+00
5.407665252685546875e+00
-3.092780590057373047e+00
1.172659635543823242e+00
4.751704692840576172e+00
3.122645616531372070e+00
-5.451028347015380859e-01
1.850310564041137695e+00
3.915516376495361328e+00
3.069947242736816406e+00
4.514405250549316406e+00
1.900731563568115234e+00
-1.246319293975830078e+00
-5.435519292950630188e-02
4.865217685699462891e+00
2.065382957458496094e+00
-2.476271390914916992e+00
4.509849071502685547e+00
-3.324198126792907715e-01
-2.938485145568847656e+00
3.905399560928344727e+00
-5.557183548808097839e-02
2.524653673171997070e+00
1.049780488014221191e+00
-1.582247495651245117e+00
-4.556317329406738281e-01
-1.175467133522033691e+00
-1.376301884651184082e+00
7.387125492095947266e-02
-8.806653022766113281e-01
-1.669198989868164062e+00
1.654209494590759277e+00
4.492584705352783203e+00
8.589610457420349121e-01
-1.634906888008117676e+00
1.615719795227050781e-01
1.499289512634277344e+00
4.346024990081787109e+00
-2.020370960235595703e+00
1.160488367080688477e+00
-2.252464294433593750e+00
2.455733299255371094e+00
3.270682573318481445e+00
-2.733314514160156250e+00
1.194163322448730469e+00
1.644811391830444336e+00
1.928085803985595703e+00
-1.891084074974060059e+00
-2.767483890056610107e-01
-5.526140928268432617e-01
-4.290288388729095459e-01
-5.190536975860595703e-01
3.450563669204711914e+00
4.514888763427734375e+00
1.007248640060424805e+00
5.158684253692626953e+00
-8.894385695457458496e-01
-9.241960048675537109e-01
-1.637561798095703125e+00
-2.290429592132568359e+00
1.528538912534713745e-01
1.794248938560485840e+00
1.402343869209289551e+00
1.628855347633361816e+00
-5.157693028450012207e-01
1.973250865936279297e+00
-1.356877565383911133e+00
3.859812736511230469e+00
8.602333813905715942e-02
-1.095858097076416016e+00
1.305366039276123047e+00
1.925018429756164551e+00
1.114261627197265625e+00
-1.393804550170898438e+00
2.073553562164306641e+00
3.105880498886108398e+00
1.358227849006652832e+00
3.522869348526000977e+00
1.965252876281738281e+00
1.022525310516357422e+00
1.316130876541137695e+00
4.321899890899658203e+00
-2.044239759445190430e+00
3.322717428207397461e+00
-3.142959594726562500e+00
-8.230345845222473145e-01
3.103490591049194336e+00
-1.889062374830245972e-01
3.743867874145507812e+00
3.977745175361633301e-01
-1.430660367012023926e+00
2.303666353225708008e+00
2.406841993331909180e+00
2.982460498809814453e+00
2.092772006988525391e+00
3.335510730743408203e+00
3.847116708755493164e+00
6.641270518302917480e-01
2.927192211151123047e+00
5.072626590728759766e+00
2.505534410476684570e+00
2.783443689346313477e+00
-2.054433345794677734e+00
-2.576600074768066406e+00
6.695005297660827637e-02
-3.208334684371948242e+00
-1.980065107345581055e+00
3.647436201572418213e-01
3.565398216247558594e+00
-1.163397669792175293e+00
-4.004702568054199219e+00
-1.354929924011230469e+00
-1.614653110504150391e+00
3.880315780639648438e+00
2.512268066406250000e+00
7.330939769744873047e-01
-1.801160454750061035e+00
-4.802328348159790039e-01
1.567245602607727051e+00
6.459190845489501953e+00
3.159122228622436523e+00
2.803157806396484375e+00
-1.781365275382995605e+00
7.826543599367141724e-02
4.473824977874755859e+00
-4.488151073455810547e+00
2.893485069274902344e+00
3.918197453022003174e-01
3.749134838581085205e-01
1.492119550704956055e+00
3.363546609878540039e+00
-1.627800941467285156e+00
3.045392513275146484e+00
5.011546134948730469e+00
-1.912997961044311523e+00
1.579433798789978027e+00
-5.718383193016052246e-01
8.031454682350158691e-01
-1.643855452537536621e+00
2.817970514297485352e+00
-1.126249194145202637e+00
4.819916486740112305e-01
8.218100666999816895e-01
2.390865802764892578e+00
-1.699606537818908691e+00
-1.078425407409667969e+00
-4.772813618183135986e-02
3.387336730957031250e+00
1.452290773391723633e+00
2.473048925399780273e+00
-2.581133365631103516e+00
2.118019104003906250e+00
2.811462879180908203e+00
4.103434681892395020e-01
-1.254491329193115234e+00
3.089615821838378906e+00
-3.978941440582275391e-01
-2.904704511165618896e-01
-1.659383475780487061e-01
4.860339641571044922e+00
5.665925025939941406e+00
-6.177209615707397461e-01
1.029751777648925781e+00
-1.074961423873901367e+00
-3.262095689773559570e+00
-9.625334739685058594e-01
3.788134157657623291e-01
2.226640939712524414e+00
2.389093399047851562e+00
2.274020195007324219e+00
2.654237270355224609e+00
-4.020920991897583008e-01
3.568104982376098633e+00
4.185913562774658203e+00
7.040017247200012207e-01
2.057539939880371094e+00
1.657527089118957520e+00
1.768458247184753418e+00
-3.708263635635375977e-01
-2.446944713592529297e+00
-2.612951517105102539e+00
-5.776711702346801758e-01
8.139604330062866211e-01
-1.599371433258056641e+00
4.046786785125732422e+00
6.553023457527160645e-01
2.596755266189575195e+00
2.099048137664794922e+00
1.303885817527770996e+00
2.768279425799846649e-02
-2.089807271957397461e+00
6.227511763572692871e-01
-1.312821149826049805e+00
-2.504401206970214844e-01
2.379794836044311523e+00
3.426711857318878174e-01
5.283800959587097168e-01
1.706533789634704590e+00
1.603518605232238770e+00
1.825646042823791504e+00
-6.432996988296508789e-01
1.097810506820678711e+00
1.362625241279602051e+00
3.673172891139984131e-01
1.549951195716857910e+00
9.283339381217956543e-01
1.854789853096008301e+00
3.777097702026367188e+00
2.936520099639892578e+00
-3.502710908651351929e-02
-1.773811101913452148e+00
4.609173297882080078e+00
-1.338312387466430664e+00
8.792516589164733887e-02
5.446675300598144531e+00
1.198419690132141113e+00
6.231181621551513672e-01
4.401264786720275879e-01
3.173456907272338867e+00
3.180788993835449219e+00
2.876515626907348633e+00
1.723209381103515625e+00
1.132944375276565552e-01
-1.029281139373779297e+00
2.886351346969604492e+00
2.685306072235107422e+00
-1.268744349479675293e+00
2.494805574417114258e+00
2.624606609344482422e+00
-1.562010526657104492e+00
2.257982969284057617e+00
-1.966202557086944580e-01
2.004122018814086914e+00
-9.609486460685729980e-01
-1.216039419174194336e+00
-6.322317719459533691e-01
-7.965478897094726562e-01
-1.595607876777648926e+00
8.750528693199157715e-01
1.780018806457519531e+00
-1.857871770858764648e+00
2.476338386535644531e+00
2.438275098800659180e+00
7.720175981521606445e-01
-1.784428238868713379e+00
-1.343145370483398438e+00
1.502725839614868164e+00
4.826954841613769531e+00
1.034689784049987793e+00
6.129029393196105957e-01
-5.972713604569435120e-02
3.260399580001831055e+00
1.770518660545349121e+00
-2.364198923110961914e+00
2.462731122970581055e+00
4.683651924133300781e-01
1.541463375091552734e+00
-2.155461311340332031e+00
1.726055264472961426e+00
-1.018262267112731934e+00
-1.429351806640625000e+00
6.815465539693832397e-02
3.772043466567993164e+00
5.368262290954589844e+00
2.478339433670043945e+00
3.265650987625122070e+00
9.978322982788085938e-01
3.262823447585105896e-03
-1.141090989112854004e+00
-9.479754567146301270e-01
2.516506016254425049e-01
1.104496121406555176e+00
3.242118120193481445e+00
3.547413647174835205e-01
5.752639770507812500e-01
1.339010715484619141e+00
-1.482157468795776367e+00
5.716533184051513672e+00
2.085663080215454102e+00
-4.240905493497848511e-02
2.037502378225326538e-01
1.933680027723312378e-01
6.860620379447937012e-01
1.289613008499145508e+00
5.938561558723449707e-01
3.215078353881835938e+00
-2.123401641845703125e+00
3.208108186721801758e+00
3.492355585098266602e+00
8.595772385597229004e-01
-8.009289503097534180e-01
4.613412857055664062e+00
2.621426880359649658e-01
4.731272697448730469e+00
-2.915325403213500977e+00
3.600011169910430908e-01
2.657624483108520508e+00
-1.109314918518066406e+00
3.203907966613769531e+00
3.598999261856079102e+00
-1.081092119216918945e+00
