6.981942176818847656e+00
1.552200412750244141e+01
1.544365692138671875e+01
1.575323200225830078e+01
1.574088191986083984e+01
8.859077453613281250e+00
9.967501640319824219e+00
6.947435855865478516e+00
-6.152981519699096680e-01
3.256976127624511719e+00
1.323617839813232422e+01
2.256935596466064453e+00
-2.827125787734985352e+00
-9.441137909889221191e-01
9.469371795654296875e+00
-8.933212161064147949e-01
1.593580365180969238e+00
3.768891096115112305e-02
2.031352281570434570e+00
7.309008836746215820e-01
6.288404941558837891e+00
-2.170285701751708984e+00
-8.478338241577148438e+00
4.988488197326660156e+00
-4.119186103343963623e-02
-1.116986155509948730e+00
2.771330118179321289e+00
-2.766724824905395508e+00
5.043250083923339844e+00
5.100890636444091797e+00
8.129113912582397461e-01
5.032227516174316406e+00
4.300757408142089844e+00
-7.795215606689453125e+00
2.841114044189453125e+00
8.723594248294830322e-02
-1.464204788208007812e+00
-6.753942370414733887e-02
-1.051971435546875000e+01
-9.097946166992187500e+00
-4.340828895568847656e+00
-1.019932985305786133e+00
-4.316407203674316406e+00
-6.814884185791015625e+00
-3.067714691162109375e+00
2.614155292510986328e+00
-3.657820701599121094e+00
4.074800014495849609e+00
1.188005328178405762e+00
-2.727757453918457031e+00
4.349754810333251953e+00
-6.609658598899841309e-01
9.245425462722778320e-01
1.518952131271362305e+00
-1.467867642641067505e-01
9.362453818321228027e-01
2.945224285125732422e+00
3.853173255920410156e+00
-2.001105308532714844e+00
-9.769745916128158569e-02
-2.180039733648300171e-01
1.880224347114562988e+00
9.886549711227416992e-01
3.655871868133544922e+00
4.212073326110839844e+00
-1.729807853698730469e+00
3.645457625389099121e-01
-1.805754542350769043e+00
1.297429680824279785e+00
4.085566520690917969e+00
-1.441511154174804688e+00
2.459169149398803711e+00
-3.621100187301635742e-01
2.018425226211547852e+00
2.459688186645507812e+00
-2.466596364974975586e+00
2.100069522857666016e-01
-4.504031181335449219e+00
-1.661681294441223145e+00
-9.785183072090148926e-01
-2.813553333282470703e+00
3.190438508987426758e+00
-2.998353242874145508e+00
3.676928520202636719e+00
1.656381726264953613e+00
-2.886575698852539062e+00
3.635985136032104492e+00
-1.017318964004516602e+00
-2.745931625366210938e+00
-3.901348710060119629e-01
1.883390665054321289e+00
1.427462816238403320e+00
4.558202743530273438e+00
1.974745750427246094e+00
-1.482372999191284180e+00
-7.689493298530578613e-01
5.014935731887817383e-01
-9.929075092077255249e-02
3.030061244964599609e+00
1.646409392356872559e+00
4.171981334686279297e+00
5.169752240180969238e-01
-1.309009313583374023e+00
-2.039052724838256836e+00
8.028656840324401855e-01
4.167018413543701172e+00
5.086581707000732422e-01
1.980925559997558594e+00
5.336018204689025879e-01
1.808492183685302734e+00
1.427620172500610352e+00
-3.169404268264770508e-01
-1.646455526351928711e+00
-5.500131607055664062e+00
3.024566769599914551e-01
-1.617160081863403320e+00
-6.811998486518859863e-01
