7.213920116424560547e+00
1.555551052093505859e+01
1.544415283203125000e+01
1.571529293060302734e+01
1.571616268157958984e+01
7.081356048583984375e+00
9.791608810424804688e+00
6.233705997467041016e+00
-1.006133794784545898e+00
4.097157955169677734e+00
1.379099750518798828e+01
1.676295995712280273e+00
-2.468788146972656250e+00
-2.482934951782226562e+00
1.096536540985107422e+01
-2.384571313858032227e+00
1.279932022094726562e+00
6.032623052597045898e-01
1.606623649597167969e+00
5.829950571060180664e-01
6.646192073822021484e+00
-2.349284172058105469e+00
-7.334511756896972656e+00
5.691007137298583984e+00
-2.428334951400756836e-01
-5.595231056213378906e-01
3.162259578704833984e+00
-2.294729948043823242e+00
3.635835409164428711e+00
5.522058963775634766e+00
1.050301194190979004e+00
5.982824325561523438e+00
5.361308574676513672e+00
-8.494845390319824219e+00
2.492747306823730469e+00
-1.212903764098882675e-02
-1.271789073944091797e+00
8.886560797691345215e-03
-1.086512756347656250e+01
-1.028447628021240234e+01
-5.864620208740234375e+00
-4.729026317596435547e+00
-4.660138607025146484e+00
-8.307647705078125000e+00
-3.388831853866577148e+00
1.662521123886108398e+00
-3.919144868850708008e+00
4.273944854736328125e+00
1.108671426773071289e+00
-2.361572742462158203e+00
4.177763462066650391e+00
-2.389346659183502197e-01
1.025520563125610352e+00
2.402031898498535156e+00
-1.331103891134262085e-01
6.260553002357482910e-01
2.126379251480102539e+00
4.384335517883300781e+00
-1.903456807136535645e+00
1.335636824369430542e-01
4.291173517704010010e-01
2.251203060150146484e+00
2.046931743621826172e+00
4.713498592376708984e+00
3.837943792343139648e+00
-1.514107108116149902e+00
-1.047626435756683350e-01
-2.179866313934326172e+00
1.859001159667968750e+00
4.198025226593017578e+00
-1.757521271705627441e+00
2.391980409622192383e+00
2.520380355417728424e-02
1.473657131195068359e+00
8.916382193565368652e-01
-2.804013013839721680e+00
7.368103861808776855e-01
-3.347876787185668945e+00
-2.405677556991577148e+00
-1.522682756185531616e-01
-3.064507722854614258e+00
3.126929044723510742e+00
-3.617305278778076172e+00
4.686171054840087891e+00
8.282253742218017578e-01
-1.781936287879943848e+00
3.211975336074829102e+00
-4.473595023155212402e-01
-2.662352323532104492e+00
-4.500748813152313232e-01
1.480011224746704102e+00
1.432531237602233887e+00
5.013184070587158203e+00
1.713688015937805176e+00
-8.999601006507873535e-01
7.137268185615539551e-01
-2.072830945253372192e-01
-2.591188251972198486e-01
4.034767150878906250e+00
3.060226917266845703e+00
3.813250541687011719e+00
1.511909514665603638e-01
-1.207406640052795410e+00
-2.327234506607055664e+00
1.061068415641784668e+00
4.470708370208740234e+00
4.307556450366973877e-01
1.429287552833557129e+00
9.313504695892333984e-01
1.416484951972961426e+00
1.510255783796310425e-01
2.105038166046142578e-01
-3.157408475875854492e+00
-5.636874675750732422e+00
3.598145246505737305e-01
-1.647214293479919434e+00
-6.070675253868103027e-01
