2.179349184036254883e+00
6.429709792137145996e-01
-2.329752147197723389e-01
4.610254764556884766e+00
1.994974613189697266e+00
3.118985176086425781e+00
2.102349996566772461e+00
1.528331160545349121e+00
1.988922715187072754e+00
2.373265266418457031e+00
2.572831630706787109e+00
-8.875957131385803223e-01
3.377690538763999939e-02
6.190521717071533203e-01
-1.223885774612426758e+00
-5.146121382713317871e-01
1.650351136922836304e-01
1.760901659727096558e-01
1.604819148778915405e-01
3.311985731124877930e-01
7.038807123899459839e-02
2.687048912048339844e-01
2.820238098502159119e-02
2.837550044059753418e-01
1.449032306671142578e+00
-1.786552071571350098e+00
-9.808058738708496094e-01
6.125088930130004883e-01
-5.109097063541412354e-02
-1.621990278363227844e-02
-1.842527538537979126e-01
-6.834635883569717407e-02
-1.393471062183380127e-01
-2.376284450292587280e-01
-1.474263221025466919e-01
-1.508490145206451416e-01
-1.417546421289443970e-01
5.001192688941955566e-01
7.252786755561828613e-01
4.624792039394378662e-01
8.752004623413085938e+00
1.057741546630859375e+01
1.328938865661621094e+01
1.328395462036132812e+01
1.541531562805175781e+01
1.515512275695800781e+01
1.538466072082519531e+01
1.749250602722167969e+01
1.920083808898925781e+01
1.912841415405273438e+01
2.123190498352050781e+01
2.318162345886230469e+01
2.534749031066894531e+01
2.680456936359405518e-01
1.516054421663284302e-01
4.310517311096191406e-01
1.153038263320922852e+00
-1.312297731637954712e-01
1.158337518572807312e-01
5.034847855567932129e-01
3.370117843151092529e-01
1.463793069124221802e-01
-8.191430568695068359e-01
1.469550933688879013e-02
3.459647595882415771e-01
-1.597830802202224731e-01
5.115367770195007324e-01
6.619552373886108398e-01
6.953016519546508789e-01
8.453921228647232056e-02
-1.013808131217956543e+00
-1.920695304870605469e+00
7.662224769592285156e-02
9.697286486625671387e-01
1.561696052551269531e+00
7.411105930805206299e-02
-1.849991530179977417e-01
1.357301950454711914e+00
4.337487220764160156e-01
-2.081463098526000977e+00
6.089602112770080566e-01
-5.760561227798461914e-01
-6.720687150955200195e-01
-3.301225230097770691e-02
1.229720562696456909e-01
6.709654331207275391e-01
-1.524851918220520020e+00
1.061502695083618164e+00
1.496615648269653320e+00
2.536139011383056641e+00
-6.506941318511962891e-01
2.873753905296325684e-01
3.981162607669830322e-01
2.723658680915832520e-01
-5.297077298164367676e-01
-7.223171591758728027e-01
1.953537613153457642e-01
-1.494529485702514648e+00
-4.853810667991638184e-01
2.945847809314727783e-01
-7.307756543159484863e-01
-1.999457478523254395e-01
-4.036681652069091797e-01
-2.993100285530090332e-01
1.169190630316734314e-01
-5.376542210578918457e-01
1.212023973464965820e+00
1.513693928718566895e-01
-6.972621195018291473e-03
-4.190848469734191895e-01
-7.803651690483093262e-01
2.160527259111404419e-01
-4.116053283214569092e-01
6.088095307350158691e-01
2.348507195711135864e-01
-9.878538548946380615e-02
1.947573274374008179e-01
-5.980812907218933105e-01
4.386694729328155518e-01
-1.424262970685958862e-01
6.344117522239685059e-01
1.337191581726074219e+00
-1.142194986343383789e+00
1.485885500907897949e+00
1.347157359123229980e-02
-1.251982331275939941e+00
2.179329395294189453e-01
-1.826145529747009277e+00
-7.209422588348388672e-01
3.434867858886718750e-01
-7.800161093473434448e-02
9.365610778331756592e-02
1.378579258918762207e+00
1.560935616493225098e+00
4.191862344741821289e-01
-1.385066360235214233e-01
8.144284486770629883e-01
2.186271667480468750e+00
-7.788507733494043350e-03
-5.042277574539184570e-01
-8.112205266952514648e-01
1.246669650077819824e+00
6.574332714080810547e-01
7.983657717704772949e-01
-3.746635839343070984e-02
-2.646827995777130127e-01
1.646190322935581207e-02
-4.950888752937316895e-01
2.151782512664794922e-01
-1.331154257059097290e-01
7.117706537246704102e-01
5.694873332977294922e-01
-4.622333496809005737e-02
-1.073938086628913879e-01
-3.793315887451171875e-01
6.216618418693542480e-01
2.720256447792053223e-01
-1.379938125610351562e-01
-1.501036435365676880e-01
2.641312964260578156e-02
-1.645210236310958862e-01
7.018647789955139160e-01
5.725897550582885742e-01
1.924489587545394897e-01
-3.655300438404083252e-01
-2.974821925163269043e-01
1.801158040761947632e-01
5.278961658477783203e-01
-3.845230937004089355e-01
-8.426291495561599731e-02
8.952229022979736328e-01
-5.202639102935791016e-02
-2.449429035186767578e-01
3.586201071739196777e-01
1.906846463680267334e-01
1.339786201715469360e-01
7.624901831150054932e-02
5.811101794242858887e-01
-1.191597133874893188e-01
-6.699510216712951660e-01
-9.357851743698120117e-01
-1.095332354307174683e-01
2.698029279708862305e-01
-2.109270840883255005e-01
-2.051155120134353638e-01
1.477605998516082764e-01
-4.865954816341400146e-02
-6.391062736511230469e-01
6.115328073501586914e-01
5.678484439849853516e-01
1.072555333375930786e-01
1.771380007266998291e-01
1.598519384860992432e-01
4.836044390685856342e-04
-4.908167757093906403e-03
-2.916410565376281738e-02
-4.075463414192199707e-01
-5.253736376762390137e-01
-1.110997647047042847e-01
3.752913475036621094e-01
2.639214396476745605e-01
2.209095358848571777e-01
-1.121226176619529724e-01
-3.460969775915145874e-02
-1.322882473468780518e-01
-5.013743638992309570e-01
-1.902770400047302246e-01
1.346549019217491150e-02
3.165015950798988342e-02
9.436877071857452393e-02
1.313667893409729004e-01
-5.251170396804809570e-01
-2.706192731857299805e-01
9.005157947540283203e-01
-1.986306458711624146e-01
2.553595304489135742e-01
2.607015967369079590e-01
1.877645850181579590e-01
6.739400625228881836e-01
7.327439785003662109e-01
2.198957055807113647e-01
1.804983764886856079e-01
8.075830340385437012e-02
2.390318810939788818e-01
-6.660180687904357910e-01
4.019406065344810486e-02
2.160675972700119019e-01
1.916696131229400635e-01
-5.591967105865478516e-01
2.189118117094039917e-01
3.796909153461456299e-01
3.054793179035186768e-01
7.492337822914123535e-01
3.671817183494567871e-01
-1.228616535663604736e-01
-3.218291401863098145e-01
-1.024653464555740356e-01
8.985091000795364380e-02
-4.961461722850799561e-01
-4.062288701534271240e-01
-4.870528280735015869e-01
2.910215556621551514e-01
2.935207188129425049e-01
-8.752798661589622498e-03
1.694789156317710876e-02
-3.672900795936584473e-01
4.202548861503601074e-01
3.200826346874237061e-01
-1.558980941772460938e-01
-3.807358443737030029e-01
-1.163940355181694031e-01
-6.731589883565902710e-02
5.176304578781127930e-01
7.646751999855041504e-01
-7.963763177394866943e-02
-5.974386930465698242e-01
-6.501659154891967773e-01
3.648894373327493668e-03
5.125759243965148926e-01
-4.428623914718627930e-01
1.247613597661256790e-02
5.155654549598693848e-01
-3.652236983180046082e-02
-6.576067209243774414e-02
2.842263579368591309e-01
9.968347102403640747e-02
1.595953255891799927e-01
5.671871453523635864e-02
6.405307650566101074e-01
-2.096719592809677124e-01
-6.756594777107238770e-01
-8.297504186630249023e-01
-2.286322712898254395e-01
3.136732280254364014e-01
-1.887576431035995483e-01
-6.987625360488891602e-02
1.393489986658096313e-01
-3.453223034739494324e-02
-4.837414026260375977e-01
3.263200521469116211e-01
3.783186078071594238e-01
1.712031364440917969e-01
9.241339564323425293e-02
1.363113969564437866e-01
6.249663606286048889e-02
1.271919906139373779e-02
1.290621794760227203e-02
-3.843500092625617981e-02
1.578758955001831055e-01
-9.072934091091156006e-02
2.171697467565536499e-02
4.812412336468696594e-02
2.977546751499176025e-01
-1.318376213312149048e-01
1.353585571050643921e-01
-2.272129058837890625e-01
-3.207924664020538330e-01
-6.459879875183105469e-02
-3.062920272350311279e-01
1.244220957159996033e-01
8.517517894506454468e-02
2.609882950782775879e-01
-3.214848935604095459e-01
-4.657385051250457764e-01
2.638897299766540527e-01
-2.963378429412841797e-01
-8.232213556766510010e-02
2.572329342365264893e-01
-3.579147756099700928e-01
9.895537793636322021e-02
3.792231082916259766e-01
-2.022577971220016479e-01
8.724821358919143677e-02
-3.536255955696105957e-01
-3.298731446266174316e-01
-9.456247687339782715e-01
-3.921570628881454468e-02
-1.726913601160049438e-01
1.857607811689376831e-01
-2.514524161815643311e-01
-8.126273751258850098e-02
3.236127272248268127e-02
4.675534367561340332e-01
-4.661853015422821045e-01
-1.060894802212715149e-01
-4.328322112560272217e-01
-3.664768766611814499e-03
4.769080784171819687e-03
1.843914622440934181e-03
-9.612503461539745331e-03
-4.602878354489803314e-03
-8.164801634848117828e-03
-1.481080078519880772e-03
-3.277032810728996992e-04
3.856587922200560570e-03
7.416682783514261246e-03
8.214181289076805115e-03
7.642327545909211040e-05
-2.106533385813236237e-03
8.168039843440055847e-03
-7.102121599018573761e-03
9.329786524176597595e-03
-3.044750774279236794e-03
-9.450915269553661346e-03
-7.491477765142917633e-03
9.520591236650943756e-03
-3.212957177311182022e-03
-7.873902097344398499e-03
5.769462790340185165e-03
-4.267692565917968750e-03
7.760928943753242493e-03
-5.483341868966817856e-03
-4.706402309238910675e-03
6.087028421461582184e-03
6.350141484290361404e-03
-7.294092327356338501e-03
-3.391564241610467434e-04
3.285143757238984108e-04
-1.993227051571011543e-03
-1.129753436543978751e-04
-5.759911146014928818e-03
6.419218145310878754e-03
1.687718788161873817e-03
4.752515349537134171e-03
9.650507010519504547e-03
-7.288780529052019119e-03
-1.250692759640514851e-03
-1.145841786637902260e-03
-2.933104289695620537e-03
9.998564608395099640e-03
-6.166561506688594818e-03
3.130202880129218102e-03
-2.643396146595478058e-03
-8.525561541318893433e-03
-9.148613549768924713e-03
2.653274452313780785e-03
-2.132005756720900536e-03
-1.750388531945645809e-03
-1.696614781394600868e-03
-6.169570842757821083e-04
7.759856991469860077e-03
5.737211904488503933e-04
3.990370314568281174e-03
-1.957789994776248932e-03
-7.822238840162754059e-03
-1.815319177694618702e-03
6.361260078847408295e-03
8.783750236034393311e-03
2.538941567763686180e-03
-1.685394789092242718e-03
-8.537699468433856964e-03
-6.879062857478857040e-03
3.934747539460659027e-03
-8.486822247505187988e-03
-8.634976111352443695e-03
-5.840826313942670822e-03
2.805476076900959015e-03
-2.641402184963226318e-03
-6.836815737187862396e-03
6.381588173098862171e-04
-7.536777295172214508e-03
-5.270927213132381439e-03
-5.620674230158329010e-03
-8.076134137809276581e-03
2.080840291455388069e-03
9.985715150833129883e-03
-1.657506916671991348e-03
8.050256408751010895e-03
-8.018805645406246185e-03
-1.753632561303675175e-03
1.636224449612200260e-03
-8.347855880856513977e-03
-2.071775728836655617e-03
8.134503150358796120e-04
-4.590898286551237106e-03
-3.099269233644008636e-03
-6.345980335026979446e-03
6.087870597839355469e-01
9.217804074287414551e-01
-2.123904228210449219e+00
6.649925112724304199e-01
