2.192606687545776367e+00
-3.983715176582336426e-01
5.039204120635986328e+00
3.463193416595458984e+00
2.028447151184082031e+00
2.043269634246826172e+00
3.498361349105834961e+00
-2.836995758116245270e-02
-9.998524188995361328e-01
1.038321137428283691e+00
-2.092285454273223877e-01
1.185334324836730957e+00
7.697832584381103516e-01
-7.300678491592407227e-01
3.441308140754699707e-01
2.144630193710327148e+00
-3.336423337459564209e-01
-4.944861829280853271e-01
-2.641021609306335449e-01
-3.306763470172882080e-01
4.762630462646484375e-01
3.532977402210235596e-01
-6.867311000823974609e-01
-6.389757394790649414e-01
-2.341435402631759644e-01
9.868025779724121094e+00
1.330212688446044922e+01
1.534682655334472656e+01
1.537057781219482422e+01
1.754395675659179688e+01
1.919089317321777344e+01
1.979077720642089844e+01
2.305141830444335938e+01
1.923829317092895508e-01
-1.308129310607910156e+00
5.907876491546630859e-01
8.502644896507263184e-01
6.791985034942626953e-02
3.364339470863342285e-01
-1.422813415527343750e+00
6.572620272636413574e-01
-7.782546281814575195e-01
-4.334244728088378906e-01
3.080235719680786133e-01
-4.533618986606597900e-01
7.607473134994506836e-01
-2.172321319580078125e+00
1.123256206512451172e+00
1.297664642333984375e+00
-5.016401767730712891e+00
6.621359586715698242e-01
-1.370665282011032104e-01
5.368493080139160156e+00
4.457474946975708008e-01
1.079401397705078125e+01
-3.196871995925903320e+00
1.232293486595153809e+00
-1.023414707183837891e+01
-5.519980430603027344e+00
1.268050670623779297e+00
-1.523315906524658203e+00
1.768915653228759766e-01
3.186694622039794922e+00
2.961565852165222168e-01
-2.922230660915374756e-01
-3.362974166870117188e+00
7.211022377014160156e+00
5.824086666107177734e-01
4.899632453918457031e+00
1.172276020050048828e+00
-1.603792072273790836e-03
5.256157517433166504e-01
-5.158149003982543945e-01
-4.040725827217102051e-01
-1.103752180933952332e-01
2.230985909700393677e-01
5.134294629096984863e-01
5.923118591308593750e-01
5.386227965354919434e-01
-4.241515696048736572e-01
-2.196751087903976440e-01
6.269979476928710938e-01
-1.102481782436370850e-01
-9.487050026655197144e-02
-6.175364851951599121e-01
1.621562957763671875e+00
-5.247421562671661377e-02
2.508831396698951721e-02
-1.575018882751464844e+00
2.714511752128601074e-01
-3.527153968811035156e+00
1.210076570510864258e+00
-2.004574090242385864e-01
3.162654876708984375e+00
7.621727585792541504e-01
-3.666251301765441895e-01
7.331534624099731445e-01
-3.956680893898010254e-01
-9.797018766403198242e-01
-1.671037822961807251e-01
2.581650316715240479e-01
9.956152439117431641e-01
-1.823473095893859863e+00
3.747312128543853760e-01
1.655175805091857910e+00
-8.062055706977844238e-01
-2.137350887060165405e-01
6.962512135505676270e-01
1.002416200935840607e-02
-3.863003551959991455e-01
4.548927545547485352e-01
-6.481245160102844238e-01
-1.858656108379364014e-01
1.318470388650894165e-01
-6.234162449836730957e-01
6.174072995781898499e-02
3.137047588825225830e-01
-5.687950551509857178e-02
4.359825253486633301e-01
-4.613769650459289551e-01
2.016500085592269897e-01
1.139130949974060059e+00
-4.590268433094024658e-01
3.924423754215240479e-01
-1.065800666809082031e+00
1.313873052597045898e+00
-1.843261361122131348e+00
4.294019937515258789e-01
-4.032008647918701172e-01
2.205411911010742188e+00
-5.215073227882385254e-01
-1.037847846746444702e-01
-1.015832424163818359e-01
-2.748846448957920074e-02
-4.296714365482330322e-01
3.999460041522979736e-01
-1.402154006063938141e-02
2.741516530513763428e-01
-1.277362227439880371e+00
4.935049712657928467e-01
-1.589064717292785645e+00
4.973293398506939411e-04
2.552782185375690460e-03
5.855753552168607712e-03
2.211351180449128151e-03
-3.716527717188000679e-04
6.793853361159563065e-03
-4.197285044938325882e-03
2.154187066480517387e-03
-2.142152749001979828e-03
7.401811890304088593e-03
4.521391354501247406e-03
1.119533262681216002e-04
-4.347691312432289124e-03
-2.196762710809707642e-03
-9.502905420958995819e-03
-8.212913759052753448e-03
-4.051308147609233856e-03
3.041730262339115143e-03
7.465953938663005829e-03
-1.399824628606438637e-03
1.206861808896064758e-03
2.021019347012042999e-03
6.298999302089214325e-03
-7.200349122285842896e-03
-1.201172242872416973e-03
-1.413659425452351570e-03
8.607770316302776337e-03
-9.062686935067176819e-03
-3.724432783201336861e-03
-4.829911049455404282e-03
2.475860994309186935e-03
-8.845384232699871063e-03
-6.552864331752061844e-03
-4.545853473246097565e-03
8.102749474346637726e-03
-4.033069126307964325e-03
1.451255559921264648e+00
8.573275208473205566e-01
-1.949438691139221191e+00
6.007819175720214844e-01
