1.685647845268249512e+00
-1.264878660440444946e-01
1.453072547912597656e+00
4.662528514862060547e+00
1.185632228851318359e+00
3.097014665603637695e+00
2.596899271011352539e+00
1.302352190017700195e+00
2.185567855834960938e+00
2.509937524795532227e+00
2.337051868438720703e+00
-1.614257097244262695e-01
-7.006041705608367920e-02
1.532086282968521118e-01
4.863041043281555176e-01
1.183320760726928711e+00
1.873327642679214478e-01
5.608717799186706543e-01
5.171943902969360352e-01
-4.609785377979278564e-01
4.772683978080749512e-01
-4.694308638572692871e-01
-1.909843459725379944e-02
-1.552453339099884033e-01
6.107681430876255035e-03
1.564613461494445801e+00
-8.612476289272308350e-02
-3.284673690795898438e-01
-2.891556620597839355e-01
-1.087418794631958008e-01
-2.190763875842094421e-02
-3.898966610431671143e-01
4.279565438628196716e-02
-7.639892101287841797e-01
1.720476597547531128e-01
-1.817598491907119751e-01
4.251083359122276306e-02
-7.110095024108886719e-01
-1.379095017910003662e-01
-3.493978679180145264e-01
9.999520301818847656e+00
1.008699321746826172e+01
1.319351100921630859e+01
1.347874069213867188e+01
1.557417392730712891e+01
1.495274639129638672e+01
1.398556423187255859e+01
1.754144096374511719e+01
1.910921669006347656e+01
1.939011764526367188e+01
1.996631240844726562e+01
1.950436401367187500e+01
1.947556114196777344e+01
1.277625322341918945e+00
-1.860266178846359253e-01
-1.792843043804168701e-01
-1.688423991203308105e+00
8.675587773323059082e-01
3.060178458690643311e-01
-1.617614746093750000e+00
-1.664391398429870605e+00
3.388215601444244385e-01
-2.771443687379360199e-02
2.063506603240966797e+00
-1.575672864913940430e+00
-4.993308067321777344e+00
1.281864762306213379e+00
4.142606556415557861e-01
-1.457149684429168701e-01
-1.204296112060546875e+00
-5.599046871066093445e-02
-1.421660065650939941e+00
6.222258135676383972e-02
1.297673583030700684e+00
-3.430147171020507812e-01
9.328175187110900879e-01
4.715552330017089844e-01
1.839763522148132324e+00
-5.894631743431091309e-01
3.083381354808807373e-01
-8.422552794218063354e-02
-7.527392357587814331e-02
-8.820539712905883789e-01
6.381317377090454102e-01
-3.081234097480773926e-01
-9.316118359565734863e-01
7.485020160675048828e+00
-6.018478870391845703e+00
-1.060859489440917969e+01
-2.295919656753540039e+00
2.012003213167190552e-01
9.167684912681579590e-01
1.487704753875732422e+00
-3.250853717327117920e-01
3.932849168777465820e-01
8.994008302688598633e-01
-1.188833332061767578e+01
8.781787872314453125e+00
2.088908767700195312e+01
1.331814050674438477e+00
-1.662749290466308594e+00
8.171011209487915039e-01
-3.800350725650787354e-01
-6.982836127281188965e-01
-8.036657422780990601e-02
-1.769684553146362305e+00
-2.462639808654785156e-01
-1.746092677116394043e+00
1.246216893196105957e+00
-2.451708078384399414e+00
-7.316273450851440430e-01
-2.909870743751525879e-01
1.279833436012268066e+00
1.846563816070556641e-02
-1.083225369453430176e+00
2.126694917678833008e+00
3.410351037979125977e+00
-1.728294342756271362e-01
-7.414623498916625977e-01
2.223495990037918091e-01
7.003542900085449219e+00
-1.932169914245605469e+00
-1.048216342926025391e+01
1.443025469779968262e+00
6.457281112670898438e-01
-1.625633835792541504e+00
-3.541398048400878906e-01
4.511064663529396057e-02
1.609929561614990234e+00
-4.749390780925750732e-01
-3.301310539245605469e-02
2.587133552879095078e-03
-1.632340550422668457e-01
-1.060038089752197266e+00
1.173267960548400879e+00
2.409257441759109497e-01
-2.037759274244308472e-01
-3.451026976108551025e-01
2.879824638366699219e-01
9.297677874565124512e-01
3.037066936492919922e+00
3.469085097312927246e-01
-2.271437406539916992e+00
-4.432536602020263672e+00
7.079304009675979614e-02
-1.745996177196502686e-01
-1.802332550287246704e-01
8.392937183380126953e-01
1.168807372450828552e-01
-3.659833669662475586e-01
4.622592926025390625e-01
-1.118372827768325806e-01
-9.933113306760787964e-02
-1.247909739613533020e-01
4.843118190765380859e-01
1.126858830451965332e+00
1.118708729743957520e+00
1.284920722246170044e-01
3.204981684684753418e-01
-1.037489995360374451e-01
-1.116662994027137756e-01
2.384955286979675293e-01
3.042784035205841064e-01
4.114252626895904541e-01
3.051460087299346924e-01
-3.585927486419677734e-01
-5.010943412780761719e-01
-7.944589853286743164e-01
-2.458775788545608521e-01
-3.580826520919799805e-01
1.558235168457031250e+00
-2.409116476774215698e-01
-1.501886546611785889e-01
1.310913562774658203e+00
2.695489227771759033e-01
2.929013371467590332e-01
-1.154129430651664734e-01
1.725942969322204590e+00
4.227371692657470703e+00
2.862610578536987305e+00
-1.662283062934875488e+00
3.035577833652496338e-01
7.446726411581039429e-02
-2.164252758026123047e+00
-2.019026875495910645e-01
2.763261497020721436e-01
-3.189568817615509033e-01
-2.453316211700439453e+00
-7.297342300415039062e+00
-5.044764041900634766e+00
1.889946460723876953e-01
4.280170500278472900e-01
-5.929941534996032715e-01
1.496840566396713257e-01
-2.690261304378509521e-01
6.088461279869079590e-01
9.827715158462524414e-01
3.793514072895050049e-01
5.668798089027404785e-01
4.017007052898406982e-01
2.038854658603668213e-01
-4.279461503028869629e-02
2.909268140792846680e-01
-1.583335995674133301e-01
1.798420846462249756e-01
-8.101213574409484863e-01
-9.235512018203735352e-01
2.565232515335083008e+00
1.209728866815567017e-01
-6.324256062507629395e-01
7.351400256156921387e-01
8.097608685493469238e-01
3.216417312622070312e+00
5.777274608612060547e+00
-2.648365497589111328e-01
8.284896612167358398e-02
3.062805831432342529e-01
-5.199579596519470215e-01
-1.590797454118728638e-01
-1.171434879302978516e+00
7.984142303466796875e-01
-1.495246738195419312e-01
-3.051065802574157715e-01
-4.977891743183135986e-01
5.366750955581665039e-01
2.944431304931640625e-01
5.005991086363792419e-02
-3.333763182163238525e-01
1.858220845460891724e-01
2.991984784603118896e-01
1.464964747428894043e-01
1.287800073623657227e+00
9.874693751335144043e-01
1.762690186500549316e+00
4.153843402862548828e+00
-4.971226155757904053e-01
3.349145352840423584e-01
-3.873018622398376465e-01
6.387199163436889648e-01
-3.132503107190132141e-02
-9.158219695091247559e-01
1.204313516616821289e+00
8.139103651046752930e-01
-1.021365970373153687e-01
1.633676588535308838e-01
-1.542740268632769585e-03
1.079973950982093811e-01
1.025206327438354492e+00
-4.536863267421722412e-01
-1.689202040433883667e-01
4.576235637068748474e-02
2.278948128223419189e-01
-3.368060290813446045e-01
2.314975410699844360e-01
1.480069756507873535e-01
-1.594934910535812378e-01
-2.064592689275741577e-01
5.371128395199775696e-02
-9.304357320070266724e-02
-6.386710405349731445e-01
-4.891006052494049072e-01
9.819915294647216797e-01
-9.793794155120849609e-02
-3.902736818417906761e-03
8.530846238136291504e-01
-1.651533544063568115e-01
-3.308327868580818176e-03
5.221479386091232300e-02
5.815048813819885254e-01
2.357551336288452148e+00
2.446383953094482422e+00
-1.804261803627014160e+00
3.675306737422943115e-01
4.588981717824935913e-02
-2.125391960144042969e+00
-2.120010703802108765e-01
2.344894111156463623e-01
1.051054894924163818e-02
-1.614111900329589844e+00
-4.898669242858886719e+00
-5.081840991973876953e+00
-3.696456849575042725e-01
4.167448878288269043e-01
-2.317179292440414429e-01
2.173424661159515381e-01
1.862390190362930298e-01
6.730637699365615845e-02
1.374482065439224243e-01
-5.160453170537948608e-02
-2.630129456520080566e-01
-5.254569053649902344e-01
5.901957154273986816e-01
1.821705847978591919e-01
1.402004510164260864e-01
-5.632141828536987305e-01
-2.263147979974746704e-01
1.059687063097953796e-01
-6.666437983512878418e-01
1.621169447898864746e+00
-3.574260473251342773e-01
5.262063145637512207e-01
2.467152923345565796e-01
1.430439472198486328e+00
3.887444972991943359e+00
4.774872779846191406e+00
-2.195740044116973877e-01
-6.678387522697448730e-02
2.772773802280426025e-01
-2.476582974195480347e-01
-5.561459660530090332e-01
-1.545874774456024170e-02
-5.078989863395690918e-01
2.343299835920333862e-01
1.043740272521972656e+00
1.085704088211059570e+00
3.259584307670593262e-01
-1.675385236740112305e-01
3.061433136463165283e-02
3.485343456268310547e-01
8.933323621749877930e-02
-3.528521060943603516e-01
-5.204107165336608887e-01
-3.829729855060577393e-01
9.673170000314712524e-02
9.157958030700683594e-01
5.937129855155944824e-01
2.705533290281891823e-03
-2.108834218233823776e-03
-4.149382933974266052e-03
6.475932896137237549e-03
6.039688363671302795e-03
-5.987946409732103348e-03
3.517015604302287102e-03
3.325204830616712570e-03
-5.646393168717622757e-03
5.822577048093080521e-03
4.944757558405399323e-03
4.979182267561554909e-04
-8.713843417353928089e-04
3.511051181703805923e-03
7.742285728454589844e-03
-9.235223755240440369e-03
-4.752472974359989166e-03
-5.968795157968997955e-03
-9.972702246159315109e-04
5.874577444046735764e-03
7.505717687308788300e-03
-7.874634116888046265e-03
-8.712320588529109955e-03
3.570211352780461311e-03
-1.837356598116457462e-03
-5.157736130058765411e-03
8.856206201016902924e-03
3.394453786313533783e-03
-4.267330281436443329e-03
-5.780241452157497406e-03
5.656106397509574890e-03
1.003807759843766689e-03
7.970603764988481998e-04
1.129790674895048141e-03
-1.496254699304699898e-03
-2.336498815566301346e-03
-9.891359368339180946e-04
3.826470347121357918e-03
-1.583599252626299858e-03
-8.697883225977420807e-03
3.506588516756892204e-03
9.997750632464885712e-03
5.918222945183515549e-03
-1.092629390768706799e-03
7.548006251454353333e-03
7.038031704723834991e-03
-7.272521499544382095e-03
1.669759862124919891e-03
-8.983734995126724243e-03
-4.564341157674789429e-03
1.244596554897725582e-03
-3.574548987671732903e-03
-9.405187331140041351e-03
1.896025729365646839e-03
4.279249813407659531e-03
1.126571078202687204e-04
-3.397404507268220186e-04
6.485318765044212341e-03
5.714272614568471909e-03
9.130111895501613617e-03
-3.348923055455088615e-03
3.358184592798352242e-03
8.377880789339542389e-03
-7.684752810746431351e-03
8.783172816038131714e-03
2.074349438771605492e-03
8.774310350418090820e-03
5.982119124382734299e-03
-3.029586747288703918e-03
4.254900850355625153e-03
7.489008363336324692e-03
9.214430116117000580e-03
-7.934213615953922272e-03
5.240311729721724987e-04
8.072371711023151875e-04
2.752879634499549866e-03
1.053693122230470181e-03
6.880803033709526062e-03
-7.195465732365846634e-03
-6.112470291554927826e-03
3.478139871731400490e-03
-1.061905175447463989e-03
6.234426982700824738e-03
-7.374224252998828888e-03
7.850362919270992279e-03
4.201974254101514816e-03
3.211013274267315865e-03
3.500021994113922119e-03
7.496186997741460800e-03
3.761684987694025040e-03
5.746383685618638992e-03
1.220231890678405762e+00
1.071120500564575195e+00
-1.846806406974792480e+00
7.207171320915222168e-01
