1.544444084167480469e+01
7.947892189025878906e+00
1.073157787322998047e+01
1.068129253387451172e+01
1.544114303588867188e+01
1.544138050079345703e+01
1.042505455017089844e+01
1.544111728668212891e+01
1.550449371337890625e+01
1.227975463867187500e+01
1.544111537933349609e+01
9.506683349609375000e+00
1.141993331909179688e+01
1.544754123687744141e+01
-1.772940874099731445e+00
3.520858049392700195e+00
-4.708418369293212891e+00
6.167119503021240234e+00
-1.261251449584960938e+00
-1.324559450149536133e+00
-2.233698606491088867e+00
-3.083062887191772461e+00
2.922538518905639648e-01
-1.525095820426940918e+00
-5.546254634857177734e+00
1.727869272232055664e+00
1.109024620056152344e+01
-5.339245796203613281e+00
4.023648262023925781e+00
-8.426956176757812500e+00
-2.396102428436279297e+00
-3.509769439697265625e+00
-4.689589023590087891e+00
3.360380172729492188e+00
-7.649590969085693359e+00
-1.782181382179260254e+00
-7.026071071624755859e+00
1.257612705230712891e+01
3.290554285049438477e+00
3.331798553466796875e+00
-2.384558767080307007e-01
-1.599441170692443848e-01
3.071420669555664062e+00
-1.294601440429687500e+01
3.873852968215942383e+00
-6.728148460388183594e+00
8.362154960632324219e+00
-6.351122856140136719e-01
-2.705704927444458008e+00
1.386538505554199219e+00
8.411499023437500000e+00
1.381912112236022949e+00
4.809664249420166016e+00
-2.309836000204086304e-01
2.360326766967773438e+00
-8.025015890598297119e-02
1.018834400177001953e+01
1.143995761871337891e+01
-2.683659493923187256e-01
-3.106308460235595703e+00
-4.126393318176269531e+00
3.878521919250488281e+00
7.502992153167724609e+00
-2.466072797775268555e+00
6.726512432098388672e+00
7.632302284240722656e+00
7.136909008026123047e+00
9.864577054977416992e-01
-3.499357700347900391e-01
-1.842671275138854980e+00
-2.434658855199813843e-01
2.120909214019775391e+00
-2.557632207870483398e+00
-8.183213882148265839e-03
2.308375597000122070e+00
-9.062238693237304688e+00
4.810950160026550293e-01
1.904620528221130371e+00
-2.789818763732910156e+00
4.179797649383544922e+00
1.136495780944824219e+01
4.018135964870452881e-01
-3.506280899047851562e+00
-1.779193162918090820e+00
3.980162382125854492e+00
7.782242298126220703e-01
-4.956077098846435547e+00
1.422339916229248047e+00
-6.364647388458251953e+00
1.631679892539978027e+00
1.151153659820556641e+01
6.122675538063049316e-01
-4.438690543174743652e-01
-2.757929086685180664e+00
3.742081403732299805e+00
-4.375059604644775391e+00
-1.817599296569824219e+00
-3.453455209732055664e+00
1.870010495185852051e+00
-3.845585584640502930e-01
-1.985152363777160645e-01
-1.216126918792724609e+00
7.306289076805114746e-01
6.265258193016052246e-01
-1.068257141113281250e+01
-7.361136913299560547e+00
1.032896161079406738e+00
-1.323382472991943359e+01
-1.165287494659423828e+00
4.895119667053222656e+00
-4.338497161865234375e+00
1.088120579719543457e+00
-1.167494535446166992e+00
5.960061073303222656e+00
4.258572578430175781e+00
9.731723785400390625e+00
6.341888427734375000e+00
2.253727912902832031e+00
6.872750282287597656e+00
3.114339590072631836e+00
1.797835111618041992e+00
1.312734007835388184e+00
1.208512544631958008e+00
-3.211997509002685547e+00
1.450319409370422363e+00
3.823269367218017578e+00
2.351052999496459961e+00
1.572537183761596680e+00
-3.066895484924316406e+00
2.710690021514892578e+00
2.211668968200683594e+00
1.261268258094787598e+00
-3.213706016540527344e+00
-1.098206520080566406e+00
2.398172169923782349e-01
3.199428796768188477e+00
3.262739181518554688e+00
4.235385417938232422e+00
1.444118618965148926e+00
-2.908572673797607422e+00
2.704879045486450195e-01
-3.745461940765380859e+00
2.682737112045288086e+00
-4.620433449745178223e-01
-2.673467159271240234e+00
2.717733383178710938e+00
2.609677553176879883e+00
-2.171797275543212891e+00
2.918219089508056641e+00
3.732743263244628906e+00
-2.438082218170166016e+00
-3.869973719120025635e-01
-4.580247998237609863e-01
2.213197231292724609e+00
1.099829316139221191e+00
3.238343477249145508e+00
3.886832952499389648e+00
2.703708410263061523e+00
-2.622482061386108398e+00
6.870121955871582031e-01
-2.465614557266235352e+00
3.820498466491699219e+00
2.071819305419921875e-01
5.214750766754150391e-02
3.835258483886718750e+00
3.801911354064941406e+00
2.578557491302490234e+00
-2.650345087051391602e+00
2.966765642166137695e+00
5.295402407646179199e-01
7.915825247764587402e-01
-2.747876167297363281e+00
2.581232547760009766e+00
-3.052483797073364258e-01
7.066341638565063477e-01
2.606206536293029785e-01
4.479688167572021484e+00
-3.079398155212402344e+00
-2.758342504501342773e+00
-3.287860155105590820e+00
-8.271716535091400146e-02
-1.629897713661193848e+00
-8.814487606287002563e-02
-1.753877043724060059e+00
-1.663674592971801758e+00
-4.055011570453643799e-01
2.031068086624145508e+00
1.044210433959960938e+00
-3.329551458358764648e+00
-1.692604780197143555e+00
-1.717479676008224487e-01
3.854027986526489258e+00
-2.169097423553466797e+00
4.927020549774169922e+00
2.125131130218505859e+00
-3.447102904319763184e-01
4.872999191284179688e+00
3.990414142608642578e-01
1.205227077007293701e-01
2.029847383499145508e+00
-1.269407391548156738e+00
2.024548292160034180e+00
-7.982654571533203125e-01
-1.041324615478515625e+00
-7.022587060928344727e-01
-2.694915831089019775e-01
1.023048385977745056e-01
-4.983707666397094727e-01
7.126457095146179199e-01
-1.642293572425842285e+00
-1.167365431785583496e+00
4.699231147766113281e+00
3.241704463958740234e+00
3.886768341064453125e+00
-1.816392898559570312e+00
-2.421461105346679688e+00
-2.819470405578613281e+00
2.188055276870727539e+00
-3.493211746215820312e+00
8.095464855432510376e-02
-3.978860139846801758e+00
-3.291397571563720703e+00
2.342490673065185547e+00
3.698287308216094971e-01
1.443518996238708496e+00
9.181941151618957520e-01
1.914507627487182617e+00
1.182276129722595215e+00
-2.642423152923583984e+00
7.008005380630493164e-01
3.789361715316772461e+00
1.000512480735778809e+00
2.259563058614730835e-01
-2.093645334243774414e+00
2.191144943237304688e+00
2.027559041976928711e+00
1.363936781883239746e+00
-2.100023031234741211e+00
-1.452768564224243164e+00
7.216921448707580566e-01
3.644908189773559570e+00
2.639288663864135742e+00
4.592981815338134766e+00
6.656678915023803711e-01
-3.192389488220214844e+00
5.412060618400573730e-01
-2.856467962265014648e+00
2.839397668838500977e+00
2.742344737052917480e-01
-2.922506093978881836e+00
2.921045303344726562e+00
1.445614099502563477e+00
-2.366708278656005859e+00
1.741623997688293457e+00
3.926485300064086914e+00
-3.381649017333984375e+00
5.557717084884643555e-01
-3.064939677715301514e-01
1.002558827400207520e+00
1.484758853912353516e+00
2.003720283508300781e+00
3.310118436813354492e+00
1.325027942657470703e+00
-2.956410169601440430e+00
4.772852659225463867e-01
-3.259359121322631836e+00
3.185365200042724609e+00
-5.537748336791992188e-02
-4.490053057670593262e-01
3.952954053878784180e+00
3.803076982498168945e+00
2.217772960662841797e+00
-2.740043163299560547e+00
2.583852291107177734e+00
1.519212603569030762e+00
7.950472831726074219e-01
-1.021572709083557129e+00
2.291519403457641602e+00
-2.048001736402511597e-01
3.687744140625000000e-01
-2.996651828289031982e-01
4.039762973785400391e+00
-1.647826671600341797e+00
-1.533345103263854980e+00
-3.011662483215332031e+00
4.295954480767250061e-02
-1.697460293769836426e+00
7.917502522468566895e-01
-2.131678342819213867e+00
-9.621407985687255859e-01
4.395201802253723145e-01
2.479919433593750000e+00
7.123330831527709961e-01
-3.748898267745971680e+00
-1.009411692619323730e+00
2.710617780685424805e-01
3.444203376770019531e+00
-1.465637683868408203e+00
3.897524356842041016e+00
3.338288784027099609e+00
2.324082255363464355e-01
4.130704402923583984e+00
9.320833534002304077e-02
5.013331770896911621e-01
1.517809271812438965e+00
-1.445030331611633301e+00
1.815491437911987305e+00
7.189997434616088867e-01
-1.285153508186340332e+00
6.554698348045349121e-01
-2.270361781120300293e-01
-2.249080874025821686e-02
4.585286080837249756e-01
7.060306668281555176e-01
-6.448885798454284668e-01
-1.596586465835571289e+00
3.353578567504882812e+00
2.254348039627075195e+00
2.443596839904785156e+00
-1.797020792961120605e+00
-1.255296587944030762e+00
-2.823726654052734375e+00
2.270290613174438477e+00
-3.052606105804443359e+00
-5.199308991432189941e-01
-3.815479040145874023e+00
-3.089722156524658203e+00
2.316873550415039062e+00
5.037360787391662598e-01
-4.837455153465270996e-01
