2.177618503570556641e+00
-6.973980069160461426e-01
-6.859471201896667480e-01
4.648687362670898438e+00
1.898278355598449707e+00
3.725664377212524414e+00
1.564563155174255371e+00
2.036437749862670898e+00
2.360725641250610352e+00
2.595690250396728516e+00
-4.824009239673614502e-01
-1.620331257581710815e-01
1.415228605270385742e+00
4.580107331275939941e-01
1.473104208707809448e-01
2.593426108360290527e-01
1.926669478416442871e-01
1.124699786305427551e-01
2.264415919780731201e-01
2.955165319144725800e-02
1.976918131113052368e-01
9.166533350944519043e-01
1.011677384376525879e+00
-1.756533086299896240e-01
-9.171548485755920410e-02
-4.908767342567443848e-02
-1.424649506807327271e-01
-1.271185725927352905e-01
-2.606349289417266846e-01
2.658796310424804688e-02
-2.803069353103637695e-01
-9.669791162014007568e-02
-7.045730948448181152e-02
-8.886371850967407227e-01
9.950433731079101562e+00
1.013005256652832031e+01
1.328771781921386719e+01
1.330014038085937500e+01
1.537114906311035156e+01
1.518361186981201172e+01
1.746904754638671875e+01
1.917210769653320312e+01
1.916477012634277344e+01
1.958492279052734375e+01
2.456352043151855469e+01
-1.259750127792358398e-01
2.863308489322662354e-01
-6.140416860580444336e-02
-6.126254200935363770e-01
3.828612267971038818e-01
-1.301259845495223999e-01
-1.672375649213790894e-01
1.167075708508491516e-02
-1.051830887794494629e+00
-6.639357209205627441e-01
2.798152901232242584e-02
5.528438687324523926e-01
-3.410314023494720459e-02
9.372058510780334473e-01
-6.493175625801086426e-01
1.889982104301452637e+00
-1.409710645675659180e-01
-7.159695029258728027e-01
-4.699443280696868896e-01
6.827443242073059082e-01
2.402872592210769653e-01
6.506415605545043945e-01
-2.563240766525268555e+00
2.210849896073341370e-02
2.504740059375762939e-01
-2.591290771961212158e-01
-1.129328832030296326e-01
1.922327727079391479e-01
-3.290848255157470703e+00
-9.817196726799011230e-01
3.623014688491821289e+00
1.469794940203428268e-02
-6.277684569358825684e-01
1.564040929079055786e-01
-6.866173148155212402e-01
-4.059694111347198486e-01
4.523633956909179688e+00
2.012718677520751953e+00
-1.710520088672637939e-01
-7.093071341514587402e-01
-7.436993122100830078e-01
6.363034248352050781e-02
-8.467070013284683228e-02
-1.776993572711944580e-01
-3.888439536094665527e-01
1.120553240180015564e-01
-5.141071677207946777e-01
1.955373436212539673e-01
2.483309507369995117e-01
-7.549454569816589355e-01
-2.013025999069213867e+00
1.343213796615600586e+00
-4.649143218994140625e-01
-8.833519816398620605e-01
1.987097710371017456e-01
2.373635053634643555e+00
6.272722482681274414e-01
-4.219135344028472900e-01
9.314162135124206543e-01
-2.425161123275756836e+00
7.279937863349914551e-01
-9.755860567092895508e-01
-1.763884425163269043e+00
3.162005901336669922e+00
9.802176952362060547e-01
2.652870655059814453e+00
4.696374237537384033e-01
-1.854753494262695312e-01
4.201794788241386414e-02
1.835849285125732422e-01
-1.984982937574386597e-02
-8.625195622444152832e-01
-6.330417394638061523e-01
-4.063079059123992920e-01
7.679624557495117188e-01
4.579051733016967773e-01
-6.773336231708526611e-02
-2.854348719120025635e-01
4.266706109046936035e-02
-1.330910325050354004e-01
6.620786339044570923e-02
-2.959677577018737793e-01
1.484006196260452271e-01
-3.784460425376892090e-01
2.655128836631774902e-01
-4.505578577518463135e-01
2.915409803390502930e-01
-1.405580192804336548e-01
9.965894222259521484e-01
-8.150129765272140503e-02
4.976811707019805908e-01
-3.305371478199958801e-02
4.160592332482337952e-02
-2.444169297814369202e-02
1.264472842216491699e+00
9.058074951171875000e-01
-1.453201055526733398e+00
9.327445924282073975e-02
-4.424777030944824219e-01
1.343766301870346069e-01
3.203394711017608643e-01
3.329054415225982666e-01
-2.119756698608398438e+00
-6.298760175704956055e-01
4.202079474925994873e-01
2.773444354534149170e-01
2.043700814247131348e-01
-8.743453025817871094e-02
5.446413159370422363e-02
-4.883898496627807617e-01
3.694367110729217529e-01
1.609953939914703369e-01
3.187940418720245361e-01
5.078497901558876038e-02
1.293918788433074951e-01
-3.073851764202117920e-01
-1.400845527648925781e+00
1.757864505052566528e-01
3.614435493946075439e-01
3.110525608062744141e-01
2.399193048477172852e-01
-1.951389312744140625e-01
1.880156807601451874e-02
-3.956506401300430298e-02
-5.414412617683410645e-01
-5.956747010350227356e-02
-1.866732835769653320e-01
5.219602584838867188e-01
1.523083448410034180e+00
-1.291667461395263672e+00
-4.961913228034973145e-01
1.041997909545898438e+00
-6.192133203148841858e-02
-8.910163491964340210e-02
2.548341453075408936e-01
3.919480443000793457e-01
-4.357028603553771973e-01
8.600631952285766602e-01
7.659375071525573730e-01
-7.285627126693725586e-01
9.965485334396362305e-01
6.432647109031677246e-01
-2.537667751312255859e-01
-4.822686016559600830e-01
1.950124651193618774e-01
-2.547941207885742188e-01
-6.037894636392593384e-02
-4.782072007656097412e-01
-3.332622349262237549e-01
1.560298353433609009e-01
1.537042409181594849e-01
-3.390785753726959229e-01
5.418545007705688477e-01
-7.748433202505111694e-02
7.893063426017761230e-01
-1.343930512666702271e-01
2.093485891819000244e-01
-2.302453219890594482e-01
7.167956978082656860e-02
-1.272409856319427490e-01
1.155905842781066895e+00
3.160523772239685059e-01
-1.175088524818420410e+00
-1.206720434129238129e-02
-5.142925977706909180e-01
1.099716648459434509e-01
3.621356189250946045e-01
2.037565261125564575e-01
-1.061784982681274414e+00
-4.164096713066101074e-01
4.833154752850532532e-02
2.282109260559082031e-01
1.731258779764175415e-01
1.139051914215087891e-01
1.586378812789916992e-01
1.552793383598327637e-01
-3.784565627574920654e-02
-1.983310282230377197e-01
2.721701562404632568e-02
-2.674208767712116241e-02
-2.191916108131408691e-03
-6.480318903923034668e-01
1.664027333259582520e+00
-6.437897086143493652e-01
3.522428451105952263e-03
6.816726177930831909e-02
4.189356043934822083e-02
-6.662892699241638184e-01
6.105688214302062988e-02
2.844187915325164795e-01
-3.060487210750579834e-01
9.133238196372985840e-01
2.183078080415725708e-01
3.304080963134765625e-01
-2.584509849548339844e-01
-7.945448160171508789e-01
2.578510344028472900e-01
-9.288698434829711914e-01
-4.104991443455219269e-03
3.947452176362276077e-03
6.924302782863378525e-03
-5.432502366602420807e-03
6.094349664635956287e-04
4.309128504246473312e-03
4.355601500719785690e-03
8.181416429579257965e-03
-3.222153754904866219e-03
-4.233379440847784281e-04
-7.789869792759418488e-03
-3.751640906557440758e-03
2.134506125003099442e-03
-9.022618643939495087e-03
3.656893270090222359e-03
-2.507959259673953056e-03
-8.146679028868675232e-03
-1.350081642158329487e-03
-2.219103509560227394e-03
-6.102050654590129852e-03
-6.743931211531162262e-03
-5.587545689195394516e-03
5.671483930200338364e-03
7.329071406275033951e-03
-1.347324345260858536e-03
-9.708539582788944244e-03
4.319603613112121820e-04
8.050375618040561676e-04
1.536263851448893547e-03
-3.397429827600717545e-03
5.564284510910511017e-03
5.435244180262088776e-03
4.643436055630445480e-03
-2.360844518989324570e-03
2.649501431733369827e-03
3.259278135374188423e-03
1.318383845500648022e-03
1.612973137525841594e-04
-9.123805910348892212e-03
5.261096172034740448e-03
6.815555505454540253e-03
5.477529019117355347e-03
-4.914477933198213577e-03
1.460144529119133949e-03
-8.619531057775020599e-03
-1.101941568776965141e-03
-9.562609484419226646e-04
9.144229814410209656e-03
-8.013138547539710999e-03
-2.363982843235135078e-03
-5.358278751373291016e-03
-8.964678272604942322e-03
-1.077248671208508313e-04
-4.908341725240461528e-05
-4.794032778590917587e-03
2.942090621218085289e-03
9.925617836415767670e-03
-5.012931767851114273e-03
-7.666319608688354492e-03
4.330014809966087341e-03
-6.195796187967061996e-03
3.740793326869606972e-04
-8.110647089779376984e-03
-1.155723817646503448e-03
-4.151532426476478577e-03
-3.161117434501647949e-03
6.269917488098144531e-01
8.829270601272583008e-01
-2.129995822906494141e+00
6.307056546211242676e-01
