1.756709337234497070e+00
-1.471713304519653320e+00
-8.743520826101303101e-02
4.764894008636474609e+00
1.368200898170471191e+00
3.973477125167846680e+00
7.598200440406799316e-01
2.322686433792114258e+00
9.093987941741943359e-01
3.190848827362060547e+00
-8.267581462860107422e-01
4.969459474086761475e-01
7.475612163543701172e-01
-2.411243878304958344e-02
4.420582354068756104e-01
-8.526747673749923706e-02
7.754044532775878906e-01
-1.660328060388565063e-01
3.299406170845031738e-01
3.602303862571716309e-01
-8.561856150627136230e-01
2.200597077608108521e-01
-4.931951463222503662e-01
-3.003758788108825684e-01
-4.410799145698547363e-01
-2.764655351638793945e-01
1.039235014468431473e-02
-1.497191041707992554e-01
-1.670469194650650024e-01
1.535811722278594971e-01
-3.109591305255889893e-01
-5.696107819676399231e-02
5.022980570793151855e-01
-4.724619388580322266e-01
1.013600826263427734e+01
1.017057418823242188e+01
1.324850177764892578e+01
1.341635322570800781e+01
1.534942245483398438e+01
1.412847614288330078e+01
1.751934432983398438e+01
1.929206657409667969e+01
1.926251029968261719e+01
1.882327651977539062e+01
2.541314506530761719e+01
5.471454858779907227e-01
2.971412539482116699e-01
1.947873234748840332e-01
3.296136558055877686e-01
2.707041501998901367e-01
-1.121934726834297180e-01
1.100648283958435059e+00
1.071896076202392578e+00
-1.882882356643676758e+00
-1.358727812767028809e+00
-4.905874729156494141e-01
5.929446816444396973e-01
-1.750538706779479980e+00
1.468559265136718750e+00
2.047979831695556641e-01
2.387844085693359375e+00
1.800973653793334961e+00
-3.042086601257324219e+00
-7.135128974914550781e-01
2.168083637952804565e-01
1.584759950637817383e-01
-2.753694057464599609e-01
-1.141975998878479004e+00
-3.667379915714263916e-01
1.216444730758666992e+00
9.223219007253646851e-02
-6.874276995658874512e-01
-8.837391436100006104e-02
-9.289414405822753906e+00
-3.178681135177612305e+00
1.463689923286437988e+00
2.916260659694671631e-01
-2.148633480072021484e+00
5.406246185302734375e-01
-8.949908018112182617e-01
9.805085062980651855e-01
1.365235233306884766e+01
7.678203582763671875e+00
-4.095870256423950195e-01
-1.399638056755065918e+00
-1.078837871551513672e+00
8.120724558830261230e-01
9.661030769348144531e-02
1.527846008539199829e-01
-3.193514943122863770e-01
3.307512044906616211e+00
-6.455180644989013672e-01
6.602007746696472168e-01
2.013693451881408691e-01
-1.889595031738281250e+00
-6.229902744293212891e+00
1.280460357666015625e+00
2.586157619953155518e-01
-1.337367415428161621e+00
-4.659342765808105469e-01
4.106646060943603516e+00
-7.407974600791931152e-01
1.355183124542236328e-01
-1.485750675201416016e-01
-2.195904493331909180e+00
3.869595527648925781e-01
3.286008536815643311e-01
-3.686268329620361328e+00
1.908923864364624023e+00
-1.821809411048889160e+00
5.580501556396484375e+00
5.872968956828117371e-02
-3.451800942420959473e-01
9.371213614940643311e-02
-2.167597264051437378e-01
1.463369876146316528e-01
-3.334983065724372864e-02
-9.553098082542419434e-01
-8.712469935417175293e-01
-1.208983734250068665e-01
1.331448197364807129e+00
1.010783195495605469e+00
8.498406410217285156e-02
7.217260599136352539e-01
-6.142647266387939453e-01
-1.579014211893081665e-01
-1.397692203521728516e+00
-3.885699510574340820e-01
-3.639303147792816162e-01
1.027041316032409668e+00
1.031551241874694824e+00
1.070142269134521484e+00
-3.927867710590362549e-01
1.272786140441894531e+00
-5.336455106735229492e-01
2.919010639190673828e+00
-1.547930538654327393e-01
-2.905484288930892944e-02
9.438667446374893188e-02
2.450617074966430664e+00
6.963524818420410156e-01
-9.292150735855102539e-01
7.904528379440307617e-01
-4.375911235809326172e+00
-3.377530276775360107e-01
1.054507136344909668e+00
2.116510421037673950e-01
-4.261401653289794922e+00
-2.451936751604080200e-01
8.086479902267456055e-01
-2.901247441768646240e-01
4.157383441925048828e-01
-2.414018958806991577e-01
-3.313856944441795349e-02
-7.914902567863464355e-01
2.896679043769836426e-01
2.654971599578857422e+00
3.301863968372344971e-01
-3.121100664138793945e+00
4.833898246288299561e-01
5.609254837036132812e-01
-1.963971704244613647e-01
-1.413636058568954468e-01
1.085432339459657669e-02
7.137700319290161133e-01
6.655533909797668457e-01
-3.098420202732086182e-01
5.937797427177429199e-01
-3.134013712406158447e-01
-1.526485562324523926e+00
-9.276790022850036621e-01
-1.058656051754951477e-01
5.338004603981971741e-02
8.075973391532897949e-01
2.145298480987548828e+00
1.231962561607360840e+00
3.167112588882446289e+00
-2.215893864631652832e-01
-3.079287335276603699e-02
1.343005988746881485e-02
-2.466505169868469238e-01
-3.622029423713684082e-01
9.976080060005187988e-01
7.975150942802429199e-01
5.702303722500801086e-03
7.430434226989746094e-01
5.409299135208129883e-01
-7.962715625762939453e-01
-3.526279926300048828e-01
4.601523578166961670e-01
-3.841665685176849365e-01
-2.315599769353866577e-01
-1.496250152587890625e+00
-2.320654988288879395e-01
-1.458484213799238205e-03
-1.864128559827804565e-02
1.248097658157348633e+00
9.334312677383422852e-01
-3.087705075740814209e-01
6.968228816986083984e-01
-4.440689980983734131e-01
2.168565273284912109e+00
2.439333051443099976e-01
-3.652369603514671326e-02
-6.713008880615234375e-02
2.004243850708007812e+00
-6.514449715614318848e-01
-1.029463171958923340e+00
5.331676006317138672e-01
-3.820583343505859375e+00
-1.400664448738098145e-01
7.521154284477233887e-01
-5.708486214280128479e-02
-2.279562711715698242e+00
1.052984222769737244e-01
-1.284313648939132690e-01
2.163181900978088379e-01
-2.332043051719665527e-01
5.546542406082153320e-01
1.459019035100936890e-01
2.232069969177246094e-01
3.087748885154724121e-01
1.555560827255249023e+00
3.999857902526855469e-01
-1.446735024452209473e+00
9.032272100448608398e-01
-1.614995360374450684e+00
1.877679228782653809e+00
-2.329370826482772827e-01
-5.268509984016418457e-01
7.634890079498291016e-02
3.551207780838012695e-01
-5.747466683387756348e-01
1.127662897109985352e+00
8.505087345838546753e-02
-2.387788593769073486e-01
1.846426606178283691e+00
2.036523520946502686e-01
2.200816869735717773e-01
2.127183787524700165e-02
6.823416352272033691e-01
-2.904773354530334473e-01
-2.490350961685180664e+00
-4.104991443455219269e-03
3.947452176362276077e-03
6.924302782863378525e-03
-5.432502366602420807e-03
6.094349664635956287e-04
4.309128504246473312e-03
4.355601500719785690e-03
8.181416429579257965e-03
-3.222153754904866219e-03
-4.233379440847784281e-04
-7.789869792759418488e-03
-3.751640906557440758e-03
2.134506125003099442e-03
-9.022618643939495087e-03
3.656893270090222359e-03
-2.507959259673953056e-03
-8.146679028868675232e-03
-1.350081642158329487e-03
-2.219103509560227394e-03
-6.102050654590129852e-03
-6.743931211531162262e-03
-5.587545689195394516e-03
5.671483930200338364e-03
7.329071406275033951e-03
-1.347324345260858536e-03
-9.708539582788944244e-03
4.319603613112121820e-04
8.050375618040561676e-04
1.536263851448893547e-03
-3.397429827600717545e-03
5.564284510910511017e-03
5.435244180262088776e-03
4.643436055630445480e-03
-2.360844518989324570e-03
2.649501431733369827e-03
3.259278135374188423e-03
1.318383845500648022e-03
1.612973137525841594e-04
-9.123805910348892212e-03
5.261096172034740448e-03
6.815555505454540253e-03
5.477529019117355347e-03
-4.914477933198213577e-03
1.460144529119133949e-03
-8.619531057775020599e-03
-1.101941568776965141e-03
-9.562609484419226646e-04
9.144229814410209656e-03
-8.013138547539710999e-03
-2.363982843235135078e-03
-5.358278751373291016e-03
-8.964678272604942322e-03
-1.077248671208508313e-04
-4.908341725240461528e-05
-4.794032778590917587e-03
2.942090621218085289e-03
9.925617836415767670e-03
-5.012931767851114273e-03
-7.666319608688354492e-03
4.330014809966087341e-03
-6.195796187967061996e-03
3.740793326869606972e-04
-8.110647089779376984e-03
-1.155723817646503448e-03
-4.151532426476478577e-03
-3.161117434501647949e-03
1.143596887588500977e+00
1.101994037628173828e+00
-1.723377466201782227e+00
6.463069319725036621e-01
