1.103143024444580078e+01
1.565152359008789062e+01
1.123873233795166016e+01
1.544434070587158203e+01
1.567424678802490234e+01
1.558639240264892578e+01
1.544435310363769531e+01
1.198043060302734375e+01
1.099147701263427734e+01
1.175531101226806641e+01
7.865521907806396484e+00
1.594628906250000000e+01
-5.106645107269287109e+00
5.058491706848144531e+00
-3.771601676940917969e+00
1.336177730560302734e+01
6.007112503051757812e+00
3.562824726104736328e-01
-6.751575469970703125e+00
-1.050865745544433594e+01
4.275152206420898438e+00
-1.261259198188781738e+00
-7.131487596780061722e-03
-1.771375417709350586e+00
2.217134237289428711e+00
-6.748547077178955078e+00
1.395916700363159180e+00
-7.117758989334106445e-01
-2.855360269546508789e+00
-2.460494756698608398e+00
8.634690284729003906e+00
1.070224761962890625e+01
7.948219776153564453e+00
-4.245175421237945557e-01
-1.376966476440429688e+00
5.875060081481933594e+00
-4.092119693756103516e+00
1.815573573112487793e+00
7.920823693275451660e-01
-1.066727161407470703e+01
-3.702879905700683594e+00
-1.080118274688720703e+01
1.069663047790527344e+01
-4.818916022777557373e-01
-8.834162712097167969e+00
2.548164367675781250e+00
7.001387596130371094e+00
-1.225554585456848145e+00
3.604495897889137268e-02
-1.309646010398864746e+00
-7.312713623046875000e+00
1.883860230445861816e+00
2.381874471902847290e-01
4.114716529846191406e+00
-3.541932821273803711e+00
-2.285236120223999023e-01
1.762438267469406128e-01
5.702151775360107422e+00
-5.665184974670410156e+00
-5.136841773986816406e+00
-8.130544662475585938e+00
-7.637890815734863281e+00
1.880281805992126465e+00
1.541576266288757324e+00
-1.151056811213493347e-01
7.201666831970214844e-01
7.827024459838867188e-01
3.516813993453979492e+00
-1.382701158523559570e+00
-3.374470949172973633e+00
6.580795288085937500e+00
-5.679944515228271484e+00
-7.094728946685791016e+00
3.866753578186035156e+00
3.162404298782348633e+00
6.754621982574462891e+00
-8.966333389282226562e+00
8.726562500000000000e+00
-9.256556510925292969e+00
-5.666614055633544922e+00
2.273092508316040039e+00
-6.467602252960205078e+00
4.542929649353027344e+00
-6.368072509765625000e+00
8.599678039550781250e+00
-6.276853561401367188e+00
9.710188865661621094e+00
9.541418552398681641e-01
1.676015734672546387e+00
4.144205093383789062e+00
1.738580912351608276e-01
-3.589136123657226562e+00
-2.211963176727294922e+00
5.854575037956237793e-01
1.667202711105346680e+00
1.413561344146728516e+00
4.077589035034179688e+00
-1.387605190277099609e+00
7.485291957855224609e-01
-5.021966099739074707e-01
3.579266309738159180e+00
1.535488843917846680e+00
2.818339109420776367e+00
1.245009779930114746e+00
-2.577738285064697266e+00
-2.730657458305358887e-01
-1.807807207107543945e+00
2.987625837326049805e+00
3.087993264198303223e-01
3.689993381500244141e+00
-5.851710438728332520e-01
1.024142861366271973e+00
4.307563304901123047e+00
-3.824576735496520996e-01
4.378027439117431641e+00
-4.286061286926269531e+00
-5.225535854697227478e-02
2.576485872268676758e-01
2.975036621093750000e+00
2.966706275939941406e+00
2.648026466369628906e+00
3.138273715972900391e+00
-2.908635377883911133e+00
-3.862414360046386719e+00
2.066769599914550781e+00
2.460472881793975830e-01
-1.900178790092468262e+00
2.349227666854858398e+00
2.441930055618286133e+00
4.638701438903808594e+00
1.311919689178466797e+00
-9.237638711929321289e-01
2.394115030765533447e-01
-5.820988416671752930e-01
-2.735264778137207031e+00
3.714889585971832275e-01
3.651398181915283203e+00
2.847116231918334961e+00
-3.711686849594116211e+00
2.691188573837280273e+00
-2.130781650543212891e+00
1.475278586149215698e-01
-1.701475977897644043e-01
4.982827976346015930e-02
-9.660748392343521118e-02
-6.081581115722656250e-01
1.418034315109252930e+00
-3.638417243957519531e+00
-2.664895296096801758e+00
9.521733522415161133e-01
-8.581213355064392090e-01
3.505558013916015625e+00
1.659441828727722168e+00
2.799196958541870117e+00
-3.306829214096069336e+00
-2.203685045242309570e+00
-1.224665522575378418e+00
4.035357952117919922e+00
-4.536822140216827393e-01
9.769421219825744629e-01
-4.067963600158691406e+00
-2.993119478225708008e+00
-2.910162687301635742e+00
6.205482959747314453e+00
4.629293084144592285e-01
-2.341804504394531250e+00
3.430691480636596680e+00
-1.110692024230957031e+00
-7.851170897483825684e-01
-2.227511644363403320e+00
-1.845825195312500000e+00
1.180073976516723633e+00
1.776905179023742676e+00
1.714831143617630005e-01
3.601091861724853516e+00
-1.710135340690612793e+00
-9.769186377525329590e-01
1.089284658432006836e+00
4.943633079528808594e+00
1.414989233016967773e+00
2.021004199981689453e+00
1.371682047843933105e+00
-1.651999831199645996e+00
6.289398670196533203e-01
4.294968247413635254e-01
2.714635372161865234e+00
7.310751825571060181e-02
4.998352050781250000e+00
-1.097500085830688477e+00
-3.302611410617828369e-01
2.130508661270141602e+00
-8.743466734886169434e-01
3.959564208984375000e+00
-4.170097827911376953e+00
4.751785397529602051e-01
8.642451763153076172e-01
3.920399427413940430e+00
3.591984748840332031e+00
2.490206718444824219e+00
3.007816791534423828e+00
-2.410869836807250977e+00
-3.555571794509887695e+00
2.029673099517822266e+00
-2.929523289203643799e-01
-1.617504000663757324e+00
2.304107427597045898e+00
1.758534073829650879e+00
3.239737987518310547e+00
9.989097118377685547e-01
-1.354751586914062500e+00
7.183701992034912109e-01
1.880406975746154785e+00
-2.643220663070678711e+00
-4.716491093859076500e-04
2.982619762420654297e+00
3.045193910598754883e+00
-2.815297603607177734e+00
2.627369403839111328e+00
1.263697445392608643e-01
-1.333760619163513184e-01
4.294824898242950439e-01
-4.826141521334648132e-02
-1.130966901779174805e+00
3.544636666774749756e-01
1.073476433753967285e+00
-3.679144620895385742e+00
-2.128143548965454102e+00
3.698741197586059570e-01
-6.858209967613220215e-01
4.189394474029541016e+00
1.250743150711059570e+00
2.994887828826904297e+00
-3.352205276489257812e+00
-2.156158208847045898e+00
-1.431414127349853516e+00
3.927000999450683594e+00
-1.848767399787902832e+00
2.442594289779663086e+00
-2.594876289367675781e+00
-1.528517961502075195e+00
-2.798488140106201172e+00
4.018007755279541016e+00
8.948019146919250488e-01
-2.793241739273071289e+00
1.942713737487792969e+00
-7.123162746429443359e-01
-6.451986432075500488e-01
