2.133687257766723633e+00
-4.445268809795379639e-01
5.073596954345703125e+00
4.011715888977050781e+00
1.888060212135314941e+00
3.535328388214111328e+00
5.667170286178588867e-01
2.701201438903808594e-01
1.001130819320678711e+00
8.825281262397766113e-02
3.789018392562866211e-01
-5.296202301979064941e-01
-5.467124283313751221e-02
2.500436544418334961e+00
1.899063348770141602e+00
9.450473785400390625e-01
1.567238420248031616e-01
1.249961853027343750e-01
6.351505219936370850e-02
-5.124454498291015625e-01
-6.393162012100219727e-01
-7.384955286979675293e-01
1.096412181854248047e+01
1.330233573913574219e+01
1.537483501434326172e+01
1.737513542175292969e+01
1.912374496459960938e+01
2.180654716491699219e+01
2.334303092956542969e+01
9.173074364662170410e-01
-5.185384750366210938e-01
4.796212539076805115e-02
5.809124112129211426e-01
9.313023090362548828e-01
9.013952016830444336e-01
1.095057845115661621e+00
-8.509565591812133789e-01
-5.962053313851356506e-02
5.081263780593872070e-01
4.216071963310241699e-02
-7.025587558746337891e-01
-2.658284604549407959e-01
-8.804340362548828125e-01
-1.554144313558936119e-03
-4.855179786682128906e-01
-2.428435981273651123e-01
-2.649348974227905273e-01
1.438835382461547852e+00
-1.010093450546264648e+00
1.731052994728088379e+00
6.833338737487792969e-01
4.791744947433471680e-01
-2.037707805633544922e+00
7.186686992645263672e-01
3.894067108631134033e-01
-1.569940359331667423e-03
-1.009524226188659668e+00
8.636156916618347168e-01
4.775459468364715576e-01
-1.982926726341247559e-01
4.500243812799453735e-02
3.407008349895477295e-01
6.312473416328430176e-01
8.286093473434448242e-01
7.873506546020507812e-01
-2.746396660804748535e-01
4.326531887054443359e-01
7.849077582359313965e-01
9.702238440513610840e-02
4.042861163616180420e-01
5.361444354057312012e-01
-1.688096374273300171e-01
3.668127954006195068e-01
2.484714090824127197e-01
-3.791937828063964844e-01
-5.406420305371284485e-02
5.541670918464660645e-01
-5.951874256134033203e-01
-3.406085446476936340e-02
-1.568299159407615662e-02
6.963744759559631348e-01
3.799234330654144287e-01
1.166113138198852539e+00
-4.960691332817077637e-01
3.164691627025604248e-01
1.134627461433410645e+00
1.339826136827468872e-01
6.656006574630737305e-01
-5.179075598716735840e-01
-3.916520178318023682e-01
5.740297436714172363e-01
1.782396584749221802e-01
-3.147660568356513977e-02
1.046771034598350525e-01
-4.793842732906341553e-01
-3.621874749660491943e-02
3.216657638549804688e-01
4.909515380859375000e-01
3.410534262657165527e-01
1.568227708339691162e-01
1.017010137438774109e-01
1.332441121339797974e-01
2.571893334388732910e-01
-5.411483049392700195e-01
-1.014519389718770981e-02
-3.289103209972381592e-01
3.586530685424804688e-01
2.159312963485717773e-01
3.122583031654357910e-01
-2.903273999691009521e-01
2.827349603176116943e-01
3.002932369709014893e-01
1.956872344017028809e-01
1.384645998477935791e-01
2.996446192264556885e-01
2.280048727989196777e-01
5.069350600242614746e-01
2.019475102424621582e-01
7.273560166358947754e-01
4.966476559638977051e-01
7.635935395956039429e-02
4.938296973705291748e-01
5.914606451988220215e-01
5.083807110786437988e-01
2.250811010599136353e-01
9.383375644683837891e-01
2.163132876157760620e-01
2.020696252584457397e-01
4.259979128837585449e-01
3.171572387218475342e-01
7.805361747741699219e-01
1.081629469990730286e-01
8.210074305534362793e-01
6.084688901901245117e-01
8.183964490890502930e-01
1.433401852846145630e-01
4.503459930419921875e-01
8.980380892753601074e-01
8.857166767120361328e-01
3.134471476078033447e-01
7.863496541976928711e-01
1.261585235595703125e+00
1.236567854881286621e+00
-2.754049301147460938e+00
9.989527463912963867e-01
