-5.069925269669481871e-01
4.178823182331006247e-01
5.759215893869431557e-01
-2.339595717213478754e-01
-1.295474536540941468e+00
-2.397004457248912146e-01
-5.814781813128512278e-01
-5.103383528209256559e-01
-5.054031448921759706e-01
-1.110410841966511963e+00
-9.495892004505135375e-01
-1.336344342306524935e-01
-1.373582985050425531e-01
2.199412281378710365e-01
-5.751225994007290974e-03
-1.328321660144107241e+00
-1.011671482285667167e+00
1.582473654524287621e-01
-8.475093161119670038e-01
-8.641438490055899369e-01
1.274369304810141434e+00
6.335591328709191394e-01
-1.162717830347527598e-01
-3.501457686191120078e-01
2.027261224567018516e-01
4.791055803600386964e-01
1.532755020215913200e-01
1.015148128882768175e+00
-4.011574308149236656e-01
-4.166842640725748614e-01
5.726580950077230642e-02
9.241773014670387476e-02
-7.973943309805766599e-01
-1.062638335918786536e+00
1.160114232882007157e-01
-3.038888070467173422e-02
-4.326774802216976079e-01
-2.885453000824715897e-01
-8.288457383045696458e-01
-2.855424476028792236e-01
-1.903706299421669690e-01
4.645573886127440932e-01
-3.109335340180277574e-01
1.700685084598730912e-01
-7.893487312936371403e-01
-4.653401353833167692e-02
-1.077194087001277722e+00
7.804101860707723937e-02
8.612866127258683724e-01
-1.128157816060151752e+00
2.202184612663588836e-01
-3.662426412913645235e-01
4.728329704686092261e-01
5.459121103575992340e-01
5.490115185020809641e-01
2.720176801427757751e-01
4.772560376788731462e-01
6.165090525646643727e-01
1.667797095245020234e-01
1.555572880554983162e-01
-1.811707131550902572e-01
-1.139537842432802872e+00
2.143553860843812053e-01
5.926319656949745329e-02
7.896855103507582907e-01
-6.488661007009929316e-01
2.862632580474975402e-02
-7.006139259833505939e-01
-1.329286360146064161e-01
-5.310016447188500299e-01
5.491110567622800032e-01
7.937162495169431953e-01
1.329008884544112812e+00
7.197888780219692251e-01
-4.376481891803898905e-02
7.064224821436055901e-01
-1.926456371934578971e-01
6.278840927069007094e-01
-1.280704095735195613e-01
-6.558997404912086937e-02
-5.719454651169101345e-01
5.229551843984783233e-01
-6.955781034353049064e-01
-9.436075217506881829e-01
-3.231685681845488656e-01
-3.244889769793884438e-01
9.219569145688263356e-01
-3.717525150694745983e-01
-1.107224356024554712e+00
-4.634163980621904821e-01
3.035966997119273758e-01
4.467408432897360115e-01
-1.348711885262591448e+00
-5.953494232088145655e-01
5.574253629220550232e-01
4.415594311569037700e-01
8.865395182043411815e-01
-2.414188265401630007e-01
3.338306303717515910e-01
-5.075252186138546895e-01
5.343510082503959424e-01
-6.589120750130748050e-01
-4.819552997155645557e-01
-8.832189014273640615e-02
-4.876594403248543652e-01
4.172486223217115042e-01
-4.642783096897137307e-01
-3.788309224091053751e-01
3.066334337900603613e-01
5.537141112465086140e-02
6.762686288752600694e-01
-6.266199375593928256e-01
6.825700721758046763e-01
-2.810809899096896602e-01
1.537170327634697742e+00
-1.356257019071447800e+00
4.163031695418785150e-01
1.122406940608600689e-01
-6.374424555982964868e-01
4.315338314210772075e-01
8.888334792327198253e-01
-1.279620138642807214e+00
-5.048588383100390820e-01
-5.337071186654823718e-01
1.974994933307105127e-01
6.293384600905882476e-01
1.091625505996599577e+00
9.719980876839121042e-02
2.765808766509393890e-01
1.599002633613846036e-01
5.377325365054149708e-01
9.113814771788437685e-01
2.420698741727064507e-01
-3.404243059785965753e-01
2.503851787224967707e-01
3.552714475503996883e-01
-3.799127283638696340e-01
4.319479311085865914e-01
1.147853289771433971e+00
-7.387437963128281604e-01
-3.985667783731809966e-01
7.130688331569753347e-01
1.478699897052332402e-01
8.701145582678426749e-01
2.380911288111996760e-01
-1.410348023716945787e-01
-1.114610678329247984e+00
2.584047348509624920e-01
-4.331765386622298680e-02
4.941391537095600472e-02
-4.987159037151449592e-01
-7.941293414732730760e-01
-6.822809591850828026e-01
3.426847855625242412e-01
2.803593090417633715e-01
-7.398125302378139034e-02
2.289499489899222695e-01
-1.883346468242007299e-01
-5.092973612290380148e-01
2.622429209429728569e-01
-6.126816265431518360e-01
-6.694761116906149390e-01
2.941291800374906118e-01
6.790627178176346090e-01
-5.952020565221167320e-02
1.102196532973914733e-01
3.113643326666289401e-01
5.344194003367565005e-01
4.243034995862078884e-01
2.826850049069724591e-01
4.773346459511185191e-01
-6.426099200692509950e-01
1.352308499681170728e+00
-5.608715325425997489e-02
-1.248921849681491197e-01
8.552324071711016051e-01
-3.960087091893622901e-02
7.569476593947933596e-01
-6.226525663624212781e-01
5.452617684098641782e-01
2.249469281246049140e-02
-4.212111393338739684e-02
-1.120523026084403018e+00
1.505825820763876610e+00
-5.352440668148019665e-01
6.809470407897643129e-01
-7.027126491780252837e-02
8.270574463305487845e-01
9.086577583531850744e-01
7.249927036114147683e-01
8.753233066277307239e-01
5.776426002859633702e-01
-5.720869998289385139e-01
3.734481740027272290e-01
-1.276914907008351863e+00
9.353012064926266023e-01
4.027195013206276153e-01
1.458782843013288200e-01
4.971515890807539639e-01
1.085658550517605958e+00
-4.664079658105739212e-01
-2.202838010065351626e-01
-4.808568152398849938e-01
1.055397966896545858e+00
-1.534892207215474036e+00
-7.462034221953453006e-01
-2.784580976817369602e-01
5.941165717059451179e-01
-5.389932380419850677e-01
1.165841187995477618e-01
-3.574614549619347659e-01
7.923961169815202377e-01
9.979286916027456655e-01
1.986403134001123172e-01
-3.945045222944609242e-01
7.335101589710660841e-01
6.944978188769858063e-01
-1.312507975185706277e+00
1.196224994259515340e+00
-5.165822065680820696e-01
1.528595266852231516e-01
4.152958200329543437e-01
4.501785542968436138e-01
7.829077244512316902e-02
4.875842872124657723e-01
-3.594246325624693705e-01
-1.418130235398495920e+00
1.371777852963679933e+00
3.289404064777360359e-01
7.699782784340899466e-01
7.471388133056923175e-01
-1.954307008566137371e-01
1.170458852422768370e+00
9.180704922125342282e-01
7.298909365700654295e-01
2.536698137136865761e-01
-5.319570169224194234e-02
-7.575330912889934876e-01
2.822801225651291324e-01
1.039088602032493869e+00
3.382145783625808422e-01
-4.468467979586892569e-01
4.264666722839324797e-01
9.930552190840985505e-01
-4.444978091129134778e-01
-7.602893620775652561e-01
-2.829437285426500970e-01
-6.073122197908182862e-01
-1.259381552637615309e+00
-1.129526550789414774e+00
6.048389834951554134e-01
-1.055251628340968084e+00
-1.418339683680400531e+00
-2.286462853316986454e-01
-6.104386031747077723e-02
7.893285869379877695e-02
5.651334298207758566e-01
1.338266509967132312e-01
5.437776901485678049e-01
2.273602032352106117e-01
5.562830163566606645e-01
6.641298712721717123e-01
-3.708807777252675630e-01
-7.416633480611062312e-01
7.017428023139443694e-01
8.692179156765662551e-01
-8.057227435252187209e-02
-4.490566126298730087e-01
3.546984214996022899e-01
6.265968729764916922e-01
-5.391605154979732806e-01
5.209489081828428958e-01
1.527200437593687066e-02
1.179213870111010865e+00
-1.029083364963724323e-01
-1.046850383375182325e+00
2.640276429319988738e-01
1.595743169848258536e-01
1.021421822297055026e+00
-1.200837182593389729e-01
-2.278601105521685932e-01
5.177557215051792339e-01
-1.124158687467905260e+00
-1.089616713082427912e+00
-2.299333098612297566e-01
-3.638122674819863067e-01
7.322704518951755892e-02
1.287259347636647622e+00
7.341052669888477322e-02
-5.948921533844067078e-01
1.093645153661899849e+00
1.367828896473154143e-02
-7.390849788031127465e-01
-2.560583764451174749e-01
1.740630738039431746e-01
1.469860571220902856e-01
-3.935892945625440453e-01
4.877790739113734841e-01
6.987539726351383873e-01
1.258968444269370768e-01
3.255469962233904502e-01
1.012578020823586167e+00
1.218549952507059553e+00
-1.346965553439755325e+00
-4.083095074656424850e-01
-6.551584654610141945e-01
5.377981455915761266e-01
4.482504505806372275e-01
1.389670755460316709e+00
-1.099677293990003468e+00
4.254859562503424675e-01
-5.506386691779184828e-01
-6.138953305044061448e-01
-1.048921603538139680e+00
-9.976374533526299881e-01
-7.267775273733003694e-01
6.628142900563606110e-01
1.059908592127088545e+00
4.170533420889346310e-01
6.961183409886978479e-01
-4.677514624358929951e-01
8.202922244058949985e-01
-7.102058149882499727e-01
