1.658994078636169434e+00
1.682751059532165527e+00
4.164799690246582031e+00
6.678911447525024414e-01
2.151647806167602539e+00
2.301007986068725586e+00
3.149617671966552734e+00
1.927086234092712402e+00
1.766096711158752441e+00
2.999719858169555664e+00
7.688364386558532715e-01
7.032080292701721191e-01
8.121419548988342285e-01
3.626099601387977600e-02
-5.549549460411071777e-01
1.090471506118774414e+00
9.930227994918823242e-01
2.127379477024078369e-01
-3.131772205233573914e-02
3.920578360557556152e-01
-1.335151642560958862e-01
5.653561949729919434e-01
-5.836766362190246582e-01
-4.138915836811065674e-01
1.903874754905700684e+00
5.779820308089256287e-02
-8.423775434494018555e-02
1.662346068769693375e-03
-1.887871623039245605e-01
-4.166415929794311523e-01
8.685594052076339722e-02
-3.135989308357238770e-01
7.147153019905090332e-01
-5.113144516944885254e-01
-8.254838734865188599e-02
5.758970975875854492e-01
4.883692041039466858e-02
1.024432468414306641e+01
1.318194866180419922e+01
1.305185508728027344e+01
1.391741466522216797e+01
1.581387615203857422e+01
1.514017295837402344e+01
1.732342910766601562e+01
1.828382682800292969e+01
1.933330154418945312e+01
2.198535728454589844e+01
2.664080810546875000e+01
2.905787467956542969e+01
1.330107331275939941e+00
-1.009987592697143555e-01
-1.019675284624099731e-01
-7.642339468002319336e-01
-1.036043882369995117e+00
7.275663614273071289e-01
2.217617034912109375e+00
-2.407727956771850586e+00
3.060601353645324707e-01
9.820302724838256836e-01
-1.282964587211608887e+00
1.052423477172851562e+00
2.578541934490203857e-01
2.084762901067733765e-01
-2.085535287857055664e+00
-5.002850294113159180e-01
1.224404931068420410e+00
-9.960067868232727051e-01
4.631516337394714355e-01
-9.773621559143066406e-01
6.038023829460144043e-01
-5.825175642967224121e-01
-1.174537777900695801e+00
-1.354147911071777344e+00
3.574299514293670654e-01
1.863897293806076050e-01
-1.382830262184143066e+00
2.853089570999145508e+00
-3.268516778945922852e+00
3.684181272983551025e-01
1.441306471824645996e+00
1.818945169448852539e+00
2.108712911605834961e+00
2.811505556106567383e+00
5.524306297302246094e-01
-8.366417884826660156e-01
-1.208045840263366699e+00
9.978601932525634766e-01
-9.162828326225280762e-02
-8.593326807022094727e-01
-2.633123159408569336e+00
7.743671885691583157e-04
5.190973281860351562e-01
2.124620042741298676e-02
-5.725207179784774780e-02
-6.502987146377563477e-01
2.331104725599288940e-01
3.733984827995300293e-01
1.499567508697509766e+00
-2.151418626308441162e-01
-8.032698035240173340e-01
-1.595373302698135376e-01
-6.305660009384155273e-01
1.400477588176727295e-01
4.624011814594268799e-01
2.197994470596313477e+00
1.414768993854522705e-01
3.590729534626007080e-01
7.756485939025878906e-01
-3.597960472106933594e-01
-7.678822875022888184e-01
-2.875441074371337891e+00
1.327972888946533203e+00
8.177503347396850586e-01
-9.322702884674072266e-01
1.425439357757568359e+00
-4.485364854335784912e-01
-5.480199307203292847e-02
5.419119000434875488e-01
-1.395124554634094238e+00
2.353167772293090820e+00
1.697685480117797852e+00
-4.636760950088500977e-01
-4.544237613677978516e+00
-1.690317034721374512e+00
-1.976224184036254883e+00
-1.163455128669738770e+00
1.411451101303100586e+00
1.117317937314510345e-02
9.958779811859130859e-02
-5.453199148178100586e-01
4.072047472000122070e-01
3.534274101257324219e-01
-1.840553246438503265e-02
4.392479658126831055e-01
5.975068211555480957e-01
4.412242174148559570e-01
-1.828447878360748291e-01
-1.210242867469787598e+00
-7.586739063262939453e-01
1.638045608997344971e-01
8.220505118370056152e-01
2.232810109853744507e-01
1.954749822616577148e-01
3.585965186357498169e-02
2.912845648825168610e-02
-2.870282530784606934e-01
-1.044890563935041428e-02
2.417914867401123047e-01
-6.533833146095275879e-01
-7.596297562122344971e-02
-1.544250965118408203e+00
6.123737096786499023e-01
1.915518939495086670e-01
-1.573471575975418091e-01
-8.763160109519958496e-01
1.229668378829956055e+00
-5.967701077461242676e-01
-1.427614688873291016e+00
-3.065149188041687012e-01
-1.169164419174194336e+00
-6.913492083549499512e-01
-1.991413235664367676e-01
4.975516200065612793e-01
4.313914179801940918e-01
-1.157179951667785645e+00
-1.052160859107971191e-01
3.988647758960723877e-01
4.708233773708343506e-01
5.073111057281494141e-01
9.060009121894836426e-01
3.413385152816772461e-01
-1.869418472051620483e-01
6.214773654937744141e-01
2.461527287960052490e-01
2.264091670513153076e-01
9.984241724014282227e-01
-7.180041670799255371e-01
4.718935489654541016e-01
-2.071568220853805542e-01
9.607392549514770508e-01
5.280710011720657349e-02
-1.709493547677993774e-01
1.186467111110687256e-01
1.176894545555114746e+00
1.245944976806640625e+00
-1.648716330528259277e+00
-7.814233005046844482e-02
-5.521171689033508301e-01
-6.407722234725952148e-01
-5.836186930537223816e-02
3.069061756134033203e+00
-1.260007917881011963e-01
-1.034957841038703918e-01
1.624436140060424805e+00
-3.313420414924621582e-01
1.884795725345611572e-01
4.243978559970855713e-01
-6.247522830963134766e-01
-8.155460357666015625e-01
1.385858654975891113e+00
-3.901075124740600586e-01
1.113803625106811523e+00
4.771314144134521484e+00
2.053669691085815430e+00
5.406073570251464844e+00
-5.507369637489318848e-01
1.458506882190704346e-01
-1.544834822416305542e-01
-5.634930916130542755e-03
9.851313382387161255e-02
-6.403110027313232422e-01
-4.751920402050018311e-01
-1.101936772465705872e-01
-1.844424009323120117e-02
1.018236204981803894e-02
1.423604130744934082e+00
4.728255271911621094e-01
-9.703942388296127319e-02
-1.453772038221359253e-01
5.356967449188232422e-01
1.966115832328796387e-01
-2.767219841480255127e-01
8.216148614883422852e-02
9.255291521549224854e-02
3.607941418886184692e-02
-5.183500647544860840e-01
5.859610065817832947e-02
5.424767732620239258e-01
4.122795909643173218e-02
-3.733145594596862793e-01
-1.982689052820205688e-01
3.386885225772857666e-01
2.829045653343200684e-01
-6.787139177322387695e-01
4.687989056110382080e-01
8.471795916557312012e-01
1.170153021812438965e+00
8.413836359977722168e-01
-5.683096647262573242e-01
1.374808400869369507e-01
-1.637898087501525879e-01
2.386607080698013306e-01
3.028374314308166504e-01
2.805237472057342529e-01
4.329553619027137756e-02
-7.384335249662399292e-02
-3.211655020713806152e-01
-2.948760390281677246e-01
-3.823879659175872803e-01
1.805704981088638306e-01
-2.761814892292022705e-01
1.429023295640945435e-01
2.030546516180038452e-01
-9.531069993972778320e-01
8.607587218284606934e-01
2.780805826187133789e-01
1.437242031097412109e-01
-3.152716755867004395e-01
-1.388663947582244873e-01
6.842629313468933105e-01
-8.908568024635314941e-01
-8.949891328811645508e-01
-4.572072625160217285e-01
6.043521761894226074e-01
6.025687456130981445e-01
3.762768805027008057e-01
2.447396665811538696e-01
-2.060590982437133789e-01
-2.148923635482788086e+00
3.816252052783966064e-01
-4.649661015719175339e-03
7.322345972061157227e-01
1.071557998657226562e+00
1.111707463860511780e-02
1.783867031335830688e-01
-3.203924596309661865e-01
-1.003610968589782715e+00
-9.842956066131591797e-01
2.501517295837402344e+00
4.948425590991973877e-01
-3.539853811264038086e+00
-5.846222639083862305e-01
-3.993666172027587891e+00
8.836408145725727081e-03
6.517681758850812912e-03
9.074402041733264923e-03
2.867477014660835266e-03
5.413193721324205399e-03
-3.819368081167340279e-03
2.013996709138154984e-04
6.235030945390462875e-03
5.032689659856259823e-04
1.605461351573467255e-03
3.361300099641084671e-03
1.841101329773664474e-03
-5.308690015226602554e-03
-9.904936887323856354e-03
3.696868894621729851e-03
9.885918116196990013e-04
-7.072554901242256165e-03
-1.050878548994660378e-03
-3.292035078629851341e-03
-5.372144747525453568e-03
-2.793461026158183813e-04
3.512812545523047447e-03
-7.631757762283086777e-04
2.799518406391143799e-03
-5.447787698358297348e-03
-5.997179541736841202e-03
6.092038820497691631e-04
-9.914510883390903473e-03
8.204691112041473389e-03
-6.602193694561719894e-03
4.195474553853273392e-03
9.653933346271514893e-03
6.367693189531564713e-03
3.026894060894846916e-03
5.092232953757047653e-03
5.912736523896455765e-03
-2.655626041814684868e-03
4.560283385217189789e-03
7.794796489179134369e-03
7.199002429842948914e-03
3.836701856926083565e-03
-5.124702583998441696e-03
7.736019324511289597e-04
-8.900906890630722046e-03
-9.616898372769355774e-03
1.650393940508365631e-03
8.296784362755715847e-04
2.968123182654380798e-03
-8.982290513813495636e-03
-4.708103835582733154e-03
-1.430679112672805786e-03
8.573172613978385925e-03
2.092009875923395157e-03
-7.003223523497581482e-03
-9.382800199091434479e-03
5.983979906886816025e-03
-1.178101869300007820e-03
1.167980255559086800e-03
-9.330240078270435333e-03
9.787824237719178200e-04
-5.122266709804534912e-03
-9.817795362323522568e-04
6.812662351876497269e-03
-2.027563983574509621e-03
4.252521321177482605e-03
-3.103930037468671799e-03
-3.015594091266393661e-03
6.956877652555704117e-03
-4.035235033370554447e-04
6.492915097624063492e-03
8.137196302413940430e-03
4.146376159042119980e-03
-4.028394352644681931e-03
9.934933856129646301e-03
-1.613736734725534916e-03
8.003101684153079987e-03
-5.568646360188722610e-03
2.241218462586402893e-03
9.090974330902099609e-01
7.873458862304687500e-01
-1.440446734428405762e+00
4.509055018424987793e-01
