1.521383643150329590e+00
1.220038890838623047e+00
1.520787239074707031e+00
3.905902862548828125e+00
8.231689929962158203e-01
2.431407451629638672e+00
3.043684244155883789e+00
1.703042507171630859e+00
1.937471151351928711e+00
2.183546304702758789e+00
2.033248424530029297e+00
2.314442873001098633e+00
7.012687325477600098e-01
8.868125677108764648e-01
2.285756319761276245e-01
1.678640007972717285e+00
-3.801671862602233887e-01
1.691707521677017212e-01
-8.983348309993743896e-02
2.042946577072143555e+00
1.876229792833328247e-02
1.830127686262130737e-01
-1.091980934143066406e-01
-1.870607957243919373e-02
7.751811295747756958e-02
3.830392062664031982e-01
1.577541790902614594e-02
-3.660596609115600586e-01
2.604157328605651855e-01
-2.245778292417526245e-01
2.331421613693237305e+00
-1.868694648146629333e-02
-2.241354435682296753e-01
-9.260670840740203857e-02
-3.343023955821990967e-01
-4.906960204243659973e-02
-1.561878621578216553e-01
-2.357118129730224609e-01
-2.513380721211433411e-02
2.850517332553863525e-01
-1.646861284971237183e-01
-1.635485095903277397e-03
-3.833943232893943787e-02
-2.325829565525054932e-01
-1.027478203177452087e-01
-1.262097001075744629e+00
9.330730438232421875e+00
1.099162960052490234e+01
1.313918685913085938e+01
1.325101280212402344e+01
1.400195121765136719e+01
1.535135173797607422e+01
1.498707199096679688e+01
1.648490142822265625e+01
1.892619895935058594e+01
1.776850891113281250e+01
1.954613304138183594e+01
2.826979637145996094e+01
2.247439193725585938e+01
2.123641777038574219e+01
2.877914428710937500e+01
1.512379169464111328e+00
-8.747473955154418945e-01
6.254687905311584473e-01
-4.304917454719543457e-01
1.990783400833606720e-02
-8.949770033359527588e-02
-8.847811818122863770e-01
4.034628272056579590e-01
-3.788348734378814697e-01
2.555996179580688477e-01
2.570437788963317871e-01
-4.188046976923942566e-02
-3.987058997154235840e-03
6.758390367031097412e-02
-9.363133907318115234e-01
6.168951988220214844e-01
-1.956596970558166504e-01
8.454691767692565918e-01
-1.603720188140869141e+00
3.015401661396026611e-01
-1.803530901670455933e-01
-2.191814333200454712e-01
-3.488403260707855225e-01
1.019858121871948242e+00
8.822773098945617676e-01
-3.825288265943527222e-02
-9.427841752767562866e-02
-7.592812925577163696e-02
1.043325185775756836e+00
6.721326112747192383e-01
-8.717502355575561523e-01
-1.526420474052429199e+00
-2.228126861155033112e-02
1.058218479156494141e+00
-7.414950728416442871e-01
3.270415067672729492e-01
-4.528003633022308350e-01
3.096289932727813721e-01
-1.320199924521148205e-03
-1.505991816520690918e+00
-6.137736439704895020e-01
-3.482441306114196777e-01
1.215281724929809570e+00
-5.226928591728210449e-01
6.325154900550842285e-01
-1.197907328605651855e+00
6.580639481544494629e-01
6.179216504096984863e-01
-7.161793708801269531e-01
2.861593961715698242e-01
1.512538671493530273e+00
9.359911084175109863e-01
1.414875239133834839e-01
3.353041887283325195e+00
2.722903251647949219e+00
-6.714189648628234863e-01
-1.477411240339279175e-01
-7.850140333175659180e-01
-5.153843164443969727e-01
9.633901119232177734e-01
-8.031702637672424316e-01
-1.999658107757568359e+00
3.201318085193634033e-01
1.427627801895141602e+00
-1.593019366264343262e-01
1.822751164436340332e-01
1.683067828416824341e-01
-3.761221170425415039e-01
1.691513508558273315e-01
-8.411713838577270508e-01
3.339913114905357361e-02
3.576851487159729004e-01
6.771429777145385742e-01
2.097997516393661499e-01
1.517982687801122665e-02
-2.055983781814575195e+00
3.965294659137725830e-01
-1.509597301483154297e+00
3.770306110382080078e-01
6.691335439682006836e-01
-3.479171395301818848e-01
1.221936941146850586e+00
-1.132409051060676575e-01
-7.020577192306518555e-01
2.164982557296752930e-01
-1.527687788009643555e+00
1.661537587642669678e-01
1.389079540967941284e-01
1.680515147745609283e-02
3.145146965980529785e-01
1.167514994740486145e-01
-5.118005871772766113e-01
3.031970933079719543e-02
1.205405831336975098e+00
2.465932443737983704e-02
-2.251178622245788574e-01
-2.690556287765502930e+00
8.412379622459411621e-01
6.499121785163879395e-01
5.947479605674743652e-01
-1.457675218582153320e+00
1.963407516479492188e+00
-8.838496208190917969e-01
-9.833814501762390137e-01
3.656697273254394531e-02
6.127620339393615723e-01
-2.301900386810302734e+00
1.174435377120971680e+00
7.705458998680114746e-01
7.004340291023254395e-01
1.596859931945800781e+00
-7.486758828163146973e-01
-8.726925253868103027e-01
-2.269677221775054932e-01
1.427862167358398438e+00
-2.091295242309570312e+00
-4.206288158893585205e-01
-7.561506330966949463e-02
-1.671941876411437988e-01
1.746678233146667480e+00
-1.542806178331375122e-01
7.123217917978763580e-03
-2.240643352270126343e-01
1.997671872377395630e-01
-6.708143651485443115e-02
2.976849079132080078e-01
7.679889798164367676e-01
-3.776090219616889954e-02
-1.687406562268733978e-02
3.149977922439575195e-01
-1.240154355764389038e-02
5.250452160835266113e-01
1.422527283430099487e-01
-2.025127410888671875e-01
-5.099933147430419922e-01
5.986196994781494141e-01
4.141068831086158752e-02
5.518795177340507507e-02
-2.558751404285430908e-01
-1.487476080656051636e-01
-7.300505787134170532e-02
6.125105023384094238e-01
-8.411360532045364380e-02
7.924272865056991577e-02
3.016750812530517578e-01
-7.491577863693237305e-01
5.721732378005981445e-01
3.602620661258697510e-01
1.745532155036926270e-01
-9.993525454774498940e-04
6.829699277877807617e-01
4.420180320739746094e-01
-1.114853397011756897e-01
-1.114850938320159912e-01
2.868829965591430664e-01
-1.691619455814361572e-01
-7.987786084413528442e-02
2.032390385866165161e-01
-2.457930296659469604e-01
-1.278535723686218262e-01
3.535927534103393555e-01
-1.253740768879652023e-02
-1.060457587242126465e+00
1.232907548546791077e-01
1.895531564950942993e-01
-3.746477961540222168e-01
-3.595552444458007812e-01
-3.883310854434967041e-01
4.068984389305114746e-01
-3.999332487583160400e-01
-3.195121288299560547e-01
-3.709867596626281738e-03
-4.933188855648040771e-01
-3.470178544521331787e-01
-7.086653113365173340e-01
3.603313863277435303e-01
3.255875110626220703e-01
-2.659470736980438232e-01
8.620201051235198975e-02
1.026899889111518860e-01
2.388087213039398193e-01
1.622774600982666016e-01
-4.291884005069732666e-01
5.217749476432800293e-01
-1.860485784709453583e-02
2.032160311937332153e-01
2.324418723583221436e-01
2.222927957773208618e-01
4.555709660053253174e-02
1.678073853254318237e-01
2.266781628131866455e-01
-2.365803122520446777e-01
-6.152564659714698792e-02
3.563331067562103271e-01
1.774379462003707886e-01
1.051128879189491272e-01
7.125751674175262451e-02
-3.867634832859039307e-01
-7.479090243577957153e-02
3.896791934967041016e-01
1.181326985359191895e+00
6.424324512481689453e-01
3.313253223896026611e-01
4.522768259048461914e-01
1.146596744656562805e-01
-1.951084583997726440e-01
9.506290778517723083e-03
2.063215523958206177e-01
-1.190797567367553711e+00
-3.829361498355865479e-02
-2.093624919652938843e-01
-1.432031691074371338e-01
9.677175879478454590e-01
-8.045356720685958862e-02
-6.307144165039062500e-01
-4.200887680053710938e-01
-1.302397698163986206e-01
-2.656755447387695312e-01
-1.583399176597595215e-01
-2.576228976249694824e-01
3.638935685157775879e-01
3.845531344413757324e-01
3.219037950038909912e-01
3.623685985803604126e-02
-2.883621752262115479e-01
6.813849806785583496e-01
1.370062828063964844e+00
-4.454344138503074646e-02
-8.324877917766571045e-02
5.771663188934326172e-01
4.839575588703155518e-01
-6.901658326387405396e-02
1.229479670524597168e+00
1.872662901878356934e-01
-1.083996653556823730e+00
-4.106162488460540771e-01
-1.436511516571044922e+00
-2.551936507225036621e-01
2.845140993595123291e-01
-2.492431104183197021e-01
-3.849864602088928223e-01
1.692434996366500854e-01
1.396573334932327271e-01
8.518810570240020752e-02
-1.299189329147338867e-01
-2.797996997833251953e-01
9.142896533012390137e-02
-2.100696265697479248e-01
-1.241174638271331787e-01
-1.907384395599365234e-01
-1.836519837379455566e-01
-4.551653563976287842e-01
-3.104659616947174072e-01
6.431055814027786255e-02
4.821256101131439209e-01
-6.564750075340270996e-01
-8.911841362714767456e-02
-4.532567560672760010e-01
6.263201236724853516e-01
-8.640257269144058228e-02
-3.710237145423889160e-02
-4.570064544677734375e-01
-8.841638267040252686e-02
3.767987787723541260e-01
-6.209424510598182678e-02
3.462083041667938232e-01
4.792184382677078247e-02
-3.833056390285491943e-01
5.762475132942199707e-01
-6.041965913027524948e-03
-5.684266611933708191e-02
2.741498053073883057e-01
7.560970634222030640e-02
-1.221198290586471558e-01
1.690299361944198608e-01
-2.899174392223358154e-01
1.783605366945266724e-01
-2.795725762844085693e-01
4.309889301657676697e-02
8.083836734294891357e-02
-1.476504374295473099e-02
2.530329488217830658e-02
1.812896132469177246e-01
8.865862339735031128e-02
-4.508200287818908691e-01
8.057549595832824707e-01
-1.868550479412078857e-02
8.458904176950454712e-02
2.406294047832489014e-01
-1.893846839666366577e-01
-1.993100792169570923e-01
-3.905474732164293528e-04
3.034804165363311768e-01
1.693387776613235474e-01
-5.603991150856018066e-01
1.088448688387870789e-01
-2.789408862590789795e-01
3.604687750339508057e-01
1.603990644216537476e-01
-5.117102861404418945e-01
3.160894215106964111e-01
2.981941960752010345e-02
1.800026893615722656e-01
-3.249439895153045654e-01
4.040095582604408264e-02
-1.342868804931640625e-02
-3.110540509223937988e-01
1.594517081975936890e-01
-1.558622419834136963e-01
1.383268237113952637e-01
-1.039156243205070496e-01
4.780088737607002258e-02
-4.015994817018508911e-02
-1.538468711078166962e-02
2.215534150600433350e-01
1.066262602806091309e+00
-5.219947099685668945e-01
1.203878045082092285e+00
-1.395478248596191406e-01
-3.568028509616851807e-01
-8.417206406593322754e-01
-6.220857501029968262e-01
1.003703009337186813e-02
5.900744795799255371e-01
-1.103407815098762512e-01
5.221974253654479980e-01
-1.331833600997924805e-01
5.627817660570144653e-02
1.212324142456054688e+00
1.669333130121231079e-02
1.444010138511657715e-01
1.000833630561828613e+00
-7.142378687858581543e-01
-3.234158456325531006e-01
6.703259944915771484e-01
5.894538760185241699e-01
6.148484349250793457e-01
-6.200283169746398926e-01
-6.107897758483886719e-01
1.535069644451141357e-01
2.218114733695983887e-01
-1.105121016502380371e+00
2.329944968223571777e-01
5.028428435325622559e-01
-1.702496260404586792e-01
-6.707015633583068848e-01
-4.571874439716339111e-01
2.047621756792068481e-01
1.339153945446014404e-02
-7.831188440322875977e-01
-1.144132018089294434e+00
4.279776513576507568e-01
-9.056636095046997070e-01
-2.123336195945739746e-01
5.846538543701171875e-01
1.437541961669921875e+00
1.406454682350158691e+00
1.798607641831040382e-03
-4.512150213122367859e-02
-8.443589210510253906e-01
9.502635220997035503e-04
-8.245582692325115204e-03
9.821932762861251831e-03
7.451539859175682068e-03
5.297335796058177948e-03
7.861767895519733429e-03
-5.773602984845638275e-03
-5.005988758057355881e-03
-2.410327782854437828e-03
-4.814755171537399292e-03
2.674714894965291023e-03
-8.632960729300975800e-03
-3.054022090509533882e-03
6.052602548152208328e-03
-1.510785659775137901e-03
-9.879674762487411499e-03
-8.135534822940826416e-03
9.917825460433959961e-03
9.182819165289402008e-03
-9.918839670717716217e-03
-6.430034060031175613e-03
5.619743373245000839e-03
-7.055646739900112152e-03
1.765210879966616631e-03
4.003827052656561136e-05
7.613172288984060287e-03
-4.325794056057929993e-03
-8.057244122028350830e-03
-2.223483053967356682e-03
-4.516028333455324173e-03
-9.589575231075286865e-03
6.781865376979112625e-03
3.114749561063945293e-04
-1.616187626495957375e-03
-7.396330591291189194e-03
-2.686481224372982979e-03
-4.246142692863941193e-03
-2.059739781543612480e-03
-1.318419235758483410e-03
-1.826153718866407871e-03
-1.802669285098090768e-04
6.152479443699121475e-03
7.597079500555992126e-03
-6.396816577762365341e-03
4.298762069083750248e-04
-6.816831883043050766e-03
-2.698449243325740099e-04
7.511012256145477295e-03
-4.205313045531511307e-03
-9.765518829226493835e-03
-9.836517274379730225e-03
-2.163465833291411400e-03
-4.105577711015939713e-03
-3.954465501010417938e-03
-7.520854007452726364e-03
8.553905412554740906e-03
-2.565508708357810974e-03
-6.840288173407316208e-03
2.714441390708088875e-03
-9.133636020123958588e-03
6.067487411201000214e-03
9.858304634690284729e-03
-8.536741137504577637e-03
2.188856247812509537e-03
-6.185551173985004425e-03
-4.271028097718954086e-03
-7.755450904369354248e-03
-8.560327813029289246e-03
3.776296274736523628e-03
3.084874944761395454e-03
-9.964778088033199310e-03
8.237422443926334381e-03
7.954445318318903446e-04
-9.697778150439262390e-03
-9.368393570184707642e-03
1.138725783675909042e-03
-7.198376581072807312e-03
3.233807859942317009e-03
-4.753513727337121964e-03
-8.172341622412204742e-03
-7.397775538265705109e-03
4.205704201012849808e-03
-7.500289939343929291e-03
-2.904302906244993210e-03
6.664803717285394669e-03
4.858784377574920654e-03
-6.147503736428916454e-04
-9.409373626112937927e-03
-5.626223515719175339e-03
4.522782750427722931e-03
-8.933660574257373810e-03
-2.597522456198930740e-03
6.289342418313026428e-03
2.453314373269677162e-03
8.097900077700614929e-03
-7.409526035189628601e-03
1.216609147377312183e-03
-9.680545888841152191e-03
-7.089674007147550583e-03
5.682300310581922531e-03
4.702378530055284500e-03
-8.127124165184795856e-04
4.088746383786201477e-03
-7.194576784968376160e-03
-5.156602710485458374e-03
6.823976291343569756e-04
-5.774461664259433746e-03
4.346724133938550949e-03
4.233913496136665344e-03
5.736342282034456730e-04
3.474797820672392845e-03
6.984841544181108475e-03
-6.249216850847005844e-03
-3.324758261442184448e-03
4.122682381421327591e-03
-1.532572903670370579e-03
-9.180980734527111053e-03
6.476609967648983002e-03
9.516643360257148743e-03
6.337954197078943253e-03
1.143342018127441406e+00
6.686100959777832031e-01
-1.040330290794372559e+00
3.993287086486816406e-01
