1.696707963943481445e+00
-7.466880679130554199e-01
1.400278210639953613e-01
4.493067264556884766e+00
1.968684673309326172e+00
3.196766376495361328e+00
2.169450998306274414e+00
1.523206591606140137e+00
2.140920877456665039e+00
2.374093294143676758e+00
2.500319004058837891e+00
4.659970402717590332e-01
-1.395701915025711060e-01
2.080681025981903076e-01
-4.270372986793518066e-01
1.811081051826477051e+00
2.400948293507099152e-02
4.815922379493713379e-01
-1.966797187924385071e-02
1.859951168298721313e-01
-1.080721337348222733e-02
7.784076035022735596e-02
1.136363521218299866e-01
-4.456854611635208130e-02
1.259970366954803467e-01
1.052009344100952148e+00
-5.783013105392456055e-01
6.246542930603027344e-01
9.944256395101547241e-02
-6.061499938368797302e-02
-1.113912761211395264e-01
-1.193717718124389648e-01
-9.912738204002380371e-02
-3.561958372592926025e-01
-1.288306862115859985e-01
-5.225903168320655823e-02
-8.156249672174453735e-02
-6.243047714233398438e-01
1.699562817811965942e-01
1.463538408279418945e+00
9.832659721374511719e+00
1.014678382873535156e+01
1.317354202270507812e+01
1.349728393554687500e+01
1.555642032623291016e+01
1.505910682678222656e+01
1.465339374542236328e+01
1.752054023742675781e+01
1.905941581726074219e+01
1.934838294982910156e+01
2.024037170410156250e+01
1.943887329101562500e+01
2.379014205932617188e+01
1.598013043403625488e-01
-4.113028645515441895e-01
-1.101509571075439453e+00
2.981449663639068604e-01
-1.512736380100250244e-01
-1.982106566429138184e-01
-9.799917936325073242e-01
-3.409433960914611816e-01
5.694248080253601074e-01
1.308010697364807129e+00
-8.969607949256896973e-02
-2.112337827682495117e+00
3.869395256042480469e-01
4.606287479400634766e-01
1.879867762327194214e-01
-4.606633186340332031e-01
-8.080460429191589355e-01
-6.638234108686447144e-02
-9.091857671737670898e-01
-2.097256183624267578e+00
4.309537112712860107e-01
4.343068897724151611e-01
2.134903520345687866e-01
-1.407655421644449234e-02
1.361028999090194702e-01
-6.846520304679870605e-01
-2.503289580345153809e-01
-3.456417918205261230e-01
-2.987968027591705322e-01
6.721721291542053223e-01
1.312613785266876221e-01
1.087603569030761719e-01
-3.887254372239112854e-02
-5.663402080535888672e+00
-8.376627922058105469e+00
2.564643383026123047e+00
-3.077527880668640137e-01
6.047776341438293457e-01
9.898491501808166504e-01
-9.983633160591125488e-01
-2.129127383232116699e-01
-8.696545958518981934e-01
1.875371783971786499e-01
8.766413688659667969e+00
1.199181365966796875e+01
-5.079751014709472656e+00
6.850419640541076660e-01
-4.013033807277679443e-01
-9.236369132995605469e-01
-4.211630225181579590e-01
-1.023749448359012604e-02
3.315278291702270508e-01
-1.178221821784973145e+00
-4.110329151153564453e-01
5.935677289962768555e-01
-9.594287276268005371e-01
-5.042921304702758789e-01
-3.640976846218109131e-01
2.191630154848098755e-01
1.468950957059860229e-01
-1.280544638633728027e+00
-3.161427974700927734e+00
6.681919097900390625e-01
2.348246812820434570e+00
2.727711796760559082e-01
-6.617741584777832031e-01
-4.910444617271423340e-01
4.966517388820648193e-01
1.222694873809814453e+00
2.307454347610473633e+00
1.303459644317626953e+00
5.548860430717468262e-01
-1.389439225196838379e+00
1.229746103286743164e+00
6.891481280326843262e-01
-2.280850887298583984e+00
2.258432358503341675e-01
-3.591674268245697021e-01
6.626944541931152344e-01
1.674950681626796722e-02
1.602280974388122559e+00
1.138139367103576660e+00
3.260257840156555176e-02
-2.559822499752044678e-01
4.786245226860046387e-01
1.033550977706909180e+00
-4.444330632686614990e-01
-1.462557435035705566e+00
3.658419474959373474e-02
7.135640829801559448e-02
4.966471195220947266e+00
-4.399662613868713379e-01
1.376876682043075562e-01
1.084211841225624084e-01
-4.000862240791320801e-01
-2.806028723716735840e-01
-5.243203043937683105e-02
5.386041402816772461e-01
-5.895607471466064453e-01
3.036324679851531982e-01
-6.166933178901672363e-01
3.446588218212127686e-01
4.596539735794067383e-01
5.364580154418945312e-01
1.276039183139801025e-01
-1.258772462606430054e-01
5.364246964454650879e-01
-4.147448390722274780e-02
4.126809239387512207e-01
-1.867149174213409424e-01
1.939161270856857300e-01
-4.223299026489257812e-01
-2.143437415361404419e-01
8.337102532386779785e-01
8.517098426818847656e-01
2.440127283334732056e-01
2.287266254425048828e-01
3.210130333900451660e-01
-1.274448782205581665e-01
-1.950851976871490479e-01
1.010357975959777832e+00
-1.404044628143310547e-01
3.362835571169853210e-02
2.166443504393100739e-02
2.159122943878173828e+00
1.964320540428161621e+00
-4.642536044120788574e-01
8.379244804382324219e-02
2.202347517013549805e-01
1.372443735599517822e-01
-1.024474978446960449e+00
6.787469983100891113e-02
7.182301580905914307e-02
-5.764398723840713501e-02
-2.784789562225341797e+00
-4.259900569915771484e+00
6.002815961837768555e-01
1.466024518013000488e-01
1.241976618766784668e-01
3.431155383586883545e-01
2.574273049831390381e-01
1.048541218042373657e-01
1.622576713562011719e-01
-3.616426587104797363e-01
-9.833707213401794434e-01
-4.226847290992736816e-01
2.562591731548309326e-01
4.723154604434967041e-01
1.043016538023948669e-01
-3.419744968414306641e-02
-1.082417555153369904e-03
-1.348635435104370117e+00
-1.124909400939941406e+00
3.065577894449234009e-02
-2.465010434389114380e-01
1.913595944643020630e-01
2.080469876527786255e-01
2.884140908718109131e-01
4.397282123565673828e+00
3.990600109100341797e+00
-1.142684578895568848e+00
-4.095241725444793701e-01
3.831055015325546265e-02
3.845164775848388672e-01
-2.987999320030212402e-01
4.818050563335418701e-01
1.345686197280883789e+00
-9.138023480772972107e-03
1.711865961551666260e-01
-3.237674534320831299e-01
-3.936070799827575684e-01
-2.282530814409255981e-01
-1.657528728246688843e-01
3.846190869808197021e-01
7.132668495178222656e-01
-3.097413294017314911e-02
-7.467653751373291016e-01
-1.352385878562927246e+00
3.490194082260131836e-01
-1.472349047660827637e+00
-4.327357187867164612e-02
5.649856925010681152e-01
-1.396316289901733398e-01
2.054075598716735840e-01
4.125575423240661621e-01
-1.913531720638275146e-01
9.174502640962600708e-02
-3.332561552524566650e-01
4.873464107513427734e-01
-4.255924820899963379e-01
1.722347140312194824e-01
-3.522101044654846191e-01
-5.721023082733154297e-01
5.350619554519653320e-01
-3.977634310722351074e-01
-3.402464985847473145e-01
1.483660042285919189e-01
9.277182817459106445e-02
1.724307239055633545e-01
4.000484943389892578e-01
4.308523535728454590e-01
5.802170634269714355e-01
1.917699724435806274e-02
-1.125592738389968872e-02
7.999606132507324219e-01
4.950509667396545410e-01
4.112013280391693115e-01
2.187148332595825195e-01
7.580110430717468262e-02
-2.023407071828842163e-01
-2.010890245437622070e-01
7.033728361129760742e-01
-3.023896813392639160e-01
6.982900202274322510e-02
-1.441335827112197876e-01
9.597561955451965332e-01
2.323813199996948242e+00
-1.720772534608840942e-01
-9.840045869350433350e-02
1.798405051231384277e-01
9.057144075632095337e-02
-9.662213921546936035e-01
2.017571032047271729e-01
3.320444822311401367e-01
-1.425442565232515335e-02
-1.907992839813232422e+00
-3.316052675247192383e+00
2.710361182689666748e-01
-6.138915196061134338e-02
8.779819309711456299e-02
1.370307207107543945e-01
4.469728097319602966e-02
-4.304267466068267822e-03
-9.952467866241931915e-03
-8.479829132556915283e-02
7.534445077180862427e-02
7.488866150379180908e-02
6.076677888631820679e-02
3.049073517322540283e-01
2.533364854753017426e-02
1.739483177661895752e-01
-3.625210747122764587e-02
-1.061626911163330078e+00
-3.512136340141296387e-01
-3.842895030975341797e-01
-5.747676491737365723e-01
-1.981468647718429565e-01
-6.593631207942962646e-02
8.726812154054641724e-02
2.786329269409179688e+00
2.731140136718750000e+00
-1.599638909101486206e-01
-1.746993325650691986e-02
-1.171087175607681274e-01
1.414512395858764648e-01
-4.686961174011230469e-01
-5.235628485679626465e-01
-5.763643234968185425e-02
2.568354308605194092e-01
8.651525527238845825e-02
-6.026212573051452637e-01
-2.854896783828735352e-01
-6.869601607322692871e-01
-9.564595669507980347e-02
1.962103098630905151e-01
5.647917464375495911e-02
2.124197483062744141e-01
-4.067460894584655762e-01
-4.597887694835662842e-01
-9.998230934143066406e-01
-8.134315609931945801e-01
-3.719285875558853149e-02
-3.695708513259887695e-01
-8.983861654996871948e-03
-4.057751037180423737e-03
3.153656434733420610e-04
-2.730191685259342194e-03
-2.451587002724409103e-03
-4.306578543037176132e-03
6.459918804466724396e-03
-7.913492619991302490e-03
-1.105597708374261856e-03
7.387767080217599869e-03
2.520671347156167030e-03
4.040772095322608948e-03
-7.539128884673118591e-03
-3.790214192122220993e-03
7.067621219903230667e-03
5.286939442157745361e-03
9.725435636937618256e-03
8.770578540861606598e-03
5.300779361277818680e-03
-3.438412444666028023e-03
-8.000799454748630524e-03
2.794744214043021202e-04
4.450575448572635651e-03
-7.071942556649446487e-03
-1.656857435591518879e-03
6.301467772573232651e-03
-9.975907392799854279e-03
7.520053070038557053e-03
8.125704713165760040e-03
8.957873098552227020e-03
2.541740890592336655e-03
3.228023415431380272e-03
7.221336010843515396e-03
-6.659788079559803009e-03
1.993153477087616920e-03
-4.250142257660627365e-03
9.736373904161155224e-04
4.207489080727100372e-03
-6.590851582586765289e-03
9.905931539833545685e-03
9.550378890708088875e-04
3.378343535587191582e-03
-1.987579045817255974e-03
5.594066809862852097e-03
-2.871054748538881540e-04
5.729619413614273071e-03
3.106371033936738968e-03
5.226509179919958115e-03
5.479850806295871735e-03
-3.774223849177360535e-03
-7.389055564999580383e-03
-9.249878115952014923e-03
4.586202092468738556e-03
-8.276461157947778702e-04
-6.990568246692419052e-03
3.692901460453867912e-03
8.013725280761718750e-03
-7.119489833712577820e-03
-6.605834350921213627e-04
6.751746404916048050e-03
8.743281476199626923e-03
8.842629380524158478e-03
-9.172239340841770172e-03
2.829370321705937386e-03
-7.303829304873943329e-03
-6.968305446207523346e-03
-3.641141229309141636e-04
3.404057351872324944e-03
-6.725996732711791992e-03
-8.252049796283245087e-03
-2.586081391200423241e-04
9.055644273757934570e-03
-1.690905424766242504e-03
-1.445659203454852104e-03
8.710724301636219025e-03
-3.824045415967702866e-03
2.606529509648680687e-03
-1.308940351009368896e-03
9.911409579217433929e-03
-2.127153566107153893e-03
-9.489176794886589050e-03
-3.486829809844493866e-03
-3.932508174329996109e-03
7.366730365902185440e-03
5.290747620165348053e-03
-6.173409521579742432e-03
2.919278573244810104e-03
-9.731430560350418091e-03
-3.572589019313454628e-03
-4.563543945550918579e-03
6.108426954597234726e-03
8.871795535087585449e-01
1.245498299598693848e+00
-1.916506409645080566e+00
7.836544513702392578e-01
