1.672883152961730957e+00
1.678958892822265625e+00
4.261098384857177734e+00
8.237473666667938232e-02
1.937999486923217773e+00
2.800192832946777344e+00
2.815818548202514648e+00
2.212208271026611328e+00
2.332299470901489258e+00
1.725857734680175781e+00
1.799268484115600586e+00
7.521195411682128906e-01
-1.028462126851081848e-01
-1.531030833721160889e-01
1.239576101303100586e+00
7.114144563674926758e-01
5.018142461776733398e-01
-2.144829332828521729e-01
4.710120856761932373e-01
5.643672943115234375e-01
4.642146527767181396e-01
-1.039526462554931641e+00
1.496816158294677734e+00
1.533115357160568237e-01
-1.532943844795227051e-01
-2.532428205013275146e-01
2.012614719569683075e-02
-1.901528537273406982e-01
-1.509422510862350464e-01
-4.184707403182983398e-01
7.319268584251403809e-02
1.138537283986806870e-02
3.407519310712814331e-02
-9.493749141693115234e-01
1.018736934661865234e+01
1.320611190795898438e+01
1.300412464141845703e+01
1.374799728393554688e+01
1.561418151855468750e+01
1.499937629699707031e+01
1.738518905639648438e+01
1.886384391784667969e+01
1.938983154296875000e+01
1.962889671325683594e+01
2.749368095397949219e+01
1.430761337280273438e+00
-9.640756994485855103e-02
2.111909687519073486e-01
-1.011962056159973145e+00
-6.277986168861389160e-01
1.641229510307312012e+00
-3.675619065761566162e-01
6.503990292549133301e-01
-9.326352477073669434e-01
-2.392754793167114258e+00
-6.905136704444885254e-01
1.630692332983016968e-01
-3.565874993801116943e-01
-1.589128851890563965e+00
-2.110028862953186035e-01
5.623875260353088379e-01
-2.747670412063598633e-01
-1.092353463172912598e+00
-1.159004211425781250e+00
1.039134502410888672e+00
-1.047800064086914062e+00
-3.209035098552703857e-01
4.410033822059631348e-01
9.429637342691421509e-02
-7.152541279792785645e-01
-1.167381048202514648e+00
3.106914281845092773e+00
1.369057059288024902e+00
-4.676540851593017578e+00
8.829653859138488770e-01
1.900876879692077637e+00
-7.404165342450141907e-03
6.394908763468265533e-03
6.084476113319396973e-01
-1.187463998794555664e+00
1.591273546218872070e+00
-3.035155236721038818e-01
2.192122459411621094e+00
2.990932762622833252e-01
-3.660399839282035828e-02
1.038650512695312500e+00
-1.633954495191574097e-01
3.835646808147430420e-01
-2.078548431396484375e+00
4.579058587551116943e-01
-9.966224431991577148e-01
-6.771978735923767090e-01
-6.577008962631225586e-01
4.675422012805938721e-01
8.205825686454772949e-01
-2.098587036132812500e+00
-3.297944366931915283e-01
2.988161802291870117e+00
-1.468345642089843750e+00
-9.271823763847351074e-01
6.784334778785705566e-01
-2.764013528823852539e+00
-7.818570137023925781e-01
3.532718658447265625e+00
2.719831228256225586e+00
9.606549143791198730e-01
2.199671745300292969e+00
-4.443383961915969849e-02
-7.136443138122558594e+00
3.478123843669891357e-01
-1.789506793022155762e+00
-2.743770182132720947e-01
1.515561789274215698e-01
-7.434512376785278320e-01
6.957895755767822266e-01
4.943152368068695068e-01
-8.548709750175476074e-02
-3.688832223415374756e-01
5.104673504829406738e-01
-8.566660881042480469e-01
-2.421689182519912720e-01
-3.995729684829711914e-01
4.574447274208068848e-01
2.428081333637237549e-01
2.106251418590545654e-01
-7.818918675184249878e-02
1.280590593814849854e-01
3.160913586616516113e-01
1.831137388944625854e-01
1.373448073863983154e-01
-2.586785554885864258e-01
8.897776603698730469e-01
-2.302620410919189453e+00
1.449349403381347656e+00
1.183055862784385681e-01
-6.389951109886169434e-01
-1.766256988048553467e-01
-4.307924807071685791e-01
-1.605469584465026855e+00
-4.495651274919509888e-02
-2.770364761352539062e+00
-5.076264142990112305e-01
1.194469630718231201e-01
2.422439008951187134e-01
-2.386217564344406128e-02
-6.856585741043090820e-01
6.510792970657348633e-01
2.811525464057922363e-01
-1.416697025299072266e+00
3.373695015907287598e-01
8.425626903772354126e-02
1.070263907313346863e-01
1.779703199863433838e-01
-4.325983524322509766e-01
6.264401078224182129e-01
-4.115556925535202026e-02
8.221141695976257324e-01
-6.453060358762741089e-02
-1.006458885967731476e-02
1.969387680292129517e-01
-9.006488323211669922e-02
-1.493192464113235474e-01
1.263226389884948730e+00
1.502783149480819702e-01
7.393594980239868164e-01
5.077010951936244965e-03
-2.696358412504196167e-02
2.184877872467041016e+00
-1.095937132835388184e+00
-1.566149473190307617e+00
6.370027661323547363e-01
7.107605934143066406e-01
3.024867177009582520e-01
8.357599377632141113e-03
1.726104497909545898e+00
-9.060549736022949219e-01
1.229932308197021484e+00
-2.430098056793212891e-01
6.796395778656005859e-02
1.704961210489273071e-01
-7.027476280927658081e-02
5.936813354492187500e-02
-5.632038712501525879e-01
4.118498861789703369e-01
-7.487914562225341797e-01
6.488258838653564453e-01
3.115895986557006836e-01
5.582550764083862305e-01
-6.700734794139862061e-02
-2.873583883047103882e-02
3.401411473751068115e-01
3.517232835292816162e-02
-1.603275984525680542e-01
1.692127883434295654e-01
1.384009867906570435e-01
1.773749887943267822e-01
-3.131723701953887939e-01
-1.372155696153640747e-01
7.560551166534423828e-01
-6.745542883872985840e-01
4.069326221942901611e-01
1.376332342624664307e-01
4.462683200836181641e-01
-6.877803802490234375e-01
9.794034361839294434e-01
1.055261015892028809e+00
1.536381125450134277e+00
-6.232044100761413574e-01
-1.220898926258087158e-01
-4.538967087864875793e-02
1.127655953168869019e-01
8.882594108581542969e-02
-4.029949307441711426e-01
6.509416550397872925e-02
5.175299048423767090e-01
-2.778219580650329590e-01
2.090157419443130493e-01
-1.555221676826477051e-01
-3.516656756401062012e-01
7.082962393760681152e-01
6.301496624946594238e-01
5.254417657852172852e-01
-3.106028437614440918e-01
5.034811496734619141e-01
2.667121589183807373e-01
-8.172361850738525391e-01
2.895545773208141327e-02
-2.628030478954315186e-01
-1.186263680458068848e+00
-6.518266797065734863e-01
1.037784516811370850e-01
1.595028787851333618e-01
1.621523261070251465e+00
-3.527544736862182617e-01
7.284339070320129395e-01
2.359896004199981689e-01
-9.182349443435668945e-01
-1.121902823448181152e+00
-5.673848092555999756e-02
-3.960308730602264404e-01
7.466428875923156738e-01
7.900666594505310059e-01
-2.142572164535522461e+00
7.194851525127887726e-03
8.519818075001239777e-03
-9.133893065154552460e-03
1.076866406947374344e-03
-5.916591733694076538e-03
9.541364386677742004e-03
-4.217946436256170273e-03
-4.671595990657806396e-03
-2.524934941902756691e-03
-7.300746627151966095e-03
-3.066000936087220907e-04
-2.329226350411772728e-03
7.464683149009943008e-03
8.681025356054306030e-03
9.998530149459838867e-03
-3.883628873154520988e-03
9.357428178191184998e-03
4.434139467775821686e-03
6.645374000072479248e-03
4.024365916848182678e-03
-4.404250998049974442e-03
-7.911203429102897644e-03
-3.512335242703557014e-03
9.439854882657527924e-03
4.725560545921325684e-03
8.329690434038639069e-03
-6.786220706999301910e-03
6.069252733141183853e-03
-9.201164357364177704e-03
5.888568237423896790e-03
-1.122180488891899586e-03
-7.276588003151118755e-04
-5.329592153429985046e-03
7.217641919851303101e-03
-3.698284272104501724e-03
9.290823712944984436e-03
9.641851298511028290e-03
5.193833727389574051e-03
5.580731201916933060e-03
-3.866066923364996910e-03
9.493634104728698730e-03
-2.950037829577922821e-03
-7.801717612892389297e-03
1.204636413604021072e-03
-6.104636937379837036e-03
1.542183686979115009e-03
-6.737988442182540894e-03
1.645986340008676052e-03
-6.161397788673639297e-03
2.919306047260761261e-03
9.810324758291244507e-03
1.857752940850332379e-04
1.753402175381779671e-03
-9.358786977827548981e-03
4.940869286656379700e-03
-7.771603763103485107e-03
5.530314985662698746e-03
6.102004554122686386e-03
-2.427651314064860344e-03
-2.851616591215133667e-03
-6.382844876497983932e-03
5.190012976527214050e-03
-6.332299672067165375e-03
7.814306765794754028e-03
-6.091740913689136505e-03
1.680045039393007755e-03
1.112978935241699219e+00
8.946445584297180176e-01
-1.557585477828979492e+00
5.271375179290771484e-01
