5.063737771935914456e-01
1.296780805066866993e+00
1.366034566607821077e+00
-1.488527292399342894e+00
-7.951439755906080098e-01
-9.053198252604643947e-01
-9.193539573371026785e-01
1.037203471562089252e+00
1.174788323379236887e+00
-1.145252157084021949e+00
-6.326532588601978091e+00
2.221968987418175612e+00
-6.986818667490030110e-02
5.775249325089607533e-01
1.615250758676334275e+00
-1.399980658073446127e-01
-6.503094630977541701e-01
9.973047454754180308e-01
7.726963088978844318e-02
-2.712689644069449901e+00
-3.138694957192980084e+00
-1.068200347195954691e+00
-1.892494062366086638e+00
-1.072097650616888664e+00
8.685671312455641724e-01
7.373848477541486979e+00
8.732842191717923308e-01
2.601625714629816954e+00
-5.213160991562282298e+00
6.108601051235659080e-02
-1.659443282562980793e+00
-1.421009021282056833e-02
-2.337698623110978299e-02
3.213618212586333289e-02
1.160561691467536793e-01
2.093530531613523732e-02
1.435974598340480218e-02
-1.917616669860357226e-02
7.645860369105871024e-02
1.008215136070483714e-01
-4.338221862247340632e-02
1.438997196052555771e-01
2.215918441992332372e-02
-1.619570052998767773e-01
-2.529897761394359762e-02
2.290379834244486712e-02
-1.281430593923267303e+00
-3.890631092298561522e-01
5.477234556882794037e-01
-5.430731633274331338e-02
-7.417954523374636899e-02
4.178719194787185454e-01
5.195091157164162532e-02
5.171879970674019278e-01
1.191545328897623435e+00
1.527328706452785734e-01
5.156052653554511478e-01
-4.025084593986221759e-01
2.801687553185883139e-01
4.959545751506335143e-01
4.811988005371681254e-01
-1.284773668890453191e-01
1.008731321572259587e-01
-6.018497821976656059e-01
1.118502373044688442e-01
-5.212145255905071828e-01
2.752296450768227376e-01
3.299704859529983825e-01
2.374313785159715418e-01
1.036729032537987288e-01
-3.645179015750115714e-01
5.306069802206425656e-01
9.743557782750551788e-02
9.564289568480574544e-02
-8.378196514330775446e-02
-1.490930896708107245e-01
-9.132254186611693525e-02
-5.651945537920793905e-02
-4.696859902198866621e-01
-8.785310688463455753e-01
-8.893689415004999432e-01
-9.764981870387744178e-02
6.440367055214382130e-01
-2.415635841971860154e-01
2.775285881981187641e-01
7.836744724185271127e-02
1.849734331501584061e-01
5.679179518216616318e-02
1.516089971913397727e-01
-1.744530675102775319e-01
-5.319056416957099881e-02
-1.654328079780877092e-01
-1.687313794974390491e-01
2.688292705899384960e-01
-2.955856695903702480e-02
-3.003753077930779170e-01
-3.118697554433653152e-01
1.411112517107078468e-01
-2.131427440109720794e-01
5.341478030511216391e-01
7.697519894322588652e-01
6.420920721301590639e-01
-1.933895254300822819e-01
-5.727905165833935275e-01
-4.395087226011175630e-01
7.522454073996303059e-01
3.948914976679355343e-02
1.322222305946709475e-01
-4.691482244619544772e-01
-1.857166273089730923e-01
-4.588045221184520739e-01
-2.498722826373342698e-01
1.434137738030353548e-01
1.035086852278339735e-02
1.521904327795711165e-01
-2.211168358718985927e-01
2.491620969066085933e-01
5.049122475474133731e-01
3.056920268291774545e-01
-2.713861068120973496e-01
-1.251153155615243318e-01
-4.046756876017679194e-01
5.097644001535159841e-01
-3.995235057183637029e-01
-5.655861735821916536e-01
-1.606702940585449935e-01
9.563501268479982498e-01
5.710433690941626450e-01
3.794644391816864165e-02
-4.818372174815874764e-01
-3.885120379465742957e-01
-7.523213021045376259e-01
1.063323492039204288e+00
8.014639097270773727e-01
-1.496531705458424566e-01
-6.396029643910537965e-01
-1.129509452340334397e+00
1.151631698557538108e+00
9.015587582806384725e-01
3.200399645061819953e-01
-9.520662376554932527e-01
-5.766454304864565561e-01
-8.982191039959740442e-01
-2.126711278735628208e-03
7.789101862579019819e-01
-1.639399821417510505e+00
-6.155249300791622302e-02
4.913862463713409290e-01
2.736416739991808234e-01
1.529747914279425414e-01
3.762522178872578990e-03
1.881579837778856623e+00
-4.516478314084984014e-01
-2.048367422632618728e-01
9.695150792949226437e-01
1.013286350186158452e-01
-2.176259705343256967e-01
1.018308579058521124e+00
1.548530119007244799e-01
-1.100375383568111598e+00
-6.823770696449010797e-01
8.894159750647648854e-01
1.054626077038987475e+00
1.458624838039947746e-01
2.571087177031795568e-01
-1.715714326790172550e-01
6.384005016618529149e-01
2.334232899221014568e-01
3.702214149422249356e-01
-3.419148009943577815e-01
-1.418331979298620649e+00
-4.339166805387070780e-01
4.608414204870175945e-01
-2.836437838091153407e-02
-4.283851042098799078e-01
4.661792835791077616e-01
4.319269294587818053e-01
4.406730416353518143e-01
1.126185910145852898e+00
-3.049655037582702510e-01
1.283750362477801055e+00
-4.975725830746458023e-03
2.321600818377290709e-01
5.519451782248853133e-01
3.791225627744610471e-01
1.559516348353316428e-01
1.303214248917655971e-01
2.034442151436628432e+00
-7.914166464252410105e-01
3.840872404202598234e-01
-1.566320258409560975e-02
2.311184120056132205e-02
2.973405317565585904e+00
3.208182490675630105e-01
1.302427172291322210e-01
1.112905526901903031e+00
-1.149165712833948028e-01
-2.987759186041981097e-01
5.263598626721929241e-01
1.398673019792342931e+00
2.846639442960529065e-01
1.210526412813029973e+00
1.270672970128823576e-01
6.704817056221508420e-02
2.879657013472128879e-01
2.396383630113637919e-01
-6.492500328539576593e-01
6.363958993225214689e-02
-8.810534963711219580e-01
-6.855555951968357320e-01
1.009418445698794686e+00
-2.578591368052272070e-01
-2.949299077118200385e-01
-4.022340738220658851e-01
-2.598439045805925884e-01
-2.787850299650931341e-01
2.402454594092013895e+00
-3.146973884174810165e-01
1.436140908078659129e+00
-3.797103337563098036e-01
1.022442939882191038e+00
1.890808947742676216e-01
-6.750574798677048127e-01
3.946799249251114333e-02
-6.950263528538318941e-03
1.738378213228001790e-01
1.005432160061390245e+00
-1.000172515348929148e+00
-7.505040776666596081e-01
-6.538607610821872695e-01
3.860860179971929984e-01
-3.060095897371826190e-01
-2.457476297119188385e-02
6.632714274441944280e-01
4.724714177082464661e-01
2.345129440469347681e+00
7.549877939127532800e-01
-1.388124813652968248e+00
6.632056318766342828e-01
1.554868266279778866e-01
-2.878632270368697288e-01
6.935082463931914187e-01
-4.278608384425029443e-01
-1.015852057082064358e-01
1.599571564699615034e-01
-5.916162173586723139e-01
-3.793634190779824333e-01
-4.125718116262515611e-01
-4.543337306522390318e-01
2.067783062308559405e-01
6.543155097817281884e+00
-2.332055167212019775e+00
1.145312106415129483e-01
1.620196985121304944e-01
-5.299088782771947947e-01
1.248941548410453933e-01
6.185267732795729501e-01
1.658018684283558419e-01
2.646937875098701043e-01
3.177800270457573628e-01
-2.373016766592141447e-01
3.225315560238552148e+00
-2.354328674451920678e-01
6.925362629726679042e-01
1.816475880562302025e+00
-2.338553330172073326e-04
7.016754454483795644e-01
-3.705222705569323760e-01
1.305551676918501380e+00
2.785455697816820564e+00
5.158450019469175141e-01
1.596459873786003902e-01
-6.483305924343495813e-03
-4.050908600580988006e-01
