1.663007354736328125e+01
1.179835700988769531e+01
9.104746818542480469e+00
2.335671997070312500e+01
1.115255260467529297e+01
1.544642734527587891e+01
1.545460224151611328e+01
-1.391390419006347656e+01
-9.561057090759277344e+00
6.739656448364257812e+00
5.888362407684326172e+00
-8.439760208129882812e+00
1.996048927307128906e+00
1.676756978034973145e+00
-2.077581024169921875e+01
-3.143682718276977539e+00
4.658619880676269531e+00
1.118210124969482422e+01
-2.210334300994873047e+00
1.366415143013000488e+00
1.491875648498535156e+01
-3.278254032135009766e+00
-8.751445770263671875e+00
3.372754573822021484e+00
7.271374464035034180e-01
-8.661018371582031250e+00
1.103007125854492188e+01
-1.227603673934936523e+00
-1.244716167449951172e+00
-8.302667617797851562e+00
6.800555229187011719e+00
4.251732826232910156e+00
1.346910667419433594e+01
2.179300785064697266e+00
2.623559951782226562e+00
-1.278119373321533203e+01
9.556375741958618164e-01
1.822770237922668457e+00
-1.751404643058776855e+00
2.875976562500000000e+00
7.040718555450439453e+00
3.678822755813598633e+00
-3.553599596023559570e+00
7.410107612609863281e+00
-7.962582111358642578e+00
1.054297566413879395e+00
4.244352817535400391e+00
7.702393531799316406e-01
-5.848081111907958984e+00
4.983841896057128906e+00
-4.684295654296875000e+00
5.073631763458251953e+00
-2.541633129119873047e+00
-2.544999599456787109e+00
-2.228837490081787109e+00
-1.913935661315917969e+00
-1.570716500282287598e+00
9.769101142883300781e+00
-6.957528114318847656e+00
2.069485902786254883e+00
1.460810565948486328e+01
3.335685729980468750e+00
-1.667677283287048340e+00
-3.899563848972320557e-01
2.432887792587280273e+00
2.681136369705200195e+00
1.664698600769042969e+00
-8.371132612228393555e-01
-1.452625989913940430e+00
-1.950229167938232422e+00
-3.574472188949584961e+00
-2.273736715316772461e+00
6.118046641349792480e-01
7.220174789428710938e+00
4.413667678833007812e+00
2.628545165061950684e-01
2.464697837829589844e+00
-3.506820917129516602e+00
-6.691809654235839844e+00
-1.232699394226074219e+00
1.080362677574157715e+00
1.510806441307067871e+00
-2.188401460647583008e+00
-2.523372888565063477e+00
6.352123022079467773e-01
4.522650241851806641e+00
-3.742316067218780518e-01
-3.002772808074951172e+00
-4.451337337493896484e+00
-1.530084252357482910e+00
-1.230326965451240540e-01
-1.496666550636291504e+00
