1.546924972534179688e+01
2.214276552200317383e+00
1.545059108734130859e+01
1.326515555381774902e+00
2.629434967041015625e+01
1.758423089981079102e+00
6.118840351700782776e-02
6.740629076957702637e-01
-7.852731227874755859e+00
-3.057650327682495117e+00
9.422509670257568359e-01
8.359704971313476562e+00
9.970166206359863281e+00
4.082716941833496094e+00
9.803796410560607910e-01
1.251437950134277344e+01
9.512110710144042969e+00
8.758743286132812500e+00
-1.843848526477813721e-01
3.193919658660888672e+00
-3.019574403762817383e+00
5.547988891601562500e+00
-5.676103830337524414e-01
-2.532208442687988281e+00
-2.219520568847656250e+00
-8.102300643920898438e+00
-4.574967861175537109e+00
2.353352785110473633e+00
4.470548152923583984e+00
-4.713657855987548828e+00
2.559340715408325195e+00
1.478064775466918945e+00
-6.241230964660644531e+00
-5.616868495941162109e+00
-3.955631256103515625e+00
5.934787988662719727e-01
-5.075922608375549316e-01
7.768870592117309570e-01
2.457949399948120117e+00
1.056763768196105957e+00
-1.725788593292236328e+00
-7.431461215019226074e-01
2.057079970836639404e-01
-1.005544066429138184e+00
2.810590267181396484e+00
1.826170444488525391e+00
-6.326823830604553223e-01
1.184595346450805664e+00
3.134956598281860352e+00
4.540883898735046387e-01
8.776604533195495605e-01
