2.200912237167358398e+00
-8.066529035568237305e-02
5.091367721557617188e+00
3.883501291275024414e+00
1.809888362884521484e+00
3.702726840972900391e+00
-2.073225975036621094e-01
1.900801897048950195e+00
1.749972552061080933e-01
9.206026196479797363e-01
5.739251375198364258e-01
-9.487345218658447266e-01
-8.148434758186340332e-01
-2.863255441188812256e-01
-4.508290290832519531e-01
-2.239290066063404083e-02
-2.588788866996765137e-01
2.693023383617401123e-01
1.280509471893310547e+00
9.605356216430664062e+00
1.331021785736083984e+01
1.537306976318359375e+01
1.660515785217285156e+01
1.905840873718261719e+01
2.308864784240722656e+01
4.085391759872436523e-01
-7.238085269927978516e-01
5.724616646766662598e-01
2.730669736862182617e+00
-1.030936002731323242e+00
4.192001819610595703e+00
-8.469089865684509277e-01
-1.631170809268951416e-01
2.812755107879638672e-01
2.628970146179199219e-01
1.627395868301391602e+00
-6.624863743782043457e-01
-1.950129270553588867e+00
6.047809123992919922e-01
-1.917400479316711426e+00
7.598851203918457031e+00
-1.977597713470458984e+00
1.135045623779296875e+01
2.620335221290588379e-01
-3.215434312820434570e+00
1.575609016418457031e+01
1.097276926040649414e+00
1.229154393076896667e-01
1.926931440830230713e-01
-3.085032999515533447e-01
-4.092141687870025635e-01
-6.420028805732727051e-01
6.764423251152038574e-01
-2.345043420791625977e-01
5.291316658258438110e-03
2.751640677452087402e-01
-5.470693111419677734e-01
3.669747412204742432e-01
4.343733787536621094e-01
-5.895730853080749512e-02
-5.628611445426940918e-01
-1.374417185783386230e+00
9.857289195060729980e-01
-2.429806947708129883e+00
7.147548347711563110e-02
1.672245383262634277e+00
-9.946080446243286133e-01
-6.314411163330078125e-01
7.580489665269851685e-02
3.954569697380065918e-01
-1.678997427225112915e-01
-1.059385240077972412e-01
3.519805967807769775e-01
5.344735831022262573e-02
-5.435839667916297913e-02
4.465622082352638245e-02
9.109361469745635986e-02
-1.584453731775283813e-01
3.680897057056427002e-01
5.705821514129638672e-01
-3.766783773899078369e-01
6.788417696952819824e-01
-2.169187545776367188e+00
2.750604450702667236e-01
-2.831438779830932617e+00
1.975541859865188599e-01
2.103182077407836914e-01
-4.227471351623535156e+00
9.539192542433738708e-03
-4.341329331509768963e-04
-5.302251782268285751e-03
-9.831032715737819672e-03
-7.298265583813190460e-03
-1.542186597362160683e-03
-2.352432580664753914e-03
1.252432470209896564e-03
2.364877611398696899e-03
-9.091660031117498875e-04
-8.585721254348754883e-03
8.513759821653366089e-03
7.724430412054061890e-03
1.842566183768212795e-03
-7.949574850499629974e-03
5.304627586156129837e-03
6.692371331155300140e-03
-3.737986320629715919e-03
-3.304588142782449722e-03
-5.535872187465429306e-03
-4.771402163896709681e-04
1.627109527587890625e+00
1.038038611412048340e+00
-2.130198240280151367e+00
7.302680015563964844e-01
