1.545951843261718750e+01
1.302467727661132812e+01
1.013957023620605469e+01
1.575293731689453125e+01
1.119592285156250000e+01
9.968484878540039062e+00
1.039511966705322266e+01
1.547093486785888672e+01
1.553783226013183594e+01
8.206930160522460938e+00
1.071460056304931641e+01
1.544477748870849609e+01
1.557758522033691406e+01
1.568732929229736328e+01
2.767746925354003906e+00
-5.073466777801513672e+00
1.217575645446777344e+01
-8.531702756881713867e-01
4.324425220489501953e+00
-2.092760324478149414e+00
4.634409904479980469e+00
6.148863315582275391e+00
2.207929134368896484e+00
-2.941021919250488281e+00
8.093436241149902344e+00
-2.215870857238769531e+00
-1.838806748390197754e+00
4.880182743072509766e+00
6.933591365814208984e+00
3.865545988082885742e+00
3.853331804275512695e+00
-5.821492671966552734e+00
-2.659659862518310547e+00
1.381120204925537109e+01
2.202707052230834961e+00
-3.036987781524658203e+00
1.790811419486999512e+00
-1.385378074645996094e+01
-4.201850891113281250e+00
-5.936924219131469727e-01
5.629004001617431641e+00
-1.140492916107177734e+00
-3.038904190063476562e+00
-5.485078334808349609e+00
-3.981249332427978516e+00
-5.867271423339843750e-01
1.068583011627197266e+01
-1.378796100616455078e+00
7.855823993682861328e+00
-5.920210838317871094e+00
-6.887302398681640625e+00
6.939111351966857910e-01
-6.285918712615966797e+00
6.920640945434570312e+00
-2.040959835052490234e+00
-1.056203365325927734e+00
-2.131465911865234375e+00
1.222754120826721191e+00
6.447050094604492188e+00
1.185194587707519531e+01
7.575487613677978516e+00
-3.624798774719238281e+00
2.530477754771709442e-02
4.114039421081542969e+00
-3.234436273574829102e+00
-1.779461264610290527e+00
8.660524368286132812e+00
-2.899194478988647461e+00
1.097277832031250000e+01
-3.372069597244262695e+00
-7.937233924865722656e+00
1.198790431022644043e+00
1.026297926902770996e+00
6.002139091491699219e+00
6.638093471527099609e+00
-1.371646881103515625e+00
-7.926803112030029297e+00
-5.855621337890625000e+00
-3.444109678268432617e+00
8.306243896484375000e+00
-1.225665664672851562e+01
1.167315602302551270e+00
-3.492534637451171875e+00
-1.586522221565246582e+00
1.325096189975738525e-01
-7.603055953979492188e+00
-3.587729454040527344e+00
3.608919620513916016e+00
5.465146541595458984e+00
1.383070468902587891e+00
1.024359607696533203e+01
-6.820193290710449219e+00
-7.368935942649841309e-01
3.965457439422607422e+00
-1.046431899070739746e+00
-6.443677544593811035e-01
4.630867838859558105e-01
-2.606922626495361328e+00
2.566833734512329102e+00
4.755825698375701904e-01
-5.598597526550292969e+00
-4.897320270538330078e+00
-6.493706703186035156e-01
2.241162061691284180e+00
3.475460529327392578e+00
9.962507486343383789e-01
7.579090118408203125e+00
6.184834241867065430e-01
-7.186626434326171875e+00
4.938160419464111328e+00
1.416203379631042480e+00
2.507707774639129639e-01
5.833293914794921875e+00
4.520348072052001953e+00
1.506914943456649780e-01
-2.449312448501586914e+00
1.807968616485595703e+00
-2.827675819396972656e+00
-1.889946341514587402e+00
-3.957678794860839844e+00
3.044519662857055664e+00
2.369181156158447266e+00
6.529976725578308105e-01
2.338618993759155273e+00
-1.305814266204833984e+00
-1.173438906669616699e+00
3.199193716049194336e+00
-1.345560699701309204e-01
3.626497030258178711e+00
2.517372846603393555e+00
2.387489318847656250e+00
-2.805345924571156502e-03
-2.923178911209106445e+00
-9.733908176422119141e-01
5.229022979736328125e+00
1.645905375480651855e-01
-2.244496583938598633e+00
-3.922132730484008789e+00
3.397734165191650391e+00
-2.458112716674804688e+00
2.179718017578125000e+00
-2.762748003005981445e+00
1.722712963819503784e-01
3.406379461288452148e+00
5.247740149497985840e-01
-1.792527914047241211e+00
-1.115531995892524719e-01
1.688508391380310059e+00
3.866544246673583984e+00
3.859447479248046875e+00
4.261085987091064453e+00
1.063408613204956055e+00
-2.576494216918945312e+00
-3.127033948898315430e+00
4.803887009620666504e-01
6.232999265193939209e-02
7.105457782745361328e-01
-1.695274353027343750e+00
-2.748664379119873047e+00
-3.355979442596435547e+00
4.489014625549316406e+00
2.852175712585449219e+00
-8.703906089067459106e-02
1.628622651100158691e+00
3.717283487319946289e+00
-3.148826360702514648e+00
-1.107490062713623047e+00
-1.658466905355453491e-01
-2.281396627426147461e+00
-3.197492837905883789e+00
1.607871770858764648e+00
-8.248261809349060059e-01
3.817639350891113281e+00
-9.819396138191223145e-01
-1.126186847686767578e+00
5.198937892913818359e+00
-4.022228717803955078e-01
-6.951528787612915039e-01
1.426694393157958984e+00
-2.600707530975341797e+00
2.977168798446655273e+00
6.384363174438476562e-01
-2.473580598831176758e+00
4.306039810180664062e+00
-1.893372178077697754e+00
-1.591721057891845703e+00
1.307804137468338013e-01
-6.239423528313636780e-02
-2.582269191741943359e+00
-3.102017879486083984e+00
2.110579967498779297e+00
-7.014006376266479492e-02
3.613832473754882812e+00
-2.827108144760131836e+00
-4.472908377647399902e-01
1.921470165252685547e+00
-8.239409327507019043e-01
4.253878116607666016e+00
-8.027265220880508423e-02
-9.753468632698059082e-01
-1.308084726333618164e+00
1.663335561752319336e+00
-2.758505344390869141e+00
2.823245286941528320e+00
-1.151642352342605591e-01
-7.827329635620117188e-01
-1.216275453567504883e+00
-6.327405571937561035e-01
3.028583765029907227e+00
1.080217719078063965e+00
1.550949335098266602e+00
4.324412822723388672e+00
-1.591842651367187500e+00
-4.736336693167686462e-02
-9.997261166572570801e-01
-1.263172149658203125e+00
-3.043864369392395020e-01
3.264168500900268555e+00
4.702167212963104248e-01
-2.990563809871673584e-01
2.744061470031738281e+00
-1.654586911201477051e+00
5.017121434211730957e-01
1.554898977279663086e+00
-3.532325983047485352e+00
2.082499265670776367e+00
2.178025960922241211e+00
3.593142926692962646e-01
6.234450340270996094e-01
-1.951217412948608398e+00
-1.966969847679138184e+00
3.580785274505615234e+00
-9.272356629371643066e-01
2.568328619003295898e+00
1.681422472000122070e+00
3.597798824310302734e+00
-2.415906488895416260e-01
-2.140229225158691406e+00
-4.171064794063568115e-01
5.015777587890625000e+00
3.619940876960754395e-01
-1.911364674568176270e+00
-4.354676246643066406e+00
2.878265619277954102e+00
-1.401233315467834473e+00
1.716610074043273926e+00
-2.892037630081176758e+00
5.553924292325973511e-02
3.455533266067504883e+00
-2.723976969718933105e-01
-7.279761433601379395e-01
-1.103638529777526855e+00
1.714236617088317871e+00
3.911801576614379883e+00
3.720693826675415039e+00
4.805668830871582031e+00
3.732720315456390381e-01
-2.288478136062622070e+00
-2.806372165679931641e+00
1.521511554718017578e+00
1.493442207574844360e-01
7.488075494766235352e-01
-2.167870283126831055e+00
-1.594539761543273926e+00
-3.112451791763305664e+00
4.032563209533691406e+00
3.050901651382446289e+00
3.985384106636047363e-01
1.983930230140686035e+00
3.862874269485473633e+00
-1.945760369300842285e+00
-5.305915474891662598e-01
-2.137100696563720703e+00
-1.135254740715026855e+00
-2.356418609619140625e+00
1.925225138664245605e+00
-1.096101641654968262e+00
3.776499032974243164e+00
-8.576363325119018555e-01
-1.771233677864074707e+00
3.418129920959472656e+00
1.815332770347595215e-01
5.273587703704833984e-01
2.883680820465087891e+00
-2.571719408035278320e+00
2.794616699218750000e+00
6.832527518272399902e-01
-2.300564289093017578e+00
4.166174888610839844e+00
-1.336343050003051758e+00
-1.080148935317993164e+00
-2.079759836196899414e-01
1.620133996009826660e+00
-3.215604782104492188e+00
-2.431900739669799805e+00
2.668200969696044922e+00
-1.659829139709472656e+00
2.371188879013061523e+00
-2.288166761398315430e+00
9.264675378799438477e-01
2.467856645584106445e+00
2.246656417846679688e-01
3.939948797225952148e+00
9.255947470664978027e-01
-9.041106700897216797e-02
-1.328742980957031250e+00
3.446770608425140381e-01
-2.623252153396606445e+00
3.033635854721069336e+00
-8.760037422180175781e-01
-1.172197222709655762e+00
-2.051948457956314087e-01
1.246150612831115723e+00
1.916856050491333008e+00
-1.123659253120422363e+00
-1.068026661872863770e+00
5.490056514739990234e+00
6.198083758354187012e-01
2.162718296051025391e+00
-1.655771374702453613e+00
-1.187276124954223633e+00
9.166876226663589478e-02
2.328892707824707031e+00
5.078004002571105957e-01
7.301690578460693359e-01
2.470880508422851562e+00
-6.084550023078918457e-01
-5.645191073417663574e-01
6.564337611198425293e-01
-7.098628282546997070e-01
