1.685549378395080566e+00
3.258328139781951904e-02
-1.977812945842742920e-01
-2.589194476604461670e-01
1.692554831504821777e+00
4.467616558074951172e+00
1.065077543258666992e+00
2.521697521209716797e+00
3.151926517486572266e+00
2.079243659973144531e+00
1.963449478149414062e+00
6.881337761878967285e-01
2.854085445404052734e+00
-2.675907611846923828e-01
-7.286061048507690430e-01
-1.609454154968261719e-01
-1.272822618484497070e+00
3.319373130798339844e-01
-1.215879201889038086e+00
1.187288388609886169e-01
7.613746076822280884e-02
7.767343521118164062e-02
4.705684781074523926e-01
-1.477930694818496704e-01
-1.942342519760131836e-01
2.076142728328704834e-01
2.664849162101745605e-01
-2.026673108339309692e-01
-3.162161409854888916e-01
-5.902852416038513184e-01
-1.653922945261001587e-01
6.326059699058532715e-01
-3.243598937988281250e-01
4.185210168361663818e-01
-8.176806569099426270e-02
-1.529189944267272949e-01
1.826331615447998047e-01
6.837864220142364502e-02
-2.602733969688415527e-01
1.793510653078556061e-02
-9.510468691587448120e-02
-2.357962131500244141e-01
-3.693382814526557922e-02
-7.891414165496826172e-01
1.976737082004547119e-01
5.942696332931518555e-01
7.566443920135498047e+00
5.402865409851074219e+00
8.563577651977539062e+00
1.030413436889648438e+01
1.323846817016601562e+01
1.375211048126220703e+01
1.480359363555908203e+01
1.553025341033935547e+01
1.721566772460937500e+01
1.851109504699707031e+01
2.089915084838867188e+01
1.936608505249023438e+01
2.560953330993652344e+01
2.780218696594238281e+01
2.487874984741210938e+01
-7.489729881286621094e+00
-1.172963619232177734e+00
1.911724448204040527e+00
9.961876273155212402e-01
-2.414641082286834717e-01
-3.908888101577758789e+00
9.601427912712097168e-01
1.356008887290954590e+00
-5.379009723663330078e+00
7.967588901519775391e+00
-1.163780689239501953e+00
-4.122435092926025391e+00
-3.321509838104248047e+00
7.196928858757019043e-01
-3.448480129241943359e+00
-1.324141502380371094e+00
3.684188127517700195e-01
-6.866257786750793457e-01
-5.294713973999023438e-01
-6.106287837028503418e-01
-1.219621539115905762e+00
-1.802867949008941650e-01
-1.017255187034606934e+00
4.782097041606903076e-01
7.965990304946899414e-01
4.593679010868072510e-01
-8.829811811447143555e-01
2.841211318969726562e+00
1.296229362487792969e+00
-1.729218214750289917e-01
-2.232943773269653320e+00
-1.269608139991760254e-01
2.986473560333251953e+00
4.232637286186218262e-01
5.286364555358886719e-01
-5.861919522285461426e-01
4.322179257869720459e-01
-4.179790243506431580e-02
6.422965526580810547e-01
4.066305637359619141e+00
-3.297420740127563477e-01
4.243308544158935547e+00
8.602014780044555664e-01
1.988058388233184814e-01
1.313417673110961914e+00
-9.531831741333007812e-01
4.408649802207946777e-01
-1.700927972793579102e+00
1.578657507896423340e+00
-2.015028953552246094e+00
9.508404135704040527e-01
2.464833259582519531e+00
2.427642107009887695e+00
6.703966140747070312e+00
-2.276187390089035034e-01
-1.636826515197753906e+00
1.465058177709579468e-01
1.421568095684051514e-01
-7.714363932609558105e-02
-1.369789958000183105e+00
-1.000676035881042480e+00
4.832170903682708740e-01
-1.319811940193176270e+00
2.133964300155639648e+00
-3.668902397155761719e+00
2.701132297515869141e+00
1.852747797966003418e+00
-6.520571708679199219e-01
-1.583382725715637207e+00
5.142834186553955078e+00
5.068601131439208984e+00
-5.036235809326171875e+00
4.313229084014892578e+00
-7.284744739532470703e+00
9.334775924682617188e+00
-5.748270153999328613e-01
-2.617253959178924561e-01
-1.147876381874084473e+00
-2.652195096015930176e-01
1.024080991744995117e+00
4.100226461887359619e-01
3.999259471893310547e-01
-5.062776803970336914e-01
1.579211592674255371e+00
2.936638593673706055e-01
1.064979434013366699e+00
-9.399804472923278809e-01
1.396343469619750977e+00
-4.130210280418395996e-01
-9.811867475509643555e-01
6.242442131042480469e-01
-1.114958882331848145e+00
-1.747400999069213867e+00
4.337672233581542969e+00
-3.051467895507812500e+00
-1.930990695953369141e+00
-1.014800667762756348e+00
8.835428953170776367e-01
1.084295213222503662e-01
-7.392738819122314453e+00
3.570013120770454407e-02
3.871042728424072266e+00
-4.805269241333007812e-01
-2.989522814750671387e-01
-1.363340258598327637e+00
1.332543849945068359e+00
1.305738449096679688e+00
2.513662576675415039e+00
1.295446395874023438e+00
7.146249771118164062e+00
-2.479474306106567383e+00
1.037376165390014648e+00
1.724902153015136719e+00
4.072755873203277588e-01
-2.536121368408203125e+00
-1.027731776237487793e+00
3.286918401718139648e+00
1.839599013328552246e+00
-4.864811599254608154e-01
8.650664091110229492e-01
2.828556299209594727e+00
-2.867404818534851074e-01
-7.994760870933532715e-01
4.922718405723571777e-01
2.281061112880706787e-01
2.365566194057464600e-01
-4.867340922355651855e-01
5.232346057891845703e-02
2.202377557754516602e+00
-3.042368412017822266e+00
-1.772005483508110046e-02
1.108781695365905762e+00
-1.424494743347167969e+00
6.301510930061340332e-01
1.357879638671875000e+00
5.700085163116455078e-01
-5.507537126541137695e-01
-8.227288722991943359e-02
8.240862190723419189e-02
6.148244738578796387e-01
5.369593501091003418e-01
4.327725246548652649e-02
-5.672918558120727539e-01
1.295506715774536133e+00
2.374831289052963257e-01
-9.194062352180480957e-01
7.079811096191406250e-01
-6.212599873542785645e-01
-5.132399797439575195e-01
1.533126235008239746e+00
6.457204818725585938e-01
-1.664617359638214111e-01
-8.797367811203002930e-01
5.339330434799194336e-01
-2.453717291355133057e-01
9.971789121627807617e-01
2.462753951549530029e-01
2.375813007354736328e+00
-3.312413990497589111e-01
6.274094581604003906e-01
1.185945034027099609e+00
1.038575053215026855e+00
4.627426862716674805e-01
3.059036433696746826e-01
-1.754859089851379395e+00
5.606644749641418457e-01
-4.359544813632965088e-01
8.797475099563598633e-01
-3.021022975444793701e-01
1.237986803054809570e+00
-1.080250833183526993e-03
-5.929746031761169434e-01
1.363777279853820801e+00
-1.377834081649780273e+00
1.999854445457458496e-01
1.500119090080261230e+00
-3.717014491558074951e-01
1.832613646984100342e-01
2.019881010055541992e-01
-1.724246740341186523e-01
-3.248094022274017334e-01
5.664843693375587463e-02
5.405667424201965332e-01
-1.052478194236755371e+00
-9.652453064918518066e-01
-5.225198268890380859e+00
3.624429404735565186e-01
3.194744884967803955e-01
7.305324822664260864e-02
3.871640264987945557e-01
-6.476385891437530518e-02
4.561264812946319580e-01
-7.255082726478576660e-01
5.624750614166259766e+00
1.668160676956176758e+00
1.051879405975341797e+00
-1.156397536396980286e-01
2.672668397426605225e-01
-8.572716265916824341e-03
4.796074628829956055e-01
-1.386347562074661255e-01
4.790468513965606689e-01
-6.583426594734191895e-01
-1.801517903804779053e-01
4.765879511833190918e-01
-1.808112412691116333e-01
4.562615156173706055e-01
-5.520675182342529297e-01
3.240680694580078125e-01
-3.741754889488220215e-01
-4.800995886325836182e-01
2.374356985092163086e-01
2.485511153936386108e-01
-7.462967634201049805e-01
1.189967751502990723e+00
7.452040910720825195e-01
1.315713644027709961e+00
9.704468250274658203e-01
7.268565297126770020e-01
1.259045958518981934e+00
-1.259786725044250488e+00
-5.828878283500671387e-01
-7.836235165596008301e-01
-5.660629868507385254e-01
-1.979904890060424805e+00
1.776631236076354980e+00
-1.476875245571136475e-01
-7.701256871223449707e-01
7.651141285896301270e-01
-4.085102081298828125e-01
6.820600032806396484e-01
-1.774689853191375732e-01
-3.454376757144927979e-01
-3.896901756525039673e-02
1.110871076583862305e+00
1.095462441444396973e+00
-4.172586798667907715e-01
1.391688585281372070e-01
-8.073087930679321289e-01
-4.792139306664466858e-02
1.235128998756408691e+00
-5.911522507667541504e-01
3.134517371654510498e-01
-3.101020753383636475e-01
-2.792115211486816406e-01
8.809192180633544922e-01
3.998674079775810242e-02
-5.551843047142028809e-01
1.106085062026977539e+00
-1.705986022949218750e+00
-2.683658711612224579e-02
8.167646527290344238e-01
2.664403200149536133e+00
-3.646610677242279053e-01
-1.587911248207092285e+00
1.268355846405029297e+00
-2.939910888671875000e-01
5.483891367912292480e-01
-3.089669644832611084e-01
1.144910573959350586e+00
4.867058992385864258e-01
-3.140867054462432861e-01
-6.166782975196838379e-01
1.049949526786804199e+00
-8.198146820068359375e-01
-3.974632024765014648e-01
2.108465880155563354e-01
-4.168079793453216553e-01
-6.323256492614746094e-01
4.877831339836120605e-01
9.155586361885070801e-01
-1.065757498145103455e-01
-1.489003539085388184e+00
2.879748940467834473e-01
-4.682006239891052246e-01
4.323573112487792969e-01
1.509208977222442627e-01
1.543522238731384277e+00
-1.227689981460571289e+00
-1.652439951896667480e+00
-1.303025931119918823e-01
-3.808628916740417480e-01
-8.016370534896850586e-01
-2.470234334468841553e-01
-4.867594540119171143e-01
5.838466882705688477e-01
-1.535986512899398804e-01
2.373522520065307617e-01
-1.256382167339324951e-01
1.316670060157775879e+00
-7.792341709136962891e-02
-1.292515158653259277e+00
9.901655912399291992e-01
-6.961967349052429199e-01
-3.095709346234798431e-02
8.048076033592224121e-01
-3.677040040493011475e-01
1.375155001878738403e-01
-3.011383116245269775e-02
5.941515788435935974e-02
-1.550404820591211319e-02
2.824485599994659424e-01
3.665708601474761963e-01
-5.871316790580749512e-01
1.955285072326660156e-01
-3.559904336929321289e+00
4.559950828552246094e-01
-3.906743526458740234e-01
-4.621725678443908691e-01
-4.946913570165634155e-02
-8.607208728790283203e-02
-9.960825741291046143e-02
-1.255568146705627441e+00
9.092559814453125000e-01
1.599054932594299316e+00
-3.923131823539733887e-01
1.670188158750534058e-01
1.483063250780105591e-01
-1.869896985590457916e-02
-3.350448012351989746e-01
5.869313329458236694e-02
7.915963977575302124e-02
-1.864446550607681274e-01
-8.984301090240478516e-01
-8.752904087305068970e-02
-1.807592809200286865e-01
1.524597406387329102e-01
-4.705297648906707764e-01
1.273975372314453125e-01
5.245697498321533203e-01
6.558126956224441528e-02
5.748931765556335449e-01
8.898860812187194824e-01
-1.185156226158142090e+00
1.223868370056152344e+00
3.863480687141418457e-02
-2.954167127609252930e-01
-4.154454767704010010e-01
-8.495026826858520508e-01
2.053823947906494141e+00
-2.359869144856929779e-02
-7.025573849678039551e-01
-1.445369571447372437e-01
5.822840332984924316e-01
9.356101155281066895e-01
1.117177724838256836e+00
-1.421457231044769287e-01
-1.786451339721679688e-01
2.419255226850509644e-01
-1.784042358398437500e+00
4.857394993305206299e-01
-2.260630279779434204e-01
-7.077636718750000000e-01
7.327050566673278809e-01
1.259791254997253418e+00
-1.390821784734725952e-01
-1.465767264366149902e+00
-2.907492876052856445e+00
6.695605516433715820e-01
-1.651358366012573242e+00
-5.555140785872936249e-03
5.347106140106916428e-03
-7.912958040833473206e-03
-8.130287751555442810e-03
7.313863607123494148e-04
5.719234235584735870e-03
-1.444643712602555752e-03
-9.497631341218948364e-03
-4.849124234169721603e-03
-3.563768696039915085e-03
4.023217130452394485e-03
5.240647587925195694e-03
4.988222382962703705e-03
-5.303338635712862015e-03
-5.277816089801490307e-04
-4.362445324659347534e-03
8.766141720116138458e-03
-1.385285286232829094e-03
5.234384443610906601e-03
-4.725192673504352570e-03
-5.636241752654314041e-03
7.804479449987411499e-03
8.620515465736389160e-03
-4.810545593500137329e-03
-6.204845849424600601e-03
-5.280829500406980515e-03
6.386105436831712723e-03
-8.742995123611763120e-05
8.260733447968959808e-03
5.287406966090202332e-03
-2.428770298138260841e-03
7.462226785719394684e-03
8.270242833532392979e-04
-1.778367557562887669e-03
9.182388894259929657e-03
4.331255331635475159e-03
5.481983069330453873e-03
-9.303247556090354919e-03
-3.430691082030534744e-03
-1.000589807517826557e-03
-5.661515169776976109e-04
-2.459886018186807632e-03
-4.610538948327302933e-03
-2.209821948781609535e-03
3.945057280361652374e-03
-1.998785417526960373e-03
-2.845795592293143272e-03
1.412258006894262508e-05
-1.620373106561601162e-03
6.757044699043035507e-03
-5.221432074904441833e-03
6.241360213607549667e-03
-7.562262937426567078e-03
-2.326372312381863594e-03
-7.355479989200830460e-03
6.693700794130563736e-03
-8.896508254110813141e-03
-2.116775431204587221e-04
8.815452456474304199e-03
7.481636479496955872e-03
3.984387032687664032e-03
-4.180072806775569916e-03
-2.727446611970663071e-03
4.551490768790245056e-03
-1.119183260016143322e-03
9.493294055573642254e-04
6.835619453340768814e-03
-5.783391650766134262e-03
-7.225519977509975433e-03
2.942111110314726830e-03
8.684277534484863281e-03
-4.820355214178562164e-03
8.793577551841735840e-03
-6.541456095874309540e-03
-7.939782924950122833e-03
-3.078206209465861320e-03
4.963587969541549683e-03
3.431588411331176758e-03
-8.134543895721435547e-03
6.641589570790529251e-03
-3.143393201753497124e-03
8.801662363111972809e-03
-9.918668307363986969e-03
2.583511406555771828e-03
-6.815417669713497162e-03
-9.028970263898372650e-03
9.075475856661796570e-03
-9.885619394481182098e-03
8.208023384213447571e-03
-9.912000037729740143e-03
-4.742093849927186966e-03
9.353371337056159973e-03
-8.484832942485809326e-03
-6.849618330306839198e-06
8.136992342770099640e-03
9.140806272625923157e-03
4.073959309607744217e-03
5.579957272857427597e-03
4.547914024442434311e-03
-4.589117132127285004e-03
-6.772339809685945511e-03
8.096298202872276306e-03
2.801160793751478195e-03
3.795712953433394432e-03
-5.941435229033231735e-03
-2.493112813681364059e-03
2.107025822624564171e-03
6.240732967853546143e-03
7.431947626173496246e-03
-8.418300189077854156e-03
6.153720896691083908e-03
-8.828175254166126251e-03
-4.299486521631479263e-03
-8.009432815015316010e-03
1.467382768169045448e-03
9.415184147655963898e-03
9.023088961839675903e-03
-5.867871921509504318e-03
3.201834624633193016e-04
2.010304015129804611e-03
1.175895810127258301e+00
8.337634801864624023e-01
-1.599545240402221680e+00
5.521567463874816895e-01
