2.166005849838256836e+00
4.618400573730468750e+00
1.974094271659851074e+00
3.090185403823852539e+00
2.084970474243164062e+00
1.583271384239196777e+00
2.004486322402954102e+00
2.336508989334106445e+00
2.603556871414184570e+00
-2.171494722366333008e+00
-3.862519860267639160e-01
1.578285455703735352e+00
-1.830927431583404541e-01
1.601211875677108765e-01
1.892970353364944458e-01
4.391562044620513916e-01
-8.356246948242187500e-01
-2.523105740547180176e-01
-1.408205389976501465e+00
5.220561847090721130e-02
-2.159943729639053345e-01
4.031661525368690491e-02
-2.338117063045501709e-01
-2.825484573841094971e-01
3.813270479440689087e-02
-1.492589563131332397e-01
7.246871292591094971e-02
6.660522818565368652e-01
1.326572227478027344e+01
1.337270069122314453e+01
1.544327449798583984e+01
1.522396564483642578e+01
1.512755393981933594e+01
1.745628166198730469e+01
1.919701194763183594e+01
1.911118698120117188e+01
3.086351394653320312e+01
3.288233578205108643e-01
-1.681802392005920410e+00
1.050010100007057190e-01
-2.548676133155822754e-01
3.287702500820159912e-01
-7.721555233001708984e-02
2.617399394512176514e-01
4.265618324279785156e-02
4.505887508392333984e+00
1.620814800262451172e+00
-9.273103438317775726e-03
3.850908577442169189e-01
-6.441155672073364258e-01
3.793305456638336182e-01
-7.717217206954956055e-01
6.969149410724639893e-02
-6.729177474975585938e+00
4.313025176525115967e-01
-1.528040021657943726e-01
-8.915767669677734375e-01
-1.128829270601272583e-01
-3.888152241706848145e-01
3.273127675056457520e-01
1.049870133399963379e+00
-8.888821005821228027e-01
2.788278162479400635e-01
5.838118121027946472e-02
-4.418781101703643799e-01
-4.583701789379119873e-01
2.093077450990676880e-01
-7.213060557842254639e-02
-1.364458799362182617e+00
3.676159679889678955e-01
7.877887785434722900e-02
-9.899662137031555176e-01
1.344529628753662109e+00
5.123361945152282715e-01
-1.053900837898254395e+00
-1.794077038764953613e+00
-7.256826758384704590e-02
2.273331284523010254e-01
3.543250560760498047e+00
-1.191925182938575745e-01
1.287812232971191406e+00
5.887133121490478516e+00
-7.635305076837539673e-02
7.303762435913085938e-01
8.536557108163833618e-02
-2.925582826137542725e-01
2.513517439365386963e-01
9.367135912179946899e-02
4.029648900032043457e-01
-1.754980981349945068e-01
-3.245009779930114746e-01
-1.458183526992797852e+00
1.709865638986229897e-03
2.099501341581344604e-02
-5.599121451377868652e-01
-9.062589704990386963e-02
-1.603477150201797485e-01
3.535995185375213623e-01
2.186315059661865234e+00
2.075472325086593628e-01
2.621811926364898682e-01
2.692040242254734039e-02
-1.465690881013870239e-01
2.468832284212112427e-01
-3.543781489133834839e-02
2.296795547008514404e-01
3.096252679824829102e-01
-7.519776374101638794e-02
-2.318667173385620117e-01
1.756035685539245605e-01
1.259478926658630371e-01
1.216162204742431641e+00
4.027591049671173096e-01
5.555050447583198547e-02
3.208637703210115433e-03
1.220153570175170898e-01
-2.773462533950805664e-01
3.219110965728759766e-01
1.253374516963958740e-01
3.850830197334289551e-01
5.988081097602844238e-01
-4.358959496021270752e-01
-1.212894320487976074e-01
-2.406743764877319336e+00
-4.329817295074462891e-01
-9.998918771743774414e-01
-2.198434591293334961e+00
-1.322638988494873047e-01
7.049511671066284180e-01
-7.695396244525909424e-02
-1.175393164157867432e-01
3.065803647041320801e-01
1.321163624525070190e-01
2.811093032360076904e-01
-3.020638525485992432e-01
9.673796296119689941e-01
1.566357351839542389e-02
-4.425120726227760315e-02
2.784515023231506348e-01
-1.095387339591979980e-01
1.906539201736450195e-01
-1.128023937344551086e-01
1.823215782642364502e-01
-3.786252260208129883e+00
4.147230088710784912e-02
7.102790474891662598e-02
1.659187376499176025e-01
1.122608408331871033e-01
2.006571292877197266e-01
-6.404279917478561401e-02
-9.161499738693237305e-01
1.281639337539672852e-01
-4.049791768193244934e-02
1.624230593442916870e-01
3.804069459438323975e-01
4.196668863296508789e-01
-4.621472954750061035e-01
3.075439929962158203e-01
2.392361164093017578e-01
-6.811229139566421509e-02
2.282364293932914734e-02
4.414672851562500000e-01
-7.780964374542236328e-01
-2.067902982234954834e-01
1.093379855155944824e-01
-3.967186808586120605e-01
2.928031086921691895e-01
6.367648839950561523e-01
3.697310457937419415e-04
2.777757048606872559e-01
7.245416045188903809e-01
2.016828775405883789e+00
-2.333131385967135429e-03
-1.674025319516658783e-03
-4.777759779244661331e-03
-1.369864679872989655e-03
-8.374670520424842834e-03
-4.101810045540332794e-03
7.960927672684192657e-03
9.984237141907215118e-03
4.420474870130419731e-04
8.447628468275070190e-03
-1.883410033769905567e-03
-1.976406201720237732e-03
-2.150123706087470055e-03
-9.797694161534309387e-03
-1.653311657719314098e-03
-6.835573818534612656e-03
8.307932876050472260e-03
5.744195543229579926e-03
-5.754740908741950989e-03
1.809514011256396770e-03
-8.339819498360157013e-03
-8.801827207207679749e-03
-6.736292503774166107e-03
-2.826842246577143669e-04
-5.181913729757070541e-03
4.752269946038722992e-03
-9.320330806076526642e-03
-9.838731493800878525e-04
-4.198011010885238647e-03
2.030374307651072741e-04
5.728582385927438736e-03
5.177386570721864700e-03
8.371717558475211263e-05
9.885209146887063980e-04
-7.884471677243709564e-03
-1.021658303216099739e-03
-4.211148712784051895e-03
-6.005881354212760925e-03
-6.503434386104345322e-03
4.571275319904088974e-03
-7.437580265104770660e-03
5.096108186990022659e-03
-5.645789671689271927e-03
8.583738468587398529e-03
5.576910451054573059e-03
3.379800319671630859e-01
8.985900282859802246e-01
-2.120748519897460938e+00
6.615219116210937500e-01
