1.544478416442871094e+01
1.551545429229736328e+01
6.033451080322265625e+00
1.001466464996337891e+01
8.308110237121582031e+00
1.626241493225097656e+01
1.059616661071777344e+01
1.611325836181640625e+01
-3.350872039794921875e+00
-1.556481957435607910e+00
1.656023114919662476e-01
1.241753101348876953e+01
-3.746149539947509766e+00
-6.161787509918212891e+00
1.109765148162841797e+01
-1.343756198883056641e+00
2.066403388977050781e+00
1.899926304817199707e+00
9.580438137054443359e-01
2.244961261749267578e+00
4.045697748661041260e-01
-3.588643670082092285e-01
7.656817436218261719e-01
4.950431346893310547e+00
9.391030311584472656e+00
-3.286429166793823242e+00
1.017253589630126953e+01
-4.465706348419189453e+00
1.458589458465576172e+01
-2.394052028656005859e+00
-5.471570491790771484e+00
-8.201745033264160156e+00
1.021307659149169922e+01
5.175777912139892578e+00
-2.123527288436889648e+00
-9.250204086303710938e+00
-5.278416633605957031e+00
-1.065563488006591797e+01
5.587285518646240234e+00
1.330493640899658203e+01
-2.946882486343383789e+00
7.948055267333984375e+00
-9.442421913146972656e+00
-2.633479595184326172e+00
-2.697142839431762695e+00
-2.116561979055404663e-01
-4.472236633300781250e+00
-3.031444787979125977e+00
-3.884370923042297363e-01
3.087588310241699219e+00
4.701401710510253906e+00
-7.895919084548950195e-01
-1.439824461936950684e+00
-1.058743119239807129e+00
5.928800106048583984e-01
-6.494332551956176758e-01
1.376022815704345703e+00
-1.821679472923278809e+00
1.978462457656860352e+00
3.431050062179565430e+00
-1.679671406745910645e+00
4.093559265136718750e+00
3.807571649551391602e+00
-1.192391633987426758e+00
3.976373195648193359e+00
-2.812879323959350586e+00
3.453804969787597656e+00
-2.972709178924560547e+00
-1.135807037353515625e+00
3.913149356842041016e+00
-4.309694290161132812e+00
4.832268238067626953e+00
-2.822455883026123047e+00
-1.253110647201538086e+00
-1.434005141258239746e+00
-7.029234170913696289e-01
-2.641840696334838867e+00
1.983759284019470215e+00
5.332901477813720703e+00
-4.724551737308502197e-01
-3.138331651687622070e+00
6.614897847175598145e-01
-2.069376230239868164e+00
-3.321961402893066406e+00
-1.497630327939987183e-01
2.638063192367553711e+00
5.274525642395019531e+00
-3.971931040287017822e-01
-6.127634644508361816e-01
-7.939259707927703857e-02
4.648999571800231934e-01
1.555218219757080078e+00
-1.138545870780944824e+00
1.831031203269958496e+00
-5.093824267387390137e-01
-3.107590198516845703e+00
1.937396287918090820e+00
9.178929328918457031e-01
2.513071537017822266e+00
-1.886021614074707031e+00
2.037812232971191406e+00
-3.090535640716552734e+00
3.582138299942016602e+00
-2.201954364776611328e+00
-2.992938160896301270e-01
2.812793254852294922e+00
-3.469402551651000977e+00
3.786530733108520508e+00
-3.054534435272216797e+00
-4.502576291561126709e-01
2.123246639966964722e-01
-2.735460698604583740e-01
-5.558304786682128906e-01
1.633413434028625488e+00
4.010222434997558594e+00
6.828067302703857422e-01
-5.207225680351257324e-01
