7.653207778930664062e+00
1.544484043121337891e+01
1.187909507751464844e+01
1.559878635406494141e+01
1.985387992858886719e+01
1.766695785522460938e+01
1.064461994171142578e+01
1.688857078552246094e+01
1.183263492584228516e+01
1.591957378387451172e+01
8.283215522766113281e+00
6.067323207855224609e+00
1.007213783264160156e+01
1.830363845825195312e+01
1.081588459014892578e+01
1.550785350799560547e+01
8.519549965858459473e-01
-1.087728291749954224e-01
-2.704074621200561523e+00
5.944166183471679688e+00
4.002073764801025391e+00
-6.660704612731933594e+00
-3.119377374649047852e+00
-2.616433620452880859e+00
9.478209495544433594e+00
3.953958749771118164e+00
1.686750948429107666e-01
9.667988777160644531e+00
1.016009998321533203e+01
1.246428012847900391e+01
4.504479885101318359e+00
-1.536259502172470093e-01
9.282981872558593750e+00
1.268994927406311035e+00
6.484440326690673828e+00
1.531692028045654297e+00
1.126754283905029297e+01
4.958000659942626953e+00
4.977054119110107422e+00
7.887954235076904297e+00
1.605618715286254883e+00
-6.149443626403808594e+00
5.159177184104919434e-01
8.949606895446777344e+00
-1.622027754783630371e+00
5.587019920349121094e+00
8.127492070198059082e-01
4.814199447631835938e+00
-3.344291687011718750e+00
1.140956497192382812e+01
4.056127071380615234e+00
3.082523345947265625e-01
-4.950499534606933594e+00
-1.364264106750488281e+01
-6.681365489959716797e+00
-4.392541885375976562e+00
6.204472064971923828e+00
9.778428077697753906e+00
-2.581292629241943359e+00
1.470593333244323730e+00
5.361565947532653809e-02
-6.445220112800598145e-01
7.718851566314697266e+00
6.060336589813232422e+00
6.258533000946044922e-01
-3.535100460052490234e+00
-2.717547416687011719e+00
8.167344093322753906e+00
-2.548112273216247559e-01
-9.302109718322753906e+00
-5.419649124145507812e+00
7.615550994873046875e+00
-9.051693916320800781e+00
1.444216012954711914e+00
5.022276401519775391e+00
-8.247902870178222656e+00
-5.147199630737304688e+00
-1.041982746124267578e+01
2.978224754333496094e+00
-3.411004841327667236e-01
-6.789086818695068359e+00
-6.523023128509521484e+00
-7.758529186248779297e-01
-1.253946065902709961e+00
1.107008576393127441e+00
1.240949988365173340e+00
7.411375045776367188e+00
1.653877735137939453e+00
-8.088053204119205475e-03
-2.473264485597610474e-01
-3.191732883453369141e+00
4.970473289489746094e+00
3.244759798049926758e+00
-2.563724040985107422e+00
2.540181875228881836e+00
-8.452813148498535156e+00
-6.207514405250549316e-01
4.478184580802917480e-01
-6.020077705383300781e+00
-1.045550060272216797e+01
1.000901412963867188e+01
9.236412048339843750e+00
1.376325798034667969e+01
-6.653482913970947266e+00
-3.596803426742553711e+00
1.872171592712402344e+01
2.299032211303710938e+00
4.871532618999481201e-01
1.133693695068359375e+00
5.683674216270446777e-01
-7.963810443878173828e+00
-1.041063976287841797e+01
1.105821800231933594e+01
-2.491151094436645508e+00
2.853414535522460938e+00
1.489597082138061523e+00
7.540641784667968750e+00
-6.387488842010498047e+00
-2.879969358444213867e+00
9.116451263427734375e+00
-1.560612297058105469e+01
-2.127865791320800781e+00
4.848937034606933594e+00
2.824257314205169678e-01
1.179498076438903809e+00
-6.524181842803955078e+00
-6.686615943908691406e-01
-2.285784959793090820e+00
-1.976466298103332520e+00
2.367101430892944336e+00
5.936312675476074219e-01
-4.123583793640136719e+00
5.459550380706787109e+00
-2.170611858367919922e+00
6.122216701507568359e+00
1.837484359741210938e+00
5.018374919891357422e-01
7.895462512969970703e+00
5.900921225547790527e-01
4.927781820297241211e-01
7.444549083709716797e+00
-1.409672141075134277e+00
4.492142677307128906e+00
8.172366142272949219e+00
8.888898849487304688e+00
9.286326766014099121e-01
3.556176185607910156e+00
-4.118899345397949219e+00
8.576792478561401367e-01
-6.030679225921630859e+00
1.070980548858642578e+00
2.183216333389282227e+00
1.093092799186706543e+00
-2.380181476473808289e-02
7.772231101989746094e-01
-2.518440723419189453e+00
4.975651741027832031e+00
5.075176715850830078e+00
3.854596018791198730e-01
5.754819869995117188e+00
2.754487752914428711e+00
-2.454293966293334961e+00
6.968068122863769531e+00
3.160479366779327393e-01
3.273216485977172852e+00
3.518786668777465820e+00
1.405876427888870239e-01
8.875091075897216797e-01
-1.257079720497131348e+00
6.666124820709228516e+00
7.167207598686218262e-01
-3.741665363311767578e+00
1.444276571273803711e-01
-5.478454589843750000e+00
1.757370948791503906e+00
7.338728427886962891e+00
5.777588844299316406e+00
2.357225656509399414e+00
1.037317991256713867e+00
-6.374612331390380859e+00
-4.655920028686523438e+00
-5.394038200378417969e+00
1.956250548362731934e+00
-2.348043203353881836e+00
7.096424102783203125e+00
1.110644817352294922e+00
2.630930662155151367e+00
1.195824503898620605e+00
2.868578433990478516e+00
1.034138917922973633e+00
-2.697661161422729492e+00
6.955980777740478516e+00
1.574240088462829590e+00
1.866694390773773193e-01
-2.003663480281829834e-01
1.284042954444885254e+00
-1.234302043914794922e+00
-2.449170827865600586e+00
-1.709235429763793945e+00
1.518678545951843262e+00
-3.960035800933837891e+00
1.370573282241821289e+00
3.407716751098632812e-02
3.353020668029785156e+00
-2.178567171096801758e+00
-1.249474287033081055e+00
4.771711349487304688e+00
5.479420423507690430e-01
5.820097923278808594e+00
-1.489246040582656860e-01
-3.148187637329101562e+00
3.446758747100830078e+00
-4.153194904327392578e+00
9.934597015380859375e-01
4.688550472259521484e+00
5.795122623443603516e+00
-1.114658951759338379e+00
2.463509082794189453e+00
2.881972789764404297e+00
-1.820257306098937988e+00
9.475075006484985352e-01
2.312670946121215820e+00
-3.280989646911621094e+00
-5.448318123817443848e-01
1.685845136642456055e+00
-1.543972015380859375e+00
3.448755741119384766e-01
1.498597264289855957e-01
1.687339305877685547e+00
-3.414061546325683594e+00
7.325814723968505859e+00
3.320523738861083984e+00
2.371396064758300781e+00
2.700115442276000977e+00
3.949558973312377930e+00
4.669368743896484375e+00
4.087805271148681641e+00
5.764119625091552734e+00
-2.412004947662353516e+00
3.687127113342285156e+00
2.019959211349487305e+00
4.486569404602050781e+00
2.422173500061035156e+00
3.319764614105224609e+00
1.588799238204956055e+00
-9.219504594802856445e-01
-3.184396505355834961e+00
3.857668876647949219e+00
3.946144104003906250e+00
3.129082202911376953e+00
-2.985754251480102539e+00
-2.737128734588623047e+00
-6.847609281539916992e-01
3.396957874298095703e+00
4.995901584625244141e+00
6.738168597221374512e-01
5.947375774383544922e+00
-1.643386244773864746e+00
-7.827836871147155762e-01
5.627025365829467773e-01
1.173287987709045410e+00
-3.410954952239990234e+00
2.407634496688842773e+00
-4.955688416957855225e-01
4.317646503448486328e+00
7.234433293342590332e-01
-3.834294080734252930e-01
7.753118276596069336e-01
3.730904340744018555e+00
-6.063955783843994141e+00
5.016306042671203613e-01
1.911125183105468750e+00
1.261137366294860840e+00
-2.762965917587280273e+00
2.608380556106567383e+00
-5.547726154327392578e-01
-8.520303368568420410e-01
-1.055029153823852539e+00
-4.752441406250000000e+00
-1.363315939903259277e+00
-2.609971463680267334e-01
-2.748173773288726807e-01
8.685499429702758789e-01
4.643040895462036133e-01
7.514383792877197266e-01
-2.383769989013671875e+00
9.599311649799346924e-02
-3.144239425659179688e+00
2.640772104263305664e+00
-1.204768896102905273e+00
9.204455614089965820e-01
-5.738793611526489258e-01
2.303642272949218750e+00
4.511548042297363281e+00
-4.063540697097778320e-02
2.442553520202636719e+00
3.894338846206665039e+00
2.746294066309928894e-02
4.539184570312500000e+00
1.177265405654907227e+00
2.637142181396484375e+00
3.750071763992309570e+00
2.835582494735717773e-01
9.002640843391418457e-01
1.964982986450195312e+00
3.216604471206665039e+00
2.129415750503540039e+00
2.797940254211425781e+00
6.047498583793640137e-01
3.372508585453033447e-01
1.889178276062011719e+00
2.984669446945190430e+00
1.814979612827301025e-01
1.481673359870910645e+00
3.045805215835571289e+00
-4.705330729484558105e-01
1.105835676193237305e+00
-3.446952581405639648e+00
-7.045215964317321777e-01
-3.381653308868408203e+00
4.960142135620117188e+00
2.443227052688598633e+00
-5.536187291145324707e-01
-9.134225547313690186e-02
1.891432404518127441e+00
3.428849220275878906e+00
-6.935482621192932129e-01
4.512922763824462891e+00
-1.176484823226928711e+00
7.161437273025512695e-01
-3.448473453521728516e+00
2.619289636611938477e+00
1.151330232620239258e+00
-2.258857488632202148e+00
3.099877834320068359e+00
2.101312637329101562e+00
5.264716148376464844e-01
2.275673151016235352e+00
-1.749966979026794434e+00
1.334560275077819824e+00
-8.745930194854736328e-01
-2.202638626098632812e+00
3.491012096405029297e+00
1.665530204772949219e+00
5.825518131256103516e+00
9.045921564102172852e-01
1.407485127449035645e+00
-2.787136435508728027e-01
1.073414087295532227e+00
2.370174378156661987e-01
1.040799736976623535e+00
2.590080022811889648e+00
1.921697258949279785e-01
1.950432062149047852e+00
-2.276373505592346191e-01
-1.163634657859802246e+00
9.432109594345092773e-01
-5.714930295944213867e-01
-1.783063411712646484e+00
1.682936787605285645e+00
3.324804008007049561e-01
-1.435902476310729980e+00
-1.133544564247131348e+00
2.303224802017211914e+00
2.858536720275878906e+00
1.291906714439392090e+00
4.639791965484619141e+00
3.600983619689941406e+00
-2.045971870422363281e+00
3.297319173812866211e+00
2.339441299438476562e+00
3.228749275207519531e+00
6.604830622673034668e-01
3.370836496353149414e+00
-3.224293231964111328e+00
7.530997395515441895e-01
3.132173061370849609e+00
1.626426577568054199e+00
-1.188886523246765137e+00
3.712732315063476562e+00
1.133795857429504395e+00
-1.038608908653259277e+00
-2.595928192138671875e+00
2.227720499038696289e+00
3.920715749263763428e-01
9.160358905792236328e-01
-2.687097072601318359e+00
2.117997884750366211e+00
-2.002402544021606445e-01
5.895198822021484375e+00
2.753320693969726562e+00
3.203842341899871826e-01
2.197444677352905273e+00
-2.308961302042007446e-01
-6.556061506271362305e-01
5.950968265533447266e-01
2.604055643081665039e+00
-2.168162822723388672e+00
2.180864810943603516e+00
-1.858152508735656738e+00
4.489662647247314453e+00
1.498344421386718750e+00
3.794892728328704834e-01
1.042461514472961426e+00
2.056918859481811523e+00
-1.184508800506591797e+00
-1.520381689071655273e+00
2.045216798782348633e+00
-9.891679286956787109e-01
-2.081616401672363281e+00
5.089022636413574219e+00
2.088593244552612305e+00
2.769314683973789215e-02
2.559055089950561523e-01
-2.638559579849243164e+00
2.719458818435668945e+00
-2.872170507907867432e-01
-5.829755067825317383e-01
6.233507394790649414e-01
-1.325266599655151367e+00
-2.403847575187683105e-01
-1.232492327690124512e+00
-3.973681628704071045e-01
1.067361712455749512e+00
1.298877000808715820e+00
