7.021495819091796875e+00
1.544477272033691406e+01
1.338284683227539062e+01
1.640016746520996094e+01
2.030928039550781250e+01
1.893743515014648438e+01
1.052713203430175781e+01
1.769429779052734375e+01
1.153274345397949219e+01
1.594632148742675781e+01
8.460327148437500000e+00
5.826670169830322266e+00
9.844561576843261719e+00
1.898058891296386719e+01
1.098572921752929688e+01
1.550057315826416016e+01
1.490585803985595703e+00
8.960682153701782227e-02
-1.766445159912109375e+00
6.353498935699462891e+00
4.276431560516357422e+00
-6.577307224273681641e+00
-3.155977964401245117e+00
-2.557830572128295898e+00
9.699215888977050781e+00
3.912297725677490234e+00
1.048328801989555359e-01
9.308031082153320312e+00
1.006013870239257812e+01
1.181017398834228516e+01
5.337763309478759766e+00
-2.347079068422317505e-01
9.243509292602539062e+00
1.112232208251953125e+00
6.636213779449462891e+00
2.180443763732910156e+00
1.259787654876708984e+01
5.057018756866455078e+00
6.532392978668212891e+00
7.797290325164794922e+00
1.775846719741821289e+00
-6.674444675445556641e+00
5.419877171516418457e-01
1.024626255035400391e+01
-2.056674242019653320e+00
5.834446430206298828e+00
8.355832099914550781e-01
-1.592580199241638184e+00
-4.426297664642333984e+00
1.171950912475585938e+01
4.126480102539062500e+00
-1.109090447425842285e+00
-6.042948722839355469e+00
-1.218686580657958984e+01
-6.589859962463378906e+00
-5.041045665740966797e+00
6.499704837799072266e+00
8.580504417419433594e+00
4.591877460479736328e+00
7.431772351264953613e-01
6.357081234455108643e-02
-3.481434583663940430e+00
7.489149570465087891e+00
3.787816524505615234e+00
-5.611715465784072876e-02
-3.843441247940063477e+00
-1.881228446960449219e+00
9.148165702819824219e+00
-4.674679934978485107e-01
-9.219945907592773438e+00
-5.915384769439697266e+00
8.504655838012695312e+00
-9.711582183837890625e+00
1.112722158432006836e+00
4.381606101989746094e+00
-9.499341964721679688e+00
-6.213081836700439453e+00
-1.137271118164062500e+01
2.999466657638549805e+00
-1.619430631399154663e-01
-6.829245567321777344e+00
-6.613903999328613281e+00
2.074607849121093750e+00
4.684764444828033447e-01
4.488706886768341064e-01
7.450670599937438965e-01
7.189730644226074219e+00
1.531097412109375000e+00
-6.443940401077270508e-01
-1.537132740020751953e+00
-3.504709482192993164e+00
5.765674114227294922e+00
3.396904706954956055e+00
-3.056128740310668945e+00
9.382156133651733398e-01
-7.984364986419677734e+00
-8.435739278793334961e-01
4.231418073177337646e-01
-8.573381423950195312e+00
-1.050494766235351562e+01
9.841321945190429688e+00
8.985263824462890625e+00
1.383768367767333984e+01
-6.864905357360839844e+00
-3.371751070022583008e+00
1.842578125000000000e+01
2.418510198593139648e+00
3.855445981025695801e-02
1.328228354454040527e+00
1.603457808494567871e+00
-8.379563331604003906e+00
-1.046662139892578125e+01
1.274141311645507812e+01
-1.638648867607116699e+00
1.408626556396484375e+00
1.279276490211486816e+00
7.685281753540039062e+00
-6.410903453826904297e+00
-3.078191757202148438e+00
8.998713493347167969e+00
-1.572749233245849609e+01
-2.291786432266235352e+00
6.011914253234863281e+00
3.015106618404388428e-01
1.094275951385498047e+00
-6.345410346984863281e+00
-4.786488413810729980e-01
-2.723041772842407227e+00
-1.460223317146301270e+00
1.746885776519775391e+00
5.979533791542053223e-01
-4.183893680572509766e+00
5.637796401977539062e+00
-1.814962267875671387e+00
5.964224815368652344e+00
1.849534511566162109e+00
7.133640646934509277e-01
8.058180809020996094e+00
2.024421691894531250e-01
-2.277181595563888550e-01
7.657221794128417969e+00
-1.491757035255432129e+00
4.488420486450195312e+00
7.221619606018066406e+00
8.861666679382324219e+00
7.726010084152221680e-01
2.628977537155151367e+00
-4.190019607543945312e+00
6.810327768325805664e-01
-5.961981296539306641e+00
1.088650465011596680e+00
2.201615095138549805e+00
9.883078932762145996e-01
5.165365934371948242e-01
3.417200326919555664e+00
-2.693875074386596680e+00
4.265300273895263672e+00
4.844812870025634766e+00
6.106124520301818848e-01
5.310713291168212891e+00
2.772638320922851562e+00
-2.423396110534667969e+00
7.350148677825927734e+00
3.272445499897003174e-01
3.197349786758422852e+00
3.918833971023559570e+00
6.328706741333007812e-01
8.205176591873168945e-01
-1.641401410102844238e+00
4.676974773406982422e+00
-4.110946059226989746e-01
-3.879530906677246094e+00
-1.426999807357788086e+00
-6.086422443389892578e+00
1.130315065383911133e+00
7.179017543792724609e+00
5.869838714599609375e+00
2.197813272476196289e+00
8.748008608818054199e-01
-5.317758560180664062e+00
-4.546358108520507812e+00
-6.768705368041992188e+00
2.216234922409057617e+00
-2.917908191680908203e+00
6.367116451263427734e+00
2.555435419082641602e+00
3.389438867568969727e+00
7.346363663673400879e-01
1.710920929908752441e+00
2.689114809036254883e+00
-2.727685689926147461e+00
7.166435241699218750e+00
1.925796508789062500e+00
-1.619600504636764526e-01
7.850541472434997559e-01
-7.346618175506591797e-01
-1.205445289611816406e+00
-2.374607563018798828e+00
-2.700572490692138672e+00
1.069020867347717285e+00
-4.222421169281005859e+00
1.616827249526977539e+00
8.398177027702331543e-01
3.597990989685058594e+00
-1.524526357650756836e+00
-8.250902295112609863e-01
4.330060482025146484e+00
1.382692098617553711e+00
5.371876716613769531e+00
-3.122614026069641113e-01
-2.622318744659423828e+00
4.301182270050048828e+00
-4.219507217407226562e+00
1.349088549613952637e+00
4.311458587646484375e+00
6.160559177398681641e+00
-1.608764171600341797e+00
1.933423638343811035e+00
1.801649093627929688e+00
-2.097689867019653320e+00
-5.538893342018127441e-01
2.131003141403198242e+00
-2.588732242584228516e+00
-5.367932915687561035e-01
2.309745788574218750e+00
-1.429360389709472656e+00
6.467771530151367188e-01
2.258780747652053833e-01
1.941272020339965820e+00
-3.752824783325195312e+00
8.082716941833496094e+00
3.279582500457763672e+00
2.357870817184448242e+00
2.462547302246093750e+00
3.590699672698974609e+00
4.754315853118896484e+00
4.160888195037841797e+00
5.466191291809082031e+00
-2.373489141464233398e+00
4.384818077087402344e+00
1.891621232032775879e+00
3.589068412780761719e+00
2.479216098785400391e+00
3.041778802871704102e+00
1.740271568298339844e+00
-7.192426919937133789e-01
-3.611158370971679688e+00
3.941154003143310547e+00
3.948697805404663086e+00
4.175816535949707031e+00
-3.837230920791625977e+00
-2.888123512268066406e+00
-6.340064406394958496e-01
3.513692617416381836e+00
5.607656955718994141e+00
6.391118764877319336e-01
6.133308410644531250e+00
-1.329254508018493652e+00
3.535219728946685791e-01
5.293266177177429199e-01
1.132461071014404297e+00
-3.949947357177734375e+00
2.324201583862304688e+00
-5.468154549598693848e-01
2.939994335174560547e+00
7.205905914306640625e-01
-4.277611374855041504e-01
7.125191688537597656e-01
3.641120433807373047e+00
-5.745984077453613281e+00
8.022885918617248535e-01
1.648365974426269531e+00
1.271230459213256836e+00
-2.748244762420654297e+00
2.652024507522583008e+00
-7.237709164619445801e-01
-5.475687384605407715e-01
-1.136463999748229980e+00
-5.189441204071044922e+00
-1.074639260768890381e-01
-6.418886035680770874e-02
-2.833408117294311523e-01
9.096539616584777832e-01
3.881660103797912598e-01
6.731037497520446777e-01
-2.058173418045043945e+00
-1.829814165830612183e-01
-3.155939817428588867e+00
2.674373388290405273e+00
-8.843179941177368164e-01
1.505006432533264160e+00
-4.328683614730834961e-01
1.719003558158874512e+00
4.200862884521484375e+00
5.228007584810256958e-02
2.292891025543212891e+00
3.990011930465698242e+00
1.371282339096069336e-01
4.563143730163574219e+00
1.124931573867797852e+00
2.912156820297241211e+00
3.684882164001464844e+00
4.013056457042694092e-01
8.785997033119201660e-01
2.028254985809326172e+00
2.695761919021606445e+00
2.271209239959716797e+00
3.189075946807861328e+00
1.468920111656188965e-01
2.188828587532043457e-01
1.106429815292358398e+00
2.837709665298461914e+00
2.661247737705707550e-02
1.321362495422363281e+00
2.581616163253784180e+00
-3.745264112949371338e-01
1.121651768684387207e+00
-4.249083518981933594e+00
-6.300057768821716309e-01
-4.275708198547363281e+00
5.262351512908935547e+00
3.060323476791381836e+00
-1.369895100593566895e+00
-1.000444442033767700e-01
2.608531415462493896e-01
4.484870433807373047e+00
-1.531471848487854004e+00
7.329105377197265625e+00
-8.497528433799743652e-01
1.410228371620178223e+00
-3.143239259719848633e+00
2.821873188018798828e+00
1.161411046981811523e+00
-2.073957443237304688e+00
1.986861467361450195e+00
1.410689949989318848e+00
1.135431528091430664e-01
2.079951047897338867e+00
-1.645479559898376465e+00
1.665502309799194336e+00
-6.236748695373535156e-01
-2.023007869720458984e+00
3.638417482376098633e+00
1.848290562629699707e+00
7.333220481872558594e+00
9.094766974449157715e-01
1.526052951812744141e+00
2.567117452621459961e+00
1.316203713417053223e+00
3.955017924308776855e-01
1.314354181289672852e+00
2.895310401916503906e+00
7.853644490242004395e-01
1.869408845901489258e+00
-4.265389144420623779e-01
-1.374010205268859863e+00
1.040717840194702148e+00
-6.620025634765625000e-01
-1.405755877494812012e+00
1.871067881584167480e+00
1.561111330986022949e+00
-1.264849781990051270e+00
-1.389664530754089355e+00
2.160585403442382812e+00
3.091859579086303711e+00
1.140116930007934570e+00
5.777595520019531250e+00
3.477281570434570312e+00
-2.034841775894165039e+00
3.436030864715576172e+00
2.394619464874267578e+00
3.259729862213134766e+00
5.237480998039245605e-01
3.599240541458129883e+00
-3.393091201782226562e+00
9.556803107261657715e-01
2.843413114547729492e+00
1.244524121284484863e+00
-1.133690476417541504e+00
4.014869213104248047e+00
1.246295213699340820e+00
-9.244130849838256836e-01
-3.203877687454223633e+00
2.149424552917480469e+00
2.162839919328689575e-01
8.977519273757934570e-01
-3.340570449829101562e+00
1.882136464118957520e+00
-1.413983404636383057e-01
6.212723255157470703e+00
2.772855520248413086e+00
2.719831764698028564e-01
2.091696739196777344e+00
-4.525151848793029785e-01
-1.714758574962615967e-01
6.289292573928833008e-01
2.420740127563476562e+00
-2.289791822433471680e+00
1.967473030090332031e+00
-1.766125202178955078e+00
5.388973712921142578e+00
1.232666254043579102e+00
3.678400218486785889e-01
1.159426450729370117e+00
2.203723430633544922e+00
-1.191024184226989746e+00
-1.693690061569213867e+00
1.322729468345642090e+00
-1.087738633155822754e+00
-2.055913209915161133e+00
5.090929985046386719e+00
2.400565147399902344e+00
1.596207916736602783e-02
1.489534974098205566e-01
-2.878058910369873047e+00
3.038750648498535156e+00
-3.869354724884033203e-01
-5.821225643157958984e-01
5.542699694633483887e-01
-1.382647275924682617e+00
-5.535109043121337891e-01
-9.858220219612121582e-01
-3.368329405784606934e-01
1.051129221916198730e+00
1.320349216461181641e+00
