7.175513267517089844e+00
1.544513893127441406e+01
1.240756416320800781e+01
1.633681297302246094e+01
2.012583351135253906e+01
1.894068717956542969e+01
1.061463165283203125e+01
1.765329551696777344e+01
1.165221309661865234e+01
1.594365692138671875e+01
8.506772041320800781e+00
5.880050659179687500e+00
9.958156585693359375e+00
1.856632232666015625e+01
1.078971290588378906e+01
1.549829292297363281e+01
1.423252344131469727e+00
1.179419457912445068e-01
-2.111203908920288086e+00
6.163399219512939453e+00
4.244016170501708984e+00
-6.602418422698974609e+00
-3.121822834014892578e+00
-2.616420984268188477e+00
9.657098770141601562e+00
3.927247047424316406e+00
1.892414130270481110e-02
9.373932838439941406e+00
1.005035972595214844e+01
1.188696384429931641e+01
5.118722438812255859e+00
-1.888313293457031250e-01
9.408068656921386719e+00
1.500075340270996094e+00
6.711029529571533203e+00
1.804110527038574219e+00
1.149718952178955078e+01
5.174252986907958984e+00
5.756217956542968750e+00
7.856116294860839844e+00
1.664481043815612793e+00
-6.492265224456787109e+00
3.947362005710601807e-01
1.017422103881835938e+01
-1.981670379638671875e+00
5.752111434936523438e+00
7.548455595970153809e-01
1.737903714179992676e+00
-3.528530597686767578e+00
1.109150695800781250e+01
4.022522926330566406e+00
-8.980057239532470703e-01
-5.586609840393066406e+00
-1.293441104888916016e+01
-6.555361270904541016e+00
-4.550194740295410156e+00
6.649102687835693359e+00
8.766631126403808594e+00
3.553866624832153320e+00
7.481778264045715332e-01
9.875232726335525513e-02
-2.725791454315185547e+00
6.557851791381835938e+00
4.612885475158691406e+00
-4.646467790007591248e-02
-3.645547151565551758e+00
-2.341526746749877930e+00
8.817561149597167969e+00
-4.661520719528198242e-01
-9.235208511352539062e+00
-6.049105644226074219e+00
8.240910530090332031e+00
-9.776446342468261719e+00
1.208711981773376465e+00
4.568395137786865234e+00
-9.371557235717773438e+00
-6.014624118804931641e+00
-1.148949623107910156e+01
3.060245752334594727e+00
-4.862341284751892090e-02
-6.829934120178222656e+00
-6.539223194122314453e+00
1.424589872360229492e+00
8.307194709777832031e-02
5.547757148742675781e-01
8.860243558883666992e-01
7.481880664825439453e+00
1.427755713462829590e+00
-1.540038734674453735e-01
-1.460975289344787598e+00
-3.207351446151733398e+00
5.245382785797119141e+00
3.320732593536376953e+00
-3.234985828399658203e+00
1.471158146858215332e+00
-8.214526176452636719e+00
-8.460136651992797852e-01
3.783411383628845215e-01
-8.129035949707031250e+00
-1.049132823944091797e+01
9.933619499206542969e+00
9.057229995727539062e+00
1.382894134521484375e+01
-6.726727962493896484e+00
-3.392229080200195312e+00
1.831678009033203125e+01
2.372726440429687500e+00
3.037703931331634521e-01
1.293923139572143555e+00
1.213214993476867676e+00
-7.982507228851318359e+00
-1.047286605834960938e+01
1.207547664642333984e+01
-1.616539239883422852e+00
1.783392786979675293e+00
1.303215861320495605e+00
7.685917377471923828e+00
-6.493455410003662109e+00
-3.081921100616455078e+00
8.996295928955078125e+00
-1.576909065246582031e+01
-2.145316600799560547e+00
5.858847141265869141e+00
2.889639735221862793e-01
1.131145358085632324e+00
-6.266447544097900391e+00
-5.589752197265625000e-01
-2.568898200988769531e+00
-1.666323542594909668e+00
1.923761367797851562e+00
5.561268925666809082e-01
-4.202448368072509766e+00
5.663195610046386719e+00
-2.137860059738159180e+00
6.137032508850097656e+00
1.663255333900451660e+00
6.769300699234008789e-01
8.018027305603027344e+00
2.828603088855743408e-01
-4.219666495919227600e-02
7.662669658660888672e+00
-1.460357785224914551e+00
4.418797016143798828e+00
7.372861385345458984e+00
9.070899963378906250e+00
7.507721185684204102e-01
2.860210895538330078e+00
-4.135671138763427734e+00
7.320466041564941406e-01
-5.984324455261230469e+00
1.112362861633300781e+00
2.187789678573608398e+00
1.011948585510253906e+00
3.596763908863067627e-01
2.016210794448852539e+00
-2.719182491302490234e+00
4.485872268676757812e+00
4.897196292877197266e+00
5.476871728897094727e-01
5.507031917572021484e+00
2.759445428848266602e+00
-2.466220140457153320e+00
7.273165225982666016e+00
3.230942785739898682e-01
3.319560766220092773e+00
3.838119506835937500e+00
3.621519207954406738e-01
8.477792143821716309e-01
-1.580094218254089355e+00
5.621403694152832031e+00
-3.954273164272308350e-01
-3.771988153457641602e+00
-1.102955460548400879e+00
-5.836211204528808594e+00
1.472296237945556641e+00
7.356266975402832031e+00
5.931221485137939453e+00
2.391478300094604492e+00
9.261974692344665527e-01
-5.859422206878662109e+00
-4.856556892395019531e+00
-6.446839332580566406e+00
2.105278968811035156e+00
-2.799942255020141602e+00
6.983118534088134766e+00
1.858533978462219238e+00
2.902353763580322266e+00
6.177036762237548828e-01
2.402448892593383789e+00
2.289161205291748047e+00
-2.588833093643188477e+00
7.843303203582763672e+00
1.872915148735046387e+00
-9.668195992708206177e-02
4.258297681808471680e-01
3.090266287326812744e-01
-1.328330159187316895e+00
-2.393012046813964844e+00
-2.446585416793823242e+00
1.071527123451232910e+00
-4.276947975158691406e+00
1.493115305900573730e+00
5.108085274696350098e-01
3.528447866439819336e+00
-1.695577740669250488e+00
-9.044182896614074707e-01
4.476189136505126953e+00
1.076676487922668457e+00
6.036559104919433594e+00
-2.905862033367156982e-01
-2.852675914764404297e+00
4.099061012268066406e+00
-4.244798183441162109e+00
1.284225583076477051e+00
4.394671440124511719e+00
6.213057041168212891e+00
-2.007196664810180664e+00
2.269290685653686523e+00
2.042955636978149414e+00
-2.077670812606811523e+00
7.656254619359970093e-02
2.180158615112304688e+00
-2.829565525054931641e+00
-5.560067892074584961e-01
2.206645488739013672e+00
-1.419456362724304199e+00
6.640307307243347168e-01
2.896369993686676025e-01
1.879225850105285645e+00
-3.609557151794433594e+00
8.421109199523925781e+00
2.947237730026245117e+00
2.324412584304809570e+00
2.554112672805786133e+00
3.708590507507324219e+00
4.770642280578613281e+00
4.159975051879882812e+00
5.672690391540527344e+00
-2.384175777435302734e+00
4.019187927246093750e+00
2.064131021499633789e+00
3.715088844299316406e+00
2.460471630096435547e+00
3.043442249298095703e+00
1.729914903640747070e+00
-7.222093939781188965e-01
-3.527465581893920898e+00
3.887326717376708984e+00
4.001686573028564453e+00
3.973241806030273438e+00
-3.639712572097778320e+00
-2.844356298446655273e+00
-6.537014842033386230e-01
3.523272275924682617e+00
5.480641841888427734e+00
6.448529958724975586e-01
5.988219738006591797e+00
-1.143749475479125977e+00
-1.732751280069351196e-01
5.509974360466003418e-01
1.130067586898803711e+00
-3.867692232131958008e+00
2.327184200286865234e+00
-5.018783807754516602e-01
2.950801372528076172e+00
7.871094942092895508e-01
-4.286847412586212158e-01
7.112187743186950684e-01
3.687621593475341797e+00
-5.850658893585205078e+00
6.668773889541625977e-01
1.577916741371154785e+00
1.273356080055236816e+00
-2.765094757080078125e+00
2.680329084396362305e+00
-5.514427423477172852e-01
-6.136941313743591309e-01
-1.116343617439270020e+00
-5.157546043395996094e+00
-1.901777237653732300e-01
-1.886601597070693970e-01
-2.794877588748931885e-01
8.631733059883117676e-01
6.338278651237487793e-01
7.277404069900512695e-01
-2.146593093872070312e+00
4.387788474559783936e-03
-3.155179262161254883e+00
2.690692901611328125e+00
-9.780445098876953125e-01
1.214122533798217773e+00
-6.041022539138793945e-01
1.907654643058776855e+00
4.296258926391601562e+00
-5.910934507846832275e-02
2.289115428924560547e+00
3.982388973236083984e+00
1.012073010206222534e-01
4.525290012359619141e+00
1.123697996139526367e+00
2.896365642547607422e+00
3.911870002746582031e+00
2.284254431724548340e-01
8.849365711212158203e-01
2.051882266998291016e+00
2.907507896423339844e+00
2.287335395812988281e+00
2.967356204986572266e+00
2.205136418342590332e-01
2.947402596473693848e-01
1.486090779304504395e+00
2.962491273880004883e+00
8.107459545135498047e-02
1.416814684867858887e+00
2.738472938537597656e+00
-1.411463022232055664e-01
1.027607560157775879e+00
-4.102545738220214844e+00
-6.449434757232666016e-01
-4.151959896087646484e+00
5.607694625854492188e+00
2.778159379959106445e+00
-1.361965537071228027e+00
-2.857439517974853516e-01
1.577924251556396484e+00
4.379877567291259766e+00
-1.090698957443237305e+00
6.168400287628173828e+00
-9.970391988754272461e-01
1.209317803382873535e+00
-2.992311477661132812e+00
2.463605165481567383e+00
1.243772387504577637e+00
-2.108313322067260742e+00
2.515606164932250977e+00
1.617873907089233398e+00
1.477019041776657104e-01
2.272948503494262695e+00
-1.650232315063476562e+00
1.525264382362365723e+00
-8.236506581306457520e-01
-2.108064889907836914e+00
3.589416027069091797e+00
2.007170677185058594e+00
6.621383666992187500e+00
9.358816146850585938e-01
1.415219187736511230e+00
1.738735556602478027e+00
1.255886554718017578e+00
4.288802444934844971e-01
1.232858300209045410e+00
2.828689336776733398e+00
5.861499309539794922e-01
1.885777592658996582e+00
-3.703151345252990723e-01
-1.384665012359619141e+00
1.092887282371520996e+00
-6.705831885337829590e-01
-1.541697263717651367e+00
1.849655032157897949e+00
1.586147308349609375e+00
-1.243548393249511719e+00
-1.375721216201782227e+00
2.388798475265502930e+00
3.057169675827026367e+00
1.344996094703674316e+00
5.862199306488037109e+00
3.466343879699707031e+00
-2.055282354354858398e+00
3.463250875473022461e+00
2.444969892501831055e+00
3.243510961532592773e+00
5.646924376487731934e-01
3.634082794189453125e+00
-3.307786941528320312e+00
6.926823258399963379e-01
2.787611007690429688e+00
1.391323924064636230e+00
-1.156554698944091797e+00
3.895460367202758789e+00
1.242915272712707520e+00
-9.470009803771972656e-01
-3.572116613388061523e+00
2.167852878570556641e+00
3.347840607166290283e-01
8.552917242050170898e-01
-2.983310699462890625e+00
1.950043439865112305e+00
-1.467045992612838745e-01
6.222004413604736328e+00
2.710260868072509766e+00
2.651429772377014160e-01
2.038565158843994141e+00
-1.881886422634124756e-01
-1.565448045730590820e-01
6.215077638626098633e-01
2.490703582763671875e+00
-2.257113456726074219e+00
2.103838205337524414e+00
-1.855500698089599609e+00
5.237869262695312500e+00
1.190888881683349609e+00
3.671572804450988770e-01
1.159045338630676270e+00
2.233624935150146484e+00
-1.183379530906677246e+00
-2.054167747497558594e+00
1.384467005729675293e+00
-1.071314215660095215e+00
-2.045704364776611328e+00
5.062124729156494141e+00
2.422962665557861328e+00
-6.192635372281074524e-02
1.761582493782043457e-01
-2.903795480728149414e+00
3.410970926284790039e+00
-3.643777966499328613e-01
-5.768766403198242188e-01
5.072562098503112793e-01
-1.357234239578247070e+00
-4.935048222541809082e-01
-9.711230993270874023e-01
-3.918012380599975586e-01
1.055193185806274414e+00
1.306819558143615723e+00
