1.630053877830505371e+00
-2.671546638011932373e-01
6.602159738540649414e-01
5.131449177861213684e-02
1.740040659904479980e+00
4.466526508331298828e+00
9.085497856140136719e-01
2.522193193435668945e+00
3.190040349960327148e+00
2.040244102478027344e+00
1.944768667221069336e+00
1.362213492393493652e+00
2.621901512145996094e+00
-3.645090162754058838e-01
-7.698849439620971680e-01
-4.645467698574066162e-01
6.381382942199707031e-01
-6.175311803817749023e-01
8.393946290016174316e-01
-2.177070975303649902e-01
1.747828125953674316e-01
2.293252646923065186e-01
1.317908465862274170e-01
2.617835402488708496e-01
3.996529281139373779e-01
7.425454258918762207e-02
1.032034680247306824e-01
-2.764821648597717285e-01
-7.949138879776000977e-01
-1.411387205123901367e+00
-5.073612332344055176e-01
-1.137741208076477051e+00
1.845837831497192383e-01
-4.685249924659729004e-01
-4.565029218792915344e-02
-1.552331596612930298e-01
1.381514221429824829e-01
-2.268655411899089813e-02
1.333924941718578339e-03
-1.284357309341430664e-01
-8.872417360544204712e-02
-3.251638710498809814e-01
-8.198510855436325073e-02
-4.821291863918304443e-01
4.602239429950714111e-01
-9.067522734403610229e-02
5.600711822509765625e+00
7.573659896850585938e+00
8.353736877441406250e+00
1.029204654693603516e+01
1.323465538024902344e+01
1.374435615539550781e+01
1.476425647735595703e+01
1.553890323638916016e+01
1.723374748229980469e+01
1.845859336853027344e+01
1.979702186584472656e+01
1.932413482666015625e+01
2.547249984741210938e+01
2.787408447265625000e+01
2.901965141296386719e+01
-1.084315395355224609e+01
2.262221127748489380e-01
6.246088743209838867e-01
-2.519734203815460205e-01
-1.461640238761901855e+00
-8.024510741233825684e-01
3.338853597640991211e+00
-1.098734021186828613e+00
9.350455999374389648e-01
-7.420171737670898438e+00
-5.350582599639892578e+00
1.000144195556640625e+01
-1.372403144836425781e+00
4.806910514831542969e+00
1.372267603874206543e+00
-2.136998653411865234e+00
-1.235962867736816406e+00
-1.198534443974494934e-01
-5.679171681404113770e-01
-2.650879383087158203e+00
-4.778307676315307617e-01
7.111766338348388672e-01
-1.136035561561584473e+00
2.206512928009033203e+00
-1.785279959440231323e-01
-1.123543858528137207e+00
3.347349882125854492e+00
2.355928182601928711e+00
1.748984456062316895e+00
2.229956865310668945e+00
3.537353575229644775e-01
7.862718701362609863e-01
-5.049060821533203125e+00
5.063034296035766602e-01
-1.507061123847961426e+00
1.979041934013366699e+00
-1.711864709854125977e+00
1.435774207115173340e+00
5.971097350120544434e-01
-3.027031183242797852e+00
3.810748159885406494e-01
1.054899573326110840e+00
5.844020843505859375e-01
-3.721061861142516136e-03
1.262383460998535156e+00
-5.404216647148132324e-01
-6.965773701667785645e-01
8.289249539375305176e-01
-2.153877019882202148e+00
2.915744066238403320e+00
-1.227524131536483765e-01
1.942614316940307617e+00
3.801558315753936768e-01
3.642922639846801758e+00
-3.331815600395202637e-01
-9.303297996520996094e-01
1.809885650873184204e-01
1.035615727305412292e-01
-1.509806752204895020e+00
9.370220303535461426e-01
-2.926917076110839844e+00
8.495599031448364258e-01
-7.997310757637023926e-01
3.770040988922119141e+00
2.759182453155517578e-01
-1.368766784667968750e+00
2.482540607452392578e+00
-1.417117357254028320e+00
5.144876003265380859e+00
-5.014780044555664062e+00
8.860092163085937500e+00
-3.918583869934082031e+00
6.299235820770263672e+00
-9.250575065612792969e+00
1.183527112007141113e+00
-1.087679028511047363e+00
1.085626482963562012e-01
-5.374755859375000000e-01
7.601119875907897949e-01
8.608236908912658691e-01
-7.913088202476501465e-01
1.023309588432312012e+00
-3.334820568561553955e-01
1.898630976676940918e+00
-3.164770901203155518e-01
5.177414417266845703e-01
-1.536821007728576660e+00
3.408126533031463623e-01
5.102764368057250977e-01
-1.490753531455993652e+00
-3.727129459381103516e+00
-3.766003251075744629e-02
-2.404650211334228516e+00
4.152362346649169922e+00
-2.398909807205200195e+00
-8.970785737037658691e-01
6.872265934944152832e-01
3.854834556579589844e+00
6.546700000762939453e-01
-5.727574348449707031e+00
-2.724187970161437988e-01
3.059611320495605469e+00
6.288905143737792969e-01
-1.598695993423461914e+00
-2.461509466171264648e+00
4.960402250289916992e-01
1.849851369857788086e+00
1.880971550941467285e+00
1.063495635986328125e+00
6.017626285552978516e+00
-3.660023927688598633e+00
-1.515956759452819824e+00
1.661747545003890991e-01
-2.169639915227890015e-01
-4.435559272766113281e+00
2.293199539184570312e+00
2.074338674545288086e+00
3.982456445693969727e+00
1.866797059774398804e-01
4.634545326232910156e+00
3.219398975372314453e+00
-7.563003152608871460e-02
-3.439027667045593262e-01
1.880137771368026733e-01
1.084409952163696289e+00
6.102677062153816223e-02
-2.178438901901245117e+00
1.013628482818603516e+00
-1.913567483425140381e-01
3.394031047821044922e+00
-2.096041679382324219e+00
-2.116293430328369141e+00
5.212379693984985352e-01
-1.741371273994445801e+00
1.168578386306762695e+00
1.873852849006652832e+00
1.273982822895050049e-01
-2.665004432201385498e-01
-8.124294877052307129e-02
2.688709259033203125e+00
9.469949007034301758e-01
-7.916237711906433105e-01
-4.811492562294006348e-01
1.776690222322940826e-02
2.108257770538330078e+00
-7.242833375930786133e-01
6.708078384399414062e-01
-1.914758682250976562e+00
-1.116027832031250000e+00
2.306330054998397827e-01
-1.944968849420547485e-01
-1.258682757616043091e-01
-4.037794172763824463e-01
-2.283747494220733643e-01
3.127589225769042969e-01
-4.026789963245391846e-01
5.840089917182922363e-01
-6.566076278686523438e-01
-6.497221440076828003e-02
2.176334410905838013e-01
-2.779439091682434082e-01
1.247091963887214661e-01
-5.915514007210731506e-02
-3.472070023417472839e-02
-1.013438224792480469e+00
1.293116807937622070e-01
-8.726403117179870605e-02
5.604767203330993652e-01
1.081837341189384460e-01
4.677393436431884766e-01
7.350496202707290649e-02
2.151773124933242798e-01
-3.530040681362152100e-01
-2.053221702575683594e+00
2.247424423694610596e-01
8.696825504302978516e-01
-2.873975634574890137e-01
2.325744777917861938e-01
-1.572068780660629272e-01
3.527561128139495850e-01
2.434361726045608521e-01
-2.333095818758010864e-01
-5.558563470840454102e-01
-1.629764199256896973e+00
1.485197424888610840e+00
-2.878619670867919922e+00
5.866450071334838867e-01
-6.783316731452941895e-01
-2.668589055538177490e-01
7.972901463508605957e-01
-1.431585073471069336e+00
1.147557020187377930e+00
1.210886120796203613e+00
2.922598838806152344e+00
-5.547854900360107422e+00
8.966205716133117676e-01
-8.131821453571319580e-02
6.475536227226257324e-01
-9.798119962215423584e-02
2.953521609306335449e-01
2.555072307586669922e-01
7.416227459907531738e-01
8.324292302131652832e-01
1.361521720886230469e+00
5.296197533607482910e-01
3.671421110630035400e-02
4.181715250015258789e-01
-3.973705470561981201e-01
-3.867005184292793274e-02
6.248313933610916138e-02
-1.072008311748504639e-01
-2.577851116657257080e-01
5.801316499710083008e-01
-6.689403653144836426e-01
1.003942370414733887e+00
2.186985462903976440e-01
5.957505702972412109e-01
5.072708129882812500e-01
1.437410950660705566e+00
1.183258891105651855e+00
-1.368347108364105225e-01
-1.809859275817871094e-01
-1.259858727455139160e+00
-1.248992830514907837e-01
-1.043473005294799805e+00
1.338554620742797852e+00
-3.869913220405578613e-01
1.098168849945068359e+00
-6.384423375129699707e-01
-1.351341009140014648e+00
6.895512342453002930e-01
6.297015398740768433e-02
-1.176197409629821777e+00
4.292567968368530273e-01
2.339222669601440430e+00
-1.691401749849319458e-02
4.399941861629486084e-01
-6.048160791397094727e-01
-1.328741073608398438e+00
-1.272826492786407471e-01
2.381616830825805664e+00
-6.120606884360313416e-02
3.776419758796691895e-01
-2.289270609617233276e-01
5.082563161849975586e-01
4.136696457862854004e-01
-1.749601244926452637e+00
7.381828427314758301e-01
-1.870644807815551758e+00
1.576918244361877441e+00
4.765194058418273926e-01
-8.076069951057434082e-01
-9.345897287130355835e-02
2.395735979080200195e-01
8.354865908622741699e-01
1.808484643697738647e-02
-1.464038491249084473e+00
-1.799532920122146606e-01
-3.925765454769134521e-01
-7.502113580703735352e-01
9.894627332687377930e-01
-4.320334196090698242e-01
7.074141502380371094e-01
1.328809022903442383e+00
-6.924485564231872559e-01
-1.146238327026367188e+00
-5.741267204284667969e-01
1.466502249240875244e-01
9.915838837623596191e-01
-6.606277227401733398e-01
-4.557824507355690002e-02
-1.506506353616714478e-01
1.181856989860534668e+00
3.034683167934417725e-01
4.669707715511322021e-01
-7.296071052551269531e-01
-8.372445404529571533e-02
-1.223295927047729492e-01
6.971358060836791992e-01
7.661222815513610840e-01
1.107588410377502441e+00
-8.922711014747619629e-01
-3.287538886070251465e-01
6.212534755468368530e-02
-2.850500047206878662e-01
5.446099638938903809e-01
-3.818062543869018555e-01
2.984465360641479492e-01
-1.902702003717422485e-01
-1.892998963594436646e-01
-3.196739777922630310e-02
4.653891921043395996e-01
9.050062894821166992e-01
-1.661368489265441895e+00
2.258573472499847412e-01
3.962060809135437012e-01
-5.416268110275268555e-01
1.948259770870208740e-01
2.522768080234527588e-01
5.477421358227729797e-02
6.523920297622680664e-01
-1.619113087654113770e-01
-1.350637674331665039e-01
-1.757906526327133179e-01
3.772785663604736328e-01
-1.132066488265991211e+00
3.841343149542808533e-02
2.713051624596118927e-02
-1.301568984985351562e+00
3.589617013931274414e-01
-6.390259265899658203e-01
6.529265642166137695e-01
-7.230234146118164062e-01
2.204584121704101562e+00
-3.295775890350341797e+00
4.432810842990875244e-01
-2.889307141304016113e-01
1.299722343683242798e-01
-2.042949944734573364e-01
-3.929773271083831787e-01
1.560170650482177734e-01
1.020408794283866882e-01
-1.575435280799865723e+00
5.118668675422668457e-01
2.098173350095748901e-01
-4.812403917312622070e-01
1.359429359436035156e-01
-1.308010071516036987e-01
3.067296445369720459e-01
9.483657479286193848e-01
1.578423023223876953e+00
-1.226216912269592285e+00
1.229887008666992188e+00
-1.561577081680297852e+00
9.801157116889953613e-01
1.933570206165313721e-02
-1.828140854835510254e+00
-2.811171054840087891e+00
9.511496126651763916e-02
2.177283525466918945e+00
-7.521859407424926758e-01
-8.050564527511596680e-01
1.035961866378784180e+00
6.144198775291442871e-01
-3.987164795398712158e-01
-3.197222352027893066e-01
-2.450962811708450317e-01
-1.431940078735351562e+00
-1.241365790367126465e+00
9.590705037117004395e-01
1.013179063796997070e+00
1.368586659431457520e+00
1.665140271186828613e+00
-1.079001426696777344e-01
-1.493035078048706055e+00
-1.004839539527893066e+00
9.021755307912826538e-02
-6.642916798591613770e-02
1.128004863858222961e-01
-1.981174468994140625e+00
-1.611905172467231750e-03
6.962964776903390884e-03
4.123098682612180710e-03
-3.088971832767128944e-03
4.495916888117790222e-03
-1.999663887545466423e-03
-2.920627826824784279e-03
6.330756936222314835e-03
-6.188319995999336243e-03
-4.540511406958103180e-03
1.762768020853400230e-03
6.981754209846258163e-03
-2.369171706959605217e-03
-1.100277295336127281e-03
7.450403645634651184e-03
-7.088830461725592613e-04
1.903647324070334435e-03
3.939877729862928391e-03
-9.791275486350059509e-03
-4.130993969738483429e-03
4.879244603216648102e-03
-7.934681139886379242e-03
-4.558491054922342300e-03
-2.461874159052968025e-03
-9.830096736550331116e-03
1.881581149064004421e-03
6.137666292488574982e-03
6.338655482977628708e-03
7.170311291702091694e-04
-8.653422817587852478e-03
9.807171300053596497e-03
-2.127533953171223402e-04
-1.379387220367789268e-03
4.593438934534788132e-03
-1.960462395800277591e-04
1.596483751200139523e-03
-6.738959811627864838e-03
-6.456595379859209061e-03
-6.475710775703191757e-03
-8.081454783678054810e-03
1.190760289318859577e-03
8.875440806150436401e-03
-3.813455405179411173e-04
2.504831179976463318e-03
-6.373231881298124790e-04
-4.403004888445138931e-03
8.192843757569789886e-03
-5.287895910441875458e-03
4.603820852935314178e-03
-4.470977932214736938e-03
-5.034975707530975342e-03
7.540261838585138321e-03
4.623370245099067688e-03
-2.536199521273374557e-03
-9.851288981735706329e-03
6.204755511134862900e-03
2.613043179735541344e-03
-5.059350281953811646e-03
-3.089296864345669746e-03
-1.514382893219590187e-03
-1.465006498619914055e-04
-1.264699967578053474e-03
2.164043253287672997e-03
8.445904590189456940e-03
6.710429675877094269e-03
-1.940184854902327061e-03
5.777950398623943329e-03
-8.843204937875270844e-03
6.947065703570842743e-03
3.060068469494581223e-03
6.224848795682191849e-03
1.038903370499610901e-03
-1.256756149814464152e-05
5.031335749663412571e-04
-8.724124170839786530e-03
-1.708106428850442171e-04
-6.746168714016675949e-03
8.241678006015717983e-04
2.698770025745034218e-03
-1.479966100305318832e-03
-1.843336503952741623e-04
7.810097187757492065e-03
-8.617570623755455017e-03
-3.830255242064595222e-03
5.858375225216150284e-03
5.708050914108753204e-03
-3.670602338388562202e-03
-4.527985118329524994e-03
-8.065775968134403229e-03
-6.198531948029994965e-03
8.508297614753246307e-03
-2.524081151932477951e-03
7.705597206950187683e-03
-2.064606407657265663e-03
-1.948232646100223064e-03
8.629180490970611572e-03
8.721147663891315460e-03
-7.455750834196805954e-03
-1.962355338037014008e-03
-9.523511864244937897e-03
4.699646029621362686e-03
-1.394602586515247822e-03
-7.915333844721317291e-03
4.965596832334995270e-03
1.793964882381260395e-03
-5.268600303679704666e-03
-3.291049972176551819e-03
-3.973392304033041000e-03
3.664593677967786789e-03
3.128589363768696785e-03
1.546909799799323082e-03
8.291112608276307583e-04
8.147425949573516846e-03
-4.637322388589382172e-03
-7.561721839010715485e-03
5.626081023365259171e-03
4.429716151207685471e-03
6.417009513825178146e-03
5.215542390942573547e-03
8.532326319254934788e-05
1.301637649536132812e+00
8.877185583114624023e-01
-1.530454158782958984e+00
5.559741258621215820e-01
