1.737743020057678223e+00
4.702509403228759766e+00
3.673929214477539062e+00
1.574273586273193359e+00
2.084600210189819336e+00
3.335530757904052734e+00
1.902772545814514160e+00
1.919253468513488770e+00
1.142444133758544922e+00
1.510596722364425659e-01
-1.640925884246826172e+00
5.402445197105407715e-01
-1.335903644561767578e+00
1.910235285758972168e-01
-2.221920490264892578e+00
-4.005804061889648438e-01
-7.063111066818237305e-01
3.700868785381317139e-01
-3.199404478073120117e-01
6.991038322448730469e-01
2.106225490570068359e-01
1.971519589424133301e+00
1.328161334991455078e+01
1.515295410156250000e+01
1.040966892242431641e+01
1.627826690673828125e+01
1.919169425964355469e+01
1.774275779724121094e+01
2.595936965942382812e+01
-7.493046522140502930e-01
3.055111467838287354e-01
-4.218385517597198486e-01
-3.908162470906972885e-03
2.841964177787303925e-02
3.568198382854461670e-01
-5.720954537391662598e-01
-7.984728813171386719e-01
-5.517455935478210449e-01
-4.684613049030303955e-01
4.855000376701354980e-01
9.184705615043640137e-01
2.667039334774017334e-01
6.740328073501586914e-01
-1.472273588180541992e+00
-8.537347912788391113e-01
-1.014965176582336426e+00
2.949829101562500000e+00
-9.895209074020385742e-01
-1.382342306897044182e-03
-7.234715223312377930e-01
-1.483187079429626465e+00
1.485888063907623291e-01
-1.905972361564636230e-01
-1.593430161476135254e+00
3.455955162644386292e-02
-2.406302541494369507e-01
2.282113552093505859e+00
3.077789247035980225e-01
1.237861812114715576e-01
-3.234531581401824951e-01
-5.876569747924804688e-01
-1.358203440904617310e-01
1.346406936645507812e-01
5.073304176330566406e-01
2.764816880226135254e-01
4.802159965038299561e-01
-3.021706044673919678e-01
5.007787346839904785e-01
-1.916471123695373535e-01
5.020642280578613281e-01
-1.137417331337928772e-01
-1.553904652595520020e+00
6.484040617942810059e-01
1.538981795310974121e+00
-5.635133981704711914e-01
1.130541682243347168e+00
8.465328216552734375e-01
-1.708302259445190430e+00
-4.082731008529663086e-01
-1.513198912143707275e-01
-1.293928503990173340e+00
5.364192724227905273e-01
2.390220612287521362e-01
1.361901402473449707e+00
2.025890827178955078e+00
3.923136889934539795e-01
4.455437301658093929e-04
6.426552534103393555e-01
5.285782814025878906e-01
-1.339614838361740112e-01
-5.705418586730957031e-01
-3.752955496311187744e-01
4.971933066844940186e-01
-6.308500170707702637e-01
4.475648999214172363e-01
-3.460242748260498047e-01
7.980693131685256958e-02
-8.519427776336669922e-01
-3.099434264004230499e-02
1.988494396209716797e+00
-6.236751079559326172e-01
-9.601381421089172363e-01
1.840753406286239624e-01
-4.041651189327239990e-01
-8.112884759902954102e-01
1.904876589775085449e+00
-8.481426164507865906e-03
4.913942217826843262e-01
1.454337716102600098e+00
-1.611941456794738770e-01
-1.447884142398834229e-01
-8.155499100685119629e-01
-2.194774627685546875e+00
9.108087979257106781e-03
1.215053955093026161e-03
2.520715352147817612e-03
-5.868377629667520523e-03
-1.682915026322007179e-03
-8.938483661040663719e-04
-6.603495683521032333e-03
5.716430954635143280e-03
-8.493030443787574768e-03
-8.539725095033645630e-03
-4.531644284725189209e-03
3.931843210011720657e-03
-2.592841396108269691e-03
-1.837112591601908207e-03
1.407544245012104511e-03
-9.591446258127689362e-03
-7.368045859038829803e-03
-3.872409695759415627e-03
8.189072250388562679e-04
-9.586197324097156525e-03
-4.040054045617580414e-03
3.606881480664014816e-03
-3.877727081999182701e-03
-1.895952504128217697e-03
-4.861287772655487061e-03
9.159601293504238129e-03
-1.376870495732873678e-04
4.358726553618907928e-03
4.514765143394470215e-01
1.114926338195800781e+00
-2.009421348571777344e+00
7.956435084342956543e-01
