1.587336659431457520e+00
1.257393509149551392e-01
1.781211942434310913e-01
4.496069848537445068e-01
1.792609930038452148e+00
4.171356201171875000e+00
-2.341578155755996704e-01
1.930411338806152344e+00
2.692258119583129883e+00
3.021773815155029297e+00
2.185448169708251953e+00
2.227412462234497070e+00
7.287375926971435547e-01
2.423450469970703125e+00
2.413901686668395996e-02
1.220374703407287598e+00
3.560418784618377686e-01
-5.752204656600952148e-01
-8.151988983154296875e-01
1.145291805267333984e+00
-1.896632462739944458e-01
5.604204535484313965e-01
5.746113061904907227e-01
-4.405949711799621582e-01
2.577522397041320801e-01
-8.229353278875350952e-02
2.633701264858245850e-01
6.952555775642395020e-01
-4.169822335243225098e-01
-9.290343523025512695e-01
1.783240884542465210e-01
1.076425671577453613e+00
1.740053296089172363e-01
3.884207606315612793e-01
4.824632406234741211e-01
-4.216957390308380127e-01
-1.488113403320312500e-01
-1.534501910209655762e-01
1.873115748167037964e-01
5.524542555212974548e-02
-1.556272655725479126e-01
-3.460116311907768250e-02
1.731208860874176025e-01
-2.622291445732116699e-01
1.120931431651115417e-01
1.313777267932891846e-01
-1.205518394708633423e-01
-8.410442471504211426e-01
-7.615079879760742188e-01
6.048758506774902344e+00
8.478968620300292969e+00
8.708269119262695312e+00
1.029458236694335938e+01
1.317666339874267578e+01
1.169612693786621094e+01
1.387862586975097656e+01
1.584934902191162109e+01
1.497233200073242188e+01
1.758924293518066406e+01
1.887934303283691406e+01
2.285273933410644531e+01
1.956845092773437500e+01
2.433610534667968750e+01
3.096421623229980469e+01
2.494932174682617188e+01
-3.814570665359497070e+00
2.508856773376464844e+00
1.013881683349609375e+00
8.158856034278869629e-01
2.895710468292236328e-01
1.479173660278320312e+00
3.281599283218383789e-01
5.729648470878601074e-01
9.499285221099853516e-01
-3.725570440292358398e+00
6.573454380035400391e+00
-2.502784490585327148e+00
-2.730330705642700195e+00
-1.517767190933227539e+00
2.881665229797363281e+00
-1.848810553550720215e+00
-3.183744668960571289e+00
-2.081709861755371094e+00
5.521312355995178223e-01
4.107719361782073975e-01
-4.290751934051513672e+00
-1.742393374443054199e+00
2.535524368286132812e+00
-1.966830253601074219e+00
-1.310350894927978516e+00
3.328123807907104492e+00
1.977046728134155273e+00
-2.873810052871704102e+00
-1.050459671020507812e+01
6.396664381027221680e-01
1.374960184097290039e+00
2.116362094879150391e+00
4.775471687316894531e-01
3.805732429027557373e-01
-2.007184028625488281e+00
-1.256054878234863281e+00
-2.956983089447021484e+00
1.260546088218688965e+00
2.322832107543945312e+00
-5.048978805541992188e+00
-8.504314422607421875e-01
2.641931295394897461e+00
-1.780145049095153809e+00
1.168585658073425293e+00
-1.458688616752624512e+00
1.896324276924133301e+00
-1.085286974906921387e+00
5.863033533096313477e-01
4.748724460601806641e+00
4.279893875122070312e+00
-4.389760971069335938e+00
-2.693829536437988281e+00
2.625396013259887695e+00
1.989304065704345703e+00
-1.115233302116394043e+00
1.471415996551513672e+00
-1.960959434509277344e+00
-2.435073852539062500e+00
2.512794733047485352e-01
-6.413528323173522949e-01
-2.416256189346313477e+00
-5.008220076560974121e-01
1.116259694099426270e+00
5.121265649795532227e-01
-7.968855500221252441e-01
-1.505429983139038086e+00
-4.407773911952972412e-01
1.688780784606933594e-01
2.946732044219970703e+00
1.356690764427185059e+00
3.398636579513549805e-01
6.095079421997070312e+00
7.695318698883056641e+00
-8.866252899169921875e+00
-4.372858524322509766e+00
8.818662643432617188e+00
6.218362808227539062e+00
-8.781976699829101562e+00
2.157003283500671387e-01
-1.765776991844177246e+00
2.023662567138671875e+00
3.190861225128173828e+00
-7.999773621559143066e-01
-2.453335188329219818e-02
5.962077975273132324e-01
-1.047808647155761719e+00
-6.051475405693054199e-01
2.720919847488403320e+00
-2.277994394302368164e+00
-3.410763740539550781e+00
-6.601926326751708984e+00
-9.081610441207885742e-01
8.574578166007995605e-01
7.219192981719970703e-01
-4.923716783523559570e-01
1.792131215333938599e-01
4.469679668545722961e-02
-8.768981695175170898e-01
-1.251876235008239746e+00
5.884063839912414551e-01
-1.959646224975585938e+00
-6.575587987899780273e-01
8.223365247249603271e-02
1.927713871002197266e+00
-1.597879767417907715e+00
9.683713316917419434e-01
-1.892104148864746094e+00
3.751348972320556641e+00
-5.522866249084472656e-01
2.394493341445922852e+00
-1.971644520759582520e+00
-1.541048049926757812e+00
6.307710707187652588e-02
3.521967411041259766e+00
-1.097584724426269531e+00
-3.969163417816162109e+00
3.119997739791870117e+00
3.185666322708129883e+00
-1.154081821441650391e+00
6.232360601425170898e-01
-2.478601455688476562e+00
-2.914640426635742188e+00
5.601812005043029785e-01
2.177923679351806641e+00
-1.599975943565368652e+00
-4.209664821624755859e+00
-2.791652917861938477e+00
1.385118365287780762e+00
-3.292099714279174805e+00
1.330186873674392700e-01
-2.213814258575439453e-01
1.250639915466308594e+00
-2.281909227371215820e+00
6.825841903686523438e+00
-8.301013112068176270e-01
5.919256687164306641e+00
2.589587450027465820e+00
-7.371721863746643066e-01
2.114243991672992706e-02
-2.016368210315704346e-01
-1.745929569005966187e-01
-1.014781355857849121e+00
-1.282965660095214844e+00
-7.365573048591613770e-01
1.424057602882385254e+00
1.539137721061706543e+00
-4.851748943328857422e+00
-1.172203645110130310e-01
3.363084316253662109e+00
2.799499988555908203e+00
-1.409900426864624023e+00
-2.500075578689575195e+00
-6.200649142265319824e-01
2.218899488449096680e+00
-2.201360702514648438e+00
5.537998676300048828e-01
9.825767874717712402e-01
-1.330603122711181641e+00
-3.557271003723144531e+00
2.649602174758911133e+00
2.528740167617797852e+00
-3.957136869430541992e+00
-2.225757360458374023e+00
3.945362806320190430e+00
3.861140727996826172e+00
4.863003730773925781e+00
-3.400683403015136719e+00
7.636933326721191406e-01
-3.829184472560882568e-01
1.242628693580627441e-01
4.563544094562530518e-01
-3.012927249073982239e-02
-4.548433125019073486e-01
5.576204136013984680e-02
-3.712319135665893555e-01
5.639523863792419434e-01
-1.042939186096191406e+00
-1.228787451982498169e-01
3.993863344192504883e+00
4.628284275531768799e-01
-7.330689430236816406e-01
1.786848753690719604e-01
-5.536460876464843750e-02
-1.011160254478454590e+00
-9.062639474868774414e-01
-3.531051278114318848e-01
8.395587205886840820e-01
3.187181353569030762e-01
-8.830350637435913086e-02
6.423739194869995117e-01
-6.317200660705566406e-01
-6.249818801879882812e+00
-2.683768980205059052e-02
1.417600870132446289e+00
4.219861924648284912e-01
2.352303117513656616e-01
3.124825656414031982e-01
-2.916854619979858398e-02
-5.337199196219444275e-02
-1.409141719341278076e-01
2.736615538597106934e-01
-5.260473489761352539e-01
5.563755631446838379e-01
1.239982485771179199e+00
-1.118205070495605469e+00
-1.431770473718643188e-01
-1.414597034454345703e+00
-1.503015875816345215e+00
-1.845383048057556152e+00
2.310374975204467773e+00
1.212577968835830688e-01
7.186773419380187988e-02
-4.307460784912109375e+00
2.122827470302581787e-01
-1.148888015747070312e+01
6.428719758987426758e-01
-3.778930008411407471e-01
-5.645794272422790527e-01
1.295173913240432739e-01
3.844418004155158997e-02
-1.974968612194061279e-02
9.900585561990737915e-02
-2.181555628776550293e-01
-7.150346040725708008e-01
1.710298180580139160e+00
1.445092678070068359e+00
1.799661040306091309e+00
6.049668788909912109e-01
-1.947185695171356201e-01
-4.923523366451263428e-01
6.419996023178100586e-01
1.044417023658752441e-01
-1.826593875885009766e-01
1.401861757040023804e-01
2.051869966089725494e-02
1.627274513244628906e+00
6.142734289169311523e-01
2.480880320072174072e-01
-2.341038435697555542e-01
1.460946649312973022e-01
6.932907700538635254e-01
-9.414194226264953613e-01
1.808984279632568359e-01
-1.202124595642089844e+00
5.496633648872375488e-01
-4.762174785137176514e-01
9.909551739692687988e-01
4.381934106349945068e-01
-5.888759493827819824e-01
-8.768186569213867188e-01
-1.577290177345275879e+00
1.426645517349243164e+00
-1.915719747543334961e+00
-1.025730490684509277e+00
-9.195814132690429688e-01
7.483771443367004395e-01
2.199501991271972656e+00
1.380813121795654297e+00
3.555515706539154053e-01
-1.778316140174865723e+00
-4.255095422267913818e-01
-8.933825492858886719e-01
1.215795159339904785e+00
-7.159806489944458008e-01
1.963326483964920044e-01
-7.394660115242004395e-01
-5.563309192657470703e-01
-3.152014017105102539e+00
2.652523756027221680e+00
-1.159531593322753906e+00
1.653490215539932251e-01
1.003031134605407715e+00
3.330991983413696289e+00
-2.881777659058570862e-02
-5.010777115821838379e-01
-2.189237028360366821e-01
1.222007423639297485e-01
-1.655188441276550293e+00
4.723161756992340088e-01
-1.106079936027526855e+00
-5.379803106188774109e-02
2.414028167724609375e+00
-2.818775892257690430e+00
3.582351922988891602e+00
1.105455160140991211e+00
-5.470336675643920898e-01
2.008442163467407227e+00
2.772361993789672852e+00
3.936340808868408203e+00
2.710736691951751709e-01
-8.414133638143539429e-02
-6.070103645324707031e-01
-1.103901982307434082e+00
-5.323780179023742676e-01
-1.989505767822265625e+00
2.430880546569824219e+00
3.797734975814819336e-01
-1.191758751869201660e+00
-1.447780489921569824e+00
1.108249545097351074e+00
5.995627641677856445e-01
-3.429731369018554688e+00
-2.874298989772796631e-01
-3.091722726821899414e-01
-8.867033123970031738e-01
3.363644480705261230e-01
1.353655308485031128e-01
-1.433261632919311523e-01
9.484103322029113770e-01
-4.976237937808036804e-02
-1.050234213471412659e-01
-2.289314717054367065e-01
-1.250229597091674805e+00
4.194244146347045898e-01
3.454925060272216797e+00
-2.755363881587982178e-01
6.585604548454284668e-01
2.836069464683532715e-01
8.343297988176345825e-02
4.133014380931854248e-01
-6.905747652053833008e-01
-1.168782860040664673e-01
-7.520305365324020386e-02
2.952004969120025635e-01
4.098550677299499512e-01
1.067491769790649414e+00
-5.391985774040222168e-01
-2.843991518020629883e+00
-3.228053748607635498e-01
7.278867363929748535e-01
-3.644816204905509949e-02
-2.390883862972259521e-01
6.752189397811889648e-01
1.725651770830154419e-01
-3.843152523040771484e-01
3.787741810083389282e-02
-2.137612104415893555e-01
4.610476791858673096e-01
1.707407981157302856e-01
-4.584058821201324463e-01
4.049084782600402832e-01
-7.767389714717864990e-02
-1.528046488761901855e+00
-1.167609930038452148e+00
-1.385533511638641357e-01
5.199775099754333496e-01
6.512798666954040527e-01
2.283480763435363770e-01
2.814588785171508789e+00
-1.196926180273294449e-02
-4.040297031402587891e+00
-4.479693174362182617e-01
-1.851873844861984253e-01
-8.182228803634643555e-01
2.155782431364059448e-01
-4.909504204988479614e-02
-4.769938811659812927e-02
5.555413961410522461e-01
7.977563738822937012e-01
-4.204093515872955322e-01
-2.436567395925521851e-01
-5.648158788681030273e-01
1.669014573097229004e+00
5.281570553779602051e-01
-4.615507721900939941e-01
-2.464734762907028198e-01
9.745897352695465088e-02
7.341372966766357422e-02
-4.185398668050765991e-02
-4.826472997665405273e-01
8.906140327453613281e-01
-8.736675977706909180e-01
7.338424324989318848e-01
3.021171092987060547e-01
-4.215561226010322571e-02
-1.112112760543823242e+00
2.847359180450439453e-01
2.974209487438201904e-01
5.781058073043823242e-01
-6.130067110061645508e-01
2.685136198997497559e-01
-8.939926624298095703e-01
7.229640483856201172e-01
7.381384372711181641e-01
8.459870815277099609e-01
-1.027464747428894043e+00
9.644481539726257324e-01
1.686558246612548828e+00
-8.026274442672729492e-01
-1.113434314727783203e+00
4.343764856457710266e-02
-3.967654109001159668e-01
-5.638513565063476562e-01
3.556967973709106445e+00
1.274444311857223511e-01
-1.837621212005615234e+00
6.197497248649597168e-01
2.839185476303100586e+00
1.153091192245483398e+00
9.207900762557983398e-01
9.625346660614013672e-01
2.167476117610931396e-01
1.184969782829284668e+00
2.633028507232666016e+00
7.184984087944030762e-01
-3.073014974594116211e+00
1.139948010444641113e+00
-1.066283345222473145e+00
6.797718378948047757e-05
-6.756285671144723892e-03
8.248298428952693939e-03
6.886168848723173141e-04
9.682928794063627720e-05
8.044373244047164917e-04
6.143484264612197876e-03
-4.404562525451183319e-03
-7.283246610313653946e-03
-6.700180470943450928e-03
-3.780610859394073486e-03
-9.557993151247501373e-03
5.700261332094669342e-03
-9.167409501969814301e-03
-7.748689386062324047e-04
7.559172343462705612e-03
4.049791023135185242e-03
3.741873428225517273e-03
3.078710869885981083e-04
-1.433691475540399551e-03
9.598543401807546616e-04
-1.931462553329765797e-03
7.857461459934711456e-03
5.983956158161163330e-03
-8.664124645292758942e-03
8.713999763131141663e-03
-2.481558360159397125e-03
4.142924677580595016e-03
-6.114859599620103836e-03
6.244274321943521500e-03
-7.368635386228561401e-03
6.362565327435731888e-03
-8.918603416532278061e-04
-1.421555643901228905e-03
-1.270760665647685528e-03
4.955096635967493057e-03
-7.798791863024234772e-03
5.140497349202632904e-03
-9.185970760881900787e-03
-3.321556374430656433e-03
4.629058297723531723e-03
-5.846021696925163269e-03
2.333751646801829338e-03
6.425910163670778275e-03
-5.720578134059906006e-03
9.026448242366313934e-04
4.323783796280622482e-03
-3.141855355352163315e-03
2.733376808464527130e-03
6.504375021904706955e-03
-9.047191590070724487e-03
5.463318433612585068e-03
-6.501000840216875076e-03
2.427769592031836510e-03
4.684994462877511978e-03
1.436868915334343910e-04
-2.528274431824684143e-03
-5.606056656688451767e-03
-4.750423599034547806e-03
-5.497919395565986633e-03
1.991155557334423065e-03
3.593349829316139221e-03
-5.109881516546010971e-03
-3.303719451650977135e-03
6.819599308073520660e-03
5.849081557244062424e-03
3.556252922862768173e-03
-8.409298956394195557e-03
1.287526916712522507e-03
-7.516703568398952484e-03
-5.633322522044181824e-03
-5.859423428773880005e-03
6.100022699683904648e-03
-6.112765055149793625e-03
-5.048146937042474747e-03
5.437579005956649780e-03
-2.617167192511260509e-04
-6.824676878750324249e-03
9.375160560011863708e-03
2.471077255904674530e-03
9.851695038378238678e-03
-9.247043170034885406e-03
3.106071148067712784e-03
9.339157491922378540e-03
1.930779311805963516e-03
3.450922900810837746e-03
4.628443624824285507e-03
3.510513110086321831e-03
3.578997915610671043e-03
-1.009337604045867920e-03
9.195534512400627136e-03
2.618746133521199226e-03
-7.848980836570262909e-03
-6.670972798019647598e-03
2.806064207106828690e-03
-6.374192889779806137e-03
7.893221452832221985e-03
5.807974841445684433e-03
2.469694882165640593e-04
-8.202505297958850861e-03
-2.715457696467638016e-03
-7.993568666279315948e-03
4.159667994827032089e-03
-7.582533638924360275e-03
6.447654683142900467e-03
-6.866303272545337677e-03
-4.169867374002933502e-03
-8.701598271727561951e-03
-7.244731532409787178e-04
-1.112162019126117229e-03
3.195955650880932808e-03
7.502739317715167999e-03
-5.499405786395072937e-03
-5.122668109834194183e-03
9.670888539403676987e-04
-2.374950796365737915e-03
-5.635763518512248993e-03
4.538065753877162933e-03
5.032127257436513901e-03
-7.140647154301404953e-03
-4.828296601772308350e-03
-2.472155028954148293e-03
1.478914171457290649e-03
-6.560669280588626862e-03
8.363351225852966309e-03
6.628239061683416367e-03
-7.668312638998031616e-03
-3.894414519891142845e-03
1.775139477103948593e-03
1.224628533236682415e-03
-5.515980068594217300e-03
6.214615423232316971e-03
6.584082264453172684e-03
9.079459123313426971e-03
-3.196156350895762444e-03
-4.939726553857326508e-03
1.053810477256774902e+00
7.461005449295043945e-01
-1.461135745048522949e+00
6.260533332824707031e-01
