1.900479435920715332e+00
1.429845333099365234e+00
4.829314231872558594e+00
3.944242954254150391e+00
1.305625319480895996e+00
2.242693662643432617e+00
3.367147684097290039e+00
3.347827792167663574e-01
-1.599443078041076660e+00
-1.628114134073257446e-01
6.988629698753356934e-01
5.499873757362365723e-01
1.671718955039978027e+00
-8.188906908035278320e-01
-1.458175927400588989e-01
-2.448213577270507812e+00
-4.763858616352081299e-01
-4.384703189134597778e-02
-4.379740953445434570e-01
8.388561755418777466e-02
7.768004536628723145e-01
-3.220489025115966797e-01
-4.801470339298248291e-01
3.369451314210891724e-02
-4.667372405529022217e-01
1.018900299072265625e+01
1.331049633026123047e+01
1.533000278472900391e+01
7.896785259246826172e+00
1.750187492370605469e+01
1.922339248657226562e+01
2.193675804138183594e+01
2.434672355651855469e+01
3.987937867641448975e-01
9.258255362510681152e-01
-1.394990921020507812e+00
1.863257646560668945e+00
9.877094626426696777e-02
5.269867777824401855e-01
1.234123349189758301e+00
-1.342419743537902832e+00
-7.618824839591979980e-01
2.881129682064056396e-01
-3.604394197463989258e-01
7.539694309234619141e-01
-4.750258922576904297e-01
1.530885696411132812e+00
1.410646438598632812e-01
-7.378375530242919922e-01
-1.028713881969451904e-01
-4.895589053630828857e-01
6.449960470199584961e-01
-2.258277654647827148e+00
-9.055569171905517578e-01
2.804179906845092773e+00
-2.913713693618774414e+00
1.338640213012695312e+00
5.889158725738525391e+00
-2.649424791336059570e+00
7.841205596923828125e-01
-5.401512384414672852e-01
2.548023462295532227e+00
4.066928386688232422e+00
1.985860317945480347e-01
-1.165191769599914551e+00
-2.952019453048706055e+00
2.236765623092651367e+00
2.308038920164108276e-01
1.834898591041564941e+00
2.852434515953063965e-01
3.225242495536804199e-01
-3.131903111934661865e-01
-1.977455765008926392e-01
2.980213761329650879e-01
2.818862795829772949e-01
-1.708146184682846069e-01
-1.409279406070709229e-01
7.103412151336669922e-01
-1.626444607973098755e-01
2.978799641132354736e-01
5.622158646583557129e-01
-1.675236597657203674e-02
8.212016820907592773e-01
-1.647120267152786255e-01
8.192002177238464355e-01
-3.005380332469940186e-01
-7.686375174671411514e-03
2.169294953346252441e-01
-2.069169878959655762e-01
8.129718303680419922e-01
-1.958862096071243286e-01
7.700726389884948730e-01
-7.716197520494461060e-02
-1.928631901741027832e+00
-1.157520174980163574e+00
1.563590168952941895e+00
-3.382677212357521057e-02
1.206264853477478027e+00
-1.406961083412170410e+00
1.992607116699218750e-01
-2.353517413139343262e-01
1.301869392395019531e+00
5.461527034640312195e-02
1.087004765868186951e-01
2.554674386978149414e+00
-2.861977815628051758e-01
-3.578489422798156738e-01
3.349532783031463623e-01
-1.175535619258880615e-01
2.081681787967681885e-01
-5.389807224273681641e-01
2.570475339889526367e-01
5.610681772232055664e-01
-1.771425269544124603e-02
-8.640662580728530884e-02
1.899021714925765991e-01
-5.580861568450927734e-01
5.501274466514587402e-01
-2.314949184656143188e-01
2.813767194747924805e-01
-4.017831012606620789e-02
2.568621933460235596e-01
4.510677754878997803e-01
-2.698073387145996094e-01
5.928811058402061462e-02
2.533360943198204041e-02
-9.700542688369750977e-01
-8.223372101783752441e-01
1.042452931404113770e+00
2.701829373836517334e-01
-5.194393396377563477e-01
-1.720479369163513184e+00
3.780401051044464111e-01
3.306156694889068604e-01
4.047009050846099854e-01
7.081924378871917725e-02
-2.428150177001953125e-01
6.609024107456207275e-02
4.443130269646644592e-02
-1.462289541959762573e-01
-1.025207638740539551e+00
-5.926080048084259033e-03
-8.533535525202751160e-03
4.058070015162229538e-03
-9.895457886159420013e-03
2.078865363728255033e-04
-1.335428212769329548e-03
-8.766101673245429993e-03
-9.561343467794358730e-04
-5.091815721243619919e-03
9.819701313972473145e-03
7.523902226239442825e-03
9.941129945218563080e-03
7.750028744339942932e-04
8.749658241868019104e-03
-5.126107484102249146e-03
5.573344416916370392e-03
2.201987896114587784e-03
8.030127733945846558e-03
-7.091914303600788116e-03
-8.308568969368934631e-03
-9.206539019942283630e-03
4.188304767012596130e-03
-5.176594015210866928e-03
-4.682879429310560226e-03
-4.271395970135927200e-03
6.260431371629238129e-03
6.308039883151650429e-04
3.879790892824530602e-04
-1.848443760536611080e-03
-9.342950768768787384e-03
5.741623230278491974e-03
1.112022437155246735e-03
2.784909680485725403e-03
9.936088696122169495e-03
-3.305459627881646156e-03
-4.014126490801572800e-03
1.903290987014770508e+00
9.836630821228027344e-01
-1.880792140960693359e+00
7.060802578926086426e-01
