2.229708194732666016e+00
-1.713792204856872559e+00
5.158299922943115234e+00
4.110183238983154297e+00
3.786739587783813477e+00
1.203873157501220703e-01
7.948609590530395508e-01
7.879555821418762207e-01
-2.340869009494781494e-01
-3.892758786678314209e-01
3.798353970050811768e-01
-8.560390472412109375e-01
-6.851065754890441895e-01
6.575967073440551758e-01
-4.969013631343841553e-01
-1.017779231071472168e+00
7.265437126159667969e+00
1.333937740325927734e+01
1.547928428649902344e+01
1.893323898315429688e+01
6.882846832275390625e+01
3.542783975601196289e+00
-6.289728879928588867e-01
-2.438727319240570068e-01
1.485321044921875000e+00
7.214461326599121094e+00
-8.889875411987304688e-01
1.006009951233863831e-01
8.098385334014892578e-01
2.575023889541625977e+00
-9.013907313346862793e-01
-4.692922532558441162e-01
-4.592988014221191406e+00
-2.384088039398193359e-01
6.265810966491699219e+00
6.152005386352539062e+01
3.346459388732910156e+00
8.289439678192138672e-01
-1.078256607055664062e+00
-8.515623211860656738e-01
6.476951122283935547e+00
5.760242938995361328e-01
-2.030575275421142578e-01
-2.038346230983734131e-01
-5.437280535697937012e-01
7.364131212234497070e-01
9.916190505027770996e-01
-2.997928380966186523e+00
2.218895107507705688e-01
-4.111460208892822266e+00
1.856630706787109375e+01
-2.373841285705566406e+00
-9.534095525741577148e-01
6.465877294540405273e-01
6.189336776733398438e-01
-7.228013992309570312e+00
1.776176840066909790e-01
-1.028886362910270691e-01
3.112461566925048828e-01
-1.170379281044006348e+00
2.261366397142410278e-01
-3.122854530811309814e-01
3.351359128952026367e+00
3.748975694179534912e-01
9.259835481643676758e-01
-3.216661071777343750e+01
-8.132111281156539917e-03
-1.830263994634151459e-03
5.779734347015619278e-03
4.250867292284965515e-03
-4.785029683262109756e-03
-9.314094670116901398e-03
1.077934051863849163e-03
3.002738347277045250e-03
9.562388295307755470e-04
2.649291884154081345e-03
-9.874228388071060181e-03
3.080826252698898315e-03
3.389701014384627342e-03
-4.916130099445581436e-03
6.453577894717454910e-03
1.187869310379028320e+00
1.249365329742431641e+00
-2.469026088714599609e+00
9.242675304412841797e-01
