1.105654430389404297e+01
5.706708908081054688e+00
1.546325588226318359e+01
1.544687461853027344e+01
1.884395790100097656e+01
5.679514884948730469e+00
-8.548149108886718750e+00
-5.479269504547119141e+00
-9.123805910348892212e-02
1.467482185363769531e+01
8.994989395141601562e+00
4.030124664306640625e+00
1.057199478149414062e+00
-1.454688549041748047e+00
-4.394904613494873047e+00
1.378343677520751953e+01
-5.258783817291259766e+00
2.141428947448730469e+00
-1.799244731664657593e-01
-1.441041231155395508e+00
-3.096868515014648438e+00
-1.682150006294250488e+00
8.853485107421875000e+00
9.286700248718261719e+00
7.073551177978515625e+00
-4.683468341827392578e+00
1.502430081367492676e+00
5.494090557098388672e+00
1.315857529640197754e+00
-2.029506683349609375e+00
3.535346508026123047e+00
-3.470879077911376953e+00
4.326687812805175781e+00
4.222942829132080078e+00
1.434546351432800293e+00
4.337648868560791016e+00
5.413265705108642578e+00
6.112234592437744141e+00
-1.180867314338684082e+00
2.314739227294921875e+00
6.622122973203659058e-02
1.234851360321044922e+00
-2.836683511734008789e+00
-1.887928962707519531e+00
2.855764031410217285e-01
-2.012249946594238281e+00
2.975882530212402344e+00
-1.509978175163269043e+00
1.165386795997619629e+00
7.128983020782470703e+00
1.486464142799377441e+00
6.676057815551757812e+00
3.025541305541992188e+00
6.658140182495117188e+00
-3.148270249366760254e-01
-1.194862604141235352e+00
1.134448885917663574e+00
2.198838949203491211e+00
-8.405932188034057617e-01
-1.073268294334411621e+00
-8.546893596649169922e-01
5.520821735262870789e-02
-2.404133081436157227e+00
-7.965629577636718750e+00
-3.815335988998413086e+00
-4.358751773834228516e+00
-3.814665555953979492e+00
-6.056390285491943359e+00
-2.811930418014526367e+00
-7.781901359558105469e-01
