1.103295326232910156e+01
8.045110702514648438e+00
1.546127223968505859e+01
1.544435501098632812e+01
1.611832809448242188e+01
7.339386940002441406e+00
-6.540375232696533203e+00
-4.852912902832031250e+00
-6.775120496749877930e-01
1.471514129638671875e+01
9.002361297607421875e+00
3.437763929367065430e+00
1.401136398315429688e+00
-6.372544169425964355e-01
-3.971682786941528320e+00
1.393474483489990234e+01
-5.647865772247314453e+00
1.979236364364624023e+00
8.965903520584106445e-01
-3.119079768657684326e-01
-3.446728944778442383e+00
-1.986736297607421875e+00
6.594551563262939453e+00
1.016307353973388672e+01
6.260885238647460938e+00
-6.076284885406494141e+00
3.679208278656005859e+00
3.783181428909301758e+00
2.397084951400756836e+00
-2.155869245529174805e+00
3.165221929550170898e+00
-3.138678550720214844e+00
4.745594978332519531e+00
2.631907224655151367e+00
1.430440664291381836e+00
4.138493537902832031e+00
5.634361743927001953e+00
6.046732425689697266e+00
-1.157549262046813965e+00
2.220667600631713867e+00
6.239769458770751953e-01
1.744909524917602539e+00
-1.141004204750061035e+00
-1.834547877311706543e+00
1.355036646127700806e-01
-2.361127376556396484e+00
1.976426839828491211e+00
-1.991501331329345703e+00
1.426914185285568237e-01
6.580717563629150391e+00
1.380925655364990234e+00
5.113165378570556641e+00
1.091330051422119141e+00
5.526962280273437500e+00
-7.401641607284545898e-01
-8.829045295715332031e-01
1.489634037017822266e+00
3.268001794815063477e+00
2.749185800552368164e+00
-1.123929142951965332e+00
-9.812761545181274414e-01
-2.875032126903533936e-01
-2.583869934082031250e+00
-6.544207096099853516e+00
-3.079767465591430664e+00
-4.099159240722656250e+00
-3.318168401718139648e+00
-5.263766765594482422e+00
-2.822816133499145508e+00
-7.201641798019409180e-01
