1.074584293365478516e+01
4.834099769592285156e+00
1.551982212066650391e+01
1.879901885986328125e+01
1.638928413391113281e+01
1.546728610992431641e+01
1.011215877532958984e+01
4.842839717864990234e+00
9.195282936096191406e+00
1.415910148620605469e+01
1.544482994079589844e+01
1.552129554748535156e+01
8.025119781494140625e+00
7.735964298248291016e+00
-1.489493083953857422e+01
1.688086152076721191e+00
2.205566167831420898e+00
-2.819083213806152344e+00
3.467995405197143555e+00
6.704243659973144531e+00
3.815615653991699219e+00
-1.083621311187744141e+01
-9.303441047668457031e+00
-6.659500300884246826e-02
9.236997961997985840e-01
2.421692609786987305e+00
1.749036216735839844e+01
1.355934739112854004e+00
2.382266283035278320e+00
9.130326271057128906e+00
-7.185395359992980957e-01
4.521629810333251953e+00
9.296230316162109375e+00
-7.309537887573242188e+00
-5.173981189727783203e-01
-3.813381910324096680e+00
-1.635828614234924316e-01
4.240414798259735107e-01
6.987095832824707031e+00
8.303112983703613281e+00
-5.646482110023498535e-01
-4.493438720703125000e+00
7.342336177825927734e+00
-6.519514560699462891e+00
-1.981848835945129395e+00
-5.706651210784912109e+00
1.222914886474609375e+01
-2.641044855117797852e+00
-2.452683687210083008e+00
-5.545020580291748047e+00
3.730529785156250000e+00
8.771618843078613281e+00
1.873831510543823242e+00
7.715671062469482422e-01
5.421052455902099609e+00
2.053139358758926392e-01
-1.408833980560302734e+01
4.747328460216522217e-01
-8.370936393737792969e+00
-4.489260196685791016e+00
2.257174730300903320e+00
1.817659974098205566e+00
7.564714431762695312e+00
-4.565166950225830078e+00
1.386111617088317871e+00
1.134933471679687500e+01
-6.050210952758789062e+00
-4.765453338623046875e+00
-3.344059586524963379e-01
-6.410538196563720703e+00
2.229786396026611328e+00
3.532867670059204102e+00
5.702019214630126953e+00
-5.338482379913330078e+00
1.581168500706553459e-03
-1.451654314994812012e+00
-2.557970523834228516e+00
-1.859484553337097168e+00
-4.918503284454345703e+00
3.029193878173828125e+00
5.956694602966308594e+00
2.524283170700073242e+00
1.252153301239013672e+01
1.293551206588745117e+00
-5.667068004608154297e+00
4.876920700073242188e+00
1.712258607149124146e-01
2.732005119323730469e-01
-1.111020803451538086e+00
2.025444507598876953e+00
-4.308485507965087891e+00
3.096212148666381836e+00
4.084357619285583496e-02
-1.283477663993835449e+00
-2.643853425979614258e+00
3.201812028884887695e+00
-3.800690650939941406e+00
4.511787414550781250e+00
1.933659315109252930e+00
4.236906170845031738e-01
4.897440910339355469e+00
6.248371005058288574e-01
-2.117177963256835938e+00
1.873891353607177734e-01
-1.327031731605529785e+00
1.197200298309326172e+00
-1.074452757835388184e+00
1.782178521156311035e+00
4.047739982604980469e+00
5.241435766220092773e-01
-2.096226930618286133e+00
1.011342763900756836e+00
-1.274481654167175293e+00
2.867282330989837646e-01
-1.807751655578613281e-01
5.309795379638671875e+00
4.869332790374755859e+00
4.887846946716308594e+00
-8.607441782951354980e-01
5.041179180145263672e+00
-3.857119798660278320e+00
-4.404819011688232422e+00
2.604043185710906982e-01
-2.116647958755493164e+00
1.545618176460266113e+00
1.071018695831298828e+00
3.589497089385986328e+00
4.414110183715820312e+00
-3.630946159362792969e+00
3.081920385360717773e+00
-2.277645319700241089e-01
2.079221487045288086e+00
1.420532464981079102e-01
1.874485969543457031e+00
4.727532386779785156e+00
-1.585768699645996094e+00
-3.469272851943969727e+00
2.364644765853881836e+00
5.926597595214843750e+00
-1.985897064208984375e+00
2.105671405792236328e+00
-1.868475198745727539e+00
-2.234560251235961914e+00
-1.133891701698303223e+00
-3.354035615921020508e+00
-6.797307729721069336e-01
-1.601222991943359375e+00
-4.594891071319580078e+00
8.074702024459838867e-01
4.294800758361816406e+00
3.250993013381958008e+00
-2.590695023536682129e-01
3.525030314922332764e-01
2.862043380737304688e+00
-2.273624390363693237e-01
-2.077958345413208008e+00
-1.370661020278930664e+00
-8.065558075904846191e-01
4.064118564128875732e-01
8.731749534606933594e+00
-2.802177071571350098e-01
-1.974653244018554688e+00
2.583570003509521484e+00
3.433983802795410156e+00
-9.263953566551208496e-01
-2.348945617675781250e+00
7.654442787170410156e-01
-1.396623849868774414e+00
-2.948860645294189453e+00
2.670719861984252930e+00
9.333213567733764648e-01
3.007125854492187500e+00
-4.090193748474121094e+00
5.414658069610595703e+00
-6.312517166137695312e+00
3.798235416412353516e+00
2.204008340835571289e+00
-1.565304160118103027e+00
4.128677845001220703e+00
-5.823190808296203613e-01
-1.278756856918334961e+00
-1.738726139068603516e+00
1.298614859580993652e+00
-3.862866759300231934e-01
3.142277717590332031e+00
2.531957864761352539e+00
2.603332996368408203e+00
-2.509324550628662109e+00
-2.289998054504394531e+00
-1.595106363296508789e+00
-2.354022115468978882e-01
1.196449995040893555e+00
1.419959783554077148e+00
5.850431919097900391e+00
6.774096965789794922e+00
2.542698383331298828e+00
-1.839584410190582275e-01
3.326062917709350586e+00
-7.430985450744628906e+00
-1.343120098114013672e+00
3.412627875804901123e-01
-3.991949796676635742e+00
4.790878295898437500e+00
-4.362084865570068359e+00
3.037793159484863281e+00
6.338004589080810547e+00
1.735444664955139160e+00
2.940510988235473633e+00
-3.470811545848846436e-01
-1.101061940193176270e+00
-3.124443531036376953e+00
8.429597854614257812e+00
1.517995715141296387e+00
-5.122667551040649414e-01
-4.796851158142089844e+00
-1.987854003906250000e+00
3.053052186965942383e+00
1.605635285377502441e+00
-6.531917095184326172e+00
2.856263518333435059e-01
3.984537601470947266e+00
4.518256664276123047e+00
4.387840747833251953e+00
5.780522346496582031e+00
6.434318423271179199e-01
-3.022845029830932617e+00
-7.893871068954467773e-01
8.733276128768920898e-01
5.073398113250732422e+00
-1.514981031417846680e+00
-8.345050811767578125e-01
5.809720754623413086e-01
-5.089380741119384766e+00
-3.442640781402587891e+00
2.129859209060668945e+00
1.587660789489746094e+00
-2.731475591659545898e+00
6.251606464385986328e+00
7.613778114318847656e-01
1.587962985038757324e+00
7.574178576469421387e-01
2.918223142623901367e+00
8.165425062179565430e-01
-1.879405975341796875e+00
-8.244931101799011230e-01
-6.730500459671020508e-01
-1.165599942207336426e+00
