1.905831575393676758e+00
9.406332969665527344e-01
4.815623760223388672e+00
3.959364891052246094e+00
1.403952002525329590e+00
2.249792098999023438e+00
3.372689247131347656e+00
-3.099440932273864746e-01
6.359052062034606934e-01
8.977579474449157715e-01
1.073629111051559448e-01
7.320744395256042480e-01
1.050297468900680542e-01
-1.257936835289001465e+00
3.548766374588012695e-01
2.994655132293701172e+00
3.045797109603881836e+00
9.086630493402481079e-02
-2.684437334537506104e-01
-6.188011541962623596e-02
1.622726581990718842e-02
5.021776556968688965e-01
-7.026984691619873047e-01
-3.743991553783416748e-01
-1.076283454895019531e-01
9.624031066894531250e+00
1.329465198516845703e+01
1.531437683105468750e+01
9.952059745788574219e+00
1.745594406127929688e+01
1.921580314636230469e+01
2.180971336364746094e+01
2.553505134582519531e+01
-2.050148963928222656e+00
1.197310447692871094e+00
4.125913679599761963e-01
-5.431492924690246582e-01
1.862232387065887451e-01
-4.730023443698883057e-01
1.473102718591690063e-01
-4.258253574371337891e+00
-7.157658934593200684e-01
-9.437486529350280762e-02
-2.020469158887863159e-01
9.297338128089904785e-01
-5.440655350685119629e-01
-1.073130369186401367e+00
-3.944035172462463379e-01
-5.965774059295654297e-01
-9.588592648506164551e-01
-3.622362911701202393e-01
3.715303912758827209e-02
2.135651826858520508e+00
1.099011301994323730e+00
2.442906856536865234e+00
-3.153462171554565430e+00
2.527464628219604492e+00
-2.255765199661254883e+00
3.498456478118896484e+00
7.372153997421264648e-01
-5.832680463790893555e-01
6.687631607055664062e-01
-4.845907211303710938e+00
1.103272736072540283e-01
-7.294756174087524414e-01
3.558217048645019531e+00
3.256263971328735352e+00
-3.998607993125915527e-01
7.423888683319091797e+00
1.425166368484497070e+00
-2.672026157379150391e-01
-1.280818730592727661e-01
4.125635623931884766e-01
1.483483761548995972e-01
6.752967238426208496e-01
-3.472380340099334717e-01
3.372579813003540039e-01
4.257915019989013672e-01
-1.632972508668899536e-01
2.689835727214813232e-01
3.214133977890014648e-01
3.831982612609863281e-01
-4.904497563838958740e-01
5.537912845611572266e-01
1.647516041994094849e-01
2.348245978355407715e-01
-8.648374676704406738e-02
3.220162689685821533e-01
-7.254586815834045410e-01
-2.172281295061111450e-01
-7.736023068428039551e-01
5.889065265655517578e-01
-3.906471133232116699e-01
5.186120271682739258e-01
-1.459671735763549805e+00
6.970257312059402466e-02
3.563081324100494385e-01
-2.216998934745788574e-01
6.955305933952331543e-01
-7.907355576753616333e-02
5.892196893692016602e-01
-1.233965396881103516e+00
-5.189264416694641113e-01
-1.987376660108566284e-01
2.220958769321441650e-01
-3.340709209442138672e-01
-1.826895624399185181e-01
4.865593016147613525e-01
-1.669263243675231934e-01
-4.846170246601104736e-01
-5.887614563107490540e-02
6.991127133369445801e-01
1.591692447662353516e+00
2.437446266412734985e-01
-2.750051207840442657e-02
2.539461478590965271e-02
-4.730422794818878174e-01
2.726863920688629150e-01
9.083271026611328125e-01
-5.269746184349060059e-01
5.499107837677001953e-01
3.636894226074218750e-01
2.380136996507644653e-01
4.267415031790733337e-02
-3.691302835941314697e-01
-4.571569561958312988e-01
-3.477419614791870117e-01
3.736737370491027832e-01
-1.029297947883605957e+00
9.581896662712097168e-01
-6.457705497741699219e-01
-2.129400819540023804e-01
4.311683773994445801e-02
-1.032876223325729370e-01
1.105852127075195312e+00
4.109789729118347168e-01
3.224202245473861694e-02
-6.593581438064575195e-01
-1.108565449714660645e+00
1.884810775518417358e-01
-2.266156911849975586e+00
1.518258941359817982e-03
7.222692016512155533e-03
1.743662054650485516e-03
7.080344483256340027e-03
4.609318566508591175e-04
-1.720841974020004272e-04
-8.970871567726135254e-03
7.543009705841541290e-04
-1.116351922973990440e-03
2.513109706342220306e-03
6.674611009657382965e-03
5.787256173789501190e-03
-4.374260082840919495e-03
9.034976363182067871e-03
1.237298012711107731e-03
6.347439251840114594e-03
-3.517043311148881912e-03
6.771684624254703522e-03
-4.966237116605043411e-03
4.023707879241555929e-04
-5.573939997702836990e-04
4.909686278551816940e-03
-8.778144605457782745e-03
-9.927680948749184608e-04
6.916159298270940781e-03
8.440474979579448700e-03
9.357443079352378845e-03
-4.383521620184183121e-03
-7.232885807752609253e-03
-5.913423374295234680e-03
8.690675720572471619e-03
6.039429572410881519e-04
9.393127635121345520e-03
-4.784442484378814697e-03
4.462974146008491516e-03
-8.743195794522762299e-03
6.239322423934936523e-01
9.859105944633483887e-01
-2.036037683486938477e+00
7.793564796447753906e-01
