1.713403463363647461e+00
-6.432873010635375977e-01
-5.105059146881103516e-01
4.278262615203857422e+00
1.841309070587158203e+00
2.831254243850708008e+00
2.922401428222656250e+00
1.601958870887756348e+00
2.293267250061035156e+00
3.223839044570922852e+00
8.555409908294677734e-01
-4.056276381015777588e-01
-3.129976391792297363e-01
-4.894078075885772705e-01
-4.227263331413269043e-01
1.149227738380432129e+00
2.371096462011337280e-01
2.342171818017959595e-01
9.041188657283782959e-02
1.396216750144958496e-01
-5.279932618141174316e-01
-4.434123039245605469e-01
3.683597743511199951e-01
-3.605480492115020752e-01
-9.434442520141601562e-01
-1.858619451522827148e+00
-8.354515433311462402e-01
-1.428899616003036499e-01
-1.285862829536199570e-02
-4.296061098575592041e-01
-4.698372185230255127e-01
-7.769784331321716309e-02
-1.108274012804031372e-01
1.773335933685302734e-01
3.199649453163146973e-01
4.207174479961395264e-02
1.094776540994644165e-01
-5.781948566436767578e-01
7.538415193557739258e-01
1.775593012571334839e-01
9.603529930114746094e+00
8.532094001770019531e+00
1.320067024230957031e+01
1.367473602294921875e+01
1.570198154449462891e+01
1.496303462982177734e+01
1.031746482849121094e+01
1.759239006042480469e+01
1.923970794677734375e+01
2.200918579101562500e+01
2.587582015991210938e+01
2.650641059875488281e+01
2.759585762023925781e+01
-9.622998833656311035e-01
7.883547544479370117e-01
1.129966616630554199e+00
-4.169543743133544922e+00
-5.260824039578437805e-02
1.782080233097076416e-01
7.524049878120422363e-01
-4.259259700775146484e-01
-2.479840278625488281e+00
2.694713354110717773e+00
1.466109871864318848e+00
-4.853391945362091064e-01
1.124437093734741211e+00
-2.645123720169067383e+00
-1.084504127502441406e+00
-9.265332221984863281e-01
-2.425219297409057617e+00
4.677618980407714844e+00
-2.259104967117309570e+00
-2.287241220474243164e-01
3.033987283706665039e+00
-6.508554220199584961e-01
-6.017069816589355469e-01
2.393168926239013672e+00
5.668336153030395508e-01
1.015363693237304688e+00
-3.705257177352905273e+00
6.978691816329956055e-01
6.623470038175582886e-02
-9.488120675086975098e-01
-3.497064709663391113e-01
-5.449320673942565918e-01
-5.887219905853271484e-01
4.036621093750000000e+00
7.275477647781372070e-01
6.155203580856323242e-01
6.150626659393310547e+00
-2.006061553955078125e+00
1.386314153671264648e+00
-2.275688052177429199e-01
1.091325283050537109e+00
-1.398657917976379395e+00
2.394030094146728516e+00
-5.062533855438232422e+00
6.707702875137329102e-01
-1.332946419715881348e+00
-3.417636454105377197e-01
8.273099660873413086e-01
-3.229432821273803711e+00
-6.097159385681152344e-01
1.363490223884582520e-01
3.806445300579071045e-01
2.173586606979370117e+00
-6.154729723930358887e-01
1.559548258781433105e+00
-2.190904617309570312e+00
3.962978363037109375e+00
-8.203082680702209473e-01
1.058351516723632812e+00
2.281601577997207642e-01
-2.757311105728149414e+00
5.325853228569030762e-01
9.173904657363891602e-01
1.379488587379455566e+00
-1.160949230194091797e+00
1.185431838035583496e+00
-1.498664617538452148e+00
-2.093913078308105469e+00
6.843631744384765625e+00
9.208715558052062988e-01
1.144753217697143555e+00
-8.473660349845886230e-01
-2.159664392471313477e+00
7.032645940780639648e-01
1.425368309020996094e+00
-1.004121541976928711e+00
9.278861433267593384e-02
1.307625889778137207e+00
-2.471497774124145508e+00
-1.839691400527954102e+00
3.721570253372192383e+00
-4.111212730407714844e+00
-2.280534744262695312e+00
2.170373439788818359e+00
-2.189402580261230469e+00
1.788922190666198730e+00
1.254406273365020752e-01
-2.513839244842529297e+00
9.282508850097656250e+00
-9.410678744316101074e-01
-7.780721187591552734e-01
5.500470995903015137e-01
-6.784518808126449585e-02
3.893113508820533752e-02
3.315014839172363281e-01
7.314856648445129395e-01
-9.496752023696899414e-01
-6.925738453865051270e-01
-3.224684596061706543e-01
6.656019687652587891e-01
-9.127779006958007812e-01
1.060515642166137695e+00
-2.637397289276123047e+00
-1.769976496696472168e+00
9.638714194297790527e-01
8.606609106063842773e-01
-8.276870250701904297e-01
1.267384767532348633e+00
-9.921763539314270020e-01
1.455069065093994141e+00
-8.009912967681884766e-01
-5.110948085784912109e-01
2.595700979232788086e+00
3.412179648876190186e-01
-6.872568726539611816e-01
-1.164453864097595215e+00
-6.962611526250839233e-02
1.643693089485168457e+00
6.739556044340133667e-02
-3.407993316650390625e-01
9.522177577018737793e-01
-1.272307187318801880e-01
3.057401776313781738e-01
3.334989845752716064e-01
-6.215053796768188477e-01
-2.324555397033691406e+00
-1.125791549682617188e+00
-2.475659608840942383e+00
7.770610451698303223e-01
-1.276977360248565674e-01
-4.264008998870849609e-01
-8.802344202995300293e-01
2.814897894859313965e-01
1.783871501684188843e-01
2.054003238677978516e+00
5.771226406097412109e+00
1.527124166488647461e+00
4.021360874176025391e-01
-3.755770027637481689e-01
1.583405852317810059e+00
1.653152406215667725e-01
-2.477036267518997192e-01
5.609478950500488281e-01
-6.158478856086730957e-01
-5.967221856117248535e-01
-8.588396310806274414e-01
8.538441061973571777e-01
-1.706118702888488770e+00
-7.496501505374908447e-02
4.098314046859741211e-02
-5.137258768081665039e-01
6.086621284484863281e-01
-6.156176328659057617e-01
9.973073750734329224e-02
-9.705933928489685059e-02
-5.713694542646408081e-02
-5.264899134635925293e-01
1.745879530906677246e+00
1.907910823822021484e+00
-4.462832927703857422e+00
7.142435312271118164e-01
-2.026353627443313599e-01
3.423230350017547607e-01
3.190020620822906494e-01
2.122440189123153687e-01
1.726237535476684570e-01
6.032814383506774902e-01
2.101415544748306274e-01
-3.800034821033477783e-01
9.718182682991027832e-01
9.005634784698486328e-01
-1.869641989469528198e-01
2.400758028030395508e+00
-1.209831237792968750e+00
-2.942218542098999023e+00
1.337486028671264648e+00
-2.407013922929763794e-01
1.310638904571533203e+00
-7.325811982154846191e-01
-9.523993492126464844e+00
2.558071315288543701e-01
3.187289714813232422e+00
7.627633213996887207e-01
5.884474515914916992e-01
-6.513807177543640137e-02
1.102600693702697754e+00
6.230881214141845703e-01
-1.476921558380126953e+00
-1.744595617055892944e-01
-4.552867412567138672e-01
6.951606273651123047e-01
-1.421154856681823730e+00
-6.419185996055603027e-01
1.671444773674011230e-01
8.060800433158874512e-01
1.652897000312805176e+00
5.824871361255645752e-02
-3.515697717666625977e-01
1.866615414619445801e+00
-1.853615641593933105e+00
3.280544579029083252e-01
6.866744905710220337e-02
1.971976459026336670e-01
-4.394003450870513916e-01
1.215027570724487305e+00
-1.156280636787414551e+00
1.309760808944702148e+00
-1.680223345756530762e-01
7.419757843017578125e-01
-1.380051523447036743e-01
-1.960330903530120850e-01
3.770695626735687256e-02
-9.907038509845733643e-02
2.205767855048179626e-02
-2.360489219427108765e-01
-2.549393475055694580e-01
-1.089433878660202026e-01
4.626897871494293213e-01
-2.211494445800781250e+00
-5.620101839303970337e-02
1.818186342716217041e-01
-4.859061539173126221e-01
1.272306740283966064e-01
4.042993485927581787e-01
2.456381730735301971e-02
4.778643548488616943e-01
2.965085506439208984e-01
4.422373175621032715e-01
8.469440340995788574e-01
-6.627834439277648926e-01
4.189640879631042480e-01
-2.726312279701232910e-01
2.987854480743408203e-01
-7.767918705940246582e-01
5.760106071829795837e-02
-6.679679453372955322e-02
-1.660384535789489746e-01
1.016746997833251953e+00
-3.357837796211242676e-01
7.435485720634460449e-01
-2.272180020809173584e-01
1.539328694343566895e+00
2.890316247940063477e-01
7.466036081314086914e-02
-7.130634784698486328e-01
-2.319850176572799683e-01
1.323964744806289673e-01
-5.392449721693992615e-02
1.029807627201080322e-01
8.105313181877136230e-01
1.293115224689245224e-02
4.862780869007110596e-01
7.002723217010498047e-02
-1.134928837418556213e-01
3.911176025867462158e-01
-3.217642605304718018e-01
-7.274653315544128418e-01
2.357979714870452881e-01
1.516914814710617065e-01
-3.215922415256500244e-01
-6.740071624517440796e-02
-1.416958719491958618e-01
-8.616548776626586914e-01
4.122470021247863770e-01
6.709178090095520020e-01
3.574112355709075928e-01
-3.480216562747955322e-01
1.498839408159255981e-01
-1.654865503311157227e+00
1.977706551551818848e-01
2.237488985061645508e+00
2.511312067508697510e-01
-3.007023811340332031e+00
9.481599554419517517e-03
4.098527133464813232e-03
-9.609944187104701996e-03
-6.120238453149795532e-03
-8.322440087795257568e-03
6.550031714141368866e-03
-1.282645098399370909e-04
6.333644967526197433e-03
-4.230353049933910370e-03
-8.539383416064083576e-04
1.177692785859107971e-03
1.933500752784311771e-03
6.384076084941625595e-03
-8.235546411015093327e-04
-7.950576953589916229e-03
-4.241783171892166138e-03
-4.677349701523780823e-03
9.380472823977470398e-03
9.413252701051533222e-05
-5.743658170104026794e-03
4.618030507117509842e-04
-3.921531140804290771e-03
7.261542137712240219e-03
-3.513496601954102516e-03
-4.686146508902311325e-03
9.289968758821487427e-03
-5.730991717427968979e-03
-2.442105673253536224e-03
1.581543008796870708e-03
4.623687826097011566e-03
5.838924553245306015e-03
-8.098398335278034210e-03
-6.087377667427062988e-03
9.304457344114780426e-04
8.680349215865135193e-03
-2.071614377200603485e-03
2.909682458266615868e-03
-8.249273523688316345e-03
-2.513408428058028221e-03
-8.232505992054939270e-03
-8.755933959037065506e-04
8.921732194721698761e-03
9.186102077364921570e-03
5.792171694338321686e-03
3.160810098052024841e-03
-3.770958865061402321e-03
-5.465333815664052963e-03
-3.221098566427826881e-03
-5.991425830870866776e-03
9.871331043541431427e-03
3.180425381287932396e-03
6.923954468220472336e-03
-3.181454725563526154e-03
6.342075299471616745e-03
-4.103707615286111832e-03
4.242995753884315491e-03
-3.813124785665422678e-04
-2.404878032393753529e-04
-5.363397765904664993e-03
3.513098694384098053e-03
-2.541381400078535080e-03
2.545320196077227592e-03
6.143793463706970215e-03
1.814829418435692787e-03
4.548639699351042509e-04
-2.261445391923189163e-03
-4.269008990377187729e-03
-1.816519303247332573e-03
8.835153654217720032e-03
7.719417102634906769e-03
9.615539573132991791e-03
-1.329276419710367918e-04
5.378559697419404984e-03
-3.459448926150798798e-04
-5.728494841605424881e-03
-5.682196933776140213e-03
8.342140354216098785e-03
4.434565489646047354e-04
5.044582765549421310e-03
3.186029382050037384e-03
3.239277284592390060e-03
-4.083901178091764450e-03
-4.619915969669818878e-03
1.134043792262673378e-03
-4.375436808913946152e-03
6.330137606710195541e-03
-5.211449228227138519e-03
-4.245213698595762253e-03
9.297364391386508942e-03
7.590572815388441086e-03
-4.836873617023229599e-03
1.663300991058349609e+00
8.415149450302124023e-01
-1.495290279388427734e+00
5.404782891273498535e-01
