1.620343589782714844e+01
7.568447113037109375e+00
7.233926296234130859e+00
1.134852123260498047e+01
1.550854015350341797e+01
1.576055335998535156e+01
1.752032661437988281e+01
5.759951114654541016e+00
4.563878059387207031e+00
-4.965880393981933594e+00
-2.665063619613647461e+00
3.342802822589874268e-01
5.945093631744384766e+00
3.040459156036376953e+00
-5.655625343322753906e+00
8.720540046691894531e+00
-4.680192470550537109e+00
6.860838413238525391e+00
-3.154888153076171875e+00
8.732486724853515625e+00
4.886760234832763672e+00
2.279387712478637695e+00
-7.094427585601806641e+00
-1.523110389709472656e+01
1.472053408622741699e+00
1.720838928222656250e+01
1.231958389282226562e+01
-7.628433704376220703e+00
-7.063674926757812500e+00
-5.566763877868652344e+00
5.921419143676757812e+00
6.709760189056396484e+00
1.461723804473876953e+00
-2.863581418991088867e+00
1.260571241378784180e+00
-1.670863866806030273e+00
-1.563477069139480591e-01
-3.450188398361206055e+00
-1.802969932556152344e+00
-2.793168067932128906e+00
-3.185994327068328857e-01
-9.696855545043945312e-01
3.487676620483398438e+00
5.223543167114257812e+00
-1.091558074951171875e+01
-8.926418304443359375e+00
4.383506298065185547e+00
2.203259706497192383e+00
7.192748785018920898e-01
6.154520988464355469e+00
9.647640585899353027e-01
8.417752265930175781e+00
4.945526123046875000e+00
-3.762717962265014648e+00
3.004293680191040039e+00
-7.702112793922424316e-01
6.299746036529541016e+00
-1.930339813232421875e+00
6.226860046386718750e+00
-1.101329445838928223e+00
-4.421736240386962891e+00
3.251660108566284180e+00
-4.320495128631591797e+00
-3.283050358295440674e-01
1.997300386428833008e+00
4.533167362213134766e+00
6.255121529102325439e-02
-2.633674144744873047e-01
-5.599788427352905273e-01
-1.273900985717773438e+00
3.031376361846923828e+00
5.366539001464843750e+00
-4.340541362762451172e+00
-6.136608719825744629e-01
-1.703606963157653809e+00
1.610079288482666016e+00
-2.344970464706420898e+00
-7.837531566619873047e-01
5.241600990295410156e+00
3.862878322601318359e+00
1.875282883644104004e+00
2.094869613647460938e+00
7.106458544731140137e-01
6.407074928283691406e-01
2.306413888931274414e+00
-1.248170658946037292e-01
-9.284430742263793945e-01
1.000366091728210449e+00
2.020323514938354492e+00
2.699325978755950928e-01
-5.970964908599853516e+00
3.354521751403808594e+00
