1.554846763610839844e+01
1.950608825683593750e+01
3.555000066757202148e+00
1.430019474029541016e+01
4.970029830932617188e+00
1.560631656646728516e+01
1.544505786895751953e+01
2.333053350448608398e+00
-3.047780990600585938e+00
-4.816073417663574219e+00
-1.486671864986419678e-01
-3.171191692352294922e+00
1.932447552680969238e+00
3.007706403732299805e+00
2.901500463485717773e+00
-4.123655259609222412e-01
-6.547782897949218750e+00
2.990845441818237305e+00
2.950467109680175781e+00
3.173026084899902344e+00
-3.138638973236083984e+00
-6.190873622894287109e+00
2.898971796035766602e+00
7.483748912811279297e+00
3.616682767868041992e+00
1.656607437133789062e+01
1.334149169921875000e+01
6.803870201110839844e+00
6.309254169464111328e+00
6.885389804840087891e+00
-5.975485324859619141e+00
-6.811648368835449219e+00
3.694581687450408936e-01
-4.996250629425048828e+00
-1.047911739349365234e+01
-3.890112400054931641e+00
-6.190737485885620117e-01
-1.784498453140258789e+00
-3.882853984832763672e+00
3.103078126907348633e+00
4.381021559238433838e-01
1.724707841873168945e+00
-4.135356426239013672e+00
-1.792790174484252930e+00
-2.219138145446777344e+00
-2.393964767456054688e+00
1.118301749229431152e-01
1.349620223045349121e+00
-1.501475453376770020e+00
-1.095691472291946411e-01
6.544532299041748047e+00
-3.311263084411621094e+00
5.153004527091979980e-01
-4.605704784393310547e+00
3.384742021560668945e+00
1.976277112960815430e+00
7.965586662292480469e+00
-2.623371481895446777e-01
-8.771629333496093750e+00
8.070453643798828125e+00
1.315223693847656250e+00
4.147763252258300781e-01
-2.115118503570556641e+00
5.519681572914123535e-01
1.493422746658325195e+00
7.831437885761260986e-02
1.213662385940551758e+00
-3.752529621124267578e-01
1.863169312477111816e+00
-5.658450722694396973e-01
4.312871024012565613e-02
1.215766549110412598e+00
6.013105869293212891e+00
3.410476744174957275e-01
-1.678073406219482422e-01
-7.936706542968750000e-01
6.938925981521606445e-01
5.325529575347900391e-01
-1.253994822502136230e+00
-1.616309642791748047e+00
3.259829759597778320e+00
1.416519165039062500e+00
-2.874908685684204102e+00
6.719192981719970703e+00
2.958422899246215820e+00
2.267612934112548828e+00
-2.243370771408081055e+00
5.077000707387924194e-02
-1.621697783470153809e+00
1.218885302543640137e+00
6.983147859573364258e-01
1.622870087623596191e+00
