1.091792106628417969e+01
1.543891716003417969e+01
9.725832939147949219e+00
1.562657451629638672e+01
1.682033729553222656e+01
9.388465881347656250e+00
1.543897628784179688e+01
7.032958507537841797e+00
-3.644604921340942383e+00
-4.859715938568115234e+00
-2.403892755508422852e+00
3.574455499649047852e+00
-3.805523872375488281e+00
-6.844194889068603516e+00
-4.652636051177978516e+00
1.300388240814208984e+01
2.380779266357421875e+00
-5.544715404510498047e+00
2.045565366744995117e+00
-3.742008209228515625e+00
1.026889896392822266e+01
-7.330794930458068848e-01
-6.320214271545410156e+00
6.332986831665039062e+00
-8.185288310050964355e-01
1.214709043502807617e+00
7.949072360992431641e+00
1.169407463073730469e+01
1.454942131042480469e+01
1.279716849327087402e+00
2.024057388305664062e+00
-3.561808824539184570e+00
5.993997454643249512e-01
-6.694382429122924805e-01
6.667131900787353516e+00
-2.378960847854614258e+00
1.051549077033996582e+00
-2.673684835433959961e+00
-5.449985027313232422e+00
3.374370574951171875e+00
-7.556077241897583008e-01
-5.776835083961486816e-01
-5.845046520233154297e+00
1.499932289123535156e+00
-5.926422595977783203e+00
3.560544729232788086e+00
2.550330638885498047e+00
2.675640821456909180e+00
-1.663983702659606934e+00
5.287958621978759766e+00
-1.506475567817687988e+00
1.432576298713684082e+00
-3.150916576385498047e+00
4.300727844238281250e+00
-2.238054275512695312e+00
1.759173274040222168e+00
4.777462005615234375e+00
1.861640810966491699e+00
4.933216869831085205e-01
-2.319176197052001953e+00
-3.214792966842651367e+00
6.698409318923950195e-01
-1.952715039253234863e+00
-9.988304376602172852e-01
3.523395299911499023e+00
-1.485774397850036621e+00
-1.225506663322448730e+00
2.983749866485595703e+00
-1.043497920036315918e+00
1.150025963783264160e+00
-1.608942449092864990e-01
-9.595247507095336914e-01
2.391547918319702148e+00
2.232066869735717773e+00
-4.323978424072265625e+00
4.300460815429687500e+00
-1.263505458831787109e+00
4.843500614166259766e+00
-3.516888856887817383e+00
-8.918086886405944824e-01
-5.639787197113037109e+00
3.768257379531860352e+00
2.542591571807861328e+00
2.198433876037597656e+00
-6.636166572570800781e-01
5.347526073455810547e+00
-2.117275476455688477e+00
1.393120646476745605e+00
-2.999823093414306641e+00
3.506532430648803711e+00
-1.225421667098999023e+00
-4.403327703475952148e-01
3.380564212799072266e+00
2.965980768203735352e+00
1.786308050155639648e+00
-1.685836434364318848e+00
-2.116395711898803711e+00
1.167617440223693848e+00
-2.403311014175415039e+00
-6.641007065773010254e-01
4.033242702484130859e+00
-1.909583687782287598e+00
-4.063853263854980469e+00
3.466364145278930664e+00
1.501836627721786499e-01
2.280981779098510742e+00
1.940184831619262695e+00
7.318494319915771484e-01
1.056605815887451172e+00
1.185807108879089355e+00
-4.436459541320800781e+00
2.807022571563720703e+00
-1.930095791816711426e+00
6.500853061676025391e+00
-1.570275187492370605e+00
9.754415750503540039e-01
2.485596984624862671e-01
