1.890539526939392090e+00
-9.989172220230102539e-01
4.822973251342773438e+00
3.957960605621337891e+00
1.436173319816589355e+00
2.229233503341674805e+00
3.398841619491577148e+00
-2.163582324981689453e+00
9.315507411956787109e-01
1.766651034355163574e+00
4.769885540008544922e-01
5.047675967216491699e-01
1.861706733703613281e+00
-1.614690184593200684e+00
-3.660108447074890137e-01
-2.268124103546142578e+00
1.015529751777648926e+00
-3.778577968478202820e-02
1.216146629303693771e-02
-1.687914580106735229e-01
-3.748038709163665771e-01
6.668631434440612793e-01
-2.687649428844451904e-01
1.390823364257812500e+00
-3.454298675060272217e-01
9.674864768981933594e+00
1.330143737792968750e+01
1.529737854003906250e+01
9.681495666503906250e+00
1.740398597717285156e+01
1.919444274902343750e+01
2.144778442382812500e+01
2.391645622253417969e+01
-9.025141596794128418e-01
-1.856958866119384766e-01
1.144842505455017090e+00
1.660294294357299805e+00
-3.268623948097229004e-01
-7.501683235168457031e-01
-1.388512611389160156e+00
2.615278720855712891e+00
-7.214996218681335449e-01
-1.424436420202255249e-01
-4.099033474922180176e-01
4.894310832023620605e-01
2.781855165958404541e-01
2.961671166121959686e-02
4.848859608173370361e-01
-6.312608718872070312e-01
3.859544694423675537e-01
-5.728619098663330078e-01
-7.720916271209716797e-01
-1.572486877441406250e+00
5.771117210388183594e-01
5.659455299377441406e+00
-4.112124443054199219e+00
1.870013594627380371e+00
-3.121776342391967773e+00
-1.237109184265136719e+01
1.174759030342102051e+00
-1.248859763145446777e+00
2.970365762710571289e+00
3.291126966476440430e+00
4.073726236820220947e-01
2.495771944522857666e-01
-3.478073835372924805e+00
3.155751943588256836e+00
8.083449602127075195e-01
2.315153360366821289e+00
7.022192478179931641e-01
-8.791539818048477173e-02
5.640925765037536621e-01
-7.206991910934448242e-01
-2.129374444484710693e-01
-5.766928195953369141e-01
4.939002096652984619e-01
-8.339959383010864258e-01
6.049963235855102539e-01
-1.345713585615158081e-01
5.015074014663696289e-01
-5.322957783937454224e-02
3.879378437995910645e-01
-6.543949842453002930e-01
-4.592442512512207031e-01
8.450263142585754395e-01
-3.651535511016845703e-01
-1.332047730684280396e-01
2.286185473203659058e-01
-4.478573799133300781e-01
4.899410605430603027e-01
-1.781054139137268066e+00
2.681625604629516602e+00
-1.177278876304626465e+00
3.731415271759033203e-01
2.379813432693481445e+00
4.566259682178497314e-01
6.596059799194335938e-01
-1.546772956848144531e+00
-1.928801417350769043e+00
-2.182160913944244385e-01
1.476464122533798218e-01
1.498874902725219727e+00
9.085612744092941284e-02
4.638813436031341553e-01
1.008297443389892578e+00
4.345347732305526733e-02
5.206496715545654297e-01
-4.575806260108947754e-01
-1.345256268978118896e-01
-8.208144456148147583e-03
8.174002170562744141e-01
4.726572036743164062e-01
-3.068318068981170654e-01
6.801451742649078369e-02
8.321885019540786743e-02
1.031939461827278137e-01
-1.924034208059310913e-01
3.796413540840148926e-01
2.378042191267013550e-01
-4.611318111419677734e-01
-1.484641283750534058e-01
2.492858618497848511e-01
2.484288811683654785e-01
9.993308037519454956e-02
4.952277243137359619e-01
5.026720762252807617e-01
-8.649894595146179199e-01
-1.381559371948242188e-01
-1.792372614145278931e-01
1.154223918914794922e+00
3.182481527328491211e+00
-1.025436282157897949e+00
1.174742951989173889e-01
7.179066538810729980e-01
-7.032993435859680176e-01
3.718609213829040527e-01
-1.864256262779235840e-01
5.184565186500549316e-01
-4.877460300922393799e-01
-7.996812462806701660e-01
-1.864626169204711914e+00
-8.542136289179325104e-03
-4.244531970471143723e-03
-7.801736705005168915e-03
2.946799155324697495e-03
2.675649709999561310e-03
7.015739567577838898e-03
9.802646934986114502e-03
-2.983279526233673096e-03
-9.914134629070758820e-03
-4.659203812479972839e-03
3.793659852817654610e-03
-3.314102650620043278e-04
8.325691334903240204e-03
-5.415804684162139893e-03
9.027158375829458237e-04
-4.440629854798316956e-03
-6.197257433086633682e-03
4.595961887389421463e-03
-1.187878893688321114e-03
8.204110898077487946e-03
-2.842848887667059898e-03
1.799916964955627918e-03
1.914445419970434159e-05
6.870183860883116722e-04
-7.324236910790205002e-03
-5.558421835303306580e-03
3.534219227731227875e-03
-7.657887879759073257e-03
6.361536681652069092e-03
4.137192387133836746e-03
6.988089997321367264e-03
-9.470843710005283356e-03
-3.880693344399333000e-03
-6.144558428786695004e-04
4.378103185445070267e-03
8.441513404250144958e-03
9.866362214088439941e-01
1.057286620140075684e+00
-1.982037186622619629e+00
7.500934004783630371e-01
