1.692519426345825195e+00
-1.405710428953170776e-01
1.447070002555847168e+00
3.446607291698455811e-01
4.457379341125488281e+00
1.714062929153442383e+00
3.347274303436279297e+00
2.011598348617553711e+00
1.687682032585144043e+00
2.402546405792236328e+00
9.246635437011718750e-01
3.263814449310302734e+00
-6.907301545143127441e-01
3.427185118198394775e-01
-1.369987577199935913e-01
1.128659248352050781e+00
2.204071581363677979e-01
-1.355450034141540527e+00
4.598109722137451172e-01
-6.879753619432449341e-02
4.129628837108612061e-01
-3.386507928371429443e-01
7.070549130439758301e-01
2.655224502086639404e-01
1.040788833051919937e-02
-5.101627111434936523e-01
-9.509997367858886719e-01
4.654372632503509521e-01
1.479589104652404785e+00
7.023652791976928711e-01
-4.902560263872146606e-02
8.505992293357849121e-01
-1.136753410100936890e-01
-1.400388181209564209e-01
-2.126268446445465088e-01
3.387728333473205566e-01
-1.463654935359954834e-01
-1.440949589014053345e-01
-1.757554709911346436e-01
1.544173620641231537e-02
3.538713455200195312e-01
-1.246246919035911560e-01
-1.458958387374877930e-01
9.327314376831054688e+00
9.812818527221679688e+00
9.424365043640136719e+00
1.316315364837646484e+01
1.343073081970214844e+01
1.551558780670166016e+01
1.441312599182128906e+01
1.526786994934082031e+01
1.757569313049316406e+01
1.937629699707031250e+01
1.932057380676269531e+01
1.916697502136230469e+01
1.982913208007812500e+01
2.043445968627929688e+01
1.567939668893814087e-01
1.517280936241149902e+00
3.590224981307983398e-01
6.984115839004516602e-01
-2.377964735031127930e+00
2.685393810272216797e+00
-1.120880007743835449e+00
-1.539553523063659668e+00
4.884083271026611328e-01
-2.838105678558349609e+00
1.431239485740661621e+00
-3.754870414733886719e+00
3.431154727935791016e+00
-5.980277061462402344e-01
1.299448609352111816e+00
-2.318085730075836182e-01
4.537280797958374023e-01
-1.344586372375488281e+00
-1.180046081542968750e+00
2.185869455337524414e+00
1.190964937210083008e+00
-3.434166684746742249e-02
1.410291194915771484e+00
-2.162055015563964844e+00
2.896767616271972656e+00
1.538529753684997559e+00
-3.914489269256591797e+00
5.083604454994201660e-01
5.877205729484558105e-01
-7.057595252990722656e-02
7.922351956367492676e-01
8.379445672035217285e-01
-7.886107563972473145e-01
1.047038063406944275e-01
-3.465733528137207031e+00
3.052540302276611328e+00
-7.415280938148498535e-01
1.682711958885192871e+00
-1.824448108673095703e-01
-1.110253095626831055e+00
1.028200268745422363e+00
3.469935655593872070e-01
-1.500674962997436523e+00
7.971484959125518799e-02
3.340477049350738525e-01
-6.454945206642150879e-01
2.487368136644363403e-01
-1.736511611938476562e+01
4.935633182525634766e+00
1.060998344421386719e+01
-2.517548322677612305e+00
9.671929478645324707e-01
5.010942220687866211e-01
-1.178137540817260742e+00
2.795045673847198486e-01
-1.205517411231994629e+00
8.067502975463867188e-01
2.456240272521972656e+01
-7.390548229217529297e+00
-1.424674510955810547e+01
2.466397285461425781e+00
-3.912062406539916992e+00
-2.141931056976318359e+00
-1.451332807540893555e+00
7.083202600479125977e-01
-2.999150753021240234e-01
-2.536048889160156250e+00
-4.011406898498535156e+00
3.836085319519042969e+00
3.196697473526000977e+00
1.837014555931091309e+00
3.349624574184417725e-02
-9.399757385253906250e-01
1.403433799743652344e+00
-1.639228820800781250e+00
3.369153261184692383e+00
-1.148692488670349121e+00
2.140221834182739258e+00
2.130811214447021484e-01
1.350070834159851074e-01
-2.729853093624114990e-01
-3.499932289123535156e-01
2.890893936157226562e+00
-4.086024284362792969e+00
1.495875716209411621e+00
3.481228053569793701e-01
-8.562904000282287598e-01
-1.068567037582397461e+00
1.785937070846557617e+00
1.940050482749938965e+00
-4.248217344284057617e-01
-2.286816239356994629e-01
3.429513931274414062e+00
-1.937336325645446777e+00
-2.318839550018310547e+00
6.162272095680236816e-01
7.567964792251586914e-01
-1.432238101959228516e+00
-1.124365448951721191e+00
8.415631651878356934e-01
-4.108432292938232422e+00
1.891619920730590820e+00
1.854557394981384277e+00
1.032611370086669922e+00
2.204731702804565430e+00
6.444949656724929810e-02
-1.127628833055496216e-01
-9.505311399698257446e-02
3.612551093101501465e-01
-3.498210906982421875e-01
-3.562192022800445557e-01
2.960955202579498291e-01
-2.117715477943420410e-01
-3.737336397171020508e-02
5.402309894561767578e-01
-1.468566179275512695e+00
9.129225015640258789e-01
-2.036764860153198242e+00
2.797397851943969727e+00
-2.340848743915557861e-01
4.733110368251800537e-01
-5.548088550567626953e-01
1.024248123168945312e+00
-5.360013246536254883e-01
-6.936023831367492676e-01
9.668686240911483765e-02
5.363097190856933594e-01
8.048939704895019531e-01
-8.678002357482910156e-01
3.811845183372497559e-01
1.213864922523498535e+00
-9.693908691406250000e-02
-1.293547600507736206e-01
9.704165458679199219e-01
-1.370695352554321289e+00
2.506974637508392334e-01
-1.681937426328659058e-01
2.901804149150848389e-01
1.145325064659118652e+00
-8.012849837541580200e-02
-1.282362222671508789e+00
1.774402976036071777e+00
4.167577326297760010e-01
-3.265156507492065430e+00
4.000803828239440918e-01
4.165685474872589111e-01
-2.065214365720748901e-01
-1.524986885488033295e-02
-3.607551008462905884e-02
1.763757467269897461e-01
9.568272158503532410e-03
1.452727057039737701e-02
2.634695768356323242e+00
-3.809768438339233398e+00
6.792035102844238281e+00
3.283127248287200928e-01
-2.184577845036983490e-02
1.567523628473281860e-01
2.373736351728439331e-01
1.311035305261611938e-01
-3.707062825560569763e-02
-4.460433870553970337e-02
-3.667665958404541016e+00
4.002030849456787109e+00
-1.008100509643554688e+01
-3.086388707160949707e-01
8.098334074020385742e-01
4.928841292858123779e-01
8.571559935808181763e-02
1.366512179374694824e-01
1.738341301679611206e-01
3.373419344425201416e-01
-1.387214809656143188e-01
2.140056639909744263e-01
-5.973493680357933044e-02
-4.068902432918548584e-01
5.442563444375991821e-02
-2.393947392702102661e-01
2.633856050670146942e-02
-1.247289299964904785e+00
-4.422508776187896729e-01
2.096500873565673828e+00
-1.184605360031127930e-01
3.841511532664299011e-02
6.892440319061279297e-01
1.627324670553207397e-01
1.443572193384170532e-01
-2.872161567211151123e-01
1.208565473556518555e+00
5.288479849696159363e-02
6.845493614673614502e-02
4.109328985214233398e-01
9.634121060371398926e-01
-5.042182207107543945e-01
2.662986218929290771e-01
7.168171405792236328e-01
-1.328061372041702271e-01
-1.319737553596496582e+00
2.721078097820281982e-01
-1.142293810844421387e+00
1.267323940992355347e-01
-7.199274301528930664e-01
9.522357583045959473e-01
1.219597682356834412e-01
8.658921122550964355e-01
3.274827301502227783e-01
-1.020468249917030334e-01
-1.077325716614723206e-01
2.743576288223266602e+00
-9.218595623970031738e-01
-5.211899988353252411e-04
-1.671497821807861328e-01
2.817361950874328613e-01
3.656008839607238770e-01
-3.072956390678882599e-02
-2.241479754447937012e-01
-3.446634113788604736e-01
4.660272300243377686e-01
8.004122972488403320e-02
9.660935997962951660e-01
-2.645583152770996094e-01
1.007597684860229492e+00
-6.724200248718261719e-01
1.091232657432556152e+00
-2.911425009369850159e-02
9.541814774274826050e-02
-5.807466059923171997e-02
3.387800753116607666e-01
7.915827631950378418e-01
-5.874372720718383789e-01
-5.167886614799499512e-01
-3.341901600360870361e-01
7.493868470191955566e-01
1.814199835062026978e-01
-5.199356079101562500e-01
3.064053058624267578e-01
-1.031242370605468750e+00
1.912574917078018188e-01
7.684062719345092773e-01
-1.345762133598327637e+00
6.153883934020996094e-01
-1.913777291774749756e-01
-1.018530845642089844e+00
-2.227381616830825806e-01
-3.017989695072174072e-01
5.883532166481018066e-01
-4.475331306457519531e-01
1.411937355995178223e+00
-1.454908400774002075e-01
-1.001989562064409256e-02
-4.713416472077369690e-02
-1.504726856946945190e-01
2.343603372573852539e-01
-8.633521199226379395e-02
-1.233203709125518799e-01
8.916109055280685425e-02
2.934921085834503174e-01
2.113783836364746094e+00
-2.389396905899047852e+00
5.983974456787109375e+00
-1.644573658704757690e-01
3.432783856987953186e-02
-4.644227772951126099e-02
1.285827457904815674e-01
-4.389720037579536438e-02
1.793425530195236206e-01
-1.345290839672088623e-01
-2.799306869506835938e+00
3.513392448425292969e+00
-8.666441917419433594e+00
-1.471539884805679321e-01
7.208305001258850098e-01
-1.058158650994300842e-02
2.968551516532897949e-01
1.022620201110839844e-01
-2.149426145479083061e-03
8.090926408767700195e-01
1.074364781379699707e+00
9.063267149031162262e-03
-1.329331994056701660e+00
-1.476807743310928345e-01
5.497124046087265015e-02
-9.930595010519027710e-02
-1.078313589096069336e-01
-4.316455498337745667e-02
-7.238762974739074707e-01
8.338757753372192383e-01
-2.835269831120967865e-02
-1.107578054070472717e-01
1.375727076083421707e-02
-1.334149986505508423e-01
-3.994602560997009277e-01
-3.918676674365997314e-01
3.877174258232116699e-01
-3.713779151439666748e-01
-1.954901069402694702e-01
1.907444298267364502e-01
1.221260335296392441e-02
-2.798164188861846924e-01
1.889982819557189941e-01
9.143096953630447388e-02
1.338638514280319214e-01
-2.037665843963623047e-01
1.191527128219604492e+00
-1.307878494262695312e+00
-1.050207316875457764e-01
3.422286212444305420e-01
-2.625739276409149170e-01
-6.117999553680419922e-01
-6.116775795817375183e-02
5.570123195648193359e-01
5.263514518737792969e-01
-1.263186931610107422e+00
-5.100537538528442383e-01
-1.188080668449401855e+00
-4.766934085637331009e-03
-6.690870970487594604e-03
2.329720184206962585e-03
9.644391946494579315e-03
8.178772404789924622e-03
-8.421187289059162140e-03
-6.078804377466440201e-03
-9.108318015933036804e-03
-9.991358034312725067e-03
-1.603974029421806335e-03
3.663182491436600685e-03
-5.107099190354347229e-03
-5.062682554125785828e-03
-3.275791881605982780e-03
-8.821743540465831757e-03
5.263703409582376480e-03
-2.189208986237645149e-03
6.667865440249443054e-03
2.037405647570267320e-04
3.935564775019884109e-03
3.412702586501836777e-03
-8.714045397937297821e-03
5.266517400741577148e-03
6.448199506849050522e-03
-8.038741536438465118e-03
-3.053434425964951515e-03
-5.145309027284383774e-03
6.729606073349714279e-03
3.200030419975519180e-03
-3.966664895415306091e-03
6.404663436114788055e-03
4.102810285985469818e-03
7.486622780561447144e-03
-5.367831327021121979e-04
-9.090018458664417267e-03
9.761536493897438049e-03
4.862552043050527573e-03
-5.580602679401636124e-03
9.057558141648769379e-03
3.426253329962491989e-03
9.653196670114994049e-03
6.175123620778322220e-03
-1.285692327655851841e-03
-2.634848002344369888e-03
6.989176850765943527e-03
-5.267539992928504944e-03
2.486611949279904366e-03
-7.772420533001422882e-03
-6.994020659476518631e-03
-3.876181726809591055e-04
6.083223968744277954e-03
-1.622348827368114144e-05
3.898359835147857666e-03
1.770896371454000473e-03
-9.683614596724510193e-03
-4.846755415201187134e-03
5.591206718236207962e-03
-1.328324200585484505e-03
-6.679716985672712326e-03
-8.064283058047294617e-03
-5.628566257655620575e-03
-4.825966898351907730e-03
4.072209820151329041e-03
-2.343077445402741432e-03
9.173855185508728027e-03
6.876477040350437164e-03
3.332423977553844452e-03
5.165345035493373871e-03
6.662781815975904465e-03
2.176824258640408516e-03
-7.867887616157531738e-03
6.523767951875925064e-03
-8.363619446754455566e-03
1.780364080332219601e-03
2.898942679166793823e-03
-5.532743874937295914e-03
2.708824351429939270e-03
3.851237008348107338e-03
-3.209721529856324196e-03
-4.924723412841558456e-03
2.140096621587872505e-03
-5.912273190915584564e-03
-9.141338057816028595e-03
3.368701145518571138e-04
6.140349898487329483e-03
-6.619408726692199707e-03
3.024961566552519798e-03
-8.574337698519229889e-03
9.226312977261841297e-05
-5.499691469594836235e-04
-9.539779275655746460e-03
2.377986384090036154e-04
8.021838766580913216e-06
-7.528064772486686707e-03
6.634899880737066269e-03
4.479985218495130539e-03
3.721292596310377121e-03
-5.656471475958824158e-03
6.477079354226589203e-03
8.593077771365642548e-03
-7.532730698585510254e-03
1.827374449931085110e-03
6.009748205542564392e-03
-3.408195683732628822e-03
2.755026333034038544e-03
1.477282524108886719e+00
1.022935032844543457e+00
-1.765858530998229980e+00
6.901168823242187500e-01
