9.715079307556152344e+00
1.572200870513916016e+01
7.308706283569335938e+00
1.561962509155273438e+01
1.556263542175292969e+01
1.544682312011718750e+01
1.204582881927490234e+01
1.019562435150146484e+01
-9.722962379455566406e+00
6.126621246337890625e+00
6.250909805297851562e+00
-4.115628719329833984e+00
7.486944198608398438e-01
-1.666670989990234375e+01
6.155258655548095703e+00
5.767221450805664062e+00
6.930082798004150391e+00
7.576225757598876953e+00
-2.544506072998046875e+00
1.366689801216125488e+00
4.327680915594100952e-02
1.066883373260498047e+01
-6.005223274230957031e+00
4.752564430236816406e-01
-7.171137332916259766e+00
-6.351387500762939453e-01
5.152923107147216797e+00
-5.118460655212402344e+00
-1.109637069702148438e+01
4.782312214374542236e-01
1.043279051780700684e+00
4.980870187282562256e-01
6.080151557922363281e+00
-2.467108964920043945e+00
2.377891063690185547e+00
-2.612254023551940918e-01
5.181060433387756348e-01
2.200670242309570312e+00
8.082590103149414062e+00
-1.115564227104187012e+00
-1.585619926452636719e+00
-5.378739356994628906e+00
-1.169689774513244629e+00
-3.238110780715942383e+00
2.024180889129638672e+00
3.979889392852783203e+00
3.407680273056030273e+00
-1.096252918243408203e+00
-7.430177927017211914e-01
1.309897780418395996e+00
9.116619825363159180e-01
9.385047554969787598e-01
-3.621545791625976562e+00
1.955359339714050293e+00
2.485735893249511719e+00
-2.012298822402954102e+00
-2.780405521392822266e+00
7.461359500885009766e-01
3.197364330291748047e+00
-1.254396200180053711e+00
4.141876697540283203e+00
5.999376773834228516e-01
4.398731231689453125e+00
3.532002449035644531e+00
-3.723143577575683594e+00
-1.707472443580627441e+00
-1.107279300689697266e+00
-1.925669789314270020e+00
-3.591922760009765625e+00
-4.452293217182159424e-01
-1.515890359878540039e+00
1.228305459022521973e+00
1.328493356704711914e+00
2.202575683593750000e+00
-1.920450806617736816e+00
3.356267452239990234e+00
-3.327810049057006836e+00
-3.056159973144531250e+00
6.497300148010253906e+00
3.279825687408447266e+00
7.977471947669982910e-01
3.121067523956298828e+00
4.505569458007812500e+00
1.087647438049316406e+00
-1.460616469383239746e+00
5.483678579330444336e-01
1.501607060432434082e+00
3.251644968986511230e-01
-3.895960569381713867e+00
2.166640281677246094e+00
3.351871013641357422e+00
-4.415370821952819824e-01
-2.468757867813110352e+00
1.092868328094482422e+00
2.490774154663085938e+00
-2.673506975173950195e+00
7.208329439163208008e-01
-5.039594769477844238e-01
4.338730335235595703e+00
3.523690223693847656e+00
-3.210867643356323242e+00
-5.346683859825134277e-01
-1.113051846623420715e-01
1.210694201290607452e-02
-2.503255605697631836e+00
-1.041054204106330872e-01
3.681343495845794678e-01
-1.412555813789367676e+00
1.663880348205566406e+00
-7.757375482469797134e-03
-5.221547931432723999e-02
2.896212100982666016e+00
-1.533974528312683105e+00
-3.366833686828613281e+00
5.673636913299560547e+00
3.858009815216064453e+00
-7.644409537315368652e-01
