7.519237041473388672e+00
3.444670200347900391e+00
1.839000129699707031e+01
1.544201755523681641e+01
1.011624336242675781e+01
1.599557781219482422e+01
5.345246791839599609e+00
1.633551216125488281e+01
6.294784069061279297e+00
1.606107902526855469e+01
1.717969894409179688e+01
1.409547901153564453e+01
1.660263252258300781e+01
-4.196022510528564453e+00
-5.542331695556640625e+00
-6.904771327972412109e+00
1.144847631454467773e+00
-5.310301780700683594e+00
8.339219093322753906e+00
2.386526823043823242e+00
2.614268064498901367e+00
1.394674205780029297e+01
5.294347763061523438e+00
-7.198283076286315918e-01
-4.919717311859130859e+00
4.494277954101562500e+00
-4.035998582839965820e-01
4.661401748657226562e+00
-1.233950901031494141e+01
-4.139344692230224609e+00
6.108695864677429199e-01
2.766947269439697266e+00
2.367479354143142700e-01
3.374658584594726562e+00
4.794741570949554443e-01
-5.195479393005371094e+00
-2.006218671798706055e+00
1.511164605617523193e-01
6.013873100280761719e+00
-2.994279146194458008e+00
1.024310493469238281e+01
-4.319839477539062500e+00
-2.694700002670288086e+00
9.288583993911743164e-01
-1.290767919272184372e-02
3.786113739013671875e+00
4.659076690673828125e+00
-2.641628503799438477e+00
-3.084609985351562500e+00
2.890010356903076172e+00
4.279565334320068359e+00
-2.690613985061645508e+00
-8.303685188293457031e+00
-1.632522195577621460e-01
-5.060831069946289062e+00
-2.161087751388549805e+00
8.018087595701217651e-02
-1.970487833023071289e+00
4.088027477264404297e-01
1.528506428003311157e-01
-1.483174681663513184e+00
-5.664654731750488281e+00
6.889588832855224609e+00
-2.025422334671020508e+00
7.586855888366699219e+00
9.066618919372558594e+00
7.838041305541992188e+00
-1.738677501678466797e+00
-3.931297779083251953e+00
4.336584568023681641e+00
1.710675835609436035e+00
9.856450080871582031e+00
4.686435222625732422e+00
2.141404151916503906e+00
1.879183501005172729e-01
4.281078815460205078e+00
-5.909935832023620605e-01
8.666372299194335938e+00
-3.962733268737792969e+00
1.231558418273925781e+01
-6.564662456512451172e+00
2.536257505416870117e+00
6.274057388305664062e+00
-4.421504020690917969e+00
-1.994852274656295776e-01
-3.580754756927490234e+00
-6.511983394622802734e+00
-5.429062843322753906e-01
-1.529314637184143066e+00
7.035052299499511719e+00
-4.607565879821777344e+00
3.596174240112304688e+00
-1.130998325347900391e+01
5.734023094177246094e+00
1.092671990394592285e+00
-3.387546539306640625e+00
-2.205065727233886719e+00
1.055932164192199707e+00
-3.863327264785766602e+00
-1.199157118797302246e+00
-2.986571311950683594e+00
9.488658905029296875e+00
-1.618557214736938477e+00
4.403784275054931641e+00
-4.764254570007324219e+00
9.144767522811889648e-01
3.277682542800903320e+00
8.016923904418945312e+00
2.209598302841186523e+00
-1.726435780525207520e+00
1.245954185724258423e-01
2.497162103652954102e+00
-5.325183391571044922e+00
9.529041290283203125e+00
6.092071056365966797e+00
-5.324877738952636719e+00
-3.729539155960083008e+00
1.380045175552368164e+00
4.880712032318115234e+00
-3.573103666305541992e+00
1.696822762489318848e+00
5.309840202331542969e+00
-1.214722633361816406e+00
1.324034690856933594e+00
8.628427386283874512e-01
-2.954606294631958008e+00
8.077857494354248047e-01
-1.367384672164916992e+00
3.096164226531982422e+00
3.254237473011016846e-01
2.755686044692993164e+00
-2.537898346781730652e-02
-1.600873827934265137e+00
-4.935801506042480469e+00
-2.963829040527343750e+00
-1.713843822479248047e+00
-3.977499902248382568e-02
3.396490573883056641e+00
5.247294425964355469e+00
6.038392782211303711e-01
-4.569051265716552734e+00
-3.166774749755859375e+00
-1.003393530845642090e+00
1.032026261091232300e-01
-3.529485702514648438e+00
2.203893899917602539e+00
-1.415705919265747070e+00
-3.291521668434143066e-01
-5.883444309234619141e+00
2.534584283828735352e+00
1.277713298797607422e+00
-6.333484172821044922e+00
8.989432454109191895e-02
-1.575291514396667480e+00
6.085784435272216797e+00
-1.105310559272766113e+00
1.354855537414550781e+00
4.030357837677001953e+00
-5.581012368202209473e-01
1.475201398134231567e-01
1.996545433998107910e+00
2.785915851593017578e+00
2.155181646347045898e+00
2.764692783355712891e+00
2.330448627471923828e+00
6.086272001266479492e-01
-9.605902433395385742e-01
4.328845500946044922e+00
4.032846093177795410e-01
2.783269166946411133e+00
-2.179662466049194336e+00
4.899159431457519531e+00
4.763889789581298828e+00
-9.306956529617309570e-01
-2.876106262207031250e+00
1.121364593505859375e+00
-6.781934499740600586e-01
-9.368031620979309082e-01
1.383047938346862793e+00
-8.043013215065002441e-01
-6.140962600708007812e+00
2.147240638732910156e-01
4.384063720703125000e+00
7.192139625549316406e-01
4.011300563812255859e+00
-3.058201313018798828e+00
3.403267621994018555e+00
1.312366008758544922e+00
1.607064127922058105e+00
-4.139986515045166016e+00
9.174325942993164062e+00
3.409054517745971680e+00
1.435172796249389648e+00
1.346978545188903809e+00
-2.674146652221679688e+00
-3.772496461868286133e+00
2.542752265930175781e+00
3.447070717811584473e-01
-3.590836048126220703e+00
2.195159912109375000e+00
-4.704256355762481689e-01
1.802333235740661621e+00
2.567730188369750977e+00
-1.980736136436462402e+00
-1.294362664222717285e+00
2.298021554946899414e+00
7.001059055328369141e-01
5.218195438385009766e+00
-2.397434711456298828e+00
4.995695590972900391e+00
1.409247398376464844e+00
-1.369101047515869141e+00
5.440629005432128906e+00
-1.696210861206054688e+00
-1.282241821289062500e+00
2.300688743591308594e+00
-9.775251150131225586e-01
-4.272571504116058350e-01
-1.465520858764648438e+00
2.004943341016769409e-01
-1.303815603256225586e+00
-2.467670679092407227e+00
-1.065069794654846191e+00
3.320661187171936035e-01
-3.364212751388549805e+00
2.794022321701049805e+00
-8.235915899276733398e-01
9.738320112228393555e-01
2.133878469467163086e+00
4.720644354820251465e-01
9.636834859848022461e-01
7.730247974395751953e-01
4.601899147033691406e+00
1.122733116149902344e+00
-3.065020442008972168e-01
1.903886675834655762e+00
2.689142465591430664e+00
1.979462146759033203e+00
4.732093811035156250e+00
-2.536896705627441406e+00
-1.503154039382934570e+00
-2.838865995407104492e+00
-1.162915825843811035e+00
-2.102879434823989868e-01
2.822447121143341064e-01
4.784141540527343750e+00
-7.684201002120971680e-01
1.928277015686035156e-01
1.216453433036804199e+00
1.418239593505859375e+00
-2.293546438217163086e+00
1.986642718315124512e+00
-1.046476244926452637e+00
3.858604431152343750e-01
-6.587368249893188477e-01
8.419411778450012207e-01
1.683380305767059326e-01
-2.193243980407714844e+00
2.248553514480590820e+00
5.740108489990234375e-01
-4.763678312301635742e-01
8.421846032142639160e-01
3.490402460098266602e+00
6.690160036087036133e-01
-6.079573929309844971e-02
-2.884888947010040283e-01
-1.366612911224365234e+00
1.283009290695190430e+00
1.686978936195373535e-01
-1.305791497230529785e+00
5.416444540023803711e-01
-2.169439554214477539e+00
-2.035121202468872070e+00
1.146031379699707031e+00
4.206560611724853516e+00
-8.931919932365417480e-02
1.714654088020324707e+00
3.825875282287597656e+00
-3.872674703598022461e-01
1.977487921714782715e+00
-2.997416496276855469e+00
2.326229333877563477e+00
-1.014484524726867676e+00
3.499650955200195312e+00
-9.889810085296630859e-01
8.063356876373291016e-01
-1.222715973854064941e+00
