7.674366950988769531e+00
3.866237401962280273e+00
1.615212059020996094e+01
1.545579147338867188e+01
1.043280792236328125e+01
1.599022388458251953e+01
6.146430015563964844e+00
1.688943672180175781e+01
7.281991004943847656e+00
1.563219070434570312e+01
1.570652770996093750e+01
1.419221591949462891e+01
1.632798576354980469e+01
-4.767432689666748047e+00
-4.363953113555908203e+00
-7.117379188537597656e+00
-2.552595853805541992e+00
-4.634086608886718750e+00
7.609148979187011719e+00
3.765583515167236328e+00
6.316121220588684082e-01
7.341669082641601562e+00
7.607610702514648438e+00
3.068422079086303711e+00
-6.231928825378417969e+00
4.925511837005615234e+00
-5.566719770431518555e-01
7.541260242462158203e+00
-9.947340011596679688e+00
-2.135254621505737305e+00
-5.174648761749267578e-01
2.321469783782958984e+00
-1.228210210800170898e+00
4.265960693359375000e+00
3.061655163764953613e-01
-3.785170078277587891e+00
-5.297176837921142578e-01
3.299079835414886475e-01
3.142203569412231445e+00
6.757043004035949707e-01
1.040089225769042969e+01
-5.107835292816162109e+00
-3.070141315460205078e+00
2.467563629150390625e+00
1.129455327987670898e+00
2.856027603149414062e+00
6.107489109039306641e+00
-9.136903882026672363e-01
-3.426789522171020508e+00
2.337852716445922852e+00
5.582370281219482422e+00
-3.420390605926513672e+00
-5.382667064666748047e+00
3.118833303451538086e+00
-5.094766616821289062e+00
-6.849689483642578125e-01
1.395397663116455078e+00
-1.412868618965148926e+00
-3.231175243854522705e-01
-3.470387309789657593e-02
-1.902783155441284180e+00
-4.122447013854980469e+00
6.707051753997802734e+00
-3.115875422954559326e-01
3.570848226547241211e+00
6.000105381011962891e+00
8.383483886718750000e+00
-4.010535717010498047e+00
-4.302385807037353516e+00
4.527663230895996094e+00
3.483799457550048828e+00
8.017643928527832031e+00
2.211145639419555664e+00
2.762835025787353516e+00
-3.178833425045013428e-01
2.851528167724609375e+00
1.245794773101806641e+00
7.787366390228271484e+00
-3.547492742538452148e+00
1.037963867187500000e+01
-8.847084999084472656e+00
6.156664490699768066e-01
4.670664787292480469e+00
-7.328391551971435547e+00
2.761604309082031250e+00
-4.136096000671386719e+00
-7.657484054565429688e+00
-4.316079914569854736e-01
-1.263822793960571289e+00
3.758061885833740234e+00
-4.463130950927734375e+00
4.967552185058593750e+00
-1.096444416046142578e+01
4.916338920593261719e+00
-2.624266147613525391e-01
-2.295644760131835938e+00
-8.506478667259216309e-01
1.538148283958435059e+00
-3.575329780578613281e+00
1.627733349800109863e+00
-2.984445095062255859e+00
8.783967018127441406e+00
-1.196789979934692383e+00
4.508739471435546875e+00
-3.041369915008544922e+00
5.558179616928100586e-01
5.375013828277587891e+00
8.594170570373535156e+00
3.250894069671630859e+00
-2.647614479064941406e+00
1.201912403106689453e+00
-7.753190994262695312e-01
-6.957271099090576172e+00
7.888837814331054688e+00
4.829617977142333984e+00
-6.422630310058593750e+00
-4.060300350189208984e+00
2.057954818010330200e-01
5.279883861541748047e+00
-1.425302028656005859e-01
1.281497478485107422e+00
7.227091789245605469e+00
-3.462704122066497803e-01
9.201145768165588379e-01
1.353934049606323242e+00
-3.379141807556152344e+00
9.736909270286560059e-01
-7.310047149658203125e-01
1.355465769767761230e+00
-7.712622880935668945e-01
8.450565934181213379e-01
2.845611810684204102e+00
-5.675589442253112793e-01
-4.749054431915283203e+00
-4.755684852600097656e+00
-2.479408502578735352e+00
1.970682621002197266e+00
3.642610549926757812e+00
5.415624141693115234e+00
1.849362134933471680e+00
-2.226488351821899414e+00
8.474928736686706543e-01
2.630380094051361084e-01
1.657506227493286133e+00
-1.304818749427795410e+00
5.578308105468750000e+00
-5.423430204391479492e-01
3.577835261821746826e-01
-6.065688610076904297e+00
-1.102293655276298523e-01
1.331447243690490723e+00
-5.767727375030517578e+00
2.181661844253540039e+00
-1.639093041419982910e+00
5.924498081207275391e+00
-3.317565679550170898e+00
6.619461774826049805e-01
4.113928794860839844e+00
5.175161361694335938e-01
6.940682232379913330e-02
1.888374686241149902e+00
2.748914480209350586e+00
2.934353828430175781e+00
-7.949095964431762695e-01
6.386299133300781250e-01
3.941911756992340088e-01
-5.869520306587219238e-01
5.643167018890380859e+00
2.690221369266510010e-01
1.234408617019653320e+00
-3.380959510803222656e+00
6.223245143890380859e+00
4.586273670196533203e+00
-1.229455590248107910e+00
-1.980938434600830078e+00
2.675957918167114258e+00
-8.950238823890686035e-01
2.034445852041244507e-01
2.016631364822387695e+00
-4.506985545158386230e-01
-4.443407058715820312e+00
3.123463630676269531e+00
2.137362957000732422e+00
8.251803517341613770e-01
5.664101600646972656e+00
-2.431047201156616211e+00
3.425955533981323242e+00
8.894805908203125000e-01
2.461014509201049805e+00
-3.575333118438720703e+00
9.007695198059082031e+00
2.535871267318725586e+00
1.586508154869079590e+00
1.608298301696777344e+00
-3.095991611480712891e+00
-1.814748048782348633e+00
2.564578056335449219e+00
3.625834286212921143e-01
-3.526951074600219727e+00
2.709662199020385742e+00
-4.303086400032043457e-01
2.570320129394531250e+00
2.861042261123657227e+00
-2.084801435470581055e+00
-1.648194789886474609e+00
1.386629700660705566e+00
4.329940974712371826e-01
4.614396572113037109e+00
-1.109588980674743652e+00
4.568807601928710938e+00
2.101526260375976562e+00
7.364564538002014160e-01
6.759361743927001953e+00
-7.220681905746459961e-01
-9.799942374229431152e-01
2.087106704711914062e+00
-1.617457628250122070e+00
-1.868825554847717285e-01
-1.163819789886474609e+00
-2.330268323421478271e-01
-1.083968520164489746e+00
-1.742671847343444824e+00
-2.001391172409057617e+00
8.313214182853698730e-01
-3.574733018875122070e+00
1.756760239601135254e+00
-1.178634524345397949e+00
1.941832900047302246e+00
1.840518355369567871e+00
8.517710566520690918e-01
1.347139954566955566e+00
2.345510244369506836e+00
3.124254703521728516e+00
1.245765328407287598e+00
-2.972641885280609131e-01
1.189893484115600586e+00
4.122526168823242188e+00
2.378764867782592773e+00
2.835044622421264648e+00
-1.289165258407592773e+00
-1.198001503944396973e+00
-1.926174044609069824e+00
-8.124780058860778809e-01
1.513779759407043457e-01
2.343086451292037964e-01
4.834702491760253906e+00
-1.036958217620849609e+00
-2.434898763895034790e-01
2.103641510009765625e+00
1.612148880958557129e+00
-1.821887731552124023e+00
1.998488783836364746e+00
-1.138473272323608398e+00
6.398073434829711914e-01
-6.956160664558410645e-01
9.216925501823425293e-01
-1.966273412108421326e-02
-1.808542370796203613e+00
3.454112052917480469e+00
4.223392307758331299e-01
-4.820066988468170166e-01
2.206490635871887207e-01
2.681269407272338867e+00
4.809907972812652588e-01
5.077751725912094116e-02
-2.042715400457382202e-01
-1.722015976905822754e+00
1.241232037544250488e+00
5.997523665428161621e-01
-1.273283481597900391e+00
4.445163607597351074e-01
-2.171268939971923828e+00
-1.098820328712463379e+00
1.713142693042755127e-01
2.972774744033813477e+00
3.517861068248748779e-01
1.546723842620849609e+00
4.146675109863281250e+00
-1.542158722877502441e-01
2.011184215545654297e+00
-1.202692389488220215e+00
2.747982025146484375e+00
-9.300210475921630859e-01
2.757540225982666016e+00
-8.457071185111999512e-01
6.055459380149841309e-01
-4.736725330352783203e+00
