1.546560168266296387e+00
1.220461249351501465e+00
1.528268814086914062e+00
3.870820522308349609e+00
1.252359509468078613e+00
2.289169311523437500e+00
2.731477499008178711e+00
2.369384288787841797e+00
1.782266020774841309e+00
2.032613515853881836e+00
2.616382122039794922e+00
1.748935937881469727e+00
8.340285420417785645e-01
7.124592661857604980e-01
1.625750184059143066e+00
-5.549072027206420898e-01
4.106377363204956055e-01
-1.689497940242290497e-02
1.903604745864868164e+00
-5.154740065336227417e-02
-3.917172253131866455e-01
4.478301107883453369e-01
5.178958177566528320e-01
8.616905808448791504e-01
-8.739601373672485352e-01
6.564085483551025391e-01
5.541734397411346436e-02
2.328956723213195801e-01
2.084887266159057617e+00
1.060826182365417480e-01
-1.716070063412189484e-02
-5.739119648933410645e-02
-2.960551679134368896e-01
-2.803299427032470703e-01
-2.651892602443695068e-01
9.684687107801437378e-02
-2.765266597270965576e-01
2.326055467128753662e-01
-7.684809621423482895e-03
-6.536522507667541504e-02
-4.601113125681877136e-02
1.495752036571502686e-01
-8.195830583572387695e-01
9.306736946105957031e+00
1.098727130889892578e+01
1.313421916961669922e+01
1.348932456970214844e+01
1.402251911163330078e+01
1.550980758666992188e+01
1.503362274169921875e+01
1.667766571044921875e+01
1.783116340637207031e+01
1.909091567993164062e+01
1.971896171569824219e+01
2.245948219299316406e+01
2.827181053161621094e+01
3.098761940002441406e+01
1.441742658615112305e+00
-5.519845485687255859e-01
5.563974976539611816e-01
2.049451619386672974e-01
-3.449135124683380127e-01
-4.809933304786682129e-01
1.286067664623260498e-01
-3.203580081462860107e-01
-1.387170910835266113e+00
3.811426758766174316e-01
-4.415555000305175781e-01
-6.865478157997131348e-01
-8.944574594497680664e-01
1.685837358236312866e-01
6.159105896949768066e-01
-3.204186856746673584e-01
3.521163165569305420e-01
-1.383219361305236816e+00
3.442693352699279785e-01
9.387849569320678711e-01
3.782942295074462891e-01
4.918722808361053467e-01
-9.843564778566360474e-02
4.189988076686859131e-01
2.201289534568786621e-01
1.459651589393615723e-01
1.757421016693115234e+00
5.930189490318298340e-01
-1.289884328842163086e+00
-1.090372085571289062e+00
-3.080640137195587158e-01
7.488266229629516602e-01
-1.886345297098159790e-01
-7.896357774734497070e-01
4.628135263919830322e-01
-5.890820026397705078e-01
-4.741317331790924072e-01
-1.393872737884521484e+00
1.399613022804260254e+00
1.293644905090332031e+00
-2.125805914402008057e-01
2.092541903257369995e-01
-1.836046762764453888e-02
-1.213843107223510742e+00
1.577664256095886230e+00
-9.543523788452148438e-01
1.029736995697021484e+00
5.743676424026489258e-01
1.647305488586425781e+00
8.454446792602539062e-01
2.395861864089965820e+00
-3.703861534595489502e-01
-5.929003357887268066e-01
4.020078480243682861e-01
3.012758679687976837e-02
-3.090271949768066406e-01
-3.874210715293884277e-01
-1.414143562316894531e+00
-1.054783724248409271e-02
5.372453853487968445e-02
-2.459547519683837891e-01
4.593226015567779541e-01
4.238320291042327881e-01
-1.267151117324829102e+00
1.281076669692993164e-01
3.579712510108947754e-01
3.037249147891998291e-01
-1.606321454048156738e+00
-2.212245225906372070e+00
-1.055406451225280762e+00
-4.888162016868591309e-01
1.854322403669357300e-01
-2.352664321660995483e-01
4.507377743721008301e-01
7.863429188728332520e-01
-1.329069584608078003e-01
4.922220408916473389e-01
-4.318171739578247070e-01
1.002860546112060547e+00
-5.450562238693237305e-01
2.889586985111236572e-01
2.790055871009826660e-01
2.904447317123413086e-01
-5.205651521682739258e-01
5.017446279525756836e-01
8.285794854164123535e-01
-1.946066617965698242e+00
3.419972956180572510e-01
-5.349984765052795410e-01
2.636490345001220703e+00
7.737556006759405136e-04
3.398678004741668701e-01
-1.863002538681030273e+00
5.853227376937866211e-01
2.247712612152099609e-01
5.319989919662475586e-01
1.088270068168640137e+00
1.022810101509094238e+00
8.248869776725769043e-01
1.602333307266235352e+00
-1.493641138076782227e+00
6.249726414680480957e-01
1.853988409042358398e+00
-5.319772753864526749e-03
-1.336190342903137207e+00
-2.384933978319168091e-01
-9.990926086902618408e-02
-2.369767278432846069e-01
-4.855022206902503967e-02
2.896209061145782471e-01
9.521117210388183594e-01
-1.554106473922729492e-01
1.202635653316974640e-02
8.907772898674011230e-01
-2.908669710159301758e-01
-2.341761142015457153e-01
5.803739428520202637e-01
2.769114673137664795e-01
3.118066787719726562e-01
3.214485347270965576e-01
3.953488767147064209e-01
-4.072337746620178223e-01
3.077998943626880646e-02
-3.134698867797851562e-01
1.240211576223373413e-01
-6.149405613541603088e-03
-1.832842528820037842e-01
6.450313329696655273e-01
2.291449457406997681e-01
-4.793903529644012451e-01
9.944752454757690430e-01
7.622616887092590332e-01
4.882381483912467957e-02
9.068743586540222168e-01
3.918175399303436279e-01
-4.690480977296829224e-02
5.433171242475509644e-02
2.468829154968261719e-01
-2.818261682987213135e-01
2.680565118789672852e-01
3.697284311056137085e-02
2.347472459077835083e-01
2.447050809860229492e-01
7.681651115417480469e-01
-1.386975646018981934e+00
-2.405252456665039062e-01
1.793687939643859863e-01
-1.325935125350952148e-01
1.471857447177171707e-02
2.665229737758636475e-01
1.459372639656066895e-01
-6.614505648612976074e-01
-1.408357620239257812e+00
-8.068810701370239258e-01
-1.475104928016662598e+00
-6.508824825286865234e-01
3.549801707267761230e-01
2.349542975425720215e-01
-1.296512931585311890e-01
-5.638010427355766296e-02
5.088053643703460693e-03
3.716831505298614502e-01
3.563109636306762695e-01
-1.079692721366882324e+00
6.196916699409484863e-01
5.445206761360168457e-01
-8.012184500694274902e-02
1.616433821618556976e-02
-6.650476902723312378e-02
1.406137645244598389e-01
2.836430370807647705e-01
-1.383341848850250244e-01
-1.101481914520263672e+00
-1.365827117115259171e-02
3.137588798999786377e-01
1.595416814088821411e-01
5.507841706275939941e-01
1.037092432379722595e-01
1.342464685440063477e-01
3.109912388026714325e-02
1.218114867806434631e-01
6.218284368515014648e-01
1.644635498523712158e-01
-1.248449236154556274e-01
1.930928826332092285e-01
-5.892135500907897949e-01
-7.109420001506805420e-02
-4.460149407386779785e-01
-1.004498958587646484e+00
-6.096618622541427612e-02
2.814929485321044922e-01
4.410520493984222412e-01
1.777081936597824097e-01
3.306317627429962158e-01
1.079777777194976807e-01
1.950116902589797974e-01
-2.016931772232055664e-01
6.120989322662353516e-01
-4.684369862079620361e-01
6.089504957199096680e-01
7.095282673835754395e-01
-2.749786674976348877e-01
-5.965180993080139160e-01
-2.364374548196792603e-01
-3.054683506488800049e-01
4.332608878612518311e-01
-2.787897288799285889e-01
-3.872072994709014893e-01
-9.121678024530410767e-02
-1.517719328403472900e-01
-3.285357356071472168e-01
1.215827688574790955e-01
2.204120904207229614e-01
1.524899303913116455e-01
-2.074549645185470581e-01
-2.541256844997406006e-01
-1.987880170345306396e-01
-1.264944821596145630e-01
-2.960968613624572754e-01
-6.548731774091720581e-02
2.059851139783859253e-01
-1.098889857530593872e-01
-1.724501512944698334e-02
7.451746612787246704e-02
-3.967210352420806885e-01
-2.570744752883911133e-01
-2.183152586221694946e-01
2.526464760303497314e-01
8.430728316307067871e-02
-2.741651833057403564e-01
2.596561312675476074e-01
1.324410438537597656e-01
5.878166481852531433e-02
-2.669443488121032715e-01
-1.105784252285957336e-01
-9.072631597518920898e-01
-2.992380261421203613e-01
-2.787503786385059357e-02
-5.311493575572967529e-02
1.818983107805252075e-01
9.232667833566665649e-02
-3.296611309051513672e-01
4.362002387642860413e-02
3.659047931432723999e-02
-1.779610663652420044e-01
1.225949749350547791e-01
1.018955931067466736e-02
-4.898090660572052002e-02
-3.602761030197143555e-01
8.725948631763458252e-02
2.972269356250762939e-01
-2.350980788469314575e-01
7.567898184061050415e-02
5.913240313529968262e-01
-2.768004536628723145e-01
-8.679357171058654785e-02
6.193638965487480164e-02
4.080821275711059570e-01
2.384020984172821045e-01
9.054878354072570801e-02
-3.848636746406555176e-01
1.033029332756996155e-01
-5.824056640267372131e-02
-2.693958580493927002e-01
-9.169945865869522095e-02
1.551492363214492798e-01
6.368556618690490723e-02
1.094514653086662292e-01
4.977611899375915527e-01
1.439073234796524048e-01
2.561145424842834473e-01
-4.741110503673553467e-01
-3.433244526386260986e-01
8.761446475982666016e-01
-3.385444879531860352e-01
-3.789091706275939941e-01
2.340893149375915527e-01
2.240509837865829468e-01
8.924528956413269043e-01
7.827908992767333984e-01
2.302862405776977539e-01
-7.410070896148681641e-01
4.273954629898071289e-01
-2.137892842292785645e-01
-2.871483862400054932e-01
2.291262000799179077e-01
-2.736062109470367432e-01
3.355910480022430420e-01
-2.785874009132385254e-01
8.472141623497009277e-02
5.422281026840209961e-01
-7.565950602293014526e-02
-1.326297074556350708e-01
1.040677547454833984e+00
7.272750884294509888e-02
-3.016937673091888428e-01
3.385967612266540527e-01
-7.691166400909423828e-01
4.073748588562011719e-01
-5.310931205749511719e-01
1.544573456048965454e-01
7.664722204208374023e-02
2.750169336795806885e-01
-8.083216100931167603e-02
1.222685724496841431e-01
-5.471261143684387207e-01
2.740932106971740723e-01
4.611921310424804688e-01
2.881740033626556396e-01
-1.404306143522262573e-01
4.317487776279449463e-01
-3.051826655864715576e-01
-4.041029810905456543e-01
-3.320069313049316406e-01
1.858299374580383301e-01
-9.597266092896461487e-03
-6.602935958653688431e-03
5.396362394094467163e-03
5.214872304350137711e-03
-6.831232458353042603e-03
-2.900275401771068573e-03
2.856754232197999954e-03
-2.428338862955570221e-03
-8.889532648026943207e-03
-4.033463075757026672e-03
-6.301648449152708054e-03
-3.559212666004896164e-03
-8.593951351940631866e-04
5.771842785179615021e-03
-3.080241382122039795e-03
6.392012350261211395e-03
4.826419986784458160e-03
5.924799013882875443e-03
-1.110853394493460655e-03
-7.981576956808567047e-03
-8.747900836169719696e-03
8.819447830319404602e-03
-1.662248687352985144e-04
1.292673754505813122e-03
-5.381552502512931824e-03
2.679908648133277893e-03
-3.196072066202759743e-03
-2.819471526890993118e-03
2.661209786310791969e-03
2.419227501377463341e-03
9.914986789226531982e-03
-7.141727954149246216e-03
-6.306450348347425461e-03
-1.847285660915076733e-03
-1.487210858613252640e-03
8.927287999540567398e-04
3.888766048476099968e-03
7.523151580244302750e-04
2.220119582489132881e-03
-3.354502376168966293e-03
-8.130325004458427429e-03
-7.470730226486921310e-03
7.126806303858757019e-04
1.007875776849687099e-03
-6.305086892098188400e-03
-8.025504066608846188e-04
4.723538644611835480e-03
-5.950780585408210754e-03
7.621712516993284225e-03
2.556609455496072769e-03
-3.688797820359468460e-03
5.282868631184101105e-03
1.734406570903956890e-03
-4.231077153235673904e-03
9.906853549182415009e-03
-3.845195053145289421e-03
4.428701475262641907e-03
-6.021814886480569839e-03
-3.278267337009310722e-03
2.883381210267543793e-03
4.217814654111862183e-03
6.152772344648838043e-03
-7.541637402027845383e-03
5.308263469487428665e-03
-7.767881616018712521e-04
-6.180765572935342789e-03
1.494217896834015846e-03
-6.976121570914983749e-03
-1.826831372454762459e-03
3.694574814289808273e-03
-6.375274155288934708e-03
1.742222695611417294e-03
-2.898706356063485146e-03
-3.677665255963802338e-03
-4.202569834887981415e-03
-8.203518576920032501e-03
-2.676805248484015465e-03
-9.921023622155189514e-03
9.495952166616916656e-03
-5.952728912234306335e-03
-2.816555788740515709e-04
7.375217508524656296e-03
-8.929166360758244991e-04
6.205026991665363312e-03
1.253976719453930855e-03
-2.506533870473504066e-03
-8.932068943977355957e-03
9.688704274594783783e-03
-9.218315593898296356e-03
6.371748168021440506e-03
2.278406871482729912e-03
-6.645214278250932693e-03
-4.056834441144019365e-04
-8.244005031883716583e-03
2.020026877289637923e-04
5.646219011396169662e-03
8.138267323374748230e-03
-2.204677788540720940e-03
-4.975178278982639313e-03
1.217501703649759293e-03
2.499179681763052940e-04
4.205192904919385910e-03
8.308014832437038422e-03
-6.642158608883619308e-03
-7.630884647369384766e-03
1.573481559753417969e+00
6.299837231636047363e-01
-1.072364687919616699e+00
4.191040098667144775e-01
