1.543786048889160156e+00
1.233914375305175781e+00
1.487998723983764648e+00
4.089731693267822266e+00
1.138448357582092285e+00
1.867516636848449707e+00
3.080594539642333984e+00
2.105428457260131836e+00
1.868300914764404297e+00
1.061580061912536621e+00
1.942497134208679199e+00
2.179898977279663086e+00
1.989682078361511230e+00
7.826468944549560547e-01
8.307110667228698730e-01
-3.929843008518218994e-01
6.363351643085479736e-02
1.611149013042449951e-01
1.172490119934082031e+00
-1.537874788045883179e-01
-8.122344315052032471e-02
4.023732617497444153e-02
3.353819251060485840e-01
1.825379729270935059e+00
-1.344360262155532837e-01
2.641846239566802979e-01
-1.734108775854110718e-01
-4.952600896358489990e-01
1.217342019081115723e+00
-5.519009195268154144e-03
-5.891092121601104736e-02
-7.537262141704559326e-02
-3.179574012756347656e-01
-1.296344101428985596e-01
-1.682184189558029175e-01
-5.444986000657081604e-02
-5.173902958631515503e-02
1.860471442341804504e-02
2.494374103844165802e-02
-1.846701651811599731e-01
1.248582676053047180e-01
1.562215834856033325e-01
-1.086595892906188965e+00
9.312406539916992188e+00
1.097395324707031250e+01
1.317764282226562500e+01
1.367619323730468750e+01
1.405752754211425781e+01
1.546447753906250000e+01
1.489951610565185547e+01
1.683443641662597656e+01
1.765333366394042969e+01
1.828493118286132812e+01
1.925674438476562500e+01
1.955452728271484375e+01
2.319666290283203125e+01
2.383058738708496094e+01
1.276736855506896973e+00
-3.973008990287780762e-01
5.363324880599975586e-01
4.621083289384841919e-02
-2.082310765981674194e-01
-5.472338795661926270e-01
5.712882056832313538e-02
3.452599942684173584e-01
-1.478004813194274902e+00
1.114881783723831177e-01
-6.082239151000976562e-01
-4.507870674133300781e-01
-4.830115437507629395e-01
7.014270424842834473e-01
4.120263755321502686e-01
-4.253606200218200684e-01
8.670187741518020630e-02
-6.379293203353881836e-01
3.044273471459746361e-03
8.741152882575988770e-01
1.676346212625503540e-01
-5.068144202232360840e-02
-3.407322466373443604e-01
-1.046583876013755798e-01
3.026612102985382080e-01
-1.846229881048202515e-01
1.672676801681518555e+00
2.004369199275970459e-01
-1.585792779922485352e+00
-7.082961201667785645e-01
-5.195982009172439575e-02
4.912652075290679932e-01
-1.785975545644760132e-01
-1.193980202078819275e-01
-1.689049601554870605e-02
-3.398505747318267822e-01
-2.883929014205932617e-01
-2.995677292346954346e-01
7.249594330787658691e-01
2.052720069885253906e+00
2.620667219161987305e-01
-2.426487505435943604e-01
-3.610368072986602783e-02
-1.261191844940185547e+00
1.482031226158142090e+00
-9.424899220466613770e-01
8.309696614742279053e-02
2.425210177898406982e-01
3.313983380794525146e-01
3.112045824527740479e-01
1.837178707122802734e+00
-3.566814661026000977e-01
4.453610163182020187e-03
5.648429393768310547e-01
-2.640290260314941406e-01
-3.729180619120597839e-02
1.151052117347717285e+00
-2.710381448268890381e-01
-7.786857485771179199e-01
-7.134983539581298828e-01
2.174807786941528320e-01
-1.569526046514511108e-01
2.893770039081573486e-01
-1.226604223251342773e+00
-2.333269864320755005e-01
-4.412291347980499268e-01
1.830706447362899780e-01
-4.974910914897918701e-01
-1.456477761268615723e+00
-1.135079383850097656e+00
-4.229764342308044434e-01
3.183696866035461426e-01
4.668952152132987976e-02
-4.229621291160583496e-01
-6.516441702842712402e-02
-3.564130961894989014e-01
5.578588247299194336e-01
-7.821419835090637207e-01
1.629233956336975098e+00
4.684731364250183105e-01
3.943901062011718750e-01
-6.871721148490905762e-01
1.953784078359603882e-01
5.208302289247512817e-02
5.735310316085815430e-01
-1.261552453041076660e+00
-7.150772213935852051e-01
1.195617198944091797e+00
1.767363995313644409e-01
2.132720947265625000e+00
2.387301445007324219e+00
-6.900135278701782227e-01
-6.921703815460205078e-01
8.394987583160400391e-01
8.730897307395935059e-01
3.975140452384948730e-01
1.072805285453796387e+00
2.591424703598022461e+00
-1.420385241508483887e-01
-1.478706002235412598e+00
-1.235155463218688965e+00
-2.461895160377025604e-02
-1.686705946922302246e+00
3.723340481519699097e-02
-2.260730266571044922e+00
-3.627304732799530029e-02
9.982964396476745605e-02
-1.191743463277816772e-02
-3.553364872932434082e-01
2.398770153522491455e-01
2.508565485477447510e-01
1.396283805370330811e-01
3.678777813911437988e-01
6.203943490982055664e-01
4.803542513400316238e-03
-4.550346732139587402e-02
3.499233126640319824e-01
4.297445118427276611e-01
1.514476537704467773e-01
1.093117445707321167e-01
2.914395332336425781e-01
1.318704634904861450e-01
3.982741758227348328e-02
7.177735120058059692e-02
-1.794906258583068848e-01
-3.017316162586212158e-01
-1.485490351915359497e-01
1.248316541314125061e-01
7.875976711511611938e-02
-1.130515243858098984e-02
1.977467983961105347e-01
4.509135782718658447e-01
2.800886034965515137e-01
5.636321902275085449e-01
1.678959280252456665e-01
-2.056401036679744720e-02
4.512381926178932190e-02
2.327736020088195801e-01
-2.280758768320083618e-01
8.150466531515121460e-02
7.419996894896030426e-03
1.692836284637451172e-01
-9.655494941398501396e-04
1.103071719408035278e-01
-7.102966308593750000e-01
-3.730832636356353760e-01
7.360826432704925537e-02
1.465578228235244751e-01
-2.442867308855056763e-02
-6.305012702941894531e-01
1.251978427171707153e-01
-2.205227762460708618e-01
-2.634447515010833740e-01
-1.937531977891921997e-01
-3.126078546047210693e-01
2.505665645003318787e-02
2.669885456562042236e-01
-1.599068194627761841e-01
3.638124465942382812e-02
-1.398645788431167603e-01
-4.022083058953285217e-02
1.185130327939987183e-01
3.138985931873321533e-01
-9.253655374050140381e-02
6.067305430769920349e-02
2.599452733993530273e-01
1.395862083882093430e-02
-7.939766347408294678e-02
-1.140020489692687988e-01
1.609068214893341064e-01
3.179044425487518311e-01
9.880302101373672485e-02
2.310174889862537384e-02
2.488153576850891113e-01
6.258569359779357910e-01
5.128886178135871887e-02
3.134681582450866699e-01
5.608989670872688293e-02
5.310826897621154785e-01
2.399297952651977539e-01
1.537165232002735138e-02
5.444397330284118652e-01
2.322204411029815674e-01
-1.342268586158752441e-01
2.485854625701904297e-01
-5.222937464714050293e-01
-6.571702659130096436e-02
-8.441468328237533569e-02
-3.157817721366882324e-01
5.420668721199035645e-01
-2.578694820404052734e-01
-1.469181030988693237e-01
8.311380147933959961e-01
4.794753789901733398e-01
-1.648827940225601196e-01
1.575588285923004150e-01
3.728784024715423584e-01
-1.292054206132888794e-01
-1.767045855522155762e-01
3.009106516838073730e-01
4.698203504085540771e-01
-8.181732892990112305e-01
-2.902986705303192139e-01
-2.565201558172702789e-02
1.526454091072082520e+00
1.267852783203125000e-01
3.523120880126953125e-01
1.204550504684448242e+00
-9.538124501705169678e-02
7.439330816268920898e-01
-3.776704370975494385e-01
-1.899862587451934814e-01
-5.788890644907951355e-02
1.311816722154617310e-01
-1.060591787099838257e-01
-6.163433194160461426e-02
-2.031684517860412598e-01
-1.089180484414100647e-01
-1.293289363384246826e-01
-7.296474277973175049e-02
-9.115095436573028564e-02
1.011361777782440186e-01
-1.871297694742679596e-02
3.528195023536682129e-01
-5.517041683197021484e-02
-2.013267725706100464e-01
-1.090527474880218506e-01
7.120428234338760376e-02
1.492077298462390900e-02
-8.443500846624374390e-02
-1.390080153942108154e-02
1.065163593739271164e-02
1.548503488302230835e-01
-8.080120384693145752e-02
3.191154450178146362e-02
-8.242259174585342407e-02
3.280597925186157227e-02
3.381360694766044617e-02
1.345866918563842773e-01
1.213010922074317932e-01
9.328573010861873627e-03
-1.636463403701782227e-01
2.463672868907451630e-02
9.928302466869354248e-02
-6.550075113773345947e-02
1.081878598779439926e-02
8.897275477647781372e-02
-5.521266534924507141e-02
-8.066422492265701294e-02
-3.145933151245117188e-01
9.442310780286788940e-02
-5.078533198684453964e-03
-4.314191639423370361e-02
4.096125066280364990e-01
1.613031476736068726e-01
-1.587560325860977173e-01
6.370209902524948120e-02
3.294052779674530029e-01
1.839579199440777302e-03
1.081748902797698975e-01
-5.065137743949890137e-01
3.852095454931259155e-02
-1.028930619359016418e-01
-3.151077926158905029e-01
7.704101502895355225e-02
2.720238566398620605e-01
-3.491782024502754211e-02
1.160597894340753555e-02
6.219364330172538757e-02
3.963915705680847168e-01
2.471898496150970459e-02
-5.948364734649658203e-02
-1.716817729175090790e-02
5.083302259445190430e-01
9.428516030311584473e-02
-2.554566264152526855e-01
-2.432788759469985962e-01
2.452083379030227661e-01
7.472373843193054199e-01
3.845672905445098877e-01
8.907994627952575684e-02
-4.259516298770904541e-01
-3.086069226264953613e-01
1.909929215908050537e-01
-6.646010279655456543e-02
5.880694091320037842e-02
-3.876909017562866211e-01
2.825580239295959473e-01
-5.600962638854980469e-01
-1.917867213487625122e-01
1.721829175949096680e-01
5.195037722587585449e-01
-4.093510806560516357e-01
-4.396137222647666931e-02
2.020950317382812500e-01
4.127803258597850800e-03
4.040171205997467041e-01
-4.955614507198333740e-01
1.835639327764511108e-01
-4.719217419624328613e-01
-2.851639091968536377e-01
3.448875844478607178e-01
-2.786985933780670166e-01
-1.310961991548538208e-01
-1.226291730999946594e-01
-4.037340283393859863e-01
2.094072252511978149e-01
-4.203940629959106445e-01
-1.091645732522010803e-01
1.852895766496658325e-01
6.050776839256286621e-01
3.106653131544589996e-02
2.699517607688903809e-01
1.069924980401992798e-01
4.923667013645172119e-01
-9.597266092896461487e-03
-6.602935958653688431e-03
5.396362394094467163e-03
5.214872304350137711e-03
-6.831232458353042603e-03
-2.900275401771068573e-03
2.856754232197999954e-03
-2.428338862955570221e-03
-8.889532648026943207e-03
-4.033463075757026672e-03
-6.301648449152708054e-03
-3.559212666004896164e-03
-8.593951351940631866e-04
5.771842785179615021e-03
-3.080241382122039795e-03
6.392012350261211395e-03
4.826419986784458160e-03
5.924799013882875443e-03
-1.110853394493460655e-03
-7.981576956808567047e-03
-8.747900836169719696e-03
8.819447830319404602e-03
-1.662248687352985144e-04
1.292673754505813122e-03
-5.381552502512931824e-03
2.679908648133277893e-03
-3.196072066202759743e-03
-2.819471526890993118e-03
2.661209786310791969e-03
2.419227501377463341e-03
9.914986789226531982e-03
-7.141727954149246216e-03
-6.306450348347425461e-03
-1.847285660915076733e-03
-1.487210858613252640e-03
8.927287999540567398e-04
3.888766048476099968e-03
7.523151580244302750e-04
2.220119582489132881e-03
-3.354502376168966293e-03
-8.130325004458427429e-03
-7.470730226486921310e-03
7.126806303858757019e-04
1.007875776849687099e-03
-6.305086892098188400e-03
-8.025504066608846188e-04
4.723538644611835480e-03
-5.950780585408210754e-03
7.621712516993284225e-03
2.556609455496072769e-03
-3.688797820359468460e-03
5.282868631184101105e-03
1.734406570903956890e-03
-4.231077153235673904e-03
9.906853549182415009e-03
-3.845195053145289421e-03
4.428701475262641907e-03
-6.021814886480569839e-03
-3.278267337009310722e-03
2.883381210267543793e-03
4.217814654111862183e-03
6.152772344648838043e-03
-7.541637402027845383e-03
5.308263469487428665e-03
-7.767881616018712521e-04
-6.180765572935342789e-03
1.494217896834015846e-03
-6.976121570914983749e-03
-1.826831372454762459e-03
3.694574814289808273e-03
-6.375274155288934708e-03
1.742222695611417294e-03
-2.898706356063485146e-03
-3.677665255963802338e-03
-4.202569834887981415e-03
-8.203518576920032501e-03
-2.676805248484015465e-03
-9.921023622155189514e-03
9.495952166616916656e-03
-5.952728912234306335e-03
-2.816555788740515709e-04
7.375217508524656296e-03
-8.929166360758244991e-04
6.205026991665363312e-03
1.253976719453930855e-03
-2.506533870473504066e-03
-8.932068943977355957e-03
9.688704274594783783e-03
-9.218315593898296356e-03
6.371748168021440506e-03
2.278406871482729912e-03
-6.645214278250932693e-03
-4.056834441144019365e-04
-8.244005031883716583e-03
2.020026877289637923e-04
5.646219011396169662e-03
8.138267323374748230e-03
-2.204677788540720940e-03
-4.975178278982639313e-03
1.217501703649759293e-03
2.499179681763052940e-04
4.205192904919385910e-03
8.308014832437038422e-03
-6.642158608883619308e-03
-7.630884647369384766e-03
1.277093410491943359e+00
7.619082927703857422e-01
-1.365047812461853027e+00
5.243483781814575195e-01
