1.720391273498535156e+00
1.437754869461059570e+00
-1.211256384849548340e+00
4.482515811920166016e+00
1.751493930816650391e+00
3.763938188552856445e+00
1.908903956413269043e+00
2.308472633361816406e+00
2.194683551788330078e+00
2.620190620422363281e+00
-8.174315094947814941e-02
-2.629102468490600586e-01
3.196192681789398193e-01
-4.373850822448730469e-01
1.308460116386413574e+00
5.587857365608215332e-01
2.023359388113021851e-01
-2.478847466409206390e-02
4.977267086505889893e-01
-2.325938642024993896e-01
4.247697889804840088e-01
-1.408979743719100952e-01
6.479035019874572754e-01
-2.253570556640625000e-01
-6.796883940696716309e-01
-1.764528304338455200e-01
-1.451329290866851807e-01
-2.415781319141387939e-01
-1.362746208906173706e-01
-3.403905630111694336e-01
-1.832121163606643677e-01
3.068379163742065430e-01
-7.876070216298103333e-03
-8.650168776512145996e-02
9.987506270408630371e-02
1.075405240058898926e+00
2.536216378211975098e-01
1.017549228668212891e+01
9.664172172546386719e+00
1.319644451141357422e+01
1.341782665252685547e+01
1.541796207427978516e+01
1.448112106323242188e+01
1.747920227050781250e+01
1.945985221862792969e+01
1.907245635986328125e+01
1.987229347229003906e+01
2.118379211425781250e+01
1.994836616516113281e+01
8.118329644203186035e-01
-3.572186082601547241e-02
-6.017974019050598145e-01
-4.203902781009674072e-01
-4.910888522863388062e-02
1.839477658271789551e+00
-2.005201429128646851e-01
1.300301253795623779e-01
-4.953122437000274658e-01
9.460982084274291992e-01
-2.339192107319831848e-02
-2.099720716476440430e+00
1.935139536857604980e+00
8.380396664142608643e-02
-2.596611976623535156e-01
9.152947664260864258e-01
5.442355573177337646e-02
-1.119511127471923828e+00
1.607533335685729980e+00
-1.845895051956176758e+00
2.158197641372680664e+00
7.564714550971984863e-01
-4.199398994445800781e+00
-7.963557243347167969e-01
5.566118359565734863e-01
4.553045332431793213e-01
-1.862065553665161133e+00
4.655574262142181396e-01
-7.144937515258789062e-01
-1.840726286172866821e-01
-1.002672481536865234e+01
3.969259500503540039e+00
8.890393257141113281e+00
-2.023029088973999023e+00
2.277951985597610474e-01
1.527240276336669922e+00
1.500196754932403564e-01
-8.557248115539550781e-01
7.844938337802886963e-02
1.345920181274414062e+01
-6.600730419158935547e+00
-1.345758056640625000e+01
3.109847009181976318e-01
-1.696351170539855957e+00
3.773097395896911621e-01
-1.105906367301940918e+00
-8.592329174280166626e-02
1.061922907829284668e+00
3.592719733715057373e-01
1.074980258941650391e+00
2.343023777008056641e+00
-2.281600713729858398e+00
3.762420177459716797e+00
-1.459110617637634277e+00
-5.417928695678710938e+00
5.160053730010986328e+00
3.140377044677734375e+00
1.010515451431274414e+00
-4.552967846393585205e-01
4.466809034347534180e-01
-2.089263916015625000e+00
-1.097448825836181641e+00
-1.022413849830627441e+00
1.578050374984741211e+00
-4.860794246196746826e-01
6.465913653373718262e-01
2.699322402477264404e-01
5.475823283195495605e-01
8.227841556072235107e-02
-5.373564362525939941e-01
-6.204627156257629395e-01
7.642245888710021973e-01
6.016367077827453613e-01
-1.703766584396362305e-01
-1.085268259048461914e+00
3.129379510879516602e+00
7.103481888771057129e-01
3.132780075073242188e+00
-6.624312698841094971e-02
1.234185844659805298e-01
2.936659157276153564e-01
-2.390773147344589233e-01
-2.701163291931152344e-01
2.852053046226501465e-01
4.077748954296112061e-01
8.966467976570129395e-01
-1.058001220226287842e-01
-4.057369530200958252e-01
3.581814765930175781e-01
-1.925606846809387207e+00
-3.747627437114715576e-01
-1.289642900228500366e-01
-1.824207156896591187e-01
-2.506386339664459229e-01
-2.374072968959808350e-01
-1.787929981946945190e-01
-8.019638657569885254e-01
2.054719477891921997e-01
-1.593059778213500977e+00
6.111227869987487793e-01
-1.357999444007873535e+00
2.607912719249725342e-01
4.843986034393310547e-01
-1.127564832568168640e-01
3.900226950645446777e-01
1.438501179218292236e-01
-8.700391650199890137e-02
1.783988326787948608e-01
2.303117752075195312e+00
-2.564981698989868164e+00
5.585296630859375000e+00
1.083885058760643005e-01
-1.385002732276916504e-01
-3.153170049190521240e-01
-1.366605758666992188e-01
-1.972912549972534180e-01
-3.159911334514617920e-01
-4.304658412933349609e+00
2.588001012802124023e+00
-8.324128150939941406e+00
4.149449169635772705e-01
3.082293868064880371e-01
-4.726738631725311279e-01
8.633649945259094238e-01
2.868925034999847412e-01
-2.671202719211578369e-01
-2.301266789436340332e-01
1.121613025665283203e+00
2.856571674346923828e-01
7.827287316322326660e-01
-1.056110739707946777e+00
-7.029910921119153500e-04
1.263141989707946777e+00
-1.079998731613159180e+00
1.870706558227539062e+00
3.994694948196411133e-01
-2.727439701557159424e-01
-5.245733261108398438e-02
6.685014814138412476e-02
1.497301012277603149e-01
1.004595518112182617e+00
2.766948640346527100e-01
-1.107808724045753479e-01
-7.236788421869277954e-02
-5.443769693374633789e-01
-5.418931245803833008e-01
5.408365130424499512e-01
3.515073359012603760e-01
-1.314333677291870117e-01
-1.431520134210586548e-01
1.117670655250549316e+00
-1.436165124177932739e-01
8.094069957733154297e-01
1.806078433990478516e+00
-7.954372763633728027e-01
1.810339689254760742e+00
-1.253981143236160278e-01
-6.043337285518646240e-02
-1.039774864912033081e-01
1.106787398457527161e-01
1.166317388415336609e-01
-6.529440283775329590e-01
-1.755731105804443359e-01
-6.134963035583496094e-01
1.753227114677429199e-01
-7.621487379074096680e-01
-8.223051577806472778e-02
-4.256774783134460449e-01
-4.833852127194404602e-02
-1.418958883732557297e-02
8.668650686740875244e-02
-4.559184014797210693e-01
-2.885320186614990234e-01
6.281795501708984375e-01
2.541712224483489990e-01
7.599313259124755859e-01
-9.545815587043762207e-01
6.707793474197387695e-01
-7.170512676239013672e-01
-2.576118111610412598e-01
1.998675912618637085e-01
3.857266902923583984e-02
3.043707460165023804e-02
-1.585173755884170532e-01
1.395204812288284302e-01
9.199074655771255493e-02
2.168144941329956055e+00
-1.189363360404968262e+00
5.056897163391113281e+00
-2.350095286965370178e-02
9.170830249786376953e-02
-3.009319603443145752e-01
-1.826261579990386963e-01
5.191218256950378418e-01
8.753313682973384857e-03
-3.124234676361083984e+00
2.535959482192993164e+00
-6.402664184570312500e+00
-1.932070106267929077e-01
5.128865242004394531e-01
2.784277498722076416e-01
-1.396578699350357056e-01
-4.494709894061088562e-02
2.017203718423843384e-01
-6.843683719635009766e-01
-1.372360348701477051e+00
-8.978714346885681152e-01
2.075512409210205078e-01
-3.472544252872467041e-01
5.027177333831787109e-01
7.874535322189331055e-01
-1.120277404785156250e+00
2.867074489593505859e+00
-6.125862598419189453e-01
4.419821500778198242e-01
2.538330620154738426e-03
1.941377222537994385e-01
6.452633142471313477e-01
6.111376881599426270e-01
-1.253247633576393127e-02
-2.044719904661178589e-01
2.729044854640960693e-01
7.626564502716064453e-01
-4.762912988662719727e-01
2.760773599147796631e-01
-3.813391551375389099e-02
-8.648881316184997559e-02
9.628537893295288086e-01
-9.877215027809143066e-01
-7.485043257474899292e-02
8.375829085707664490e-03
-1.127119421958923340e+00
-3.367830514907836914e-01
-4.543312191963195801e-01
-7.428250974044203758e-04
-1.548244734294712543e-03
-8.084804750978946686e-03
-4.671961069107055664e-03
3.798103425651788712e-03
5.527338013052940369e-03
3.774746321141719818e-03
3.936116583645343781e-03
7.652117870748043060e-03
8.432815782725811005e-03
6.986029911786317825e-03
3.508396912366151810e-03
1.476013858336955309e-04
-5.845427513122558594e-03
-4.903888329863548279e-04
8.314596925629302859e-05
-8.713134564459323883e-03
-5.610445514321327209e-03
-6.368709146045148373e-04
9.120881557464599609e-03
2.391098299995064735e-03
-9.327397681772708893e-03
-1.391011173836886883e-04
-4.042929504066705704e-03
-4.899039398878812790e-03
-8.724537678062915802e-03
-1.236564246937632561e-03
3.543166443705558777e-03
-3.124206559732556343e-03
-3.519140416756272316e-03
8.703487110324203968e-04
-7.760591339319944382e-03
9.389461018145084381e-03
5.473768804222345352e-03
2.210339531302452087e-03
9.154603816568851471e-03
-2.817136701196432114e-03
-5.006597493775188923e-04
-3.373385407030582428e-03
3.041876247152686119e-03
4.471236839890480042e-03
5.024759098887443542e-03
7.976824417710304260e-03
-1.037170994095504284e-03
8.791123516857624054e-03
4.922825843095779419e-03
-9.256416931748390198e-03
7.295317482203245163e-03
-6.615666672587394714e-03
9.492542594671249390e-03
-1.159339561127126217e-03
1.039260649122297764e-03
-5.507851485162973404e-03
8.825722150504589081e-03
9.925384074449539185e-04
-7.095161359757184982e-03
-7.985860109329223633e-03
9.845086606219410896e-04
-7.958909496665000916e-03
7.860955782234668732e-03
9.130622260272502899e-03
9.605324827134609222e-03
-2.878099214285612106e-03
1.668259152211248875e-03
1.064190990291535854e-03
-7.929562591016292572e-03
3.048468148335814476e-03
4.286413080990314484e-03
7.797685684636235237e-04
-1.422018511220812798e-03
8.181042969226837158e-03
-4.126278217881917953e-03
-1.179364742711186409e-03
2.128696534782648087e-03
-1.970771001651883125e-03
-4.892950877547264099e-03
-4.494322463870048523e-03
9.107193909585475922e-03
1.116171598434448242e+00
1.058211684226989746e+00
-1.742626667022705078e+00
7.033272385597229004e-01
