1.699996590614318848e+00
-3.806746304035186768e-01
-8.153893053531646729e-02
-3.610480427742004395e-01
1.669118642807006836e+00
4.506351947784423828e+00
1.022219538688659668e+00
2.283668518066406250e+00
3.321792602539062500e+00
2.056098461151123047e+00
1.897594571113586426e+00
1.448442697525024414e+00
2.593942165374755859e+00
-3.418637812137603760e-01
-2.106743454933166504e-01
-1.396196484565734863e-01
1.304395198822021484e+00
5.205402374267578125e-01
4.388206303119659424e-01
1.397693902254104614e-02
2.650998234748840332e-01
-1.994666159152984619e-01
4.252060875296592712e-02
2.841951847076416016e-01
3.115260601043701172e-01
3.158063292503356934e-01
-1.130869165062904358e-01
-1.242899745702743530e-01
-2.074455609545111656e-03
1.270303010940551758e+00
-6.293218731880187988e-01
-1.564335227012634277e-01
1.911016851663589478e-01
-1.209870353341102600e-01
-6.910113990306854248e-02
-8.956768363714218140e-02
2.240397222340106964e-02
-1.785179525613784790e-01
-1.547556370496749878e-01
-2.891585230827331543e-02
-2.495834231376647949e-01
-4.183286055922508240e-02
-6.677985936403274536e-02
5.287173390388488770e-01
-1.020396709442138672e+00
1.644237637519836426e-01
5.981867313385009766e+00
7.178495883941650391e+00
8.611708641052246094e+00
1.029768848419189453e+01
1.324088191986083984e+01
1.388984966278076172e+01
1.475509452819824219e+01
1.548987770080566406e+01
1.724527168273925781e+01
1.845463180541992188e+01
1.965074348449707031e+01
1.930581283569335938e+01
2.361929512023925781e+01
2.793259239196777344e+01
2.931322097778320312e+01
-1.754714131355285645e+00
3.236032247543334961e+00
-8.223982527852058411e-03
1.581501245498657227e+00
4.790684282779693604e-01
2.805610179901123047e+00
6.412611901760101318e-02
5.551852583885192871e-01
-2.788236737251281738e-02
-3.685175895690917969e+00
-1.681937456130981445e+00
5.395553112030029297e+00
4.567061424255371094e+00
1.282213926315307617e+00
-1.025099158287048340e+00
-1.626383900642395020e+00
1.341766595840454102e+00
1.289565682411193848e+00
-1.982388645410537720e-01
-4.448719978332519531e+00
2.487800121307373047e+00
-1.778532713651657104e-01
-2.657611846923828125e+00
5.090915679931640625e+00
2.291934013366699219e+00
-3.976315021514892578e+00
-7.003597021102905273e-01
-3.159137964248657227e-01
-2.073822498321533203e+00
-5.932369828224182129e-01
-1.923674345016479492e-01
4.073856472969055176e-01
9.068622589111328125e-01
-6.007540225982666016e-01
-1.678274631500244141e+00
2.407553672790527344e+00
-2.441359281539916992e+00
-7.458692193031311035e-01
5.309962630271911621e-01
-5.207732677459716797e+00
-1.403746247291564941e+00
-4.647618532180786133e-01
1.042435884475708008e+00
-8.960301280021667480e-01
3.418648958206176758e+00
1.457719132304191589e-02
-5.018741488456726074e-01
1.316249132156372070e+00
3.310968577861785889e-01
-9.133555293083190918e-01
-9.856616705656051636e-02
1.351076483726501465e+00
-3.460630178451538086e+00
4.151704311370849609e+00
1.617459207773208618e-02
-3.045490026473999023e+00
1.362335979938507080e-01
8.418022841215133667e-02
-2.940947413444519043e-01
6.949779987335205078e-01
-5.091481208801269531e-01
-7.589741945266723633e-01
1.095493733882904053e-01
-2.101060599088668823e-01
7.334311008453369141e-01
9.228973388671875000e+00
8.104489445686340332e-01
-7.359786033630371094e-01
1.772053390741348267e-01
1.120056390762329102e+00
-1.257802009582519531e+00
-3.525488078594207764e-01
4.726786315441131592e-01
1.460969567298889160e+00
2.686845541000366211e+00
-3.305008411407470703e-01
-6.278817057609558105e-01
-3.157368600368499756e-01
-1.263023495674133301e+00
3.870592713356018066e-01
1.058135986328125000e+00
9.402430653572082520e-01
8.112747669219970703e-01
2.476784229278564453e+00
7.132349163293838501e-02
3.519641757011413574e-01
-7.529487609863281250e-01
7.904897928237915039e-01
-1.116194963455200195e+00
-1.147918105125427246e+00
-2.797945976257324219e+00
-6.188663244247436523e-01
-1.144498944282531738e+00
2.743896245956420898e+00
-8.599302172660827637e-01
-3.667231202125549316e-01
1.636564612388610840e+00
2.611170530319213867e+00
6.897637248039245605e-01
-3.385813713073730469e+00
-1.463624000549316406e+00
2.528930187225341797e+00
-9.684206247329711914e-01
2.465384244918823242e+00
4.379574060440063477e-01
1.394674777984619141e+00
1.330720543861389160e+00
1.231909468770027161e-01
-1.261658430099487305e+00
5.891692042350769043e-01
-2.299627542495727539e+00
-1.649897247552871704e-01
6.044059395790100098e-01
1.141825079917907715e+00
-1.302773475646972656e+00
1.361567378044128418e+00
6.734914183616638184e-01
2.926553487777709961e+00
-1.584460437297821045e-01
2.901735305786132812e+00
3.710642755031585693e-01
-1.034520030021667480e+00
-8.042857050895690918e-01
-3.629436194896697998e-01
-2.798007428646087646e-01
3.823725283145904541e-01
-4.393666684627532959e-01
-5.235050916671752930e-01
1.179685950279235840e+00
2.121455967426300049e-02
1.372288346290588379e+00
-1.885226130485534668e+00
-8.801653385162353516e-01
8.263683319091796875e-01
4.812934100627899170e-01
1.105733036994934082e+00
3.605532646179199219e-01
-3.188818693161010742e-01
2.539397180080413818e-01
5.710018277168273926e-01
-1.688448905944824219e+00
2.740146815776824951e-01
9.500763416290283203e-01
-2.121115207672119141e+00
-7.628144025802612305e-01
9.338744878768920898e-01
-1.914476603269577026e-01
2.237695753574371338e-01
6.713945269584655762e-01
3.846281766891479492e-01
-2.711241245269775391e-01
-1.067070513963699341e-01
-7.305543869733810425e-02
-3.009890317916870117e-01
7.223896384239196777e-01
-3.849797248840332031e-01
6.770051121711730957e-01
-2.481226444244384766e+00
9.381882548332214355e-01
-5.042456984519958496e-01
-9.904630184173583984e-01
2.958506643772125244e-01
-1.091246772557497025e-02
2.370758652687072754e-01
-1.001904726028442383e+00
4.262635111808776855e-01
-2.252895571291446686e-02
4.022828042507171631e-01
-2.774595022201538086e-01
-2.044237703084945679e-01
1.017940491437911987e-01
-5.762482807040214539e-02
9.484117031097412109e-01
-8.788362145423889160e-01
2.742465138435363770e-01
9.773998856544494629e-01
-1.859999150037765503e-01
4.138340801000595093e-02
-8.675808086991310120e-03
-5.036375299096107483e-02
3.815194219350814819e-02
3.115875124931335449e-01
-4.585247635841369629e-01
-6.943524479866027832e-01
4.489008784294128418e-01
-4.131849288940429688e+00
5.760385654866695404e-03
2.986205276101827621e-03
2.465263903141021729e-01
-3.327138489112257957e-03
2.637734115123748779e-01
-7.730626966804265976e-03
2.468624338507652283e-02
1.144679427146911621e+00
-1.868535399436950684e+00
1.015586018562316895e+00
-3.120344132184982300e-02
3.859603404998779297e-02
3.114948570728302002e-01
-2.074771001935005188e-02
1.935185678303241730e-02
1.313195079565048218e-01
9.072905182838439941e-01
2.418631166219711304e-01
4.517605900764465332e-01
-2.239849567413330078e-01
2.539134621620178223e-01
-5.071184784173965454e-02
4.600195288658142090e-01
-2.065040320158004761e-01
8.414826989173889160e-01
-8.665357530117034912e-02
4.476698637008666992e-01
-8.109087347984313965e-01
1.057669639587402344e+00
3.963938355445861816e-01
-6.013588979840278625e-02
5.610935091972351074e-01
2.130661755800247192e-01
1.729660034179687500e+00
-1.943395137786865234e-01
-4.304202497005462646e-01
-6.222302317619323730e-01
-4.552558660507202148e-01
-9.134812355041503906e-01
7.543892860412597656e-01
-9.513607025146484375e-01
7.033870369195938110e-02
-2.925887107849121094e-01
2.427425384521484375e-01
1.218415975570678711e+00
-6.383888125419616699e-01
3.624065220355987549e-01
-9.244303703308105469e-01
1.660151928663253784e-01
-1.497469782829284668e+00
9.674190729856491089e-02
1.582731455564498901e-01
3.757588565349578857e-01
-3.888721466064453125e-01
1.522529363632202148e+00
-4.336178004741668701e-01
-1.082919239997863770e+00
-1.458016335964202881e-01
2.738832831382751465e-01
-7.909414172172546387e-01
1.016834974288940430e+00
-7.394847869873046875e-01
1.109362363815307617e+00
-5.732427164912223816e-02
1.119490742683410645e+00
-2.017310380935668945e+00
-1.952960848808288574e+00
-5.725383758544921875e-01
-1.403226852416992188e+00
3.176426887512207031e+00
-4.024246931076049805e-01
-2.199315093457698822e-02
9.728071093559265137e-02
1.142405033111572266e+00
-8.763005733489990234e-01
2.048094719648361206e-01
2.123204231262207031e+00
-2.978866577148437500e+00
-6.885705590248107910e-01
1.856396913528442383e+00
-5.084540843963623047e-01
-1.345162391662597656e+00
1.580585688352584839e-01
9.014176130294799805e-01
-2.711170613765716553e-01
3.520178794860839844e-01
3.780482113361358643e-01
-1.388294100761413574e+00
1.156835913658142090e+00
-1.029944419860839844e+00
4.713750481605529785e-01
-8.114748001098632812e-01
1.526974201202392578e+00
4.246601581573486328e+00
6.351576447486877441e-01
4.882842898368835449e-01
-2.629611492156982422e-01
1.373274028301239014e-01
-5.247480869293212891e-01
-4.356111958622932434e-02
-1.630720049142837524e-01
1.492277681827545166e-01
-1.397744379937648773e-02
5.085348710417747498e-02
-1.400953810662031174e-02
8.443880826234817505e-02
5.264325141906738281e-01
-2.339882105588912964e-01
9.731943160295486450e-02
5.848076939582824707e-01
-1.887762546539306641e-01
5.063705891370773315e-02
1.153103187680244446e-01
-7.862411439418792725e-02
1.894966214895248413e-01
1.748768687248229980e-01
-2.648212388157844543e-02
-8.986903727054595947e-02
-1.011775657534599304e-01
-1.799460887908935547e+00
2.860490977764129639e-01
6.907289475202560425e-02
-1.316579282283782959e-01
-1.967949122190475464e-01
6.057025194168090820e-01
-4.218186736106872559e-01
6.829724311828613281e-01
1.060306310653686523e+00
-8.201203942298889160e-01
-1.835367828607559204e-01
-9.519292972981929779e-03
2.262278497219085693e-01
1.859949082136154175e-01
9.299527853727340698e-02
-1.438828259706497192e-01
-6.575773358345031738e-01
-8.390432000160217285e-01
5.393454805016517639e-02
1.917904317378997803e-01
-1.574623584747314453e-01
1.867886930704116821e-01
-4.454963505268096924e-01
7.889072597026824951e-02
7.215794324874877930e-01
6.041556000709533691e-01
6.591629981994628906e-02
1.133122682571411133e+00
-1.276927947998046875e+00
4.128465950489044189e-01
-1.493196785449981689e-01
-1.172093510627746582e+00
-1.806012511253356934e+00
-1.235432744026184082e+00
1.490555167198181152e+00
-9.116947650909423828e-03
-8.193182349205017090e-01
8.451864719390869141e-01
8.343291878700256348e-01
4.202181100845336914e-01
-9.394306689500808716e-02
-3.476290777325630188e-02
-3.586804270744323730e-01
-5.675898790359497070e-01
-7.223439216613769531e-01
6.966868638992309570e-01
3.532193601131439209e-01
7.874190807342529297e-01
4.077667891979217529e-01
-9.864568114280700684e-01
-6.414723992347717285e-01
-7.936212420463562012e-01
-1.411266565322875977e+00
-4.967683553695678711e-01
-1.912522435188293457e+00
-4.927615635097026825e-03
4.024703230243176222e-04
9.293947950936853886e-04
-2.473024651408195496e-03
7.755392696708440781e-03
-2.730857813730835915e-03
-1.340199494734406471e-03
-4.755822941660881042e-03
5.029017105698585510e-03
-3.084451425820589066e-03
7.839126512408256531e-03
4.503457341343164444e-03
6.429982837289571762e-03
-4.791659303009510040e-03
3.949086240027099848e-04
4.034265293739736080e-05
-2.621073741465806961e-03
-1.008108883979730308e-04
-4.159674048423767090e-03
8.703717030584812164e-03
6.838855333626270294e-04
1.787691493518650532e-03
5.160200875252485275e-03
-6.431577261537313461e-03
-3.306919708847999573e-03
6.189151317812502384e-04
-1.639175461605191231e-03
2.223132178187370300e-03
5.139613989740610123e-03
-7.797467522323131561e-03
2.731996355578303337e-03
-7.382148178294301033e-04
4.708990920335054398e-03
-7.892204448580741882e-03
6.782284472137689590e-03
-7.451810408383607864e-03
-3.209273796528577805e-03
-4.504727839957922697e-04
-1.390815887134522200e-04
-6.058650091290473938e-03
-8.636906743049621582e-03
6.598030682653188705e-03
5.544505547732114792e-03
-2.817220985889434814e-03
4.932525102049112320e-03
3.490858245640993118e-03
4.075170960277318954e-03
1.581537188030779362e-03
-5.118979141116142273e-03
6.945518776774406433e-03
8.727067150175571442e-03
-6.220253417268395424e-04
-2.709839493036270142e-03
5.025920458137989044e-03
9.753681719303131104e-03
-3.913721069693565369e-03
-1.084536896087229252e-03
8.591258898377418518e-03
-2.114849397912621498e-03
4.814616404473781586e-04
-4.948172252625226974e-03
2.537397667765617371e-03
-3.228966146707534790e-03
-1.041838200762867928e-03
-6.154128815978765488e-03
-1.167385373264551163e-03
5.523984436877071857e-04
1.432241755537688732e-03
-2.505440963432192802e-03
-3.757619764655828476e-03
6.775808287784457207e-04
-9.482119232416152954e-03
8.957407437264919281e-03
-6.159410811960697174e-03
1.716451370157301426e-04
9.278312209062278271e-04
2.156972419470548630e-03
-8.672514930367469788e-03
-1.016969326883554459e-03
-4.783075128216296434e-04
1.418282394297420979e-03
7.807881571352481842e-03
3.065301338210701942e-03
7.589130662381649017e-03
7.705010473728179932e-03
2.628889167681336403e-03
-5.083752330392599106e-03
-7.748803589493036270e-03
-9.385078214108943939e-03
1.451750635169446468e-03
-7.231491152197122574e-03
7.472377736121416092e-03
-9.705058299005031586e-03
-3.911766223609447479e-03
9.870149195194244385e-03
-7.980706170201301575e-03
-1.928860670886933804e-03
-2.826675307005643845e-03
-8.215714246034622192e-03
8.576664142310619354e-03
-9.201187640428543091e-03
9.420013986527919769e-03
-4.301132634282112122e-03
9.610929526388645172e-03
-6.639116909354925156e-03
-8.760098367929458618e-03
-9.996889159083366394e-03
-6.769126281142234802e-03
-6.664083804935216904e-03
6.489235442131757736e-03
-2.529722871258854866e-03
-1.747192116454243660e-03
8.530383929610252380e-03
-5.136778345331549644e-04
-4.905156325548887253e-03
9.981284849345684052e-03
-4.804884083569049835e-04
5.915209185332059860e-03
-3.806333523243665695e-03
8.190706372261047363e-03
1.400465965270996094e+00
8.540838956832885742e-01
-1.525244116783142090e+00
5.614191293716430664e-01
