1.240504932403564453e+01
8.905196189880371094e+00
1.786030769348144531e+01
1.544528484344482422e+01
1.585433483123779297e+01
8.990792274475097656e+00
1.071596908569335938e+01
1.566385173797607422e+01
6.679298877716064453e+00
1.762048339843750000e+01
1.407021999359130859e+01
1.524406528472900391e+01
1.826542282104492188e+01
1.612239456176757812e+01
6.322839260101318359e+00
1.742436027526855469e+01
1.611377906799316406e+01
-3.915310144424438477e+00
-1.686865687370300293e-01
-4.433027505874633789e-01
-7.130151748657226562e+00
-2.884187936782836914e+00
1.048732948303222656e+01
5.672071456909179688e+00
4.596546649932861328e+00
1.316487312316894531e+01
-3.276038169860839844e+00
-1.171962261199951172e+00
8.516699790954589844e+00
-6.726852893829345703e+00
-5.489088535308837891e+00
8.857986330986022949e-01
-2.121223688125610352e+00
1.139131426811218262e+00
9.028289914131164551e-01
-1.941578626632690430e+00
-1.190182113647460938e+01
4.605639457702636719e+00
2.570594549179077148e-01
-3.142535448074340820e+00
-4.231065750122070312e+00
-6.663675308227539062e+00
-3.687339544296264648e+00
6.741222381591796875e+00
-9.345719337463378906e+00
1.714602112770080566e+00
7.819010257720947266e+00
-3.594825506210327148e+00
-3.523061752319335938e+00
5.942694187164306641e+00
2.003439664840698242e+00
4.911878585815429688e+00
2.288038969039916992e+00
3.424156606197357178e-01
8.211684226989746094e-01
-6.686934947967529297e+00
-4.907715797424316406e+00
-4.168259143829345703e+00
-3.987121582031250000e-01
4.377233982086181641e+00
3.775495290756225586e+00
3.505046367645263672e+00
-5.133495807647705078e+00
-2.676578283309936523e+00
3.744979619979858398e+00
6.349870204925537109e+00
3.340016007423400879e-01
3.592505931854248047e+00
4.472652435302734375e+00
2.720676422119140625e+00
-8.760650634765625000e+00
5.975469112396240234e+00
-2.652906477451324463e-01
-2.270693063735961914e+00
-9.300987720489501953e-01
1.811050176620483398e+00
-1.074581980705261230e+00
5.367475748062133789e-01
-3.140448093414306641e+00
8.813472747802734375e+00
-6.754735946655273438e+00
9.109021186828613281e+00
-2.112914174795150757e-01
6.404078960418701172e+00
-3.328190743923187256e-01
4.214032173156738281e+00
-9.149632453918457031e+00
1.277183413505554199e+00
-8.071938157081604004e-01
2.942963838577270508e-01
4.856749176979064941e-01
2.381923675537109375e+00
7.961503982543945312e+00
-5.248209238052368164e-01
5.829924941062927246e-01
-5.040411472320556641e+00
8.714370727539062500e+00
1.828872919082641602e+00
4.346143722534179688e+00
-7.075578689575195312e+00
-1.399824142456054688e+00
7.052608966827392578e+00
-6.548950195312500000e+00
4.671037673950195312e+00
4.406415939331054688e+00
-3.019108295440673828e+00
-2.317601680755615234e+00
-7.349749565124511719e+00
-3.329571723937988281e+00
2.518391609191894531e+00
-8.877262115478515625e+00
1.535322070121765137e+00
-1.174652862548828125e+01
3.151476144790649414e+00
-4.161431789398193359e+00
-3.059969246387481689e-01
6.741374492645263672e+00
-4.302153587341308594e+00
7.744355678558349609e+00
5.275671958923339844e+00
8.880935668945312500e+00
-4.729094505310058594e+00
1.209636974334716797e+01
-6.665822505950927734e+00
2.636331081390380859e+00
8.693651199340820312e+00
3.551319837570190430e+00
-2.356636524200439453e+00
2.730860948562622070e+00
-7.918560981750488281e+00
-2.418875217437744141e+00
7.012795925140380859e+00
6.778745174407958984e+00
7.674639701843261719e+00
-2.945784091949462891e+00
3.792236328125000000e+00
2.025499820709228516e+00
-6.994033455848693848e-01
3.053035974502563477e+00
-5.580590248107910156e+00
-3.323679566383361816e-01
7.810579776763916016e+00
6.755410194396972656e+00
1.109426593780517578e+01
3.010366439819335938e+00
-3.753291368484497070e+00
-1.113939285278320312e+01
-4.712488174438476562e+00
-2.305466651916503906e+00
3.610012531280517578e+00
-9.235517382621765137e-01
-5.920042514801025391e+00
2.254824399948120117e+00
8.573518753051757812e+00
1.400009155273437500e+00
-3.307502031326293945e+00
2.339447975158691406e+00
4.224475383758544922e+00
2.168613195419311523e+00
-5.626266479492187500e+00
8.546095848083496094e+00
5.810692310333251953e+00
5.824356079101562500e-01
4.150500774383544922e+00
1.229108452796936035e+00
-2.505115747451782227e+00
4.271352767944335938e+00
5.927980422973632812e+00
7.396045684814453125e+00
1.044191837310791016e+00
-2.581613779067993164e+00
5.900713920593261719e+00
4.339135646820068359e+00
-4.930704593658447266e+00
5.224205851554870605e-01
-1.135925799608230591e-01
-1.250324606895446777e+00
-1.389287233352661133e+00
-6.644994020462036133e-02
2.268787622451782227e+00
8.171370506286621094e+00
4.393805027008056641e+00
-8.858317732810974121e-01
1.422887682914733887e+00
3.431975841522216797e+00
-6.642667055130004883e-01
3.884383916854858398e+00
-5.352194786071777344e+00
2.340174913406372070e+00
3.317495584487915039e+00
4.026716709136962891e+00
5.103895187377929688e+00
6.291860103607177734e+00
-1.843610525131225586e+00
-4.976142883300781250e+00
4.322165966033935547e+00
-1.490292429924011230e+00
1.139894485473632812e+01
-1.102668881416320801e+00
-6.220105290412902832e-01
2.238940238952636719e+00
2.341106414794921875e+00
7.997260570526123047e+00
-1.504766583442687988e+00
-2.630543708801269531e+00
-1.511366009712219238e+00
-4.564279913902282715e-01
-2.363028824329376221e-01
-1.707482099533081055e+00
-2.759645223617553711e+00
2.676074981689453125e+00
-2.654082059860229492e+00
-1.476595044136047363e+00
1.199779391288757324e+00
-1.712942600250244141e+00
3.733892738819122314e-01
7.543351650238037109e-01
-1.359660774469375610e-01
-1.143511295318603516e+00
-1.127126455307006836e+00
4.719393730163574219e+00
6.885288715362548828e+00
6.986662864685058594e+00
2.188591480255126953e+00
-2.823521375656127930e+00
4.666215419769287109e+00
2.954106807708740234e+00
1.867006182670593262e+00
4.207717895507812500e+00
3.726299524307250977e+00
7.684580802917480469e+00
-3.545207977294921875e+00
2.701365053653717041e-01
4.160314559936523438e+00
1.516068577766418457e+00
-1.021011471748352051e+00
2.475454330444335938e+00
-2.000228613615036011e-01
-1.405702590942382812e+00
1.942823976278305054e-01
6.727110862731933594e+00
2.836529016494750977e-01
-3.856359243392944336e+00
-6.360276222229003906e+00
2.401507854461669922e+00
-4.708098888397216797e+00
1.152018785476684570e+00
1.102028250694274902e+00
5.282999277114868164e-01
6.306744575500488281e+00
1.960545182228088379e+00
-2.783499479293823242e+00
-2.360970079898834229e-01
2.090261459350585938e+00
9.947874069213867188e+00
2.931376218795776367e+00
-3.654783725738525391e+00
1.623349308967590332e+00
4.721705913543701172e-01
7.406834602355957031e+00
-8.613270521163940430e-01
-9.209552764892578125e+00
3.237962961196899414e+00
5.087687969207763672e-01
-1.412588834762573242e+00
5.120145320892333984e+00
-1.662924408912658691e+00
3.158296823501586914e+00
-4.519447803497314453e+00
4.065661430358886719e+00
6.723112463951110840e-01
-3.914664030075073242e+00
2.989772796630859375e+00
4.550460815429687500e+00
-1.625561416149139404e-01
-2.409223318099975586e+00
1.234115719795227051e+00
8.181306719779968262e-01
-2.392342805862426758e+00
2.612678289413452148e+00
2.072732686996459961e+00
-3.157258033752441406e+00
4.746050834655761719e+00
2.970950007438659668e-01
2.662849903106689453e+00
2.480627536773681641e+00
-1.616197347640991211e+00
6.737235188484191895e-01
-9.409127831459045410e-01
4.126369953155517578e-02
-1.451310753822326660e+00
-3.501282215118408203e+00
-1.828684687614440918e+00
1.062148809432983398e+00
-4.145312309265136719e+00
-1.010752320289611816e+00
3.048681497573852539e+00
8.783302307128906250e+00
4.223093986511230469e+00
-1.579613089561462402e-01
-2.510516166687011719e+00
6.281795501708984375e-01
-6.917979121208190918e-01
-7.623405456542968750e+00
-3.983177185058593750e+00
-3.833595752716064453e+00
3.532853126525878906e-01
-2.325586557388305664e+00
-1.439584732055664062e+00
2.790998697280883789e+00
-1.249833106994628906e+00
3.201630592346191406e+00
2.444792270660400391e+00
-4.700719356536865234e+00
6.620487689971923828e+00
-2.773089885711669922e+00
4.417114257812500000e+00
2.543493747711181641e+00
-3.890167713165283203e+00
2.101874113082885742e+00
4.345757484436035156e+00
5.868996620178222656e+00
-3.079204797744750977e+00
-6.309437751770019531e-01
2.341201305389404297e+00
-2.323521852493286133e+00
3.706272542476654053e-01
-6.520659923553466797e-01
2.577429771423339844e+00
-1.075816273689270020e+00
1.069581389427185059e+00
1.155639767646789551e+00
1.605458617210388184e+00
8.591445684432983398e-01
2.205438852310180664e+00
1.176147460937500000e+00
1.812488436698913574e+00
1.594557046890258789e+00
-9.110624790191650391e-01
1.097598075866699219e+00
4.877054095268249512e-01
1.536749243736267090e+00
-1.881483554840087891e+00
3.412316083908081055e+00
-2.885964393615722656e+00
6.679648399353027344e+00
1.399153947830200195e+00
-4.289773941040039062e+00
-1.230060935020446777e+00
4.445918560028076172e+00
3.324335813522338867e+00
9.782436490058898926e-01
1.838196039199829102e+00
7.521864771842956543e-01
6.182225942611694336e-01
3.071883678436279297e+00
-7.168686389923095703e-02
1.106631636619567871e+00
2.674378871917724609e+00
-3.457061767578125000e+00
-6.767890453338623047e-01
1.433634996414184570e+00
6.443933844566345215e-01
-2.593260526657104492e+00
5.117074966430664062e+00
3.847579479217529297e+00
3.473471701145172119e-01
2.279045820236206055e+00
1.234494566917419434e+00
1.939611315727233887e+00
-6.063528060913085938e-01
3.478576898574829102e+00
-3.737662553787231445e+00
4.035118579864501953e+00
1.441510796546936035e+00
-2.289842605590820312e+00
3.643311262130737305e+00
2.977120399475097656e+00
5.491474270820617676e-01
2.069526165723800659e-02
5.235013365745544434e-01
-2.677462100982666016e+00
2.003041267395019531e+00
2.496067523956298828e+00
2.685313940048217773e+00
1.820169329643249512e+00
1.553794264793395996e+00
2.682217836380004883e+00
4.580784440040588379e-01
3.270827829837799072e-01
4.514778614044189453e+00
2.926548242568969727e+00
2.066831350326538086e+00
5.449831008911132812e+00
1.281342148780822754e+00
5.647803544998168945e-01
3.093300342559814453e+00
9.601217508316040039e-01
-3.785147428512573242e+00
1.664759039878845215e+00
-4.962582886219024658e-01
3.605354547500610352e+00
3.736840486526489258e+00
2.125111579895019531e+00
2.982840299606323242e+00
5.153060436248779297e+00
-6.748260855674743652e-01
1.042039871215820312e+00
-7.946311831474304199e-01
2.510515928268432617e+00
4.095349311828613281e-01
-1.692113429307937622e-01
4.972659587860107422e+00
3.105692386627197266e+00
-4.354819953441619873e-01
-6.343779563903808594e-01
6.116130948066711426e-01
1.261643528938293457e+00
1.901924252510070801e+00
-2.374341964721679688e+00
5.327480435371398926e-01
2.871061801910400391e+00
5.201076269149780273e-01
1.924219369888305664e+00
-2.608351968228816986e-02
3.705696016550064087e-02
-1.743274182081222534e-01
1.619651436805725098e+00
-4.132139086723327637e-01
2.045782566070556641e+00
-1.176921606063842773e+00
-1.005229473114013672e+00
1.441869497299194336e+00
-1.798871397972106934e+00
-8.288058042526245117e-01
2.688917636871337891e+00
9.486885666847229004e-01
-6.101908683776855469e-01
1.017958521842956543e+00
1.989357948303222656e+00
3.887270689010620117e+00
2.060731410980224609e+00
-1.482765555381774902e+00
-1.302243947982788086e+00
-3.286052465438842773e+00
4.007019996643066406e+00
1.351828455924987793e+00
8.376225233078002930e-01
1.777492761611938477e+00
5.197746276855468750e+00
1.686798214912414551e+00
1.666723012924194336e+00
1.559115946292877197e-01
1.398533940315246582e+00
-2.294824123382568359e+00
-5.358260273933410645e-01
-3.345027685165405273e+00
-6.824406981468200684e-02
-8.772229552268981934e-01
-1.728986024856567383e+00
3.464550018310546875e+00
5.387549400329589844e-01
2.079910993576049805e+00
-1.687859416007995605e+00
1.754491567611694336e+00
2.749120712280273438e+00
-2.235041141510009766e+00
2.396315097808837891e+00
1.143654465675354004e+00
-2.133586108684539795e-01
5.103636980056762695e-01
-3.779850006103515625e-01
3.764779567718505859e+00
5.726200342178344727e-01
6.484570026397705078e+00
1.372331738471984863e+00
1.220681786537170410e+00
