1.544515895843505859e+01
8.562638282775878906e+00
1.941839599609375000e+01
2.093863677978515625e+01
1.544916248321533203e+01
1.034781837463378906e+01
6.796753406524658203e+00
5.417592525482177734e+00
4.481823444366455078e-01
-1.014144897460937500e+00
2.361434996128082275e-01
3.735568046569824219e+00
-4.413929283618927002e-01
6.264972686767578125e+00
-1.103217887878417969e+01
1.159163379669189453e+01
7.428525924682617188e+00
-3.518182277679443359e+00
-8.219896316528320312e+00
9.441784024238586426e-01
1.632928085327148438e+01
3.030352830886840820e+00
-1.862019419670104980e+00
-1.614465522766113281e+01
-4.104246616363525391e+00
-4.837548136711120605e-01
5.912320613861083984e+00
1.098491764068603516e+01
1.159118556976318359e+01
-6.733128070831298828e+00
3.955901861190795898e-01
-1.264289855957031250e+00
-6.250986576080322266e+00
3.025995731353759766e+00
2.059862613677978516e+00
-1.138077616691589355e+00
-1.725587368011474609e+00
2.452992200851440430e+00
8.388667106628417969e+00
1.423737049102783203e+01
-5.742881774902343750e+00
-4.847953319549560547e+00
3.784709692001342773e+00
3.565195798873901367e+00
-9.248031377792358398e-01
-1.762815356254577637e+00
3.291517496109008789e+00
7.065574645996093750e+00
-9.147743880748748779e-02
-2.987763166427612305e+00
-5.132876634597778320e-01
-4.941045284271240234e+00
-5.820371627807617188e+00
3.971390008926391602e+00
2.665362834930419922e+00
-6.802973151206970215e-01
3.070396423339843750e+00
-2.243979215621948242e+00
6.187539577484130859e+00
-4.676527500152587891e+00
7.240489870309829712e-02
2.191653728485107422e+00
-2.923400163650512695e+00
7.873024344444274902e-01
3.839521884918212891e+00
-2.550232410430908203e-01
-1.422115564346313477e-01
5.660490512847900391e+00
4.036445140838623047e+00
-1.243067502975463867e+00
-9.751443266868591309e-01
8.659943342208862305e-01
-9.487270116806030273e-01
-1.372034668922424316e+00
3.858812808990478516e+00
-2.390481680631637573e-01
-3.519414901733398438e+00
-5.485913276672363281e+00
7.814353942871093750e+00
-1.463421225547790527e+00
-2.006474256515502930e+00
2.185436964035034180e+00
-5.710533618927001953e+00
5.158520221710205078e+00
1.013577938079833984e+00
-4.367440700531005859e+00
4.701333999633789062e+00
2.579391896724700928e-01
-2.286516904830932617e+00
3.873274326324462891e-01
3.314463138580322266e+00
2.255212068557739258e+00
4.296550750732421875e+00
-3.957802772521972656e+00
1.809087872505187988e+00
-5.166757583618164062e+00
2.898514270782470703e+00
-1.069693326950073242e+00
-4.270867824554443359e+00
2.915982007980346680e+00
3.127045392990112305e+00
1.108073234558105469e+00
3.193626999855041504e-01
1.397469401359558105e+00
1.873295426368713379e+00
-3.082427024841308594e+00
-1.074605464935302734e+00
-3.790024816989898682e-01
1.441925615072250366e-01
5.283573269844055176e-01
5.434527993202209473e-01
5.046514034271240234e+00
4.029078006744384766e+00
-7.576439857482910156e+00
4.491509914398193359e+00
-5.833834171295166016e+00
-9.722239971160888672e-01
