1.701951503753662109e+00
1.654943585395812988e+00
4.332452774047851562e+00
1.071358680725097656e+00
1.625882625579833984e+00
3.090521335601806641e+00
2.189795732498168945e+00
1.787843585014343262e+00
1.874570131301879883e+00
2.298651218414306641e+00
2.109059810638427734e+00
9.605549573898315430e-01
-5.740858912467956543e-01
-4.073671698570251465e-01
-2.288638986647129059e-02
1.919380068778991699e+00
5.172672271728515625e-01
1.163920760154724121e-02
2.434311658143997192e-01
6.512148380279541016e-01
2.884158194065093994e-01
-6.008789688348770142e-02
-3.545458614826202393e-01
-4.129723012447357178e-01
-1.092483878135681152e+00
-1.460635960102081299e-01
-6.902124732732772827e-02
-8.420256525278091431e-02
2.047582715749740601e-01
-1.226909086108207703e-01
-1.506294757127761841e-01
-1.807392090559005737e-01
-7.213959097862243652e-02
-2.158017009496688843e-01
-8.474884927272796631e-02
3.343706429004669189e-01
9.851676821708679199e-01
1.011887264251708984e+01
1.320950126647949219e+01
1.349443244934082031e+01
1.412134742736816406e+01
1.545077896118164062e+01
1.495693016052246094e+01
1.686723899841308594e+01
1.788060188293457031e+01
1.914270782470703125e+01
1.930796051025390625e+01
2.057584762573242188e+01
2.357900810241699219e+01
1.569701075553894043e+00
-5.604673624038696289e-01
4.483013451099395752e-01
-1.185337901115417480e+00
1.075285300612449646e-02
1.021323800086975098e+00
1.861073374748229980e-01
1.874402463436126709e-01
4.948998391628265381e-01
-6.799116134643554688e-01
-9.584363102912902832e-01
2.358784914016723633e+00
2.224108129739761353e-01
-1.687718987464904785e+00
-7.251362204551696777e-01
-1.426333785057067871e-01
2.881948649883270264e-01
-1.236908361315727234e-01
-1.088831797242164612e-01
-2.464544028043746948e-01
-3.429329097270965576e-01
-2.217958122491836548e-01
4.897634387016296387e-01
2.275288820266723633e+00
3.028063476085662842e-01
3.186430782079696655e-02
4.388706758618354797e-02
7.061728239059448242e-01
6.913830991834402084e-03
-3.817529231309890747e-02
1.529655009508132935e-01
-2.820704877376556396e-01
-1.090154647827148438e+00
2.406358242034912109e+00
-2.205293625593185425e-01
-1.986031979322433472e-02
6.518326997756958008e-01
8.303900063037872314e-02
4.835575520992279053e-01
-1.249506115913391113e+00
-5.346101522445678711e-01
-1.360977172851562500e+00
3.208434581756591797e-01
-3.085075318813323975e-01
-3.839614689350128174e-01
6.473689675331115723e-01
-1.436205059289932251e-01
6.581911817193031311e-03
-1.126588463783264160e+00
2.309018969535827637e-01
-8.012554645538330078e-01
1.373186856508255005e-01
-2.463838160037994385e-01
-8.074789643287658691e-01
-9.848881512880325317e-02
5.189408063888549805e-01
1.576044708490371704e-01
-5.595352649688720703e-01
9.108953475952148438e-01
9.991584718227386475e-02
3.949948549270629883e-01
1.148167610168457031e+00
-2.102607190608978271e-01
9.330370277166366577e-02
1.451018005609512329e-01
6.043111085891723633e-01
-1.183177113533020020e+00
-6.807281374931335449e-01
-7.702807784080505371e-01
8.545904755592346191e-01
2.997540950775146484e+00
-4.392499923706054688e-01
-1.154463291168212891e+00
-1.371872782707214355e+00
-1.314358830451965332e+00
-1.826362371444702148e+00
1.027932390570640564e-01
-1.935910344123840332e+00
6.851191818714141846e-02
3.377250730991363525e-01
-3.858066201210021973e-01
1.035035625100135803e-01
8.228368312120437622e-02
-3.464490771293640137e-01
6.880448758602142334e-02
1.212662011384963989e-01
1.342030167579650879e-01
2.385787367820739746e-01
-8.233422785997390747e-02
3.591617047786712646e-01
4.352623224258422852e-01
6.306012272834777832e-01
-3.071389794349670410e-01
1.469150185585021973e-01
7.763178646564483643e-02
1.106899455189704895e-01
1.348100751638412476e-01
4.243380427360534668e-01
-2.943305373191833496e-01
-1.418608725070953369e-01
-4.024032652378082275e-01
-1.441852331161499023e+00
8.530361056327819824e-01
4.028999432921409607e-02
-2.495888918638229370e-01
-2.577483952045440674e-01
2.063294351100921631e-01
-6.213287711143493652e-01
1.439427677541971207e-02
-4.135867655277252197e-01
1.343307256698608398e+00
-4.644870758056640625e-01
3.054615259170532227e-01
3.068754673004150391e-01
3.239015117287635803e-02
-2.208920568227767944e-01
-2.218120358884334564e-02
-3.897936344146728516e-01
2.250792086124420166e-02
3.450144231319427490e-01
3.277859985828399658e-01
1.816562563180923462e-01
1.305681765079498291e-01
2.847137153148651123e-01
4.255606532096862793e-01
1.122215110808610916e-02
7.979466021060943604e-02
-1.271731853485107422e-01
4.082237482070922852e-01
-6.953062862157821655e-02
1.925033181905746460e-01
9.817047417163848877e-02
1.605063676834106445e-01
2.967202663421630859e-01
-2.243844121694564819e-01
4.841252565383911133e-01
3.811688125133514404e-01
6.512523442506790161e-02
2.478121966123580933e-01
8.322578668594360352e-02
4.737474769353866577e-02
4.238950908184051514e-01
5.387954115867614746e-01
3.411043584346771240e-01
3.845598399639129639e-01
-6.949898600578308105e-02
3.573168516159057617e-01
-4.944497942924499512e-01
-5.249339342117309570e-01
-3.656266629695892334e-01
5.686916112899780273e-01
2.357519865036010742e-01
-2.262164354324340820e-01
1.877860784530639648e+00
5.922972410917282104e-02
2.419310249388217926e-02
-5.134063363075256348e-01
-1.837460845708847046e-01
3.152003511786460876e-02
8.884149789810180664e-02
6.588733196258544922e-02
-1.962573677301406860e-01
1.296802163124084473e-01
6.935423612594604492e-02
-1.851488500833511353e-01
-5.943282693624496460e-02
2.842962183058261871e-02
-1.166008830070495605e+00
-1.140725314617156982e-01
1.770085543394088745e-01
2.546935975551605225e-01
2.598988590762019157e-03
-8.033878356218338013e-02
-6.840172410011291504e-02
4.968135058879852295e-02
1.510336995124816895e-01
-1.111256796866655350e-02
1.376291215419769287e-01
-1.908826269209384918e-02
8.936863392591476440e-02
-3.857942223548889160e-01
-4.964172840118408203e-02
1.214221306145191193e-02
-1.100012660026550293e-01
3.013628162443637848e-02
8.915866166353225708e-02
1.384773999452590942e-01
5.642036795616149902e-01
-4.385998547077178955e-01
-4.917645752429962158e-01
-8.322457969188690186e-02
-1.049812063574790955e-01
2.066227048635482788e-02
-1.613333635032176971e-02
-1.434500813484191895e-01
3.176213204860687256e-01
-7.008650153875350952e-02
4.255899786949157715e-02
-1.607239395380020142e-01
4.455293342471122742e-02
2.963594496250152588e-01
-2.232299596071243286e-01
-6.767401099205017090e-02
-1.482447236776351929e-01
1.548275798559188843e-01
-5.490391254425048828e-01
6.853856146335601807e-02
-8.053620904684066772e-02
2.204460501670837402e-01
-8.160228282213211060e-02
1.959275454282760620e-01
5.272747017443180084e-03
5.082297325134277344e-01
-8.332061022520065308e-02
-7.157656550407409668e-01
-2.336242645978927612e-01
3.532373011112213135e-01
-3.050923645496368408e-01
-2.632190883159637451e-01
-2.690667212009429932e-01
-6.128391623497009277e-02
-5.195518136024475098e-01
8.692581951618194580e-02
-7.927535176277160645e-01
-2.064258158206939697e-01
4.608215093612670898e-01
-8.506555557250976562e-01
3.659650385379791260e-01
3.010822534561157227e-01
2.825113534927368164e-01
4.677269160747528076e-01
1.016871809959411621e+00
-3.652792572975158691e-01
6.310160756111145020e-01
6.647800328209996223e-04
1.758173806592822075e-03
6.885971873998641968e-03
-8.923866786062717438e-03
-6.337217520922422409e-03
-4.204924684017896652e-03
-5.569878965616226196e-03
-9.864081628620624542e-03
-3.219531849026679993e-03
9.074787609279155731e-03
8.353887125849723816e-03
-2.909487579017877579e-03
-1.468725269660353661e-03
-7.346592028625309467e-04
9.352387860417366028e-03
-3.840645775198936462e-03
7.717444561421871185e-03
-8.090781047940254211e-03
5.583953578025102615e-03
4.449852742254734039e-03
9.462900459766387939e-03
-3.401999594643712044e-03
1.527467160485684872e-03
-1.921637100167572498e-03
-4.511115606874227524e-03
4.619677085429430008e-03
2.206551725976169109e-04
-2.930758520960807800e-03
1.721644075587391853e-03
-2.991326153278350830e-03
-1.740141073241829872e-03
-5.155238788574934006e-03
7.206251379102468491e-03
8.975175442174077034e-04
-7.877959869801998138e-03
-4.199533257633447647e-03
2.057041041553020477e-03
-8.159869350492954254e-03
9.123475290834903717e-03
-2.799178706482052803e-03
-7.560150232166051865e-03
8.866604184731841087e-05
9.306222200393676758e-03
9.350688196718692780e-03
1.159167615696787834e-03
9.050594642758369446e-03
-3.534100018441677094e-03
7.587129715830087662e-03
9.121104143559932709e-03
-1.966398907825350761e-03
-2.022771164774894714e-03
-8.912819903343915939e-04
-6.329162977635860443e-03
-8.561812341213226318e-03
-4.769253428094089031e-04
3.493694355711340904e-03
1.432886929251253605e-03
-4.666426219046115875e-03
-8.491764776408672333e-03
-9.830137714743614197e-03
-6.975522264838218689e-04
-4.532843362540006638e-03
4.514390137046575546e-03
4.872940946370363235e-03
4.764568584505468607e-04
-9.705504402518272400e-03
-4.205210600048303604e-03
8.996061049401760101e-03
-7.677521090954542160e-03
9.103052318096160889e-03
9.143100120127201080e-03
4.191624175291508436e-04
-8.755644783377647400e-03
-5.506609100848436356e-03
2.631376963108778000e-03
4.792539868503808975e-03
-2.268774434924125671e-03
9.031985886394977570e-03
1.199789881706237793e+00
8.179347515106201172e-01
-1.501165628433227539e+00
5.383502244949340820e-01
