1.697876739501953125e+01
9.976361274719238281e+00
1.868727111816406250e+01
8.146444320678710938e+00
1.098194026947021484e+01
1.055555248260498047e+01
1.668400573730468750e+01
1.543924427032470703e+01
1.621520423889160156e+01
1.678431892395019531e+01
7.858061790466308594e+00
-3.432696819305419922e+00
1.670796775817871094e+01
-4.879412174224853516e+00
5.885914325714111328e+00
-2.039779186248779297e+00
4.683818340301513672e+00
4.420723438262939453e+00
-7.453398108482360840e-01
4.947892725467681885e-01
-2.509005069732666016e+00
-4.981301784515380859e+00
1.329999923706054688e+00
8.350152373313903809e-01
-1.070042705535888672e+01
-1.090936756134033203e+01
-3.119213342666625977e+00
-1.515585422515869141e+00
6.968244552612304688e+00
-3.376056194305419922e+00
2.989798307418823242e+00
-4.935400962829589844e+00
3.870061397552490234e+00
-6.607686042785644531e+00
-4.448255062103271484e+00
-4.088923454284667969e+00
-2.573995590209960938e+00
-3.820167779922485352e-01
-8.347966194152832031e+00
1.717983722686767578e+00
2.445336103439331055e+00
-9.257883071899414062e+00
8.391348838806152344e+00
-1.684519290924072266e+00
1.101488971710205078e+01
7.674177169799804688e+00
1.246275544166564941e+00
-6.706556797027587891e+00
4.007287025451660156e+00
-2.710965156555175781e+00
1.279428482055664062e+01
4.965488433837890625e+00
5.085530281066894531e+00
3.553496122360229492e+00
4.037076950073242188e+00
1.945220530033111572e-01
-1.128200411796569824e+00
6.081398963928222656e+00
-1.985687732696533203e+00
8.480725288391113281e+00
4.633739471435546875e+00
4.578325748443603516e-01
5.194293975830078125e+00
1.067649126052856445e+00
1.456147193908691406e+00
-6.099581718444824219e-01
-3.285331964492797852e+00
5.546787381172180176e-01
1.182206153869628906e+00
-3.622004687786102295e-01
-2.030707836151123047e+00
5.824879646301269531e+00
-8.799052238464355469e+00
-1.210940456390380859e+01
1.246996879577636719e+00
6.233593463897705078e+00
4.637632071971893311e-01
7.766402959823608398e-01
2.556166887283325195e+00
-2.171139955520629883e+00
2.004448175430297852e+00
-5.358920574188232422e+00
-2.648683309555053711e+00
1.397355914115905762e+00
4.193347394466400146e-01
2.734878063201904297e+00
4.598270893096923828e+00
2.420564651489257812e+00
5.143021106719970703e+00
-1.186802506446838379e+00
5.500434875488281250e+00
-8.472592353820800781e+00
-3.159261465072631836e+00
2.302552938461303711e+00
-1.759759664535522461e+00
7.827079892158508301e-01
-2.378088474273681641e+00
2.157813549041748047e+00
-1.175356984138488770e+00
2.956806421279907227e+00
1.763864636421203613e+00
-1.040847897529602051e+00
-1.386159300804138184e+00
7.874500751495361328e-01
6.381411850452423096e-02
5.321369171142578125e-01
1.645045876502990723e+00
5.300913333892822266e+00
-3.411761760711669922e+00
-6.439654827117919922e-01
4.057233333587646484e+00
9.078674912452697754e-01
-1.828490018844604492e+00
2.090585231781005859e+00
2.253291130065917969e+00
-1.110576152801513672e+01
1.803438186645507812e+00
-4.425525665283203125e-01
8.785730600357055664e-01
-2.040479660034179688e+00
1.096238613128662109e+00
5.155393600463867188e+00
-3.149597406387329102e+00
-3.757691085338592529e-01
3.126123189926147461e+00
2.748443126678466797e+00
4.532134532928466797e+00
6.966467857360839844e+00
4.511366844177246094e+00
1.344610333442687988e+00
-1.590323328971862793e+00
2.389441728591918945e+00
-1.605404376983642578e+00
-1.834807753562927246e+00
-8.836632966995239258e-01
-9.774122834205627441e-01
-1.813988447189331055e+00
-1.155239582061767578e+00
7.508769035339355469e-01
-4.351993560791015625e+00
-4.821437835693359375e+00
2.280920028686523438e+00
-3.333695173263549805e+00
-8.351038098335266113e-01
1.924042463302612305e+00
-1.606022864580154419e-01
4.558814764022827148e-01
6.907549381256103516e+00
3.051145374774932861e-01
2.427366673946380615e-01
-1.912422060966491699e+00
1.972833275794982910e+00
1.712725520133972168e+00
2.696625888347625732e-01
2.890195369720458984e+00
1.525315880775451660e+00
1.587266325950622559e+00
1.246748924255371094e+00
-2.387681961059570312e+00
1.075159683823585510e-01
-4.510295093059539795e-01
9.582834839820861816e-01
-1.599967479705810547e+00
1.557440519332885742e+00
4.940688908100128174e-01
-5.047360658645629883e-01
-2.328118085861206055e+00
-1.575772762298583984e-01
2.230103969573974609e+00
1.978665471076965332e+00
1.713418722152709961e+00
2.607065677642822266e+00
6.384092569351196289e-01
1.992859721183776855e+00
-1.840702891349792480e+00
5.967597961425781250e-01
2.553472995758056641e+00
-6.110315918922424316e-01
-1.525719285011291504e+00
7.746004462242126465e-01
8.563834428787231445e-01
-4.053434371948242188e+00
-1.492323040962219238e+00
-1.159014463424682617e+00
-2.175471782684326172e+00
2.576063871383666992e-01
-6.496844291687011719e-01
1.079929113388061523e+00
-1.143836498260498047e+00
-4.925838708877563477e-01
6.621882319450378418e-01
2.072090864181518555e+00
2.271139621734619141e+00
4.396879673004150391e+00
-1.958839178085327148e+00
-1.698063731193542480e+00
1.598224401473999023e+00
6.083743572235107422e-01
-9.362405538558959961e-01
5.943193435668945312e-01
3.960452228784561157e-02
2.902664840221405029e-01
-1.351768136024475098e+00
1.592772364616394043e+00
1.709775477647781372e-01
9.374171495437622070e-02
-2.003082990646362305e+00
2.141263484954833984e+00
-4.346196651458740234e+00
-1.972618699073791504e+00
