7.478622913360595703e+00
1.550345230102539062e+01
1.783700561523437500e+01
1.004795074462890625e+01
3.685215950012207031e+00
1.734986686706542969e+01
1.820779037475585938e+01
1.544490051269531250e+01
1.268048954010009766e+01
4.636098384857177734e+00
-9.196615815162658691e-01
-3.584038019180297852e-01
-5.773539066314697266e+00
3.152427077293395996e-01
5.683383345603942871e-01
-9.654202461242675781e+00
1.338386631011962891e+01
-5.825207233428955078e+00
5.725388050079345703e+00
-3.517385721206665039e+00
2.220429658889770508e+00
1.705304831266403198e-01
1.812333464622497559e+00
1.027271747589111328e+00
-4.678009450435638428e-01
-1.429908037185668945e+00
-5.544686317443847656e-01
-2.635778486728668213e-01
-2.819576025009155273e+00
6.553887367248535156e+00
1.039240550994873047e+01
-1.056249809265136719e+01
-5.141702014952898026e-03
-2.196926355361938477e+00
6.555160522460937500e+00
1.311122989654541016e+01
4.992153167724609375e+00
-1.397640228271484375e+01
1.279012918472290039e+00
-5.304070115089416504e-01
9.670324325561523438e+00
-5.181747913360595703e+00
-1.241963386535644531e+01
-3.821805953979492188e+00
-6.686970233917236328e+00
8.542986586689949036e-03
1.468621635437011719e+01
8.519848823547363281e+00
-1.001663208007812500e+00
1.402382850646972656e+00
-1.212534785270690918e+00
3.272714853286743164e+00
5.012587070465087891e+00
-5.342380523681640625e+00
1.406649494171142578e+01
6.385435104370117188e+00
3.369089603424072266e+00
-2.232135057449340820e+00
4.191475868225097656e+00
1.643107891082763672e+00
7.629667282104492188e+00
4.297738552093505859e+00
7.898046016693115234e+00
-5.634783744812011719e+00
-4.682568550109863281e+00
1.836281180381774902e+00
4.254524111747741699e-01
-2.501679658889770508e+00
1.178615689277648926e+00
5.783625125885009766e+00
2.927966117858886719e+00
-1.066795945167541504e+00
4.368542194366455078e+00
2.360428571701049805e+00
-1.400032639503479004e+00
-1.077302217483520508e+00
8.530805110931396484e-01
6.691377609968185425e-03
1.266746759414672852e+00
-7.722738385200500488e-01
-3.883254230022430420e-01
-3.944951593875885010e-01
-2.542397975921630859e+00
2.553275108337402344e+00
-3.880468368530273438e+00
-2.183565378189086914e+00
-9.020198583602905273e-01
-2.454998016357421875e+00
-4.308969676494598389e-01
-1.792577624320983887e+00
4.818884849548339844e+00
4.437750339508056641e+00
3.651232242584228516e+00
4.240279197692871094e+00
-3.799325227737426758e+00
3.469711303710937500e+00
-4.273468017578125000e+00
-2.353221178054809570e+00
-1.936699509620666504e+00
2.779825210571289062e+00
8.685011267662048340e-01
2.972991168498992920e-01
-1.198538318276405334e-01
-6.768775582313537598e-01
-2.947438716888427734e+00
1.856774687767028809e+00
3.845314741134643555e+00
-9.295711517333984375e-01
-2.691502571105957031e+00
2.501497030258178711e+00
-2.570533990859985352e+00
-4.704789519309997559e-01
-2.490587711334228516e+00
3.363133192062377930e+00
-4.255155563354492188e+00
1.214406371116638184e+00
1.091257214546203613e+00
-4.483880519866943359e+00
5.012720108032226562e+00
2.427701473236083984e+00
-1.076222419738769531e+00
-1.906472802162170410e+00
-4.552623271942138672e+00
6.775558471679687500e+00
4.011502742767333984e+00
1.834851145744323730e+00
5.186041831970214844e+00
1.695562303066253662e-01
7.104157209396362305e-01
-4.852050781250000000e+00
-7.887688279151916504e-01
2.468126416206359863e-01
6.938857436180114746e-01
2.151824533939361572e-01
3.577608466148376465e-01
8.677793741226196289e-01
6.576073914766311646e-02
1.576207876205444336e+00
-1.298335790634155273e+00
-6.009766101837158203e+00
3.087319374084472656e+00
-1.862348556518554688e+00
-5.759092807769775391e+00
2.005052089691162109e+00
-9.940900802612304688e-01
8.945532441139221191e-01
-2.495925426483154297e+00
2.504438877105712891e+00
3.730399608612060547e+00
-2.960297584533691406e+00
2.272490739822387695e+00
-3.413749694824218750e+00
1.162233710289001465e+00
1.008544325828552246e+00
3.905339717864990234e+00
-5.062085390090942383e-01
9.265482425689697266e-01
1.169657349586486816e+00
-2.643911361694335938e+00
-2.976536035537719727e+00
1.595852851867675781e+00
5.101770401000976562e+00
-9.172416329383850098e-01
-3.290806770324707031e+00
-1.268816232681274414e+00
-5.643687725067138672e+00
3.765284717082977295e-01
1.452442169189453125e+00
5.529174804687500000e+00
-5.906767845153808594e-01
4.696150779724121094e+00
-1.361676692962646484e+00
-5.657380104064941406e+00
1.615102529525756836e+00
-3.280465900897979736e-01
-1.121860146522521973e+00
