9.580741882324218750e+00
1.557362461090087891e+01
1.539758682250976562e+01
1.114086532592773438e+01
7.978963851928710938e+00
1.539759349822998047e+01
1.539754009246826172e+01
1.539757919311523438e+01
1.266930580139160156e+01
8.855986595153808594e+00
1.732274770736694336e+00
8.147305846214294434e-01
-6.475554943084716797e+00
-2.642342567443847656e+00
2.637231111526489258e+00
-7.618556499481201172e+00
1.160186767578125000e+01
-5.227112293243408203e+00
3.230301856994628906e+00
-1.152694106101989746e+00
2.994434118270874023e+00
1.240077018737792969e+00
2.611530065536499023e+00
-4.839151799678802490e-01
-1.393309086561203003e-01
-5.235781669616699219e-01
-1.204543113708496094e+00
-1.239165902137756348e+00
-3.555598497390747070e+00
7.717452526092529297e+00
1.017719364166259766e+01
-9.379958152770996094e+00
4.766766428947448730e-01
4.026185989379882812e+00
1.193332433700561523e+00
5.335903644561767578e+00
3.951714277267456055e+00
-9.637145996093750000e+00
-1.643695592880249023e+00
-1.675024271011352539e+00
6.165584087371826172e+00
-3.219246149063110352e+00
-9.136362075805664062e+00
-3.139870166778564453e+00
-4.608987331390380859e+00
1.760517656803131104e-01
1.051372432708740234e+01
6.608877658843994141e+00
-2.348816871643066406e+00
1.650138854980468750e+00
-3.268349885940551758e+00
-2.774862527847290039e+00
2.861461162567138672e+00
-6.217200279235839844e+00
1.119232463836669922e+01
4.331095218658447266e+00
8.411291837692260742e-01
-1.036745071411132812e+00
6.600169658660888672e+00
1.782893419265747070e+00
4.623614311218261719e+00
3.075106859207153320e+00
1.098813533782958984e+01
-9.215730667114257812e+00
-5.373909473419189453e+00
-2.078972339630126953e+00
-1.725743651390075684e+00
-2.504963159561157227e+00
3.611278533935546875e+00
5.011124610900878906e+00
7.960076332092285156e-01
5.694768428802490234e-01
3.505014419555664062e+00
3.845836400985717773e+00
-2.450414180755615234e+00
-7.210988402366638184e-01
1.365172028541564941e+00
5.158270001411437988e-01
1.272169232368469238e+00
-3.222315311431884766e-01
2.296954840421676636e-01
-1.328444719314575195e+00
-7.181724905967712402e-01
4.872735738754272461e-01
-1.749057888984680176e+00
3.890087129548192024e-03
1.451361179351806641e+00
-2.321710586547851562e+00
-1.021314859390258789e+00
-1.017936348915100098e+00
4.437129199504852295e-01
5.286890506744384766e+00
-1.168946743011474609e+00
5.400509357452392578e+00
-3.600237369537353516e+00
3.345593214035034180e+00
-1.774324655532836914e+00
2.013611078262329102e+00
1.668370664119720459e-01
3.114750146865844727e+00
2.180356264114379883e+00
6.945288181304931641e-01
-4.425516128540039062e-01
-3.775765895843505859e+00
-2.891669988632202148e+00
2.989603757858276367e+00
2.880154848098754883e+00
5.078436732292175293e-01
-1.280619144439697266e+00
3.322587728500366211e+00
-3.667152166366577148e+00
-1.835677146911621094e+00
9.720575809478759766e-01
3.257620334625244141e+00
-1.454296827316284180e+00
2.296643018722534180e+00
-1.591011404991149902e+00
-2.298688888549804688e+00
4.287682533264160156e+00
1.218238949775695801e+00
-2.149189233779907227e+00
-1.629755616188049316e+00
-2.530474662780761719e+00
4.194973945617675781e+00
4.168170928955078125e+00
1.246387839317321777e+00
1.938161730766296387e+00
3.026409626007080078e+00
3.986781835556030273e+00
-2.495418310165405273e+00
1.636584848165512085e-01
1.673546433448791504e+00
7.111071944236755371e-01
8.148872852325439453e-01
-1.162987425923347473e-01
4.354424774646759033e-01
-7.604904174804687500e-01
-1.023193478584289551e+00
4.614384472370147705e-01
-2.402810811996459961e+00
1.655811548233032227e+00
1.848887324333190918e+00
-3.086519956588745117e+00
-1.081122279167175293e+00
-1.125324964523315430e+00
1.082948803901672363e+00
4.042231559753417969e+00
-1.677476882934570312e+00
5.122205734252929688e+00
-3.525072097778320312e+00
2.693920135498046875e+00
-1.427917122840881348e+00
2.115904569625854492e+00
1.684848546981811523e+00
3.152729749679565430e+00
1.703280568122863770e+00
7.859744429588317871e-01
-6.805248856544494629e-01
-4.463767051696777344e+00
-2.910001516342163086e+00
2.379387617111206055e+00
2.882070779800415039e+00
6.669759005308151245e-02
-8.450024127960205078e-01
2.694711208343505859e+00
-4.342551231384277344e+00
-1.625396847724914551e+00
9.474843740463256836e-01
3.745164871215820312e+00
-6.646098941564559937e-02
2.582783699035644531e+00
-1.693621873855590820e+00
-1.970083236694335938e+00
4.426119804382324219e+00
1.665985137224197388e-01
-7.555904388427734375e-01
