6.147285461425781250e+00
2.087182044982910156e+01
2.130017280578613281e+01
6.436344623565673828e+00
8.694044113159179688e+00
1.547236251831054688e+01
1.076835250854492188e+01
1.319791698455810547e+01
1.719328880310058594e+01
1.544506168365478516e+01
1.231656169891357422e+01
6.413208007812500000e+00
-1.248591804504394531e+01
-2.782292366027832031e+00
6.838127613067626953e+00
1.096750855445861816e+00
8.930940628051757812e+00
-4.971456050872802734e+00
5.748837947845458984e+00
-1.710342764854431152e+00
1.694961667060852051e+00
2.175560235977172852e+00
-8.048692703247070312e+00
-1.130129528045654297e+01
-2.701743841171264648e-01
-6.063070297241210938e+00
-1.353998184204101562e-01
-1.315732151269912720e-01
9.060888290405273438e+00
-9.846386909484863281e+00
6.616216182708740234e+00
-4.849025905132293701e-01
-5.181710720062255859e-01
-5.821763038635253906e+00
-1.963633298873901367e-01
-9.025497436523437500e-01
1.820758581161499023e+00
-7.036319971084594727e-01
-3.230167150497436523e+00
2.769826650619506836e+00
1.175952076911926270e+00
1.804595738649368286e-01
-2.124552011489868164e+00
-5.394177436828613281e+00
-3.881090581417083740e-01
8.263540267944335938e-01
-9.401914596557617188e+00
5.698666095733642578e+00
1.073250961303710938e+01
5.484772682189941406e+00
2.105871677398681641e+00
5.207893252372741699e-01
-6.617135405540466309e-01
1.138114333152770996e+00
6.732417941093444824e-01
1.037079143524169922e+01
1.699940490722656250e+01
-9.490995407104492188e+00
-2.803397178649902344e+00
-4.383980274200439453e+00
7.424388527870178223e-01
1.348930644989013672e+01
-1.263558769226074219e+01
5.053356647491455078e+00
7.363485813140869141e+00
5.420965194702148438e+00
5.321508407592773438e+00
-4.540007710456848145e-01
4.526278495788574219e+00
3.323007524013519287e-01
-1.265141010284423828e+00
-9.652803540229797363e-01
1.094082593917846680e+00
7.093628048896789551e-01
-9.592099189758300781e-01
-2.452734231948852539e+00
8.860313892364501953e-01
2.887766361236572266e+00
-1.522750377655029297e+00
1.283759832382202148e+00
2.045395374298095703e+00
-1.746149301528930664e+00
2.222510814666748047e+00
4.147156715393066406e+00
-4.193358421325683594e+00
-2.347210168838500977e+00
4.020189285278320312e+00
3.977212607860565186e-01
-6.431931853294372559e-01
8.295482397079467773e-01
2.080914974212646484e+00
1.909127116203308105e+00
-2.955103635787963867e+00
-4.343086779117584229e-01
-8.859720826148986816e-01
1.232122778892517090e+00
-4.768681824207305908e-01
-8.840896487236022949e-01
-8.887914419174194336e-01
5.544978141784667969e+00
9.830883741378784180e-01
-3.544672727584838867e+00
3.745174884796142578e+00
-8.250857144594192505e-02
-2.569880008697509766e+00
-1.138574600219726562e+00
2.890437126159667969e+00
-7.805996537208557129e-01
-1.229527950286865234e+00
-2.549469709396362305e+00
-4.354452133178710938e+00
4.416967868804931641e+00
3.681238174438476562e+00
3.401167631149291992e+00
6.232343673706054688e+00
2.582163810729980469e+00
-4.069329261779785156e+00
-3.123837709426879883e+00
3.612604618072509766e+00
-1.101959824562072754e+00
7.561200261116027832e-01
3.108180046081542969e+00
7.323852181434631348e-02
-1.184195280075073242e+00
5.665853500366210938e+00
7.580704987049102783e-02
-3.880839347839355469e-01
1.748880028724670410e+00
1.073228478431701660e+00
-3.454072713851928711e+00
-3.985997915267944336e+00
4.557107090950012207e-01
2.001502275466918945e+00
1.418772220611572266e+00
-2.420877963304519653e-01
2.963723182678222656e+00
-1.962468981742858887e+00
3.537352561950683594e+00
3.428823947906494141e+00
-4.116002082824707031e+00
8.037665486335754395e-01
2.992537975311279297e+00
-7.192875146865844727e-01
-9.424934387207031250e-01
5.680797696113586426e-01
2.302713632583618164e+00
3.242423295974731445e+00
-4.104187965393066406e+00
5.713101387023925781e+00
2.139717817306518555e+00
3.308428287506103516e+00
-8.348540067672729492e-01
-9.707299470901489258e-01
-1.955695271492004395e+00
2.565594315528869629e-01
-7.168886065483093262e-01
-5.312569618225097656e+00
4.632599353790283203e+00
2.403160482645034790e-01
-3.580648005008697510e-01
-9.726064205169677734e-01
-2.273566722869873047e+00
8.606691360473632812e-01
7.347447276115417480e-01
2.320653200149536133e+00
-3.450464487075805664e+00
4.463465690612792969e+00
2.268796920776367188e+00
2.483281135559082031e+00
5.437662124633789062e+00
2.670218467712402344e+00
-2.228258848190307617e+00
-4.572399139404296875e+00
7.542763710021972656e+00
-1.064738869667053223e+00
-9.934631586074829102e-01
