1.547481536865234375e+01
6.672629356384277344e+00
1.378984355926513672e+01
9.373103141784667969e+00
1.564294815063476562e+01
1.546149158477783203e+01
1.547038078308105469e+01
1.655513381958007812e+01
1.544049072265625000e+01
1.012656879425048828e+01
6.377699375152587891e+00
7.822230339050292969e+00
7.515222549438476562e+00
7.278207778930664062e+00
-6.460698604583740234e+00
1.612044572830200195e+00
4.352120459079742432e-01
3.585657119750976562e+00
3.585033416748046875e+00
-3.445568799972534180e+00
-2.040261030197143555e+00
-5.812752246856689453e+00
-1.628951914608478546e-02
-2.565261125564575195e+00
6.267595767974853516e+00
2.209848910570144653e-02
-1.190531921386718750e+01
-2.644020795822143555e+00
-7.483889460563659668e-01
-6.641075134277343750e+00
6.929348945617675781e+00
5.460576534271240234e+00
-3.683404207229614258e+00
4.186233997344970703e+00
-3.512928485870361328e-01
6.875232696533203125e+00
-2.143137693405151367e+00
-4.990359783172607422e+00
-5.797851562500000000e+00
-1.514986705780029297e+01
5.644561767578125000e+00
4.914549827575683594e+00
-6.367506027221679688e+00
-7.756026744842529297e+00
1.156265830993652344e+01
-2.271282911300659180e+00
-6.494351387023925781e+00
6.745442003011703491e-02
4.039270401000976562e+00
3.536089956760406494e-01
6.415159225463867188e+00
-1.763705730438232422e+00
2.930870771408081055e+00
-5.272492885589599609e+00
1.213380336761474609e+01
5.649732589721679688e+00
2.321430206298828125e+00
5.483181953430175781e+00
5.542650222778320312e+00
9.396439194679260254e-01
-3.522483825683593750e+00
-2.707842290401458740e-01
3.497280597686767578e+00
-3.121971368789672852e+00
-4.475214481353759766e+00
1.023474597930908203e+01
-3.639713525772094727e+00
5.020790576934814453e+00
-5.253913402557373047e+00
7.250643253326416016e+00
5.161772251129150391e+00
5.832479000091552734e+00
8.290495276451110840e-01
-1.369705009460449219e+01
3.803162336349487305e+00
-4.567533433437347412e-01
-1.601802825927734375e+00
-1.319563865661621094e+00
-6.983534693717956543e-01
-1.550546288490295410e+00
5.019030570983886719e+00
-1.124716520309448242e+00
1.694606184959411621e+00
-3.417608499526977539e+00
1.296838045120239258e+00
6.615725040435791016e+00
4.721835613250732422e+00
-4.492949247360229492e-01
-2.063869833946228027e-01
-6.950143337249755859e+00
3.244727373123168945e+00
3.158581972122192383e+00
1.715681433677673340e+00
5.873000621795654297e+00
1.347190976142883301e+00
-1.898747086524963379e-01
2.195792913436889648e+00
2.281951665878295898e+00
5.067076206207275391e+00
4.437360286712646484e+00
3.949738442897796631e-01
3.499271392822265625e+00
1.579656243324279785e+00
1.387603878974914551e+00
1.281201481819152832e+00
-1.479913364164531231e-03
-2.277123451232910156e+00
-4.711890220642089844e+00
1.902047395706176758e+00
-5.471696853637695312e+00
-6.446706652641296387e-01
1.522184610366821289e+00
4.302346706390380859e+00
-6.950963020324707031e+00
-8.362742662429809570e-01
-2.714563608169555664e+00
2.194815158843994141e+00
-4.114680588245391846e-01
-7.126512527465820312e-01
-5.224629402160644531e+00
-2.330705404281616211e+00
-2.160532236099243164e+00
-3.198689699172973633e+00
-6.084608435630798340e-01
-2.062464952468872070e-01
5.376496791839599609e+00
6.921014785766601562e+00
-4.477958202362060547e+00
-1.111751049757003784e-01
3.493165254592895508e+00
-4.398693442344665527e-01
-1.353237152099609375e+00
9.169605255126953125e+00
-2.402420759201049805e+00
-2.347683906555175781e+00
-1.423903107643127441e+00
2.215549707412719727e+00
-3.096243858337402344e+00
5.140457153320312500e+00
4.508794784545898438e+00
-3.280403852462768555e+00
-1.911412715911865234e+00
-2.997365951538085938e+00
-1.821805357933044434e+00
4.771616458892822266e+00
8.179312944412231445e-01
2.040147781372070312e+00
-4.370540007948875427e-02
-8.082064986228942871e-01
2.535078227519989014e-01
1.526543259620666504e+00
5.751840397715568542e-02
-2.570812225341796875e+00
2.010786294937133789e+00
1.851115345954895020e+00
-5.871042728424072266e+00
1.698378801345825195e+00
-5.686662197113037109e-01
2.765994310379028320e+00
-1.438266277313232422e+00
-2.256916463375091553e-01
2.189254760742187500e+00
3.414798259735107422e+00
8.809935450553894043e-01
2.598717927932739258e+00
3.147101163864135742e+00
6.335511207580566406e-01
8.367837667465209961e-01
1.471907138824462891e+00
-6.737869977951049805e-01
1.939563197083771229e-03
1.202134966850280762e+00
2.221630096435546875e+00
-3.133247852325439453e+00
2.390141963958740234e+00
1.759902238845825195e+00
-2.677973508834838867e-01
-4.871604740619659424e-01
-2.872932195663452148e+00
-4.279999256134033203e+00
3.028434276580810547e+00
6.665062904357910156e-01
4.802802801132202148e-01
-3.056863248348236084e-01
5.484044551849365234e-01
1.361881136894226074e+00
1.313120961189270020e+00
-1.725487351417541504e+00
1.345501065254211426e+00
-1.355444192886352539e+00
-9.845854640007019043e-01
-2.514995932579040527e-01
1.848510861396789551e+00
3.089721798896789551e-01
1.564978510141372681e-01
-1.544558763504028320e+00
1.047642111778259277e+00
4.499720931053161621e-01
3.862234830856323242e+00
4.009383320808410645e-01
4.558892250061035156e+00
1.929279923439025879e+00
-3.158606529235839844e+00
-1.262130379676818848e+00
7.043870687484741211e-01
3.414580821990966797e+00
-2.275963306427001953e+00
-4.015993177890777588e-01
-4.188236236572265625e+00
3.614657640457153320e+00
