1.661937832832336426e+00
-1.462761610746383667e-01
-2.945961654186248779e-01
5.973812937736511230e-01
1.728369474411010742e+00
4.394051551818847656e+00
-1.380610018968582153e-01
1.703065156936645508e+00
2.837325096130371094e+00
2.725546360015869141e+00
2.126465559005737305e+00
2.079748153686523438e+00
7.494375705718994141e-01
2.641441822052001953e+00
6.222300529479980469e-01
2.398576885461807251e-01
5.125319957733154297e-01
9.722009301185607910e-01
3.220601677894592285e-01
-1.397458650171756744e-02
-7.024298310279846191e-01
4.013297855854034424e-01
3.997050225734710693e-01
3.945334851741790771e-01
1.223631575703620911e-01
3.556408584117889404e-01
-3.627983033657073975e-01
1.653937101364135742e-01
6.111441925168037415e-02
-3.011030554771423340e-01
-4.905318617820739746e-01
5.423710495233535767e-02
6.453722119331359863e-01
-6.276069283485412598e-01
2.885189354419708252e-01
-3.574400767683982849e-02
-9.849579632282257080e-02
-2.233686596155166626e-01
-2.355922311544418335e-01
-1.294565647840499878e-01
-3.820598125457763672e-02
-1.136959879659116268e-03
1.800885051488876343e-01
-4.499568641185760498e-01
2.725599408149719238e-01
1.794921234250068665e-03
1.040302038192749023e+00
-3.041843473911285400e-01
-1.899713724851608276e-01
7.016309738159179688e+00
6.279234886169433594e+00
7.413662433624267578e+00
1.021792316436767578e+01
1.321954822540283203e+01
1.219079399108886719e+01
1.411324691772460938e+01
1.569965171813964844e+01
1.500400733947753906e+01
1.745257186889648438e+01
1.874147987365722656e+01
2.267243576049804688e+01
1.946523475646972656e+01
2.620383834838867188e+01
2.641302871704101562e+01
3.059714508056640625e+01
-1.197298431396484375e+01
5.050437927246093750e+00
3.784982681274414062e+00
1.746327161788940430e+00
1.956104159355163574e+00
-6.127246379852294922e+00
7.640529274940490723e-01
1.488017082214355469e+00
-4.783721446990966797e+00
6.899050235748291016e+00
-1.328563594818115234e+01
1.113899499177932739e-01
7.022209167480468750e+00
-2.249951601028442383e+00
-3.423691272735595703e+00
-3.835428714752197266e+00
-1.613572120666503906e+00
-1.717438697814941406e-01
-6.163375973701477051e-01
-2.145347893238067627e-01
1.636153310537338257e-01
-1.536077857017517090e+00
-1.547534704208374023e+00
1.792405962944030762e+00
4.453762054443359375e+00
-1.309391379356384277e+00
1.664280414581298828e+00
-4.229815006256103516e+00
1.155491352081298828e+00
9.065690040588378906e+00
8.437680602073669434e-01
2.208703160285949707e-01
9.136859327554702759e-02
7.905078120529651642e-03
2.800789177417755127e-01
1.212375402450561523e+00
-1.365625500679016113e+00
1.969079017639160156e+00
3.373071551322937012e-01
1.785476505756378174e-01
-2.606485486030578613e-01
-1.346603155136108398e+00
5.126045346260070801e-01
2.536590099334716797e+00
-9.868007898330688477e-02
1.352007031440734863e+00
2.682298123836517334e-01
2.764357089996337891e+00
-3.004843473434448242e+00
1.828030228614807129e+00
-1.385606765747070312e+00
-2.620332241058349609e-01
2.413884878158569336e+00
-9.462839365005493164e-01
-2.757601499557495117e+00
1.324117064476013184e+00
4.483755111694335938e+00
-2.181920856237411499e-01
-9.384872391819953918e-03
2.058644145727157593e-01
-1.441872835159301758e+00
-1.294230461120605469e+00
9.499605894088745117e-01
1.299135446548461914e+00
-5.460705161094665527e-01
-5.028468370437622070e-01
-1.471481084823608398e+00
1.043554902076721191e+00
4.469174861907958984e+00
2.037111818790435791e-01
1.239583015441894531e+01
-6.968982696533203125e+00
5.292232990264892578e+00
-9.811638593673706055e-01
-4.875272274017333984e+00
5.378356456756591797e+00
-4.685736075043678284e-02
-3.593123674392700195e+00
6.124147176742553711e-01
2.281389713287353516e+00
6.109384059906005859e+00
5.843585968017578125e+00
1.830048412084579468e-01
-7.741063237190246582e-01
-9.260726571083068848e-01
8.776072859764099121e-01
-8.914155960083007812e-01
1.940538048744201660e+00
1.138066530227661133e+00
-8.855242729187011719e+00
-2.121126413345336914e+00
-2.651094913482666016e+00
2.295795440673828125e+00
1.478080272674560547e+00
-1.259962916374206543e+00
1.540552258491516113e+00
2.066906690597534180e-01
-3.284971117973327637e-01
3.240425348281860352e+00
-1.856177568435668945e+00
-2.678791046142578125e+00
-1.404475688934326172e+00
1.864489018917083740e-01
3.001808822154998779e-01
9.924115985631942749e-02
1.111269712448120117e+00
-2.291306734085083008e+00
-2.102106094360351562e+00
-2.161609649658203125e+00
3.810036897659301758e+00
-5.755045413970947266e+00
-1.859267473220825195e+00
1.901605844497680664e+00
-1.868540167808532715e+00
3.874029874801635742e+00
-5.757656574249267578e+00
4.498604774475097656e+00
3.378985643386840820e+00
-1.153803706169128418e+00
-1.658109068870544434e+00
9.441500157117843628e-02
-1.600439310073852539e+00
3.252677023410797119e-01
-2.651259660720825195e+00
-3.646454095840454102e+00
-1.678733110427856445e+00
-2.211256504058837891e+00
-1.314524531364440918e+00
-1.562165260314941406e+00
-2.582289218902587891e+00
-1.532209277153015137e+00
2.188933372497558594e+00
6.820278763771057129e-01
7.662854671478271484e+00
-2.839117348194122314e-01
6.356682777404785156e+00
-1.464614719152450562e-01
-4.085146784782409668e-01
3.200047314167022705e-01
7.086583971977233887e-01
-5.245894193649291992e-01
4.763318061828613281e+00
1.098463654518127441e+00
-1.938284039497375488e+00
2.567600727081298828e+00
-1.978069663047790527e+00
3.275144577026367188e+00
7.377641201019287109e-01
-1.851609468460083008e+00
4.933713749051094055e-02
3.456883907318115234e+00
3.960479021072387695e+00
1.167914867401123047e+00
-6.779111176729202271e-02
2.784694135189056396e-01
-1.631468087434768677e-01
6.452327370643615723e-01
3.576668202877044678e-01
5.902080535888671875e-01
-5.663154125213623047e-01
-1.386197209358215332e+00
1.010524630546569824e+00
-2.703457117080688477e+00
7.543070316314697266e-01
-1.090607404708862305e+00
-1.880993127822875977e+00
1.704359292984008789e+00
-5.876185297966003418e-01
2.270428091287612915e-01
-6.225514411926269531e-01
2.646476984024047852e+00
-2.181287482380867004e-02
-1.152475085109472275e-02
-1.635511368513107300e-01
4.890609905123710632e-02
6.547272801399230957e-01
5.497937202453613281e-01
-7.110809087753295898e-01
3.510355055332183838e-01
2.126438856124877930e+00
2.358021736145019531e-01
-8.063008785247802734e-01
3.580393493175506592e-01
-3.211371898651123047e+00
4.548475146293640137e-01
5.218645334243774414e-01
-7.415102124214172363e-01
-4.793314337730407715e-01
2.900957167148590088e-01
-3.170147240161895752e-01
1.181749820709228516e+00
-9.863019585609436035e-01
-2.981792926788330078e+00
1.046926602721214294e-01
4.721269011497497559e-02
1.276237010955810547e+00
4.193016141653060913e-02
1.825281083583831787e-01
-2.117450386285781860e-01
-3.098023533821105957e-01
3.175877630710601807e-01
-1.953198462724685669e-01
6.327184438705444336e-01
-6.837258338928222656e-01
2.878973782062530518e-01
-4.462848603725433350e-01
-9.314617156982421875e+00
8.424578309059143066e-01
1.643814742565155029e-01
-1.539019823074340820e+00
-5.587794780731201172e-01
9.498785734176635742e-01
-2.287076234817504883e+00
4.599072635173797607e-01
1.776011228561401367e+00
-5.130968570709228516e+00
-8.024326562881469727e-01
-7.409829497337341309e-01
-1.057766079902648926e-01
2.795120477676391602e-01
4.116436243057250977e-01
-7.303163409233093262e-02
4.775717854499816895e-01
-7.558419108390808105e-01
-2.046799510717391968e-01
1.724707007408142090e+00
1.473947405815124512e+00
5.279797911643981934e-01
-3.195867240428924561e-01
-8.702459931373596191e-02
-8.294645696878433228e-02
4.865976274013519287e-01
1.617286503314971924e-01
5.977827310562133789e-02
-5.194236040115356445e-01
3.529918491840362549e-01
6.521814465522766113e-01
5.116153359413146973e-01
4.120537638664245605e-01
-1.047473788261413574e+00
-1.095825210213661194e-01
-4.139643311500549316e-01
-3.906830549240112305e-01
1.204601861536502838e-02
4.545917510986328125e-01
-9.670266509056091309e-01
1.212402701377868652e+00
7.815500497817993164e-01
-5.350565537810325623e-02
-1.080038189888000488e+00
-2.077484130859375000e+00
2.168375968933105469e+00
-1.221012473106384277e+00
-1.581694245338439941e+00
-1.580711454153060913e-01
1.541371822357177734e+00
-1.256863772869110107e-01
1.247276425361633301e+00
-5.039168000221252441e-01
9.920447468757629395e-01
-1.407068520784378052e-01
-1.938794255256652832e+00
1.555147409439086914e+00
-1.007383093237876892e-01
7.014145255088806152e-01
8.114421367645263672e-01
8.266255855560302734e-01
-3.165659904479980469e-01
6.242920756340026855e-01
8.147110044956207275e-02
1.656038016080856323e-01
-4.691572189331054688e-01
4.980474472045898438e+00
-1.440630912780761719e+00
-8.145259022712707520e-01
-3.450889289379119873e-01
-3.189238905906677246e-01
4.049581527709960938e+00
-2.247197151184082031e+00
-2.019811391830444336e+00
2.645671606063842773e+00
-2.812794744968414307e-01
3.125151157379150391e+00
5.947042703628540039e-01
-1.196965575218200684e+00
-2.253203243017196655e-01
8.928586244583129883e-01
-2.253676891326904297e+00
1.862352132797241211e+00
-4.582318663597106934e-01
2.336304783821105957e-01
1.178995445370674133e-01
3.810671269893646240e-01
-1.847950220108032227e-01
1.017773151397705078e+00
-1.250965446233749390e-01
-2.367264032363891602e+00
1.068491458892822266e+00
-2.604694664478302002e-01
5.044040456414222717e-02
7.913820147514343262e-01
-3.602711439132690430e+00
-6.611965298652648926e-01
3.082833588123321533e-01
1.759933382272720337e-01
-5.410525798797607422e-01
-4.563441276550292969e-01
-2.918570339679718018e-01
6.119211912155151367e-01
-1.528682112693786621e-01
-2.266075909137725830e-01
1.916059702634811401e-01
1.011832952499389648e-01
2.201792448759078979e-01
-6.097795963287353516e-01
-7.137816548347473145e-01
-1.097749695181846619e-01
-7.278776764869689941e-01
-3.214863836765289307e-01
-1.175181269645690918e+00
8.087806701660156250e-01
4.802361726760864258e-01
-6.271278858184814453e-01
-2.456803023815155029e-01
-7.677772641181945801e-02
-2.786154448986053467e-01
7.420519739389419556e-02
5.694916844367980957e-01
-1.215647578239440918e+00
1.386889219284057617e-01
3.192692697048187256e-01
-1.899094879627227783e-01
3.533518612384796143e-01
-6.501755863428115845e-02
6.013767048716545105e-02
4.907364770770072937e-02
-4.063783288002014160e-01
6.215372681617736816e-01
4.172785282135009766e-01
-4.173638224601745605e-01
-6.127043962478637695e-01
-4.076232016086578369e-02
-5.274838924407958984e+00
2.324850559234619141e+00
3.422752320766448975e-01
-9.396163225173950195e-01
3.834304586052894592e-02
-5.682442784309387207e-01
-1.415274977684020996e+00
2.291847020387649536e-02
4.762867987155914307e-01
2.316592447459697723e-02
2.186055481433868408e-01
-1.577707409858703613e+00
-1.196604669094085693e-01
2.887279987335205078e-01
1.890475600957870483e-01
7.709469064138829708e-04
8.942785263061523438e-01
-3.141692578792572021e-01
-2.602439820766448975e-01
1.932322382926940918e+00
-2.046834081411361694e-01
6.734500527381896973e-01
-1.832192391157150269e-01
-4.030638337135314941e-01
2.432385534048080444e-01
-9.260473772883415222e-03
1.600089073181152344e-01
-3.592973351478576660e-01
-8.418222069740295410e-01
5.313948392868041992e-01
1.567172557115554810e-01
-2.818504273891448975e-01
2.765060365200042725e-01
-8.640660047531127930e-01
-1.641046851873397827e-01
4.440113306045532227e-01
6.207102537155151367e-01
3.028334975242614746e-01
8.304167985916137695e-01
-9.318546652793884277e-01
1.227748513221740723e+00
2.694052457809448242e-01
-7.287344336509704590e-01
9.773607254028320312e-01
-3.490411639213562012e-01
1.536952614784240723e+00
-1.209126472473144531e+00
-4.038484096527099609e-01
9.771149158477783203e-01
-2.842878997325897217e-01
-6.729407608509063721e-02
5.623291134834289551e-01
3.607694208621978760e-01
9.841731786727905273e-01
1.061562299728393555e+00
1.993078827857971191e+00
1.330403834581375122e-01
-2.761895060539245605e-01
8.099886775016784668e-02
6.265526413917541504e-01
1.102187037467956543e-01
-1.059749603271484375e+00
-4.506880044937133789e-01
-3.408326148986816406e+00
-2.869505062699317932e-02
-3.227197408676147461e+00
8.978704921901226044e-03
-8.356196805834770203e-03
7.669497281312942505e-03
-8.815337903797626495e-03
2.632295014336705208e-03
-8.115887641906738281e-03
-4.127380438148975372e-03
2.650100970640778542e-03
8.338810876011848450e-03
6.249810568988323212e-03
-6.460499484091997147e-03
4.020127467811107635e-03
9.852762334048748016e-03
9.108507074415683746e-03
-9.761974215507507324e-03
6.576190702617168427e-03
-3.402999602258205414e-03
-7.876340299844741821e-03
8.238997310400009155e-03
-8.835264481604099274e-03
-2.634998178109526634e-03
-6.160315591841936111e-03
6.058945320546627045e-03
-7.742849178612232208e-03
-5.532348528504371643e-03
-1.385908457450568676e-03
-9.531381540000438690e-03
8.474193164147436619e-04
-9.284507483243942261e-03
1.846102881245315075e-03
5.880068056285381317e-04
6.507014855742454529e-03
3.759336192160844803e-03
-5.346246995031833649e-03
-7.305224426090717316e-03
4.225361160933971405e-03
3.213682444766163826e-03
-8.422765880823135376e-03
-5.005044862627983093e-03
9.810033254325389862e-03
1.600002986378967762e-03
5.860306788235902786e-03
5.779908038675785065e-03
-1.061617163941264153e-03
-5.362374242395162582e-03
-3.086820244789123535e-03
4.747726023197174072e-03
-4.853584803640842438e-03
3.263713791966438293e-03
-3.688629483804106712e-03
6.052786950021982193e-03
8.070842362940311432e-03
-3.886205609887838364e-03
1.720434753224253654e-03
8.493803441524505615e-03
4.798268433660268784e-03
5.907800048589706421e-03
2.198092173784971237e-03
-7.174920756369829178e-03
-8.667658083140850067e-03
8.204176090657711029e-03
-4.292720695957541466e-04
8.898990228772163391e-03
7.423180795740336180e-05
-7.348345592617988586e-03
-7.969468832015991211e-03
2.560375025495886803e-03
9.157600812613964081e-03
6.012861616909503937e-03
-6.750259548425674438e-03
3.278788877651095390e-03
7.581055164337158203e-03
-1.559868105687201023e-03
7.857935503125190735e-03
5.835556890815496445e-03
-8.040110580623149872e-03
-1.629519276320934296e-03
-2.342619933187961578e-03
-8.884475566446781158e-03
-3.909150604158639908e-03
1.011767657473683357e-03
-8.482436649501323700e-03
-2.893003169447183609e-03
-3.220013808459043503e-03
-8.766991086304187775e-03
-1.190867857076227665e-03
-9.147708304226398468e-03
-3.095840103924274445e-03
-3.565375693142414093e-03
-5.537225864827632904e-03
3.084738040342926979e-03
-8.777486160397529602e-03
6.068463437259197235e-03
-8.769659907557070255e-04
6.351579912006855011e-03
-9.859283454716205597e-03
7.765969261527061462e-03
6.466448307037353516e-03
7.986943237483501434e-03
3.144463524222373962e-03
-9.006792679429054260e-03
-5.209126509726047516e-03
6.967728957533836365e-03
-9.993282146751880646e-04
9.339958429336547852e-03
7.400011643767356873e-03
-4.804875236004590988e-03
-2.688097301870584488e-03
7.994630141183733940e-04
-3.289183368906378746e-03
7.386917248368263245e-03
9.375659748911857605e-03
-4.612075630575418472e-03
-1.851445413194596767e-03
-8.707948029041290283e-03
-9.042197838425636292e-03
4.978700308129191399e-04
6.473844405263662338e-03
-1.388528733514249325e-03
3.980923909693956375e-03
-8.309647440910339355e-03
6.165701895952224731e-03
1.386032789014279842e-03
-1.830814057029783726e-03
-1.705452217720448971e-03
-1.021066796965897083e-03
-5.870601627975702286e-03
9.436935186386108398e-03
9.113595820963382721e-03
-4.120187833905220032e-03
9.619503282010555267e-03
-2.935013035312294960e-03
4.348479676991701126e-03
2.181394491344690323e-03
9.355410933494567871e-03
-7.236111443489789963e-03
1.023121237754821777e+00
7.679957747459411621e-01
-1.470217227935791016e+00
4.805183112621307373e-01
