1.596997451782226562e+01
1.544505214691162109e+01
7.578744411468505859e+00
8.682887077331542969e+00
8.453143119812011719e+00
8.063841819763183594e+00
5.358364105224609375e+00
1.697108650207519531e+01
1.690139770507812500e+01
1.633681678771972656e+01
1.670569610595703125e+01
-8.614775538444519043e-01
3.915359497070312500e+00
1.698422074317932129e+00
6.578815937042236328e+00
1.004229927062988281e+01
1.008323383331298828e+01
3.837761402130126953e+00
-4.059069156646728516e+00
-1.543153285980224609e+00
-4.747379302978515625e+00
4.576457977294921875e+00
-8.168787956237792969e-01
9.926463127136230469e+00
-6.361649990081787109e+00
-1.151213741302490234e+01
2.190864086151123047e+00
-6.274368286132812500e+00
-3.276167869567871094e+00
6.212100386619567871e-01
2.275214910507202148e+00
-4.902199745178222656e+00
6.872579097747802734e+00
4.479526519775390625e+00
-9.472649574279785156e+00
-2.432233840227127075e-01
-5.610962867736816406e+00
-4.477030634880065918e-01
-4.187947273254394531e+00
-4.138297557830810547e+00
2.437893867492675781e+00
-9.379637718200683594e+00
-4.653806090354919434e-01
-6.710697174072265625e+00
-1.060340762138366699e+00
8.329758644104003906e+00
3.775749444961547852e+00
-6.664480209350585938e+00
8.451292991638183594e+00
7.839311122894287109e+00
4.168407917022705078e+00
2.046470642089843750e-01
6.723997592926025391e+00
4.883221149444580078e+00
3.107680797576904297e+00
-8.669936060905456543e-01
3.416780471801757812e+00
9.263892173767089844e+00
3.166590213775634766e+00
8.558457374572753906e+00
4.534836769104003906e+00
-6.338060379028320312e+00
5.052826404571533203e-01
9.093988418579101562e+00
-1.683887481689453125e+00
3.491714477539062500e+00
-5.443651199340820312e+00
4.477781295776367188e+00
-1.267788529396057129e+00
-5.230264663696289062e+00
4.957446098327636719e+00
1.187046885490417480e+00
-5.012231349945068359e+00
6.297818660736083984e+00
3.322845697402954102e+00
-9.717395305633544922e-01
4.709917545318603516e+00
-3.434367179870605469e+00
-1.767222955822944641e-02
-1.613187491893768311e-01
2.487598657608032227e+00
-1.818206310272216797e+00
-7.255127429962158203e-01
6.053085803985595703e+00
1.302273750305175781e+00
-4.306994915008544922e+00
-6.856079697608947754e-01
-1.542677164077758789e+00
4.627993702888488770e-01
3.638298988342285156e+00
2.408377408981323242e+00
-1.108770251274108887e+00
-8.427785873413085938e+00
-5.663748979568481445e-01
-1.407620429992675781e+00
2.999218940734863281e+00
-3.205271065235137939e-01
-3.379567384719848633e+00
9.826816916465759277e-01
-5.180958271026611328e+00
7.519793987274169922e+00
-4.645596981048583984e+00
-5.951659202575683594e+00
-8.160464167594909668e-01
1.177482485771179199e+00
3.277928113937377930e+00
5.199310183525085449e-01
-1.031786799430847168e+00
-7.888309001922607422e+00
3.599840164184570312e+00
5.961161613464355469e+00
4.919943511486053467e-01
4.936111450195312500e+00
-2.017616271972656250e+00
-2.690788984298706055e+00
-5.926467418670654297e+00
1.048835277557373047e+00
4.020779609680175781e+00
-6.081539154052734375e+00
1.564428806304931641e+00
-4.879575729370117188e+00
2.121701240539550781e+00
-1.104296088218688965e+00
5.375308990478515625e+00
-2.779495000839233398e+00
3.155965566635131836e+00
-3.169014751911163330e-01
7.210519313812255859e-01
4.833586215972900391e+00
-1.718650341033935547e+00
-3.629993200302124023e+00
-8.057200908660888672e-02
-3.948730602860450745e-02
2.171513080596923828e+00
1.797681212425231934e+00
5.969053506851196289e-01
-1.841926932334899902e+00
-5.662731647491455078e+00
-2.733077764511108398e+00
7.440158128738403320e-01
1.701742053031921387e+00
-1.723854422569274902e+00
-2.992927551269531250e+00
-2.453446388244628906e+00
-4.335786998271942139e-01
2.584209442138671875e+00
2.187160015106201172e+00
-3.473516404628753662e-01
-3.825990557670593262e-01
2.861259460449218750e+00
6.826778650283813477e-01
2.472376823425292969e-01
-6.846163868904113770e-01
-7.439817190170288086e-01
1.085857629776000977e+00
5.674133777618408203e+00
3.736556291580200195e+00
1.058709144592285156e+00
4.988963603973388672e-01
-2.178854465484619141e+00
7.177036404609680176e-01
4.274582266807556152e-01
-1.567123174667358398e+00
2.162511110305786133e+00
-3.835420608520507812e+00
-2.394366264343261719e+00
5.646911621093750000e+00
4.199849367141723633e-01
1.714592576026916504e+00
-1.480094552040100098e+00
-2.971209049224853516e+00
-8.071836233139038086e-01
-4.742067754268646240e-01
2.650255918502807617e+00
-4.193289756774902344e+00
2.574734926223754883e+00
1.147175192832946777e+00
2.184555292129516602e+00
6.675662994384765625e-01
-9.945751428604125977e-01
1.364245653152465820e+00
-7.182264328002929688e-01
-3.165715932846069336e-01
-2.989597082138061523e+00
1.823362827301025391e+00
-1.870819091796875000e+00
3.610213994979858398e+00
-7.358083724975585938e-01
-5.827112793922424316e-01
-6.020113229751586914e-01
-1.177571415901184082e+00
3.449394226074218750e+00
2.109883308410644531e+00
-8.384883999824523926e-01
5.529619693756103516e+00
-2.330742120742797852e+00
1.742123216390609741e-01
-1.062668204307556152e+00
-1.944968700408935547e+00
-1.383426666259765625e+00
1.300487399101257324e+00
-1.592672944068908691e+00
2.466350555419921875e+00
-1.220993280410766602e+00
5.490029811859130859e+00
-2.054954133927822113e-02
-3.752337694168090820e+00
2.765094757080078125e+00
1.363248348236083984e+00
1.476620912551879883e+00
