-3.765399158000946045e-01
1.544446086883544922e+01
6.914036750793457031e+00
1.547062683105468750e+01
1.625285148620605469e+01
1.257888698577880859e+01
-1.143221759796142578e+01
1.052396488189697266e+01
-8.073727607727050781e+00
-3.905925273895263672e+00
9.655199050903320312e+00
9.271076202392578125e+00
6.212356567382812500e+00
-6.333982467651367188e+00
-6.698067486286163330e-02
-6.267776489257812500e+00
1.869464683532714844e+01
-3.476814031600952148e+00
1.218928575515747070e+00
1.495216941833496094e+01
7.051148891448974609e+00
2.075210332870483398e+00
7.212975025177001953e-01
4.775457680225372314e-01
8.236459732055664062e+00
3.655828237533569336e+00
-1.209901142120361328e+01
5.533052444458007812e+00
5.953030109405517578e+00
-6.270815134048461914e-01
1.998684406280517578e+00
3.947007894515991211e+00
3.993289709091186523e+00
-3.584251880645751953e+00
-5.783915996551513672e+00
7.068734169006347656e-01
-1.272535681724548340e+00
-6.927538394927978516e+00
1.073484420776367188e+00
9.616818279027938843e-02
-3.485800027847290039e+00
4.201529502868652344e+00
-3.208825111389160156e+00
-1.915194690227508545e-01
-1.241458415985107422e+00
1.078061342239379883e+00
3.726842164993286133e+00
-4.014464378356933594e+00
-8.565663337707519531e+00
-3.844990730285644531e-01
-3.134515762329101562e+00
2.090831100940704346e-01
3.238459825515747070e+00
7.585831284523010254e-01
-7.349509596824645996e-01
-1.951863527297973633e+00
-6.149518117308616638e-02
-1.367230176925659180e+00
-5.664763450622558594e+00
3.508596420288085938e+00
1.060591340065002441e+00
-3.021950721740722656e+00
4.712442874908447266e+00
1.063612937927246094e+00
7.524646520614624023e-01
9.060327410697937012e-01
1.649601101875305176e+00
3.681718826293945312e+00
-1.568003416061401367e+00
-4.021981656551361084e-01
