1.687766432762145996e+00
1.683453559875488281e+00
4.327249050140380859e+00
9.050374627113342285e-01
1.722135543823242188e+00
3.164307594299316406e+00
2.069220304489135742e+00
1.728422403335571289e+00
9.017666578292846680e-01
1.893900275230407715e+00
2.409704208374023438e+00
1.670698761940002441e+00
1.165358185768127441e+00
7.662894725799560547e-01
-4.503985941410064697e-01
-7.817404717206954956e-02
1.084484934806823730e+00
3.176383972167968750e-01
-1.205386444926261902e-01
1.569829285144805908e-01
4.934803545475006104e-01
9.708157181739807129e-01
2.090599685907363892e-01
1.508286446332931519e-01
-7.815717160701751709e-02
-3.825407922267913818e-01
1.034219026565551758e+00
-4.162761196494102478e-02
-2.657108753919601440e-02
1.763480901718139648e-02
-1.105664893984794617e-01
-1.016614288091659546e-01
-2.886936068534851074e-01
-2.862756885588169098e-02
-5.801586508750915527e-01
-2.234583795070648193e-01
-2.699850797653198242e-01
3.854728937149047852e-01
2.090717256069183350e-01
-5.618087649345397949e-01
1.016353988647460938e+01
1.320174503326416016e+01
1.349847602844238281e+01
1.411098861694335938e+01
1.545385456085205078e+01
1.488694381713867188e+01
1.680338668823242188e+01
1.934953498840332031e+01
1.783344268798828125e+01
1.904430770874023438e+01
1.940783882141113281e+01
2.028989410400390625e+01
2.491403770446777344e+01
1.463850259780883789e+00
-2.199773490428924561e-01
6.785674691200256348e-01
-9.730316996574401855e-01
-2.519390545785427094e-02
8.812063932418823242e-01
-9.296087175607681274e-02
9.465857744216918945e-01
-3.729627430438995361e-01
-9.928207397460937500e-01
-5.828678011894226074e-01
-1.115583181381225586e+00
-2.469449520111083984e+00
1.639444380998611450e-01
-1.406119704246520996e+00
-6.997967362403869629e-01
-1.450895667076110840e-01
3.275385797023773193e-01
-5.345796793699264526e-02
2.456029951572418213e-01
7.321198354475200176e-04
-2.376857548952102661e-01
-8.376883864402770996e-01
-4.429662227630615234e-01
-2.396363735198974609e+00
1.744597196578979492e+00
8.567170053720474243e-02
-1.402825415134429932e-01
-1.443117707967758179e-01
1.540978997945785522e-01
6.672161817550659180e-01
-3.798488080501556396e-01
-1.252210736274719238e-01
9.616751670837402344e-01
-2.558737397193908691e-01
3.642957925796508789e+00
2.430453538894653320e+00
-4.492639750242233276e-02
-1.964734941720962524e-01
-4.007634818553924561e-01
-1.302885651588439941e+00
3.246698081493377686e-01
6.712180972099304199e-01
6.670087575912475586e-01
2.819398343563079834e-01
1.379081845283508301e+00
2.215551137924194336e-01
-3.725778460502624512e-01
2.660089731216430664e-01
-1.551882028579711914e+00
-8.987618982791900635e-02
-4.972744286060333252e-01
-3.022188320755958557e-02
-3.420738270506262779e-03
-1.417314529418945312e+00
-6.115283966064453125e-01
-3.380284607410430908e-01
4.491113424301147461e-01
1.471876055002212524e-01
-3.346944451332092285e-01
-1.663366109132766724e-01
-5.296895503997802734e-01
1.808759272098541260e-01
-8.633977770805358887e-01
-3.048786148428916931e-02
7.864524722099304199e-01
6.499756574630737305e-01
3.906406760215759277e-01
-3.381064236164093018e-01
2.051392793655395508e+00
1.690089702606201172e+00
-3.591794073581695557e-01
1.418982744216918945e+00
-1.038536429405212402e+00
-2.428837776184082031e+00
2.521553993225097656e+00
8.540622889995574951e-02
-2.013501822948455811e-01
2.396626174449920654e-01
2.261943556368350983e-02
8.426507115364074707e-01
-2.551114082336425781e+00
2.456185817718505859e+00
2.876550197601318359e+00
-6.781243681907653809e-01
-3.868067979812622070e+00
-2.018546342849731445e+00
-6.005774065852165222e-02
1.431680798530578613e+00
3.845580667257308960e-02
2.414074838161468506e-01
6.103087663650512695e-01
4.209407567977905273e-01
-5.446076393127441406e-01
1.863565146923065186e-01
-4.270563647150993347e-02
-5.527434498071670532e-02
6.598287075757980347e-02
6.789191365242004395e-01
-1.418637577444314957e-02
1.677279025316238403e-01
6.096042692661285400e-02
-5.362167954444885254e-02
-1.068128824234008789e+00
2.313288748264312744e-01
7.561862468719482422e-01
-1.499450951814651489e-01
-3.436959907412528992e-02
1.302597820758819580e-01
9.366264939308166504e-02
-4.795690998435020447e-03
-5.476870574057102203e-03
1.657093763351440430e-01
-2.720137238502502441e-01
2.685232758522033691e-01
-9.072898030281066895e-01
-1.647463679313659668e+00
5.357850790023803711e-01
-3.329506143927574158e-02
-1.221280246973037720e-01
4.969189465045928955e-01
-1.126061677932739258e-01
-1.382059901952743530e-01
-4.600185453891754150e-01
-2.566233277320861816e-01
-4.085269570350646973e-01
5.824990272521972656e-01
-4.702016115188598633e-01
1.204444915056228638e-01
2.856895029544830322e-01
1.497709900140762329e-01
4.304577708244323730e-01
2.753301709890365601e-02
6.082150153815746307e-03
-3.342693746089935303e-01
3.121080100536346436e-01
-1.202822327613830566e-01
2.101079970598220825e-01
2.341381609439849854e-01
-1.198071911931037903e-01
-3.687151521444320679e-02
8.195286244153976440e-02
1.626989245414733887e-01
5.226889625191688538e-02
6.488001346588134766e-02
-1.285810768604278564e-01
3.077360391616821289e-01
1.264930516481399536e-01
-1.654729247093200684e-01
2.712922394275665283e-01
1.490640640258789062e-01
-7.672149688005447388e-02
7.240175455808639526e-02
5.822582244873046875e-01
7.592846751213073730e-01
3.574378490447998047e-01
1.854653656482696533e-01
-1.143310815095901489e-01
-3.966401815414428711e-01
3.633328974246978760e-01
-4.534095227718353271e-01
1.293020606040954590e+00
-1.130119189620018005e-01
-4.629336595535278320e-01
-1.244256049394607544e-01
-3.281875848770141602e-01
4.329920709133148193e-01
4.870710372924804688e-01
1.528896391391754150e-01
-1.299711409956216812e-02
2.453202158212661743e-01
1.629593670368194580e-01
6.577132344245910645e-01
-3.983626365661621094e-01
-7.759100198745727539e-01
-1.492050051689147949e+00
7.200329303741455078e-01
5.419104099273681641e-01
-1.443939507007598877e-01
1.436252236366271973e+00
2.214126661419868469e-02
9.478315114974975586e-01
-1.097309947013854980e+00
-4.598768427968025208e-02
-1.464107483625411987e-01
1.085456684231758118e-01
-1.617617011070251465e-01
-4.303832948207855225e-01
-2.145846188068389893e-02
-3.495569154620170593e-02
3.567537292838096619e-02
7.734151184558868408e-02
-1.325894743204116821e-01
-3.504233434796333313e-02
1.864387035369873047e+00
-1.635248400270938873e-02
2.823678553104400635e-01
3.597173392772674561e-01
7.961528748273849487e-02
-8.873376250267028809e-02
2.149769663810729980e-02
-1.196009442210197449e-01
1.617677211761474609e-01
2.058064490556716919e-01
7.347013801336288452e-02
1.015228778123855591e-01
8.480996489524841309e-01
-3.389559686183929443e-01
-3.422446250915527344e-01
7.330267131328582764e-02
-1.503773331642150879e-01
7.748325169086456299e-02
8.856827020645141602e-02
1.719468086957931519e-01
-4.589009657502174377e-02
2.581485509872436523e-01
-4.077221453189849854e-02
3.143438398838043213e-01
-6.700296998023986816e-01
3.470123931765556335e-02
-1.315263211727142334e-01
1.513742208480834961e-01
1.491457521915435791e-01
9.123963303864002228e-03
-1.021620780229568481e-01
-2.990645468235015869e-01
1.130365282297134399e-01
-4.051208198070526123e-01
-4.797593131661415100e-02
1.366910059005022049e-02
-1.154729574918746948e-01
4.050353765487670898e-01
1.976051181554794312e-01
1.484125107526779175e-01
9.972803294658660889e-02
-1.220138445496559143e-01
9.220536351203918457e-01
8.708485960960388184e-02
1.722936518490314484e-02
7.012929767370223999e-02
-1.653785854578018188e-01
1.154556423425674438e-01
2.079507261514663696e-01
-1.419099140912294388e-02
2.709262631833553314e-02
-1.988916695117950439e-01
3.102829456329345703e-01
-3.886550962924957275e-01
-2.994885742664337158e-01
-2.001995742321014404e-01
2.144187241792678833e-01
-4.994048774242401123e-01
-7.172801494598388672e-01
1.361154168844223022e-01
2.988541424274444580e-01
-2.326151132583618164e-01
6.250361204147338867e-01
-6.055184006690979004e-01
-3.410851061344146729e-01
1.466885060071945190e-01
1.343971937894821167e-01
-7.158371806144714355e-02
4.722084999084472656e-01
4.800229370594024658e-01
-4.432088509202003479e-02
-1.060998082160949707e+00
9.729034304618835449e-01
7.665120959281921387e-01
6.724842786788940430e-01
8.993543684482574463e-02
9.958796203136444092e-02
1.855387389659881592e-01
-4.468192756175994873e-01
1.438684877939522266e-03
3.752641379833221436e-03
-2.203080570325255394e-03
3.116041887551546097e-03
-2.992510329931974411e-03
-8.045705035328865051e-03
-5.865057930350303650e-03
-7.014233851805329323e-04
8.627584204077720642e-03
7.721047848463058472e-03
3.699852619320154190e-03
3.684329334646463394e-03
4.093641764484345913e-04
8.108569309115409851e-04
-6.952580995857715607e-03
2.283994574099779129e-03
8.498909301124513149e-04
6.902989000082015991e-03
6.604031194001436234e-03
8.677389472723007202e-03
9.950010105967521667e-03
5.380513612180948257e-03
-6.240108050405979156e-03
7.586736232042312622e-03
-6.049803458154201508e-03
-6.324793677777051926e-03
5.756119731813669205e-03
9.479953907430171967e-03
-3.011890919879078865e-03
-3.096683649346232414e-03
-1.922432798892259598e-03
-8.792926557362079620e-03
-4.280031193047761917e-03
-2.963125240057706833e-03
1.562717487104237080e-03
2.785948803648352623e-03
-1.487488771090283990e-04
9.161637164652347565e-03
-6.375455297529697418e-03
-2.693068236112594604e-03
-5.510559771209955215e-03
-5.805515684187412262e-03
8.902695029973983765e-03
5.059703718870878220e-03
2.140882890671491623e-03
4.800783935934305191e-03
-4.766934085637331009e-03
-6.690870970487594604e-03
2.329720184206962585e-03
9.644391946494579315e-03
8.178772404789924622e-03
-8.421187289059162140e-03
-6.078804377466440201e-03
-9.108318015933036804e-03
-9.991358034312725067e-03
-1.603974029421806335e-03
3.663182491436600685e-03
-5.107099190354347229e-03
-5.062682554125785828e-03
-3.275791881605982780e-03
-8.821743540465831757e-03
5.263703409582376480e-03
-2.189208986237645149e-03
6.667865440249443054e-03
2.037405647570267320e-04
3.935564775019884109e-03
3.412702586501836777e-03
-8.714045397937297821e-03
5.266517400741577148e-03
6.448199506849050522e-03
-8.038741536438465118e-03
-3.053434425964951515e-03
-5.145309027284383774e-03
6.729606073349714279e-03
3.200030419975519180e-03
-3.966664895415306091e-03
6.404663436114788055e-03
4.102810285985469818e-03
7.486622780561447144e-03
-5.367831327021121979e-04
-9.090018458664417267e-03
9.761536493897438049e-03
4.862552043050527573e-03
-5.580602679401636124e-03
9.057558141648769379e-03
3.426253329962491989e-03
9.653196670114994049e-03
6.175123620778322220e-03
-1.285692327655851841e-03
-2.634848002344369888e-03
6.989176850765943527e-03
6.371196508407592773e-01
8.080215454101562500e-01
-1.506686091423034668e+00
4.951328337192535400e-01
