1.545075416564941406e+01
5.991411685943603516e+00
1.343224143981933594e+01
1.568169021606445312e+01
1.961966133117675781e+01
4.076474666595458984e+00
4.775802612304687500e+00
1.902617454528808594e+01
1.544505310058593750e+01
1.175570201873779297e+01
1.257190322875976562e+01
1.838684082031250000e+01
1.424716472625732422e+01
1.774378776550292969e+01
2.033439636230468750e+01
2.955701351165771484e+00
1.649116396903991699e+00
-2.887228727340698242e+00
7.341921925544738770e-01
2.939062595367431641e+00
4.472474098205566406e+00
3.715589046478271484e+00
6.736515760421752930e-01
6.621007919311523438e-01
1.246619597077369690e-01
-2.411142587661743164e+00
-1.084170460700988770e+00
1.689326763153076172e+00
-4.160182476043701172e+00
-1.375805139541625977e+00
-3.408998489379882812e+00
3.590060710906982422e+00
-4.935917377471923828e+00
-8.454503059387207031e+00
-9.582735061645507812e+00
3.606640338897705078e+00
5.483829021453857422e+00
9.087085723876953125e+00
1.094118595123291016e+01
-5.467271804809570312e+00
-1.984957337379455566e+00
-2.501117706298828125e+00
-6.796374797821044922e+00
2.202231168746948242e+00
9.118667602539062500e+00
-4.199967384338378906e+00
-1.225704073905944824e+00
-6.911317348480224609e+00
-3.728998422622680664e+00
3.552711725234985352e+00
-3.071979999542236328e+00
-5.586184024810791016e+00
-1.965849304199218750e+01
5.939791679382324219e+00
-8.237787246704101562e+00
1.025156402587890625e+01
1.412165284156799316e+00
-3.055912256240844727e+00
-9.869073033332824707e-01
-6.640318870544433594e+00
5.178473472595214844e+00
4.635960102081298828e+00
1.484855890274047852e+00
3.689230680465698242e-01
8.821263313293457031e+00
3.018065989017486572e-01
-2.060898065567016602e+00
7.261875629425048828e+00
2.564852714538574219e+00
7.931690812110900879e-01
1.078311681747436523e+00
9.708226203918457031e+00
-9.903994798660278320e-01
3.742626607418060303e-01
6.374527931213378906e+00
-4.661606788635253906e+00
-6.067874431610107422e+00
9.897269248962402344e+00
-6.098854064941406250e+00
-8.425330519676208496e-01
-4.091029644012451172e+00
4.482884883880615234e+00
-9.018414497375488281e+00
-5.940449714660644531e+00
-9.135882377624511719e+00
5.981651306152343750e+00
3.329398393630981445e+00
8.520318031311035156e+00
-5.164096832275390625e+00
-4.284644126892089844e+00
-2.579853057861328125e+00
-3.821841478347778320e+00
8.346447944641113281e+00
-1.415454030036926270e+00
-2.916769981384277344e+00
-6.236493110656738281e+00
-7.583358883857727051e-01
5.886981964111328125e+00
-1.653333187103271484e+00
-7.627873897552490234e+00
2.723289728164672852e+00
6.895163059234619141e+00
7.864816665649414062e+00
7.015405654907226562e+00
2.753340721130371094e+00
-1.895638108253479004e+00
1.929268598556518555e+00
-1.971174359321594238e+00
-6.012595176696777344e+00
-7.895504832267761230e-01
-9.090801239013671875e+00
6.975471973419189453e+00
2.792430162429809570e+00
3.225702047348022461e+00
2.927550077438354492e+00
5.839992761611938477e-01
3.923742532730102539e+00
-1.194010639190673828e+01
-4.846126556396484375e+00
-2.635389804840087891e+00
-3.476438999176025391e+00
1.114246368408203125e+01
-6.091760635375976562e+00
2.363204956054687500e+00
3.871925592422485352e+00
1.010580584406852722e-01
8.124570846557617188e+00
9.265315055847167969e+00
7.019131660461425781e+00
9.972409248352050781e+00
-4.123360157012939453e+00
-3.215637922286987305e+00
-5.912209153175354004e-01
2.912357807159423828e+00
3.881134033203125000e+00
-8.683646917343139648e-01
-5.220646262168884277e-01
-1.788755536079406738e+00
-5.799727439880371094e-01
-3.874480128288269043e-01
2.044274330139160156e+00
-3.768076419830322266e+00
-1.523225188255310059e+00
4.553587734699249268e-01
-1.312950849533081055e+00
-1.859958171844482422e-01
-1.859429180622100830e-01
3.165664434432983398e+00
-5.977151393890380859e+00
-3.374635577201843262e-01
1.887415409088134766e+00
8.206675529479980469e+00
5.501070618629455566e-01
-1.881304979324340820e+00
-8.284549415111541748e-02
2.240689277648925781e+00
6.738440990447998047e+00
-1.217518001794815063e-02
-1.986881732940673828e+00
3.983222246170043945e+00
2.930071949958801270e-01
-3.919122695922851562e+00
-6.308802127838134766e+00
7.380208373069763184e-01
4.351254925131797791e-02
-1.461897015571594238e+00
5.646927356719970703e+00
-2.899796724319458008e+00
2.065404891967773438e+00
4.550090312957763672e+00
-2.593018531799316406e+00
2.519268751144409180e+00
1.066392898559570312e+00
5.579323768615722656e+00
4.177660465240478516e+00
4.842160224914550781e+00
2.170789986848831177e-02
1.568240761756896973e+00
1.908814072608947754e+00
3.958558320999145508e+00
6.028798580169677734e+00
-2.230292320251464844e+00
-7.271642088890075684e-01
3.991142034530639648e+00
1.441606760025024414e+00
6.218550205230712891e+00
-3.051892042160034180e+00
-8.848361372947692871e-01
-3.362074613571166992e+00
-2.952461957931518555e+00
1.649956941604614258e+00
1.515158772468566895e+00
3.268293857574462891e+00
5.857316851615905762e-01
-1.028208017349243164e+00
-3.531101942062377930e+00
2.661853313446044922e+00
6.050757884979248047e+00
6.138055801391601562e+00
1.115924239158630371e+00
-1.596929430961608887e-01
-4.261637926101684570e-01
3.114073753356933594e+00
1.817125201225280762e+00
3.635223865509033203e+00
1.251228809356689453e+00
-7.165322303771972656e-01
2.607750654220581055e+00
2.811448574066162109e+00
2.186964154243469238e-01
2.797225236892700195e+00
4.294723987579345703e+00
4.337256431579589844e+00
1.754848003387451172e+00
-4.629318237304687500e+00
4.819936156272888184e-01
-1.387070059776306152e+00
1.854128360748291016e+00
2.434630692005157471e-01
-3.768647670745849609e+00
1.917629539966583252e-01
1.219860836863517761e-01
-5.348195552825927734e+00
-4.768849849700927734e+00
4.216277599334716797e+00
-6.114418506622314453e+00
-7.780026197433471680e-01
1.078004837036132812e+00
-2.261670112609863281e+00
4.479567050933837891e+00
5.844440937042236328e+00
4.247726440429687500e+00
-2.085758686065673828e+00
1.248156070709228516e+00
-5.123213768005371094e+00
5.429237842559814453e+00
-4.664010524749755859e+00
3.525199651718139648e+00
8.169925689697265625e+00
-3.287856876850128174e-01
4.185084342956542969e+00
5.859295845031738281e+00
2.360296010971069336e+00
5.111007690429687500e+00
-1.587742447853088379e+00
-9.167835712432861328e-01
1.133333325386047363e+00
3.165038347244262695e+00
2.063820362091064453e+00
5.974416732788085938e-01
-1.151125550270080566e+00
-2.333606004714965820e+00
-1.519654154777526855e+00
9.319610893726348877e-02
-1.137071847915649414e+00
6.894050836563110352e-01
2.732804715633392334e-01
-9.649709612131118774e-02
-1.654570579528808594e+00
1.452297091484069824e+00
-7.161411643028259277e-01
-2.908856868743896484e-01
2.300592660903930664e+00
2.019268751144409180e+00
-8.362030982971191406e-01
7.333459854125976562e-01
-2.477982342243194580e-01
7.878596782684326172e-01
3.153232336044311523e+00
1.027960777282714844e+00
2.865743875503540039e+00
5.231176376342773438e+00
-6.686698198318481445e-01
-3.212372306734323502e-03
2.289895534515380859e+00
4.411385536193847656e+00
2.554198980331420898e+00
-1.138717174530029297e+00
-2.568286180496215820e+00
1.626596212387084961e+00
7.459883093833923340e-01
-3.461196422576904297e+00
-4.104104995727539062e+00
-1.392271399497985840e+00
3.427501201629638672e+00
1.688864827156066895e+00
1.368107914924621582e+00
-5.248256325721740723e-01
6.730550527572631836e-01
2.029083669185638428e-01
-2.264613866806030273e+00
-1.242257729172706604e-01
1.116297006607055664e+00
4.726088047027587891e+00
1.552862405776977539e+00
1.159222126007080078e+00
1.747737675905227661e-01
-2.706679105758666992e+00
-3.194867074489593506e-01
-4.384150207042694092e-01
5.409994125366210938e+00
-9.710401296615600586e-02
-3.941845893859863281e+00
7.630230784416198730e-01
-1.606749147176742554e-01
-1.345516920089721680e+00
-1.897373437881469727e+00
5.197341918945312500e+00
1.132239222526550293e+00
-1.402124524116516113e+00
1.544814825057983398e+00
1.204474806785583496e+00
4.282693862915039062e+00
3.079173326492309570e+00
-2.225334644317626953e+00
-1.588969349861145020e+00
8.378580212593078613e-01
3.281006574630737305e+00
9.214807748794555664e-01
7.076719403266906738e-02
-3.370832204818725586e-01
6.325315475463867188e+00
-5.606670379638671875e+00
1.175108790397644043e+00
3.015792131423950195e+00
-3.682076334953308105e-01
2.096730947494506836e+00
1.207766890525817871e+00
2.063199281692504883e-01
-1.447115063667297363e+00
-7.167989015579223633e-01
-3.736438512802124023e+00
3.809496879577636719e+00
1.398822426795959473e+00
-2.785399198532104492e+00
-1.605238676071166992e+00
-2.459927558898925781e+00
-4.870132923126220703e+00
-1.803790807723999023e+00
2.069946765899658203e+00
2.248057425022125244e-01
7.998999953269958496e-01
-8.079835176467895508e-01
-2.591970443725585938e+00
1.958286285400390625e+00
4.649036407470703125e+00
7.132597565650939941e-01
-3.487540483474731445e+00
-1.398744463920593262e+00
-8.595646619796752930e-01
1.868905663490295410e+00
5.527447700500488281e+00
-5.196266651153564453e+00
6.896691396832466125e-03
-1.665701746940612793e+00
5.532786369323730469e+00
-3.485459327697753906e+00
4.546276569366455078e+00
-9.642230272293090820e-01
-1.118608593940734863e+00
2.377902507781982422e+00
1.227054119110107422e+00
6.076364994049072266e+00
-9.913236498832702637e-01
2.240637540817260742e+00
6.169554591178894043e-02
-5.594277381896972656e-01
-5.550039410591125488e-01
-6.518431305885314941e-01
-1.128256916999816895e+00
-3.531515300273895264e-01
1.249300241470336914e+00
-1.133819967508316040e-01
1.271028637886047363e+00
-1.441012740135192871e+00
-8.187832236289978027e-01
