1.694264531135559082e+00
8.238781690597534180e-01
-1.135204195976257324e+00
-1.329573035240173340e+00
4.175037860870361328e+00
1.979864358901977539e+00
2.739506006240844727e+00
2.790676116943359375e+00
2.089917182922363281e+00
2.319440126419067383e+00
3.357957124710083008e+00
1.243661642074584961e+00
5.084775015711784363e-02
8.311271667480468750e-02
-9.539097547531127930e-03
3.735537528991699219e-01
1.269860625267028809e+00
-1.367575079202651978e-01
2.312178015708923340e-01
1.900392174720764160e-01
1.842377036809921265e-01
-9.564617276191711426e-01
4.327076971530914307e-01
3.170810639858245850e-02
5.587129667401313782e-02
7.473745942115783691e-01
-1.220724105834960938e+00
-4.792881309986114502e-01
1.172985911369323730e+00
2.914676368236541748e-01
-1.677299141883850098e-01
-7.859326899051666260e-02
-2.492987960577011108e-01
-1.007016077637672424e-01
1.664567589759826660e-01
-1.591385751962661743e-01
-1.812300980091094971e-01
-1.376603543758392334e-01
-9.627169370651245117e-02
-3.188902884721755981e-02
7.380573749542236328e-01
7.832607626914978027e-01
-2.848725020885467529e-01
7.572982788085937500e+00
9.136468887329101562e+00
1.010070037841796875e+01
1.310458660125732422e+01
1.337426853179931641e+01
1.563621425628662109e+01
1.517448711395263672e+01
1.402479648590087891e+01
1.756755828857421875e+01
1.925383758544921875e+01
2.123593521118164062e+01
2.112024116516113281e+01
2.138269996643066406e+01
2.151973152160644531e+01
-8.695061206817626953e-01
2.081250399351119995e-01
2.846038043498992920e-01
1.594162344932556152e+00
-4.426734447479248047e-01
5.855078101158142090e-01
1.213851213455200195e+00
1.325408816337585449e+00
2.207118988037109375e+00
6.432130336761474609e-01
2.662169281393289566e-03
-1.954203009605407715e+00
-4.558224081993103027e-01
-6.830640435218811035e-01
-1.039067506790161133e+00
-1.213072657585144043e+00
7.562711834907531738e-01
-5.115613713860511780e-02
2.920604228973388672e+00
-2.462945699691772461e+00
-3.380130231380462646e-01
-6.506105512380599976e-02
-3.118560910224914551e-01
-3.395010232925415039e-01
1.258963584899902344e+00
-3.734676837921142578e+00
2.583851575851440430e+00
1.341349363327026367e+00
8.154298067092895508e-01
-2.799705564975738525e-01
1.020500183105468750e+00
1.831686019897460938e+00
-1.319516420364379883e+00
5.124003291130065918e-01
3.782700300216674805e-01
-1.535370469093322754e+00
-3.277194023132324219e+00
5.806271433830261230e-01
7.117195427417755127e-02
1.015350744128227234e-01
7.694795727729797363e-01
-1.693717390298843384e-01
1.343188881874084473e+00
-3.319865942001342773e+00
-7.996641993522644043e-01
4.979232251644134521e-01
-2.884999848902225494e-02
-1.773626136779785156e+01
4.786502838134765625e+00
-1.227042484283447266e+01
-2.563936948776245117e+00
1.087606906890869141e+00
-8.039941191673278809e-01
1.782409429550170898e+00
2.165718317031860352e+00
-2.356467962265014648e+00
-5.109496116638183594e-01
2.117413711547851562e+01
-4.218928337097167969e+00
1.705808639526367188e+01
1.819850325584411621e+00
-9.222536683082580566e-01
-2.404646396636962891e+00
-6.988469362258911133e-01
-7.173047661781311035e-01
5.239055156707763672e-01
-3.176990985870361328e+00
1.687832832336425781e+00
4.044378995895385742e-01
3.961962759494781494e-01
2.797846496105194092e-01
-8.209035396575927734e-01
6.150954961776733398e-01
-1.855495452880859375e+00
2.502128839492797852e+00
8.552842140197753906e-01
3.067714273929595947e-01
2.706643819808959961e+00
-1.329358458518981934e+00
9.093743562698364258e-01
5.295246839523315430e-01
-2.866766214370727539e+00
2.410808801651000977e-01
-9.290788650512695312e+00
1.422389149665832520e+00
-4.168615937232971191e-01
-2.779379129409790039e+00
-1.770188331604003906e+00
7.005450129508972168e-01
-1.934503316879272461e-01
5.807702541351318359e-01
5.351128578186035156e-01
-6.304144263267517090e-01
1.175937891006469727e+00
-2.990669727325439453e+00
-1.083309054374694824e+00
1.417018622159957886e-01
-4.288252070546150208e-02
-1.163705825805664062e+00
-1.315514087677001953e+00
-3.205739974975585938e+00
6.279259920120239258e-01
1.921837627887725830e-01
-2.693317174911499023e+00
2.306389331817626953e+00
-4.373663961887359619e-01
1.003895401954650879e+00
6.464799642562866211e-01
-2.502705752849578857e-01
4.847317337989807129e-01
-7.940421700477600098e-01
-2.129063904285430908e-01
2.883809208869934082e-01
-9.384598135948181152e-01
6.007220745086669922e-01
1.545708030462265015e-01
1.433898448944091797e+00
-1.601998448371887207e+00
8.203272819519042969e-01
-3.416633009910583496e-01
8.125107288360595703e-01
-3.864873647689819336e-01
-6.129472851753234863e-01
-1.071648672223091125e-01
8.365990519523620605e-01
2.221701592206954956e-01
4.132522046566009521e-01
-2.161713987588882446e-01
1.025253653526306152e+00
3.850445449352264404e-01
1.728597164154052734e+00
2.739208698272705078e+00
-1.201335936784744263e-01
-4.999820888042449951e-01
4.364076852798461914e-01
-3.614371120929718018e-01
-1.480748653411865234e-01
-1.067434191703796387e+00
-5.144766569137573242e-01
2.389688510447740555e-03
3.978454172611236572e-01
1.288994669914245605e+00
-9.216759204864501953e-01
-7.597753405570983887e-01
1.498136222362518311e-01
1.174357607960700989e-01
-2.016141712665557861e-01
1.332466751337051392e-01
-2.132126986980438232e-01
-2.692110538482666016e-01
6.310762465000152588e-02
-3.162558078765869141e-01
4.340350151062011719e+00
-3.372920274734497070e+00
-6.238466262817382812e+00
6.280764937400817871e-01
-1.505237966775894165e-01
-2.125533074140548706e-01
4.445880055427551270e-01
5.001836642622947693e-02
5.774227380752563477e-01
-1.486746966838836670e-01
-5.096987247467041016e+00
5.371279716491699219e+00
6.575227737426757812e+00
4.460761845111846924e-01
-2.425250709056854248e-01
4.349033832550048828e-01
3.829262256622314453e-01
-3.539678826928138733e-02
2.703480422496795654e-01
-8.142644762992858887e-01
-4.438294470310211182e-01
-1.685964941978454590e+00
2.806129455566406250e-01
3.027035482227802277e-02
-4.959550872445106506e-02
1.586993485689163208e-01
-9.633782505989074707e-02
-6.398052573204040527e-01
-2.291057407855987549e-01
8.038197159767150879e-01
-1.215576171875000000e+00
2.176848649978637695e-01
-4.886336028575897217e-01
5.544066429138183594e-02
1.638246417045593262e+00
-2.184825897216796875e+00
-1.582059383392333984e+00
-2.593968510627746582e-01
4.439107775688171387e-01
5.830366015434265137e-01
-3.053742647171020508e-01
-6.922298073768615723e-01
-2.854849100112915039e-01
4.582943916320800781e-01
-7.022795081138610840e-01
-8.356399834156036377e-02
-1.449150443077087402e-01
-4.366551339626312256e-01
8.763332962989807129e-01
3.592385351657867432e-01
-2.754724025726318359e-01
1.567749381065368652e+00
1.625498294830322266e+00
7.755307555198669434e-01
4.390907883644104004e-01
-5.074614882469177246e-01
-6.327459216117858887e-01
7.450370788574218750e-01
-1.115802526473999023e+00
-3.611356765031814575e-02
3.509088605642318726e-02
2.482676059007644653e-01
-2.619901597499847412e-01
-4.434902667999267578e-01
4.494568705558776855e-01
-1.837395578622817993e-01
-4.446385502815246582e-01
-1.631611287593841553e-01
-1.021112799644470215e+00
8.185710310935974121e-01
-1.332232713699340820e+00
-5.783053636550903320e-01
1.160569548606872559e+00
-2.470033615827560425e-01
1.506037861108779907e-01
-1.179523020982742310e-02
5.166407227516174316e-01
1.384338736534118652e-01
8.223136067390441895e-01
6.041240692138671875e-02
-3.766565769910812378e-02
2.298006564378738403e-01
-5.858931224793195724e-03
1.050776004791259766e+00
4.584600925445556641e-01
-1.587379872798919678e-01
8.557541668415069580e-02
-1.180672794580459595e-01
-5.856045484542846680e-01
-2.670015394687652588e-01
1.292257189750671387e+00
-6.508594751358032227e-02
5.822779536247253418e-01
-6.032384037971496582e-01
3.526665642857551575e-02
2.486415058374404907e-01
-9.068220257759094238e-01
1.794160306453704834e-01
-6.935359444469213486e-03
4.951865598559379578e-02
1.076173484325408936e-01
-4.904225841164588928e-02
-7.402361929416656494e-02
1.284973770380020142e-01
3.472823649644851685e-02
3.254630088806152344e+00
-3.365280389785766602e+00
-4.705119609832763672e+00
-1.149922236800193787e-01
-2.743473351001739502e-01
-2.059821188449859619e-01
7.988026738166809082e-01
7.604981958866119385e-02
4.822970330715179443e-01
2.346134930849075317e-01
-3.894189119338989258e+00
3.221225738525390625e+00
5.429398536682128906e+00
-2.484801262617111206e-01
3.518927693367004395e-01
4.928230941295623779e-01
2.998401820659637451e-01
-4.242030382156372070e-01
2.175590544939041138e-01
6.904135346412658691e-01
-9.481316804885864258e-01
-9.708809107542037964e-02
-6.907925009727478027e-02
3.865479230880737305e-01
2.150700390338897705e-01
1.005382612347602844e-01
5.997005701065063477e-01
-8.652252703905105591e-02
7.833794504404067993e-02
-3.650917410850524902e-01
-1.125517368316650391e+00
-2.226391583681106567e-01
-3.852488100528717041e-01
-1.850230395793914795e-01
8.929100632667541504e-01
-2.332913428544998169e-01
1.907363176345825195e+00
-1.799771189689636230e-01
-1.638196110725402832e-01
6.025962233543395996e-01
4.238530993461608887e-01
-4.864811003208160400e-01
-1.004830598831176758e+00
-3.138321042060852051e-01
-2.147340029478073120e-01
1.213758349418640137e+00
-6.219986677169799805e-01
2.135090976953506470e-01
6.040031313896179199e-01
-1.359217017889022827e-01
9.159269183874130249e-02
-9.905577301979064941e-01
1.380711793899536133e-01
4.463779926300048828e-01
-8.704566955566406250e-01
-3.218711912631988525e-02
-9.081507921218872070e-01
1.337902784347534180e+00
-5.080340895801782608e-03
-1.024455879814922810e-03
-5.815949756652116776e-03
-2.901351079344749451e-03
5.896793212741613388e-03
-6.860074587166309357e-03
9.766475297510623932e-03
-7.731684949249029160e-03
-1.603865763172507286e-03
5.687802564352750778e-03
7.051193155348300934e-03
-3.062505973502993584e-03
-6.824286654591560364e-03
-2.120668301358819008e-03
4.174570553004741669e-03
5.303928162902593613e-03
-8.261878043413162231e-03
9.120091795921325684e-03
1.809154637157917023e-03
-4.072068259119987488e-03
2.002098597586154938e-03
9.791097603738307953e-03
-1.285589649342000484e-03
-6.528388708829879761e-03
8.725766092538833618e-03
9.982796385884284973e-03
-1.345501979812979698e-03
-3.300453070551156998e-03
4.785815253853797913e-03
-5.882066907361149788e-04
-6.081347819417715073e-03
-4.258858505636453629e-03
5.665503907948732376e-03
2.546396572142839432e-03
8.513133041560649872e-03
2.930494491010904312e-03
5.727161653339862823e-03
-8.339205523952841759e-04
9.347945451736450195e-03
-2.818092936649918556e-03
8.394033648073673248e-03
-1.774126081727445126e-03
-9.747968870215117931e-04
-8.990502916276454926e-03
-6.049433257430791855e-03
6.692125927656888962e-03
-5.313971545547246933e-03
1.509867142885923386e-03
-7.764406036585569382e-03
-5.555140785872936249e-03
5.347106140106916428e-03
-7.912958040833473206e-03
-8.130287751555442810e-03
7.313863607123494148e-04
5.719234235584735870e-03
-1.444643712602555752e-03
-9.497631341218948364e-03
-4.849124234169721603e-03
-3.563768696039915085e-03
4.023217130452394485e-03
5.240647587925195694e-03
4.988222382962703705e-03
-5.303338635712862015e-03
-5.277816089801490307e-04
-4.362445324659347534e-03
8.766141720116138458e-03
-1.385285286232829094e-03
5.234384443610906601e-03
-4.725192673504352570e-03
-5.636241752654314041e-03
7.804479449987411499e-03
8.620515465736389160e-03
-4.810545593500137329e-03
-6.204845849424600601e-03
-5.280829500406980515e-03
6.386105436831712723e-03
-8.742995123611763120e-05
8.260733447968959808e-03
5.287406966090202332e-03
-2.428770298138260841e-03
7.462226785719394684e-03
8.270242833532392979e-04
-1.778367557562887669e-03
9.182388894259929657e-03
4.331255331635475159e-03
5.481983069330453873e-03
-9.303247556090354919e-03
-3.430691082030534744e-03
-1.000589807517826557e-03
-5.661515169776976109e-04
-2.459886018186807632e-03
-4.610538948327302933e-03
-2.209821948781609535e-03
3.945057280361652374e-03
-1.998785417526960373e-03
-2.845795592293143272e-03
1.412258006894262508e-05
-1.620373106561601162e-03
6.757044699043035507e-03
-5.221432074904441833e-03
6.241360213607549667e-03
-7.562262937426567078e-03
-2.326372312381863594e-03
-7.355479989200830460e-03
6.693700794130563736e-03
1.114573597908020020e+00
9.893182516098022461e-01
-1.712916493415832520e+00
6.619700193405151367e-01
