2.194367885589599609e+00
3.502610623836517334e-01
-6.497720479965209961e-01
5.025906085968017578e+00
3.656918048858642578e+00
1.746560215950012207e+00
2.081510782241821289e+00
3.458004236221313477e+00
1.835013777017593384e-01
3.461080789566040039e-01
-5.999025702476501465e-01
9.716930985450744629e-01
-1.964047402143478394e-01
1.958932578563690186e-01
4.554984271526336670e-01
5.253052115440368652e-01
4.451292753219604492e-01
-1.598244428634643555e+00
-6.392616629600524902e-01
-4.087555110454559326e-01
-4.656340479850769043e-01
-2.106375247240066528e-02
1.059195399284362793e-01
-3.043751716613769531e-01
-2.166665196418762207e-01
-5.122357606887817383e-01
2.444213479757308960e-01
5.294928550720214844e-01
8.825891494750976562e+00
9.962894439697265625e+00
1.329916381835937500e+01
1.532943916320800781e+01
1.550921916961669922e+01
1.757815742492675781e+01
1.919268608093261719e+01
2.088084793090820312e+01
2.538853073120117188e+01
3.104848861694335938e-01
-3.757189512252807617e-01
-1.670992493629455566e+00
8.724346756935119629e-01
-8.952686190605163574e-02
-6.843975931406021118e-02
-2.002580314874649048e-01
1.812357187271118164e+00
1.686545610427856445e-01
-5.338646173477172852e-01
-8.144597411155700684e-01
4.481475353240966797e-01
7.891930341720581055e-01
1.245292186737060547e+00
-1.123563170433044434e+00
-3.261571824550628662e-01
-2.693070411682128906e+00
-8.377253413200378418e-01
-2.340172789990901947e-02
2.417425811290740967e-01
-1.111045360565185547e+00
-1.282491907477378845e-02
1.980763077735900879e+00
-2.007693290710449219e+00
1.136806979775428772e-01
-3.395122528076171875e+00
-4.735004901885986328e-01
2.805928289890289307e-01
-4.525671482086181641e+00
4.721200168132781982e-01
1.063420104980468750e+01
-9.945375919342041016e-01
-1.253434866666793823e-01
1.401112651824951172e+01
5.417762756347656250e+00
1.140594363212585449e+00
-1.261289477348327637e+00
1.359362125396728516e+00
-3.229868888854980469e+00
1.632339656352996826e-01
-3.304415345191955566e-01
3.765285015106201172e+00
1.343288421630859375e+01
1.385895729064941406e+00
7.889863967895507812e+00
2.095723748207092285e-01
-2.041685730218887329e-01
2.092818915843963623e-01
1.377499252557754517e-01
-4.210368692874908447e-01
-6.972009539604187012e-01
3.608101606369018555e-01
3.181074857711791992e-01
4.448109865188598633e-01
8.857533931732177734e-01
5.266352295875549316e-01
-8.597046136856079102e-03
3.480995893478393555e-01
-7.106707096099853516e-01
-2.316430509090423584e-01
1.117251515388488770e+00
5.470015853643417358e-02
5.537453293800354004e-01
2.240896783769130707e-02
-1.480175554752349854e-01
2.187637239694595337e-01
5.437315106391906738e-01
6.147735714912414551e-01
1.994291245937347412e-01
1.903810650110244751e-01
1.016926050186157227e+00
2.951233386993408203e-01
-1.944706737995147705e-01
1.537184238433837891e+00
4.213117957115173340e-01
-3.372889518737792969e+00
2.775902748107910156e-01
2.303798347711563110e-01
-4.214996814727783203e+00
-3.920255184173583984e+00
-2.802204489707946777e-01
7.431694269180297852e-01
1.205497384071350098e-01
1.553273081779479980e+00
-1.503882408142089844e-01
-1.378193497657775879e-01
-1.670459508895874023e+00
-2.578489065170288086e+00
-3.185990095138549805e+00
1.392944931983947754e+00
-8.685286641120910645e-01
-1.593694835901260376e-01
-9.422466158866882324e-02
-1.564101576805114746e-01
-3.752998709678649902e-01
4.558538198471069336e-01
-4.055079817771911621e-02
1.094198971986770630e-01
-1.007121920585632324e+00
-4.350090920925140381e-01
9.233257733285427094e-03
-2.315994501113891602e-01
-1.303284049034118652e+00
-2.661637365818023682e-01
6.732818484306335449e-01
1.153520643711090088e-01
1.297298073768615723e-01
1.919034570455551147e-01
-1.935420781373977661e-01
-1.597284525632858276e-01
9.478467702865600586e-02
2.033158987760543823e-01
-9.052156805992126465e-01
2.206581532955169678e-01
1.169034317135810852e-01
7.519512176513671875e-01
-9.269126504659652710e-02
2.062648832798004150e-01
6.270773243159055710e-03
1.979093551635742188e-01
-1.682100534439086914e+00
3.594304323196411133e-01
-3.274992704391479492e-01
-2.048397541046142578e+00
-2.416474103927612305e+00
-1.265576779842376709e-01
-1.600705981254577637e-01
-4.539155662059783936e-01
9.034685045480728149e-02
4.662502706050872803e-01
3.137643039226531982e-01
-1.816831380128860474e-01
-2.378818988800048828e+00
-9.051442146301269531e-01
-6.069616317749023438e+00
-9.946331381797790527e-03
-3.729776712134480476e-03
6.962997838854789734e-03
-1.245282939635217190e-03
6.349975708872079849e-03
-1.219408935867249966e-03
-5.049780476838350296e-03
-9.020921774208545685e-03
1.540640834718942642e-03
-1.921143499203026295e-03
-4.071989562362432480e-03
5.573938600718975067e-03
-7.966700010001659393e-03
-5.514749791473150253e-03
-6.774323526769876480e-03
-4.848699085414409637e-03
-9.439579211175441742e-03
2.193160355091094971e-03
7.446192670613527298e-03
-4.412228241562843323e-03
9.592376882210373878e-04
-4.912340082228183746e-03
-2.447462175041437149e-03
-4.231030587106943130e-03
4.793096799403429031e-03
-1.182489097118377686e-03
2.095471834763884544e-03
9.767714887857437134e-03
-6.329153664410114288e-03
-4.359856247901916504e-03
-7.667781319469213486e-03
-3.721998305991292000e-03
-4.044048837386071682e-04
-1.675874926149845123e-03
-8.907072246074676514e-03
9.011005051434040070e-03
4.267569631338119507e-03
5.813606083393096924e-03
7.486711721867322922e-03
-9.028639644384384155e-03
4.390988498926162720e-03
1.757777645252645016e-03
-8.753004483878612518e-03
9.800621308386325836e-03
-3.522346494719386101e-03
9.035050868988037109e-01
8.257760405540466309e-01
-1.935814261436462402e+00
5.870952010154724121e-01
