2.183190917968750000e+01
1.476726436614990234e+01
1.544420337677001953e+01
8.367238044738769531e+00
9.004139900207519531e+00
1.781092643737792969e+01
7.439508914947509766e+00
1.668222236633300781e+01
1.620488548278808594e+01
7.250570297241210938e+00
-1.143397331237792969e+00
1.613000750541687012e+00
3.298453241586685181e-02
2.166214227676391602e+00
-1.957717895507812500e+00
9.672946929931640625e+00
-1.440726280212402344e+00
-6.760041713714599609e+00
5.339779376983642578e+00
2.149038791656494141e+00
-8.228522300720214844e+00
-1.107891368865966797e+01
5.570206642150878906e+00
8.694761991500854492e-01
9.050896763801574707e-01
6.307786941528320312e+00
5.827866554260253906e+00
-1.133437037467956543e+00
1.143527030944824219e+01
4.486596584320068359e+00
-3.640911102294921875e+00
-4.624966621398925781e+00
7.335954189300537109e+00
5.571875572204589844e+00
-6.941868782043457031e+00
-1.202133846282958984e+01
6.668826580047607422e+00
3.000377416610717773e+00
1.761960792541503906e+01
3.456826925277709961e+00
-4.026120662689208984e+00
2.500818252563476562e+00
-3.693471193313598633e+00
-4.860410690307617188e+00
-2.097111701965332031e+00
3.779020786285400391e+00
-1.382148265838623047e+00
1.634495973587036133e+00
-3.134888410568237305e+00
-3.669566154479980469e+00
6.528204441070556641e+00
3.708701133728027344e+00
7.521633625030517578e+00
5.139530658721923828e+00
4.040878772735595703e+00
3.231216430664062500e+00
1.254105925559997559e+00
9.519104957580566406e-01
7.006787776947021484e+00
-3.798024058341979980e-01
2.556872129440307617e+00
-8.860681951045989990e-02
-2.775710344314575195e+00
-2.923470258712768555e+00
-9.167627692222595215e-01
6.292215824127197266e+00
-6.313480377197265625e+00
1.219879627227783203e+00
8.924357414245605469e+00
7.964541912078857422e+00
-2.449134588241577148e+00
-7.948041915893554688e+00
-3.392222523689270020e-02
-4.724456369876861572e-01
1.018629932403564453e+01
-6.651455879211425781e+00
-5.621681213378906250e-01
-1.952539443969726562e+00
-4.238116264343261719e+00
3.471485614776611328e+00
1.193989738821983337e-01
1.374529480934143066e+00
5.560953021049499512e-01
2.963903188705444336e+00
7.952152252197265625e+00
7.297689914703369141e-01
6.464926242828369141e+00
2.471327304840087891e+00
9.676451683044433594e-01
-4.178798198699951172e+00
-1.314569473266601562e+00
-2.155911445617675781e+00
-2.338745832443237305e+00
-6.038493156433105469e+00
-3.100185394287109375e-01
-5.921191692352294922e+00
-2.982791423797607422e+00
-1.892950654029846191e+00
-4.605919361114501953e+00
-4.490258395671844482e-01
3.416309833526611328e+00
-2.268606901168823242e+00
2.110531330108642578e+00
-1.790440797805786133e+00
8.258166909217834473e-01
1.615612953901290894e-01
8.954684138298034668e-01
1.701273083686828613e+00
-1.975213050842285156e+00
9.181810021400451660e-01
1.372387766838073730e+00
-2.518716812133789062e+00
3.041231930255889893e-01
1.350517749786376953e+00
-1.754694342613220215e+00
-1.293883562088012695e+00
-6.539055109024047852e-01
1.764207482337951660e+00
-3.033736705780029297e+00
9.570857882499694824e-01
1.526891231536865234e+00
1.629178166389465332e+00
4.615052640438079834e-01
-2.503223180770874023e+00
4.240345001220703125e+00
-1.718201041221618652e+00
2.820453882217407227e+00
-6.412376184016466141e-03
1.560585379600524902e+00
8.000844955444335938e+00
-1.620198041200637817e-01
4.171763896942138672e+00
-6.850247383117675781e-01
-3.442573070526123047e+00
5.421190857887268066e-01
-1.654316306114196777e+00
-1.644203215837478638e-01
-9.917078614234924316e-01
-1.867904305458068848e+00
-7.570864558219909668e-01
1.775287747383117676e+00
6.582649946212768555e-01
2.985032558441162109e+00
-2.787353754043579102e+00
1.416558980941772461e+00
