2.374148368835449219e+01
1.462462997436523438e+01
1.544497299194335938e+01
8.307120323181152344e+00
9.015131950378417969e+00
1.671699142456054688e+01
6.809812545776367188e+00
1.616544342041015625e+01
1.628634262084960938e+01
5.648072242736816406e+00
-1.952694058418273926e+00
2.342697858810424805e+00
-2.754026949405670166e-01
2.107760190963745117e+00
-3.661318063735961914e+00
8.597975730895996094e+00
-9.454683065414428711e-01
-7.630025863647460938e+00
6.148401737213134766e+00
2.457740545272827148e+00
-8.135896682739257812e+00
-1.185807991027832031e+01
5.515357017517089844e+00
-8.993771672248840332e-01
5.782837271690368652e-01
7.207461357116699219e+00
5.720753669738769531e+00
-9.555166959762573242e-01
1.325569057464599609e+01
2.409351587295532227e+00
-4.552347183227539062e+00
-4.174834251403808594e+00
6.559982299804687500e+00
6.490041732788085938e+00
-6.963036060333251953e+00
-1.346229171752929688e+01
5.775293350219726562e+00
2.910927295684814453e+00
2.108281898498535156e+01
3.750505685806274414e+00
-3.586583614349365234e+00
8.429151028394699097e-02
-3.343886613845825195e+00
-5.276780128479003906e+00
3.816911458969116211e+00
1.156942725181579590e+00
-1.715718865394592285e+00
2.319489717483520508e+00
-7.510389328002929688e+00
-3.086247205734252930e+00
7.155368328094482422e+00
3.461653232574462891e+00
6.107447624206542969e+00
6.212180137634277344e+00
4.598021984100341797e+00
2.858212471008300781e+00
9.647421240806579590e-01
7.971212267875671387e-01
6.857023715972900391e+00
1.097119092941284180e+00
2.832222461700439453e+00
-6.785372644662857056e-02
-2.797603607177734375e+00
-3.738041639328002930e+00
-8.406720161437988281e-01
7.085264205932617188e+00
-7.186804771423339844e+00
1.877836227416992188e+00
9.810105323791503906e+00
7.328150272369384766e+00
-2.277904987335205078e+00
-8.106694221496582031e+00
-6.193663477897644043e-01
1.925714015960693359e-01
1.099517536163330078e+01
-6.833113670349121094e+00
-6.495848894119262695e-01
-2.718323945999145508e+00
-4.393245697021484375e+00
3.242451906204223633e+00
-1.887097477912902832e+00
1.047164559364318848e+00
5.448324084281921387e-01
2.446373939514160156e+00
8.438508987426757812e+00
2.663023471832275391e+00
5.819625854492187500e+00
2.398856401443481445e+00
6.356721520423889160e-01
-4.563213825225830078e+00
7.190136909484863281e-01
-2.454986810684204102e+00
-1.182959794998168945e+00
-5.646301746368408203e+00
-3.505937457084655762e-01
-5.862408638000488281e+00
-3.032735347747802734e+00
-2.160665512084960938e+00
-4.797826766967773438e+00
-1.362598180770874023e+00
2.827908754348754883e+00
-1.592884302139282227e+00
1.780921816825866699e+00
-1.473076701164245605e+00
-8.126687407493591309e-01
2.093645781278610229e-01
7.569055557250976562e-01
9.992094635963439941e-01
-2.432486534118652344e+00
1.088773846626281738e+00
1.347271054983139038e-01
-2.694821119308471680e+00
-1.103288650512695312e+00
1.796945452690124512e+00
-2.184238672256469727e+00
-1.802871942520141602e+00
-1.216105461120605469e+00
2.915458917617797852e+00
-3.288723707199096680e+00
-2.114848375320434570e+00
9.850683212280273438e-01
1.561008095741271973e+00
4.595654308795928955e-01
-2.419836044311523438e+00
4.548587322235107422e+00
-2.056313991546630859e+00
2.174194097518920898e+00
-4.851205646991729736e-02
1.447137594223022461e+00
7.259913921356201172e+00
-1.007153868675231934e+00
4.631681919097900391e+00
-1.061900258064270020e+00
-3.405871629714965820e+00
4.767388999462127686e-01
-2.167702436447143555e+00
8.822824805974960327e-02
-1.627477854490280151e-01
-1.587259888648986816e+00
-2.507814168930053711e-01
1.575223326683044434e+00
8.370708227157592773e-01
3.068235635757446289e+00
-2.611164569854736328e+00
1.411054491996765137e+00
