1.689628362655639648e+00
-6.196401081979274750e-03
-5.737922787666320801e-01
-9.013826400041580200e-02
1.691095590591430664e+00
4.477214336395263672e+00
9.876516461372375488e-01
2.161717891693115234e+00
3.394067049026489258e+00
1.981031656265258789e+00
1.918550610542297363e+00
5.017567276954650879e-01
3.003582477569580078e+00
6.750290393829345703e-01
5.014596581459045410e-01
-5.512618422508239746e-01
-1.189707279205322266e+00
3.578765690326690674e-01
8.270083665847778320e-01
-2.620559334754943848e-01
7.089993357658386230e-02
3.087514825165271759e-02
7.391614317893981934e-01
4.769237712025642395e-02
4.403675496578216553e-01
-1.187059879302978516e-01
1.244384702295064926e-02
-3.270980417728424072e-01
-7.312518954277038574e-01
2.663113474845886230e-01
-1.098357290029525757e-01
-1.838933527469635010e-01
-6.294277310371398926e-01
-5.999165773391723633e-01
-1.022427827119827271e-01
-7.418850064277648926e-02
2.290078699588775635e-01
-1.918930858373641968e-01
-7.903604954481124878e-02
3.463887423276901245e-02
2.301658503711223602e-02
-1.319175660610198975e-01
-2.626273930072784424e-01
-8.046807721257209778e-03
-5.437847375869750977e-01
2.855450212955474854e-01
7.180556297302246094e+00
6.304440498352050781e+00
8.738903045654296875e+00
1.028857707977294922e+01
1.323625183105468750e+01
1.382350158691406250e+01
1.466213798522949219e+01
1.544607162475585938e+01
1.709082412719726562e+01
1.829992866516113281e+01
2.091821861267089844e+01
1.933209037780761719e+01
2.676285934448242188e+01
2.795882415771484375e+01
2.384871482849121094e+01
-7.681442260742187500e+00
2.257681369781494141e+00
-1.649302124977111816e+00
-3.663133978843688965e-01
-2.562712728977203369e-01
-1.057817935943603516e+00
-5.507408082485198975e-02
-3.151877522468566895e-01
-3.570962667465209961e+00
1.036897373199462891e+01
3.649318456649780273e+00
-8.060879707336425781e+00
3.617359876632690430e+00
9.109906107187271118e-02
2.185691118240356445e+00
-8.299403190612792969e+00
1.206456542015075684e+00
-1.421806573867797852e+00
-1.348149776458740234e+00
3.987325906753540039e+00
-2.770854393020272255e-03
2.648056030273437500e+00
-5.138225555419921875e+00
2.595352411270141602e+00
-3.191533088684082031e+00
4.026897907257080078e+00
-1.255736947059631348e+00
1.868493795394897461e+00
7.317717075347900391e+00
9.281852841377258301e-01
1.105183586478233337e-01
-2.455631345510482788e-01
-2.592074155807495117e+00
1.113194942474365234e+00
3.477250337600708008e-01
5.563358068466186523e-01
1.534189820289611816e+00
5.904139876365661621e-01
-1.571808457374572754e+00
1.736643791198730469e+00
1.731676459312438965e+00
-3.937313079833984375e+00
1.259758353233337402e+00
-6.111884713172912598e-01
2.275919914245605469e+00
-1.036102294921875000e+00
-2.379080355167388916e-01
-7.548000812530517578e-01
2.642718076705932617e+00
1.139431744813919067e-01
4.895726740360260010e-01
3.091413497924804688e+00
-1.940415859222412109e+00
3.703850030899047852e+00
-1.509498525410890579e-02
-2.518661022186279297e+00
-4.184564650058746338e-01
3.136326670646667480e-01
-1.119747534394264221e-01
7.328295707702636719e-02
-1.763735651969909668e+00
1.184396445751190186e-01
-1.064818143844604492e+00
7.157789468765258789e-01
-2.460298299789428711e+00
6.333204269409179688e+00
1.729565978050231934e+00
-1.193128228187561035e+00
8.662554621696472168e-02
1.479585766792297363e+00
2.777224063873291016e+00
-1.564800024032592773e+00
5.017601966857910156e+00
1.086216926574707031e+00
7.681564807891845703e+00
5.749147534370422363e-01
-1.013294696807861328e+00
-1.657011389732360840e+00
9.681504964828491211e-01
3.937922120094299316e-01
2.675499320030212402e-01
2.650939524173736572e-01
-9.178344011306762695e-01
3.412428855895996094e+00
2.688161134719848633e-01
4.174516797065734863e-01
-1.202445626258850098e+00
1.366277813911437988e+00
-6.083828210830688477e-01
-3.914809972047805786e-02
-1.250901579856872559e+00
-3.105796813964843750e+00
-2.631482124328613281e+00
3.569354534149169922e+00
-1.859918475151062012e+00
-8.125425577163696289e-01
-2.476227045059204102e+00
3.086645126342773438e+00
2.961420059204101562e+00
-4.874913215637207031e+00
-1.724359512329101562e+00
1.834562182426452637e+00
1.566548645496368408e-01
1.636984199285507202e-01
3.858546614646911621e-01
-8.864570260047912598e-01
2.880886077880859375e+00
2.110196828842163086e+00
-3.049061059951782227e+00
2.844091176986694336e+00
-1.059526324272155762e+00
-1.930059552192687988e+00
-3.290651082992553711e+00
-2.728508710861206055e-01
7.696274518966674805e-01
-1.185261487960815430e+00
4.339467883110046387e-01
7.291339635848999023e-01
8.616480827331542969e-01
3.291325330734252930e+00
1.827590703964233398e+00
-1.456786036491394043e+00
4.955565333366394043e-01
2.164646387100219727e-01
-2.209109067916870117e-01
7.937338352203369141e-01
1.049928307533264160e+00
-4.400076344609260559e-02
8.439770936965942383e-01
-1.736028909683227539e+00
-1.775138854980468750e+00
1.496731042861938477e+00
-9.854567050933837891e-01
5.618656873703002930e-01
-2.293542861938476562e+00
1.413955330848693848e+00
-5.958221852779388428e-02
3.870770931243896484e-01
1.822691261768341064e-01
-2.003063678741455078e+00
6.875904202461242676e-01
1.137769594788551331e-01
9.398455023765563965e-01
-1.611565232276916504e+00
4.055104732513427734e+00
-7.829558849334716797e-01
4.645726084709167480e-01
2.006023645401000977e+00
9.374776482582092285e-01
-7.459159493446350098e-01
5.149324610829353333e-02
4.595904648303985596e-01
-1.261065006256103516e+00
3.603175282478332520e-01
-2.016313970088958740e-01
-4.675709605216979980e-01
3.247928023338317871e-01
-1.098046779632568359e+00
-3.671199679374694824e-01
1.683259725570678711e+00
-8.794881105422973633e-01
1.600698471069335938e+00
-3.361911699175834656e-02
2.281224429607391357e-01
-1.307804465293884277e+00
6.156243085861206055e-01
6.705587357282638550e-02
2.207153886556625366e-01
-2.327703088521957397e-01
1.217873811721801758e+00
-2.894294857978820801e-01
-1.316070437431335449e+00
9.365538358688354492e-01
-8.750023841857910156e-01
1.171905174851417542e-01
1.651789546012878418e+00
-2.179248780012130737e-01
7.859496772289276123e-02
-8.014377206563949585e-02
2.302047759294509888e-01
-6.432195305824279785e-01
2.830002605915069580e-01
-1.368020176887512207e-01
-3.499966859817504883e-02
-6.028089523315429688e-01
-6.302086353302001953e+00
9.011796712875366211e-01
1.158544197678565979e-01
-1.801645010709762573e-01
-2.109817974269390106e-02
1.580667138099670410e+00
8.189808726310729980e-01
6.515465378761291504e-01
1.368136167526245117e+00
2.710701465606689453e+00
6.817886233329772949e-01
-4.081029444932937622e-02
8.220008015632629395e-01
-3.500256240367889404e-01
3.879208862781524658e-01
-1.262080520391464233e-01
2.462878078222274780e-01
7.041720747947692871e-01
-1.728198230266571045e-01
1.907863169908523560e-01
-6.403835862874984741e-02
2.098740637302398682e-01
-1.327213793992996216e-01
5.511054396629333496e-01
4.711441099643707275e-01
1.336042732000350952e-01
1.185589805245399475e-01
1.349788784980773926e+00
-1.025788545608520508e+00
1.648986816406250000e+00
-1.089739333838224411e-02
1.152529641985893250e-01
5.221410989761352539e-01
2.990086972713470459e-01
7.161333560943603516e-01
-5.743103623390197754e-01
9.959103912115097046e-02
-5.398596525192260742e-01
-6.976329535245895386e-02
-7.488784193992614746e-01
2.513922452926635742e+00
-6.358744502067565918e-01
-1.516829848289489746e+00
-3.676609396934509277e-01
-7.246323823928833008e-01
7.478143274784088135e-02
4.991809129714965820e-01
4.632101953029632568e-01
-6.192252039909362793e-01
1.139635562896728516e+00
-1.583441197872161865e-01
-6.715072989463806152e-01
9.946332573890686035e-01
-1.334071516990661621e+00
-3.691302776336669922e+00
2.853914737701416016e+00
3.003547787666320801e-01
-1.134344935417175293e+00
1.301123797893524170e-01
-7.792538404464721680e-01
7.473333477973937988e-01
3.057580888271331787e-01
2.732028961181640625e-01
5.758218169212341309e-01
-3.302634239196777344e+00
2.508590817451477051e-01
2.384263753890991211e+00
-1.906307935714721680e+00
-2.259320497512817383e+00
-3.238103687763214111e-01
3.160767078399658203e+00
-5.975867509841918945e-01
2.217050641775131226e-01
-9.031987935304641724e-02
-9.995635747909545898e-01
5.600584149360656738e-01
-1.316919684410095215e+00
1.760800480842590332e+00
-2.055603712797164917e-01
1.101914167404174805e+00
-1.319561362266540527e+00
1.031207323074340820e+00
-8.702579140663146973e-01
-1.069288492202758789e+00
2.274154871702194214e-02
-2.239513993263244629e-01
-2.453637272119522095e-01
1.364364385604858398e+00
-5.186615586280822754e-01
1.444594711065292358e-01
-5.357387661933898926e-01
1.057707190513610840e+00
1.276691108942031860e-01
6.987532377243041992e-01
2.670396119356155396e-02
8.715733289718627930e-01
-1.024049967527389526e-01
-5.868408679962158203e-01
2.201728671789169312e-01
-1.609706282615661621e+00
3.531678020954132080e-01
-3.003325164318084717e-01
1.222132891416549683e-01
-3.792754411697387695e-01
3.008250594139099121e-01
2.022682577371597290e-01
2.119101434946060181e-01
2.807383053004741669e-02
4.680146276950836182e-01
2.249961160123348236e-02
1.034206271171569824e+00
-2.513270974159240723e-01
-4.108922090381383896e-03
-3.259231150150299072e-01
5.576475337147712708e-02
4.347789585590362549e-01
1.467151492834091187e-01
-3.777718544006347656e-01
-4.886015355587005615e-01
-1.168544888496398926e-01
-5.368977546691894531e+00
3.889100849628448486e-01
1.249753385782241821e-01
1.175069902092218399e-02
3.664207458496093750e-01
5.079805850982666016e-01
-5.892716050148010254e-01
4.662996828556060791e-01
1.254610061645507812e+00
1.656710058450698853e-01
-7.744421958923339844e-01
3.349082171916961670e-01
4.707288146018981934e-01
-2.067419439554214478e-01
-2.182406485080718994e-01
-7.468323409557342529e-02
-6.363993138074874878e-02
-7.402626276016235352e-01
-6.075488924980163574e-01
1.249684169888496399e-01
-1.764130741357803345e-01
1.727232635021209717e-01
-5.849831700325012207e-01
-4.382748901844024658e-02
-4.625087976455688477e-01
6.304054260253906250e-01
5.403537750244140625e-01
1.595797389745712280e-01
-3.236002922058105469e-01
9.559539556503295898e-01
-4.167133569717407227e-02
9.092588424682617188e-01
-5.133284330368041992e-01
-1.362378239631652832e+00
1.609266281127929688e+00
-6.044816225767135620e-02
-4.617041945457458496e-01
-2.239690124988555908e-01
5.541396141052246094e-01
3.597297966480255127e-01
-4.286824464797973633e-01
-6.754186749458312988e-01
-9.601207822561264038e-02
-4.400326907634735107e-01
-3.096612095832824707e-01
7.147131562232971191e-01
4.369629919528961182e-01
9.021548032760620117e-01
4.883909523487091064e-01
-2.166852235794067383e+00
-4.095090031623840332e-01
1.433569788932800293e-01
-2.090178489685058594e+00
3.488400876522064209e-01
-7.554850541055202484e-03
-6.491080275736749172e-04
-9.641029872000217438e-03
-3.540364326909184456e-03
-5.681642796844244003e-03
-5.882999394088983536e-03
9.097680449485778809e-03
4.772697575390338898e-03
-9.457412175834178925e-03
-7.234271150082349777e-03
-5.810046102851629257e-03
-9.971090592443943024e-03
-9.343824349343776703e-03
9.206553921103477478e-03
-3.392904996871948242e-03
5.387709476053714752e-03
7.693992462009191513e-03
2.659373451024293900e-03
-1.691663201199844480e-04
8.050698786973953247e-03
7.655437104403972626e-03
-6.120972800999879837e-03
-3.583614947274327278e-03
1.304325065575540066e-03
-3.256156807765364647e-03
-2.297435887157917023e-03
8.352010510861873627e-03
8.775318972766399384e-03
9.272149764001369476e-03
8.975612930953502655e-03
3.838112170342355967e-04
3.389475401490926743e-03
-6.756698247045278549e-03
-3.632648382335901260e-03
-4.509887192398309708e-03
-6.478506606072187424e-03
-3.250091569498181343e-03
-6.574811413884162903e-03
2.926667220890522003e-03
-4.042927641421556473e-03
6.914784898981451988e-04
5.726186558604240417e-03
5.423626396805047989e-03
5.357870832085609436e-03
-7.798257283866405487e-04
6.085288478061556816e-04
-9.142410941421985626e-03
9.686021134257316589e-03
-3.144276852253824472e-04
6.754873320460319519e-03
5.875880829989910126e-03
1.299308030866086483e-03
-5.457672290503978729e-03
-4.875754471868276596e-03
-8.707907982170581818e-04
-4.667685367166996002e-03
7.354717236012220383e-04
7.323954254388809204e-03
-9.465431212447583675e-04
-2.163487020879983902e-03
-6.987837143242359161e-03
9.058034978806972504e-03
8.558762259781360626e-03
-6.946330424398183823e-03
3.499652724713087082e-03
-6.226998288184404373e-03
-2.272900193929672241e-03
4.662810359150171280e-03
4.448173101991415024e-03
-2.101734280586242676e-03
5.144371185451745987e-03
8.066911250352859497e-03
-7.747665047645568848e-03
9.927749633789062500e-03
-2.953656017780303955e-03
2.684626088012009859e-04
-8.757858537137508392e-03
3.310738364234566689e-03
-4.261159338057041168e-03
-8.219058625400066376e-03
-8.297924883663654327e-03
2.846643794327974319e-03
-1.568449370097368956e-04
8.419210091233253479e-03
7.972039282321929932e-03
-2.380946651101112366e-03
5.541186779737472534e-03
1.830545952543616295e-03
3.120188601315021515e-03
1.577851828187704086e-03
2.976832445710897446e-03
-9.339377284049987793e-03
-2.191177802160382271e-03
-2.916761441156268120e-03
1.102625974453985691e-03
-8.735836599953472614e-04
6.525272969156503677e-03
7.735751569271087646e-03
-4.242816474288702011e-03
-6.149774882942438126e-03
-9.131490951403975487e-04
8.749420754611492157e-03
2.250864868983626366e-03
5.978573113679885864e-03
9.328679181635379791e-03
1.305680372752249241e-03
7.957058027386665344e-03
-2.640947001054883003e-03
-3.302922705188393593e-03
1.096899155527353287e-03
6.774519570171833038e-03
-3.550227265805006027e-03
2.080985344946384430e-03
7.060307078063488007e-03
-6.562926340848207474e-03
-8.452476933598518372e-03
3.811009461060166359e-03
2.254856517538428307e-03
6.511522457003593445e-03
-7.439733482897281647e-03
3.752969438210129738e-03
1.305313706398010254e+00
8.323526382446289062e-01
-1.594750165939331055e+00
5.596960783004760742e-01
