1.544503211975097656e+00
1.215140938758850098e+00
1.494312405586242676e+00
3.934663057327270508e+00
1.418366432189941406e+00
1.864848017692565918e+00
3.179147720336914062e+00
2.044136762619018555e+00
1.776527881622314453e+00
2.081340789794921875e+00
2.525739431381225586e+00
1.744383692741394043e+00
8.663046956062316895e-01
6.232721209526062012e-01
5.008159875869750977e-01
-4.165225327014923096e-01
4.199934601783752441e-01
-1.168122887611389160e-02
1.177044034004211426e+00
-2.438593655824661255e-02
-1.301366090774536133e-01
-3.588350117206573486e-01
5.597408115863800049e-02
1.095531105995178223e+00
3.761373162269592285e-01
-2.176979184150695801e-01
-8.034492135047912598e-01
-7.315742969512939453e-02
1.257418394088745117e+00
9.351538494229316711e-03
-1.928184628486633301e-01
-1.530110985040664673e-01
-2.899467945098876953e-01
-2.159201651811599731e-01
-2.464926093816757202e-01
8.130308240652084351e-02
1.218446791172027588e-01
2.960748076438903809e-01
-1.600520014762878418e-01
5.962689872831106186e-03
-1.024772897362709045e-01
9.064418822526931763e-02
-8.543503880500793457e-01
9.299707412719726562e+00
1.096027565002441406e+01
1.314873504638671875e+01
1.358937072753906250e+01
1.396652603149414062e+01
1.545096015930175781e+01
1.475607204437255859e+01
1.673144912719726562e+01
1.791874122619628906e+01
1.918533134460449219e+01
1.953232955932617188e+01
2.191367530822753906e+01
2.625524330139160156e+01
2.763526153564453125e+01
1.302050471305847168e+00
-4.427003264427185059e-01
6.858265995979309082e-01
-2.081677615642547607e-01
3.445608019828796387e-01
-4.212997257709503174e-01
-8.207229375839233398e-01
-3.378070294857025146e-01
-8.228322267532348633e-01
-1.485818028450012207e-01
7.125456631183624268e-02
5.452957153320312500e-01
2.277613878250122070e-01
1.042636752128601074e+00
5.049992799758911133e-01
-3.039361238479614258e-01
3.385711014270782471e-01
-9.954576194286346436e-02
4.136393666267395020e-01
2.210764735937118530e-01
-1.060443282127380371e+00
8.576657623052597046e-02
1.351954191923141479e-01
-6.779321432113647461e-01
1.013829112052917480e+00
-3.639600574970245361e-01
2.379207134246826172e+00
5.759944319725036621e-01
-1.649095416069030762e+00
-9.097359776496887207e-01
-1.162578091025352478e-01
5.242072343826293945e-01
2.809629030525684357e-02
-6.557220220565795898e-01
2.207479327917098999e-01
-5.195211172103881836e-01
1.032284975051879883e+00
-3.311664462089538574e-01
8.377581238746643066e-01
1.815771698951721191e+00
2.971005253493785858e-02
-1.117391958832740784e-01
7.462257146835327148e-02
-1.420046567916870117e+00
7.457995414733886719e-01
2.729647159576416016e-01
-1.326425969600677490e-01
-1.095894694328308105e+00
-3.834880590438842773e-01
8.407200574874877930e-01
1.634323239326477051e+00
4.994899034500122070e-02
-9.540808945894241333e-02
1.911434084177017212e-01
2.096823215484619141e+00
-1.492863535881042480e+00
7.722755670547485352e-01
7.055724859237670898e-01
-1.042400360107421875e+00
-1.268620014190673828e+00
1.300383657217025757e-01
-6.913111209869384766e-01
6.914854645729064941e-01
-1.266167998313903809e+00
-1.072388529777526855e+00
1.069738641381263733e-01
-4.507988691329956055e-01
-1.010667800903320312e+00
-1.394329190254211426e+00
-3.596084117889404297e-01
-5.349211692810058594e-01
-8.166561722755432129e-01
1.275332093238830566e+00
4.709814488887786865e-02
-2.462518960237503052e-01
-1.077138543128967285e+00
8.095691204071044922e-01
-9.662352800369262695e-01
7.488412857055664062e-01
5.805911421775817871e-01
3.504903018474578857e-01
-2.440979957580566406e+00
2.915315926074981689e-01
-9.447741508483886719e-01
-4.105727374553680420e-02
3.570623397827148438e-01
-1.079144954681396484e+00
3.700522184371948242e-01
3.904857158660888672e+00
1.595283746719360352e+00
-5.840661525726318359e-01
1.540486663579940796e-01
-8.475099205970764160e-01
-1.377115130424499512e+00
6.806287169456481934e-01
1.668225884437561035e+00
1.575657010078430176e+00
1.135544419288635254e+00
5.142220854759216309e-01
4.279710054397583008e-01
-1.826418280601501465e+00
-8.643646836280822754e-01
-2.021516799926757812e+00
-4.762439429759979248e-01
-1.945139765739440918e+00
-1.724400557577610016e-02
1.522795706987380981e-01
-8.887520432472229004e-02
1.053827255964279175e-02
1.316835880279541016e-01
3.096122145652770996e-01
3.723115026950836182e-01
2.528267204761505127e-01
4.127277433872222900e-01
-3.835539519786834717e-01
6.796742230653762817e-02
4.920552372932434082e-01
6.119791269302368164e-01
-1.288682520389556885e-01
5.027453899383544922e-01
2.656564414501190186e-01
3.112593591213226318e-01
-2.719326019287109375e-01
1.217461004853248596e-01
-5.594293400645256042e-02
-6.067858338356018066e-01
1.147115975618362427e-01
-5.302954316139221191e-01
2.957781255245208740e-01
2.567564249038696289e-01
-1.835889667272567749e-01
3.541987240314483643e-01
1.998401433229446411e-01
6.436183452606201172e-01
3.157720863819122314e-01
2.720726467669010162e-02
-9.024362266063690186e-02
4.078494384884834290e-02
-2.037417888641357422e-01
2.200715094804763794e-01
1.436840146780014038e-01
8.213781565427780151e-02
4.762088656425476074e-01
4.801736474037170410e-01
-6.886843442916870117e-01
-2.441707253456115723e-01
1.589108109474182129e-01
8.495765179395675659e-02
-4.901393502950668335e-02
-2.391898334026336670e-01
-3.302168548107147217e-01
-1.614247858524322510e-01
2.124646306037902832e-01
-1.404213786125183105e+00
-5.664984583854675293e-01
2.188334316015243530e-01
-5.286204814910888672e-02
-1.492442041635513306e-01
2.891778051853179932e-01
-1.336259543895721436e-01
-1.154401823878288269e-01
8.109658360481262207e-01
4.980401396751403809e-01
-1.485052406787872314e-01
1.838013827800750732e-01
3.345576822757720947e-01
1.171963214874267578e-01
-2.283427398651838303e-03
-2.033007591962814331e-01
3.091764450073242188e-01
1.186107471585273743e-01
7.376876473426818848e-02
-5.834030508995056152e-01
3.768384754657745361e-01
5.744112730026245117e-01
1.874310709536075592e-02
6.472310423851013184e-01
8.837720751762390137e-02
2.714275419712066650e-01
-4.048788547515869141e-02
2.279401123523712158e-01
2.928179204463958740e-01
4.082694351673126221e-01
-2.206741273403167725e-01
-5.334617197513580322e-02
1.881272643804550171e-01
-1.554739475250244141e-01
8.110068440437316895e-01
-1.877106279134750366e-01
1.235045194625854492e+00
2.274303138256072998e-01
-5.413558483123779297e-01
6.323320269584655762e-01
4.613651931285858154e-01
2.259581536054611206e-01
4.383180737495422363e-01
-2.059390544891357422e-01
-6.355810761451721191e-01
4.113004505634307861e-01
-1.121101081371307373e-01
1.929038912057876587e-01
3.081218600273132324e-01
-6.295325234532356262e-03
-3.007307648658752441e-01
-2.618671953678131104e-01
1.479459702968597412e-01
-8.781247772276401520e-03
1.962192893028259277e+00
-5.763627216219902039e-02
2.107833147048950195e+00
-3.678484857082366943e-01
-1.424202620983123779e-01
2.507443353533744812e-02
-3.671513870358467102e-02
-3.490262329578399658e-01
-1.382039487361907959e-01
-2.115217745304107666e-01
-1.313837766647338867e-01
-1.678714007139205933e-01
2.459498047828674316e-01
6.351046264171600342e-02
4.426117520779371262e-03
1.068198606371879578e-01
4.114519655704498291e-01
-4.750367403030395508e-01
-8.695725351572036743e-02
-3.255184292793273926e-01
-4.190253838896751404e-02
8.923905901610851288e-03
-2.402922511100769043e-01
2.722146809101104736e-01
3.710756823420524597e-02
6.494453549385070801e-01
-8.427498489618301392e-02
3.657575696706771851e-02
6.355408579111099243e-02
1.662095785140991211e-01
-6.047004461288452148e-02
1.413615643978118896e-01
1.292396038770675659e-01
6.501670181751251221e-02
-1.403158009052276611e-01
-4.690214246511459351e-02
7.502609491348266602e-02
-5.809487029910087585e-02
-3.972082585096359253e-02
-3.143754899501800537e-01
-1.630758941173553467e-01
-2.415357977151870728e-01
-4.660111293196678162e-02
-1.556259691715240479e-01
3.995181061327457428e-03
3.733695298433303833e-02
3.268554806709289551e-01
9.828497655689716339e-03
-7.533992081880569458e-02
8.244494348764419556e-02
2.570797801017761230e-01
4.357128143310546875e-01
5.650020837783813477e-01
-4.314300715923309326e-01
-7.332589477300643921e-02
-5.911660194396972656e-02
7.839014381170272827e-02
-4.158302247524261475e-01
4.150395393371582031e-01
-1.135157942771911621e-01
3.080600202083587646e-01
2.806208133697509766e-01
1.738482117652893066e-01
-2.687400765717029572e-02
5.041862279176712036e-02
-1.776214241981506348e-01
2.804183363914489746e-01
2.631801664829254150e-01
-3.123832046985626221e-01
-2.082226425409317017e-01
4.124090075492858887e-01
8.658736348152160645e-01
7.150579243898391724e-03
-1.275999546051025391e-01
-5.879737902432680130e-03
-1.830857694149017334e-01
-9.241423010826110840e-02
-1.832512393593788147e-02
-1.102057471871376038e-01
4.096751213073730469e-01
3.089644312858581543e-01
-1.782927513122558594e-01
-2.933833003044128418e-01
1.163918823003768921e-01
4.848185777664184570e-01
-5.580904483795166016e-01
3.027704544365406036e-02
-8.658894300460815430e-01
-3.309116959571838379e-01
9.315300583839416504e-01
-4.305579066276550293e-01
2.430760115385055542e-01
-4.973111748695373535e-01
9.006517380475997925e-02
3.063739240169525146e-01
4.194526374340057373e-01
4.732467234134674072e-01
-3.641182780265808105e-01
-8.764306306838989258e-01
8.728194981813430786e-02
-9.413521289825439453e-01
-6.115290895104408264e-02
1.375540643930435181e-01
-1.865804642438888550e-01
-1.330460011959075928e-01
-4.972336292266845703e-01
6.746019124984741211e-01
-1.484477877616882324e+00
-4.519208334386348724e-03
-4.519883077591657639e-03
-6.231730338186025620e-03
-1.491349656134843826e-03
-1.522035337984561920e-03
7.762226276099681854e-03
2.411701017990708351e-03
2.854070626199245453e-03
-6.078471429646015167e-03
-4.170704632997512817e-03
1.510069938376545906e-03
9.844365529716014862e-03
-8.392417803406715393e-03
-6.122130900621414185e-03
9.219944477081298828e-03
3.069458063691854477e-03
3.775388700887560844e-03
2.646763168741017580e-04
1.258661970496177673e-03
8.476660586893558502e-03
8.676651865243911743e-03
-2.608816139400005341e-03
5.031996406614780426e-03
-8.710719645023345947e-03
7.971091195940971375e-03
4.177324939519166946e-03
5.010515917092561722e-03
-9.741012472659349442e-04
6.381346844136714935e-03
-9.978558868169784546e-03
-3.503084648400545120e-03
-1.510053116362541914e-04
9.892389178276062012e-03
-2.303230343386530876e-03
8.528829552233219147e-03
-7.635511923581361771e-03
3.610814455896615982e-03
8.139216341078281403e-03
-1.277803094126284122e-03
3.314708592370152473e-03
-5.416305502876639366e-04
6.510418606922030449e-04
1.119074222515337169e-04
2.877661958336830139e-03
-9.557209908962249756e-03
-1.298609422519803047e-03
-9.647054597735404968e-03
-4.964384250342845917e-03
3.631160943768918514e-04
-7.860491983592510223e-03
-1.284136815229430795e-04
2.576518105342984200e-03
9.968084283173084259e-03
6.900872569531202316e-03
-2.852142089977860451e-03
8.690074086189270020e-03
-7.641864009201526642e-03
8.458775468170642853e-03
-3.861950011923909187e-03
-2.026953967288136482e-03
4.064559470862150192e-03
-4.883819259703159332e-03
4.544682800769805908e-03
7.179101463407278061e-03
2.074665622785687447e-03
-4.185090772807598114e-03
1.066846889443695545e-03
-5.534063559025526047e-03
4.147656727582216263e-03
-8.044374175369739532e-03
9.518002159893512726e-03
-3.180158324539661407e-03
3.152019809931516647e-03
9.139272384345531464e-03
-7.681068498641252518e-03
-8.259657770395278931e-03
8.273730054497718811e-03
8.020038716495037079e-03
-6.876602768898010254e-03
6.869059987366199493e-03
-9.529763832688331604e-03
1.008568098768591881e-03
-3.268153523094952106e-04
-9.024872444570064545e-03
-6.269624456763267517e-03
1.286194776184856892e-03
4.057771060615777969e-03
1.989751588553190231e-03
8.034074679017066956e-03
2.827167976647615433e-03
1.722483662888407707e-03
2.058721380308270454e-03
4.827173892408609390e-03
8.616332779638469219e-04
7.827190682291984558e-03
3.282275865785777569e-04
-4.634316544979810715e-03
-3.254478331655263901e-03
6.728681270033121109e-03
6.048563402146100998e-03
6.552231963723897934e-03
6.050764583051204681e-03
-8.048477582633495331e-03
-1.069601974450051785e-03
9.374015033245086670e-03
1.573267698287963867e+00
7.277466058731079102e-01
-1.191098690032958984e+00
5.002130270004272461e-01
