1.693973064422607422e+00
4.283763766288757324e-01
-2.036566734313964844e-01
-3.935390412807464600e-01
1.682612061500549316e+00
4.491422653198242188e+00
9.438791871070861816e-01
2.045901298522949219e+00
3.455992460250854492e+00
1.939397215843200684e+00
1.932570338249206543e+00
1.566600680351257324e+00
2.662540912628173828e+00
3.244843184947967529e-01
9.971916675567626953e-02
8.685478568077087402e-01
-3.607684969902038574e-01
-8.197141885757446289e-01
7.446293234825134277e-01
-1.120040491223335266e-01
3.361583650112152100e-01
5.751969218254089355e-01
-1.642738282680511475e-01
2.897544205188751221e-01
-5.161456763744354248e-02
3.036295175552368164e-01
1.590515822172164917e-01
-1.669920235872268677e-01
-1.233143687248229980e+00
6.072214841842651367e-01
-2.815060317516326904e-01
-9.567709267139434814e-02
3.482016921043395996e-01
-9.785833954811096191e-01
-1.623270660638809204e-01
-1.368789970874786377e-01
8.004967868328094482e-02
-2.864095270633697510e-01
-9.599662572145462036e-02
6.911984086036682129e-02
-6.729746609926223755e-02
1.842893213033676147e-01
-1.435411423444747925e-01
-8.195069967769086361e-04
-3.524007499217987061e-01
-5.095812082290649414e-01
6.271137714385986328e+00
7.411459445953369141e+00
8.019374847412109375e+00
1.032982921600341797e+01
1.324669456481933594e+01
1.363850688934326172e+01
1.463893413543701172e+01
1.541690731048583984e+01
1.701857757568359375e+01
1.822239303588867188e+01
1.962751197814941406e+01
1.925656509399414062e+01
2.197166442871093750e+01
2.740241432189941406e+01
2.701298141479492188e+01
-3.695237636566162109e+00
1.701631784439086914e+00
1.088729687035083771e-02
-1.291728496551513672e+00
4.275322332978248596e-02
-2.077158927917480469e+00
2.974654436111450195e-01
-7.727387547492980957e-01
6.356611847877502441e-01
2.421403884887695312e+00
-1.720891118049621582e+00
-1.549927234649658203e+00
6.602262496948242188e+00
-2.525400876998901367e+00
-8.502606153488159180e-01
-2.496174097061157227e+00
3.497051596641540527e-01
-3.682562410831451416e-01
3.684680759906768799e-01
4.286056995391845703e+00
-1.516496896743774414e+00
6.574791669845581055e-01
-4.435270309448242188e+00
5.973932743072509766e+00
3.478736877441406250e+00
-4.285277843475341797e+00
-1.096119165420532227e+00
2.023814171552658081e-01
2.189281731843948364e-01
7.448665052652359009e-02
1.059876680374145508e-01
1.064888983964920044e-01
3.545546233654022217e-01
-3.567458987236022949e-01
-1.159799337387084961e+00
3.253069639205932617e+00
-2.218980073928833008e+00
8.324818313121795654e-02
3.258652985095977783e-01
8.051638603210449219e-01
-8.655614852905273438e-01
9.902899861335754395e-01
1.075299024581909180e+00
-6.822109222412109375e-01
2.071830511093139648e+00
-8.652978390455245972e-02
-4.306643605232238770e-01
2.307331413030624390e-01
8.544904589653015137e-01
1.071712732315063477e+00
-1.314586997032165527e+00
4.920638561248779297e+00
-3.390418887138366699e-01
1.675582528114318848e+00
-9.411235153675079346e-02
-2.079265356063842773e+00
-1.419873237609863281e-01
2.607914060354232788e-02
3.751793205738067627e-01
-5.059154629707336426e-01
-1.703895092010498047e+00
1.238389372825622559e+00
-1.327918171882629395e+00
-1.909740209579467773e+00
-2.597832202911376953e+00
4.300737857818603516e+00
1.355122327804565430e+00
-7.823652625083923340e-01
1.590329289436340332e+00
1.329573631286621094e+00
2.142607212066650391e+00
-4.506897449493408203e+00
6.946517467498779297e+00
3.731593370437622070e+00
6.012618064880371094e+00
6.455558538436889648e-01
-7.207878232002258301e-01
-1.669699549674987793e+00
1.087511658668518066e+00
1.318486094474792480e+00
-9.507690072059631348e-01
1.422564148902893066e+00
1.463315248489379883e+00
-7.614966034889221191e-01
-7.493069022893905640e-02
3.711558878421783447e-01
-9.906674027442932129e-01
6.310147698968648911e-03
-1.914490014314651489e-01
9.754661917686462402e-01
-1.420061111450195312e+00
1.664002537727355957e+00
-2.401571750640869141e+00
3.038938522338867188e+00
-6.904100179672241211e-01
-5.559853315353393555e-01
-2.107609987258911133e+00
2.061197519302368164e+00
-2.828607320785522461e+00
-3.783486127853393555e+00
-1.380869150161743164e+00
2.607598304748535156e+00
-3.684769868850708008e-01
1.228109598159790039e+00
-1.592221975326538086e+00
1.094881296157836914e+00
1.488719344139099121e+00
6.507517695426940918e-01
-1.888438701629638672e+00
-3.198933601379394531e-01
-2.863484859466552734e+00
7.841510772705078125e-01
-6.700196862220764160e-01
1.256648004055023193e-01
-2.535199403762817383e+00
-2.408266782760620117e+00
1.529339551925659180e+00
3.147107362747192383e-01
-2.588873624801635742e+00
2.440024375915527344e+00
3.434340953826904297e+00
2.131640352308750153e-02
1.736539304256439209e-01
3.402409553527832031e-01
-3.689097166061401367e-01
-3.760997653007507324e-01
8.486691117286682129e-01
5.933489799499511719e-01
-5.005936026573181152e-01
-4.608867168426513672e-01
-2.862936258316040039e+00
1.798521041870117188e+00
-2.030994415283203125e+00
7.370702624320983887e-01
3.434212446212768555e+00
1.384562611579895020e+00
5.410944223403930664e-01
3.912203609943389893e-01
1.896179020404815674e-01
-1.640938282012939453e+00
2.442310154438018799e-01
-2.304415255784988403e-01
1.123121619224548340e+00
-8.497490286827087402e-01
-6.517637968063354492e-01
-4.932949692010879517e-02
-1.212607622146606445e+00
-6.410749554634094238e-01
-5.366464257240295410e-01
-6.804736256599426270e-01
-1.010062396526336670e-01
9.415956586599349976e-02
-3.218457698822021484e-01
7.731322050094604492e-01
-1.315215826034545898e-01
8.265224099159240723e-02
-6.385204792022705078e-01
-1.260414868593215942e-01
8.115142583847045898e-01
4.778552949428558350e-01
1.110060364007949829e-01
-7.243986129760742188e-01
-3.196121752262115479e-01
1.799260526895523071e-01
-1.117104053497314453e+00
1.619913876056671143e-01
2.613194584846496582e-01
1.249966844916343689e-01
-1.380744874477386475e-01
-4.116392731666564941e-01
5.174015760421752930e-01
-5.898399949073791504e-01
1.268194556236267090e+00
4.058664143085479736e-01
2.230598330497741699e-01
1.125330209732055664e+00
-1.611541956663131714e-01
7.827075198292732239e-03
-1.510934680700302124e-01
2.272279262542724609e-01
1.956529766321182251e-01
1.144384965300559998e-01
2.953291535377502441e-01
-1.041887640953063965e+00
-1.845216006040573120e-01
-4.315115451812744141e+00
2.858469188213348389e-01
-4.438877478241920471e-02
1.698896884918212891e-01
2.465175241231918335e-01
-9.241918921470642090e-01
9.078943729400634766e-01
-1.433076739311218262e+00
1.501938700675964355e+00
1.041511654853820801e+00
5.151186585426330566e-01
2.611214816570281982e-01
3.989093899726867676e-01
-1.973711140453815460e-02
1.209596469998359680e-01
1.625349372625350952e-01
1.236410364508628845e-01
4.513976275920867920e-01
-9.288969635963439941e-02
1.776641011238098145e-01
-2.731936750933527946e-03
-3.422824293375015259e-02
-9.491799771785736084e-02
3.174150884151458740e-01
5.239043235778808594e-01
7.181103825569152832e-01
1.280445903539657593e-01
4.959299862384796143e-01
-3.687789738178253174e-01
4.940502643585205078e-01
4.914068058133125305e-02
-2.723782360553741455e-01
-6.333037018775939941e-01
-4.448760449886322021e-01
4.628103971481323242e-01
5.541050434112548828e-01
-3.045735061168670654e-01
5.725945234298706055e-01
-5.135663151741027832e-01
1.400990635156631470e-01
2.719248533248901367e-01
-1.614905595779418945e-01
2.025965303182601929e-01
1.779968440532684326e-01
-4.257963970303535461e-02
5.480367541313171387e-01
-4.099122881889343262e-01
3.602804541587829590e-01
1.202546238899230957e+00
5.012539625167846680e-01
1.442905545234680176e+00
-6.636171340942382812e-01
-7.873104810714721680e-01
7.247505784034729004e-01
8.801660686731338501e-02
1.173645019531250000e+00
4.091303646564483643e-01
4.809131026268005371e-01
2.020659297704696655e-02
3.814625553786754608e-03
6.219630241394042969e-01
-5.972263813018798828e-01
3.298569917678833008e-01
-7.257664799690246582e-01
-1.640886664390563965e+00
-1.497760057449340820e+00
3.371988058090209961e+00
-2.207681536674499512e-01
-5.049768090248107910e-01
-3.866617918014526367e+00
7.928910851478576660e-01
3.706725779920816422e-03
-1.529257744550704956e-01
2.796885073184967041e-01
-7.339370250701904297e-01
1.173303797841072083e-01
-2.445904910564422607e-01
1.315264821052551270e+00
-2.319407701492309570e+00
-5.316786170005798340e-01
1.193789839744567871e+00
8.541451692581176758e-01
-3.336392343044281006e-01
7.774047255516052246e-01
9.454876929521560669e-02
-4.266779720783233643e-01
1.761049777269363403e-01
3.316323757171630859e-01
-3.005986809730529785e-01
-6.660208106040954590e-02
-5.814557075500488281e-01
2.825289666652679443e-01
-6.600843667984008789e-01
4.702545106410980225e-01
7.291963100433349609e-01
9.390936493873596191e-01
-1.109732270240783691e+00
3.073339536786079407e-02
-2.435299381613731384e-02
-5.123389959335327148e-01
2.608686685562133789e-01
8.952433243393898010e-03
-4.392105340957641602e-02
-3.346554562449455261e-02
-1.533988863229751587e-01
-1.575600653886795044e-01
-1.236985325813293457e+00
1.675314903259277344e-01
5.310105681419372559e-01
8.092240244150161743e-02
5.467047095298767090e-01
-3.386140614748001099e-02
-5.942072719335556030e-02
1.006931364536285400e-01
-1.284012198448181152e-01
4.293251037597656250e-01
-9.218725562095642090e-02
4.942193329334259033e-01
4.700037837028503418e-02
7.858163863420486450e-02
-1.806573033332824707e+00
-7.476368546485900879e-02
-1.059132963418960571e-01
-7.630473375320434570e-01
2.865285053849220276e-02
-1.932677626609802246e-01
5.235406160354614258e-01
-1.124927520751953125e+00
7.501778006553649902e-01
8.431886434555053711e-01
-5.471926927566528320e-01
1.203318908810615540e-01
3.632251620292663574e-01
-1.981416940689086914e-01
-1.802434446290135384e-03
-2.956873178482055664e-01
1.717677116394042969e-01
-4.565138220787048340e-01
5.502595901489257812e-01
1.624614149332046509e-01
-1.903821378946304321e-01
2.480201423168182373e-01
-1.795898824930191040e-01
1.445712745189666748e-01
-6.232711672782897949e-01
5.947191715240478516e-01
-2.955791056156158447e-01
8.698031306266784668e-01
-8.813501596450805664e-01
5.777847170829772949e-01
-2.122516781091690063e-01
4.188671410083770752e-01
-1.063506007194519043e+00
1.734059095382690430e+00
1.356238245964050293e+00
-1.726389378309249878e-01
-5.000957250595092773e-01
-6.917905807495117188e-01
4.741975963115692139e-01
-5.715333297848701477e-02
-2.364218048751354218e-02
-7.797824740409851074e-01
-4.610284790396690369e-02
-2.898052036762237549e-01
7.681642770767211914e-01
1.222159504890441895e+00
7.968068718910217285e-01
5.181436538696289062e-01
-1.287808179855346680e+00
1.103939056396484375e+00
2.289159446954727173e-01
-9.274994730949401855e-01
-1.386081814765930176e+00
3.041127324104309082e-01
-6.806117296218872070e-01
-1.705382368527352810e-03
6.067051552236080170e-03
-5.110117606818675995e-03
-3.984457347542047501e-03
2.828654367476701736e-03
1.759194652549922466e-03
-1.309810904785990715e-03
3.744801273569464684e-03
-3.859338583424687386e-03
-5.069748964160680771e-03
-6.276658968999981880e-04
-6.257638335227966309e-03
-8.545434102416038513e-03
-3.019554540514945984e-03
-3.228264627978205681e-03
2.892118413001298904e-03
-6.702768150717020035e-03
4.318910185247659683e-03
7.381170871667563915e-05
-7.366686593741178513e-03
4.597954975906759501e-04
-4.749007988721132278e-03
8.722295984625816345e-03
-1.381233334541320801e-03
3.340072929859161377e-03
-3.041656920686364174e-03
-6.023717578500509262e-03
-7.510287687182426453e-03
-2.565001370385289192e-03
9.139172732830047607e-03
-1.039929920807480812e-04
3.069554921239614487e-03
-5.938859190791845322e-03
-3.717692568898200989e-03
-8.305019699037075043e-03
-9.499584324657917023e-03
2.643655519932508469e-03
9.357254952192306519e-03
-6.877861451357603073e-04
-5.967325065284967422e-03
-1.939085777848958969e-03
1.943468698300421238e-03
-5.214173812419176102e-03
6.253058090806007385e-03
-7.328456849791109562e-04
5.258935503661632538e-03
-3.113093785941600800e-03
-4.907984286546707153e-03
-4.411826375871896744e-04
9.769112803041934967e-03
3.285676473751664162e-03
7.153565064072608948e-03
6.471314933151006699e-03
-4.708110354840755463e-03
6.142253521829843521e-03
-5.622153636068105698e-03
8.401372469961643219e-03
-2.738361945375800133e-03
-6.478340830653905869e-03
-9.828770533204078674e-03
2.874530619010329247e-03
-6.775303743779659271e-03
4.634025041013956070e-03
2.278700936585664749e-03
7.117338245734572411e-04
8.484783582389354706e-03
-8.688146248459815979e-03
-4.836098756641149521e-03
-7.195563986897468567e-03
9.561803191900253296e-03
-7.161557674407958984e-03
8.774278685450553894e-03
-1.377309323288500309e-03
-8.105626329779624939e-03
-7.342963945120573044e-03
-3.949003294110298157e-03
2.602779539301991463e-03
-9.798986837267875671e-03
4.353785887360572815e-03
-8.710528723895549774e-03
7.579627563245594501e-04
-9.475739672780036926e-03
-3.645752090960741043e-03
-7.736333645880222321e-03
5.579467397183179855e-03
-7.034400478005409241e-03
6.404658779501914978e-04
5.022818222641944885e-03
-7.927563041448593140e-03
-3.229545662179589272e-03
-4.865379596594721079e-04
-8.848871104419231415e-03
-3.833811031654477119e-03
-7.007518317550420761e-03
-9.016214869916439056e-03
-1.023764372803270817e-03
5.462920758873224258e-03
-6.577865220606327057e-03
7.361976895481348038e-03
9.204870089888572693e-03
-8.939305320382118225e-03
-6.567667238414287567e-03
-5.187305156141519547e-03
-1.750613213516771793e-03
-1.593970111571252346e-03
3.013550071045756340e-03
6.181632168591022491e-03
-6.204840727150440216e-03
3.069926286116242409e-03
-4.179341718554496765e-03
-5.034261383116245270e-03
5.812519695609807968e-03
1.168889692053198814e-03
2.679089957382529974e-04
8.855412714183330536e-03
-8.706052787601947784e-03
-5.122241564095020294e-03
8.103225380182266235e-03
-1.987525960430502892e-03
-1.912122592329978943e-03
1.547372817993164062e+00
8.460922837257385254e-01
-1.557054400444030762e+00
5.640354156494140625e-01
