1.703770279884338379e+00
9.909723699092864990e-02
1.694115577265620232e-03
3.498014211654663086e-01
1.651681542396545410e+00
4.512004852294921875e+00
8.596165180206298828e-01
1.952204942703247070e+00
3.513631820678710938e+00
1.812454819679260254e+00
2.015694618225097656e+00
1.906563282012939453e+00
2.462453603744506836e+00
-3.529672920703887939e-01
-1.202843487262725830e-01
-6.973258256912231445e-01
-9.747442603111267090e-01
-3.583258716389536858e-03
-2.207313776016235352e-01
1.042931601405143738e-01
5.494568869471549988e-02
4.556120038032531738e-01
7.189608365297317505e-02
4.634001106023788452e-02
9.196984767913818359e-02
2.655119001865386963e-01
-4.791526123881340027e-03
-1.266991645097732544e-01
-2.986720502376556396e-01
1.166628360748291016e+00
-5.669795274734497070e-01
-2.330069392919540405e-01
2.736382484436035156e-01
-4.941997304558753967e-02
-7.239495962858200073e-02
-3.813069686293601990e-02
-1.777417771518230438e-02
-5.058638378977775574e-02
-4.367037862539291382e-02
-1.364533901214599609e-01
-4.818845912814140320e-02
-1.354108005762100220e-01
-3.107763454318046570e-02
8.528584837913513184e-01
-2.005091160535812378e-01
6.304904818534851074e-01
4.725168704986572266e+00
6.640724658966064453e+00
7.797101974487304688e+00
1.023864936828613281e+01
1.324735355377197266e+01
1.354341411590576172e+01
1.458760738372802734e+01
1.539977073669433594e+01
1.693254852294921875e+01
1.810450363159179688e+01
1.947564506530761719e+01
1.924238395690917969e+01
2.418069458007812500e+01
2.420060157775878906e+01
2.535046386718750000e+01
-1.717535972595214844e+00
1.178115725517272949e+00
3.725084066390991211e-01
-9.870106577873229980e-01
-5.159783959388732910e-01
-2.825242757797241211e+00
-9.269360899925231934e-01
-5.984395146369934082e-01
-2.877818644046783447e-01
-1.153093099594116211e+00
-4.132502675056457520e-01
-5.132209658622741699e-01
1.420652508735656738e+00
-3.248797655105590820e+00
-1.311855912208557129e+00
-3.171727418899536133e+00
3.172348737716674805e-01
-4.695885479450225830e-01
-3.628416657447814941e-01
2.654119253158569336e+00
-4.442439377307891846e-01
-4.025189578533172607e-01
-2.417248010635375977e+00
4.204193592071533203e+00
2.138092756271362305e+00
-4.103111267089843750e+00
-8.866376429796218872e-02
-8.873116970062255859e-01
-1.050697326660156250e+00
-3.544786572456359863e-01
-3.145819604396820068e-01
3.844723403453826904e-01
1.247036695480346680e+00
-4.331107735633850098e-01
4.065473079681396484e-01
-1.847885012626647949e+00
-7.443599104881286621e-01
2.900035120546817780e-02
3.146880149841308594e+00
-8.163869380950927734e-01
3.723117709159851074e-01
2.525046586990356445e+00
1.118207454681396484e+00
-4.140872955322265625e-01
1.604985356330871582e+00
1.804219484329223633e-01
-8.970513194799423218e-02
-1.090608090162277222e-01
2.655149102210998535e-01
-9.268158674240112305e-02
-3.060988485813140869e-01
1.706489205360412598e+00
-4.723182201385498047e+00
2.771946191787719727e-01
-4.807497933506965637e-02
-2.156086444854736328e+00
2.855417504906654358e-02
-1.410431116819381714e-01
1.034781336784362793e-01
-3.353351727128028870e-02
-3.266026377677917480e-01
1.021348591893911362e-02
8.239844441413879395e-01
1.577710986137390137e+00
1.364677667617797852e+00
4.704551219940185547e+00
6.505233645439147949e-01
-1.721541732549667358e-01
1.276075005531311035e+00
1.219556406140327454e-01
-4.388958513736724854e-01
-1.219119668006896973e+00
6.686286330223083496e-01
-5.742317676544189453e+00
-2.266733407974243164e+00
6.194958686828613281e-01
-6.496622562408447266e-01
-4.064829945564270020e-01
4.599020779132843018e-01
-3.620127961039543152e-02
-3.887823224067687988e-01
1.111645460128784180e+00
-3.320649623870849609e+00
8.323750495910644531e-01
-1.319223344326019287e-01
-2.927636802196502686e-01
-2.605038285255432129e-01
2.127439528703689575e-01
-3.252381384372711182e-01
1.246385574340820312e+00
-1.739829033613204956e-01
-1.528212666511535645e+00
-1.443120837211608887e+00
1.200801610946655273e+00
-8.574289083480834961e-01
1.293858140707015991e-01
-1.396186470985412598e+00
1.885323226451873779e-01
3.004451513290405273e+00
-8.372675180435180664e-01
-1.436777830123901367e+00
1.386178493499755859e+00
1.070471946150064468e-03
-3.322362899780273438e-01
1.555744886398315430e+00
1.589030504226684570e+00
5.380681753158569336e-01
4.324114322662353516e-01
-1.194029331207275391e+00
-4.829471707344055176e-01
-1.515902996063232422e+00
-2.603263221681118011e-02
4.154517948627471924e-01
5.567830204963684082e-01
-1.308229923248291016e+00
-2.303397655487060547e+00
-2.721745014190673828e+00
2.322665929794311523e+00
-5.448685958981513977e-02
2.835178852081298828e+00
4.910331666469573975e-01
-9.734485149383544922e-01
1.369868814945220947e-01
1.201660931110382080e-02
-2.018161490559577942e-02
5.039023756980895996e-01
-4.355835616588592529e-01
6.149530410766601562e-01
-1.021704912185668945e+00
3.137785196304321289e-01
-9.883603453636169434e-01
3.202638030052185059e-01
-8.102020025253295898e-01
1.610588431358337402e+00
1.325752772390842438e-02
1.904778838157653809e+00
3.589609265327453613e-01
3.545957505702972412e-01
-3.969637751579284668e-01
-4.343857169151306152e-01
1.022153258323669434e+00
-2.845529913902282715e-01
1.140350341796875000e+00
-1.205293059349060059e+00
6.920140981674194336e-01
6.395196914672851562e-01
-8.215010166168212891e-01
1.102892756462097168e+00
2.212963700294494629e-01
5.953692793846130371e-01
-1.803406178951263428e-01
1.969888359308242798e-01
1.015618517994880676e-01
-4.923065900802612305e-01
-1.442239433526992798e-01
6.772098541259765625e-01
-3.315114974975585938e-01
1.579172730445861816e+00
-1.362107276916503906e+00
-1.355913877487182617e+00
3.247988522052764893e-01
-1.583619832992553711e+00
-1.738793551921844482e-01
1.256228238344192505e-01
-1.903836727142333984e-01
4.638681560754776001e-02
2.246414124965667725e-02
-3.955111606046557426e-04
-1.939085125923156738e-02
7.042835466563701630e-03
3.104507327079772949e-01
-1.062653899192810059e+00
1.101823925971984863e+00
1.217611357569694519e-01
2.246606349945068359e-01
6.542561054229736328e-01
-1.075587272644042969e-01
8.025958202779293060e-03
6.241991370916366577e-02
-1.232229545712471008e-02
2.188669145107269287e-01
6.697410345077514648e-02
9.138041734695434570e-01
-7.241712808609008789e-01
1.114426329731941223e-01
-1.744596600532531738e+00
-1.486564427614212036e-01
-1.173544749617576599e-01
-9.569545090198516846e-02
1.191672757267951965e-01
-9.511654824018478394e-02
7.175429463386535645e-01
-1.849226832389831543e+00
2.419588804244995117e+00
2.584263980388641357e-01
3.749295771121978760e-01
2.101340144872665405e-01
1.742773205041885376e-01
1.584781408309936523e-01
-5.480670928955078125e-02
-3.141328459605574608e-03
-7.418479919433593750e-01
3.105931729078292847e-02
-4.080694913864135742e-01
2.992576658725738525e-01
-1.966550573706626892e-02
2.150101214647293091e-01
7.134944945573806763e-02
1.844917088747024536e-01
-3.761850595474243164e-01
1.709122210741043091e-01
-2.232698351144790649e-01
4.649825096130371094e-01
-3.381743729114532471e-01
4.390153884887695312e-01
-3.893635421991348267e-02
-1.246857568621635437e-01
-1.115950942039489746e+00
1.373039633035659790e-01
2.087517231702804565e-01
3.817708790302276611e-01
-1.142897531390190125e-01
1.682040244340896606e-01
-7.805649191141128540e-02
-4.268787801265716553e-01
3.923010826110839844e-01
-2.992755472660064697e-01
2.123945206403732300e-02
2.304881066083908081e-01
-2.062123268842697144e-02
6.677687764167785645e-01
5.190410614013671875e-01
-4.769094884395599365e-01
-7.609513401985168457e-01
7.728439569473266602e-01
9.214959144592285156e-01
1.263223409652709961e+00
7.433058619499206543e-01
3.651920855045318604e-01
-4.890121817588806152e-01
1.118636131286621094e-01
-2.259533852338790894e-01
7.263930439949035645e-01
1.337165851145982742e-02
-5.517004728317260742e-01
2.337680160999298096e-01
-1.493854671716690063e-01
2.172036617994308472e-01
-1.047895252704620361e-01
6.240494847297668457e-01
-1.776420772075653076e-01
-1.163729429244995117e-01
-4.718492925167083740e-01
-2.319293655455112457e-02
7.253794670104980469e-01
2.082917928695678711e+00
-4.953060746192932129e-01
2.262866944074630737e-01
1.195064261555671692e-01
-1.008406758308410645e+00
2.463383525609970093e-01
-3.388077020645141602e-01
1.597163796424865723e+00
-1.822518587112426758e+00
-3.934766054153442383e-01
5.671097636222839355e-01
9.322552680969238281e-01
6.800099015235900879e-01
-1.528752446174621582e+00
7.047443389892578125e-01
1.544823646545410156e-01
-1.682654768228530884e-01
-5.111801028251647949e-01
-1.766010224819183350e-01
-4.759928882122039795e-01
2.812105417251586914e-01
5.079353451728820801e-01
6.422619223594665527e-01
-2.005471229553222656e+00
1.165711283683776855e+00
7.835064083337783813e-03
-1.045391440391540527e+00
-1.614742577075958252e-01
3.617222607135772705e-02
-4.920371770858764648e-01
4.292922094464302063e-02
7.620874326676130295e-03
-3.374362736940383911e-02
-1.529227346181869507e-01
-1.572163254022598267e-01
2.258346825838088989e-01
-3.542090356349945068e-01
2.869231700897216797e-01
8.988764882087707520e-02
1.966774314641952515e-01
3.861868083477020264e-01
-4.860346391797065735e-02
7.843760401010513306e-02
-3.817516937851905823e-02
-4.030564054846763611e-02
2.066590338945388794e-01
1.058475822210311890e-01
-1.669441759586334229e-01
-4.118462502956390381e-01
-3.040098845958709717e-01
-1.340370535850524902e+00
7.006685715168714523e-03
5.810909718275070190e-02
-4.927041232585906982e-01
-1.835585683584213257e-01
-1.516836881637573242e-01
4.940640032291412354e-01
-1.180364012718200684e+00
2.485715895891189575e-01
1.968876123428344727e-01
-2.543479502201080322e-01
8.040203154087066650e-02
7.523132860660552979e-02
-3.818119317293167114e-02
-8.809544146060943604e-02
2.103852778673171997e-01
5.249582529067993164e-01
8.252479881048202515e-02
-3.909678161144256592e-01
1.184358447790145874e-01
-2.357634156942367554e-02
7.802695780992507935e-02
-9.028775244951248169e-02
1.575988680124282837e-01
-8.683936595916748047e-01
1.253700405359268188e-01
4.268198013305664062e-01
7.512905001640319824e-01
-6.657469868659973145e-01
2.298477292060852051e-01
-9.331620484590530396e-02
1.064428329467773438e+00
7.028154134750366211e-01
-1.348822832107543945e+00
7.906499505043029785e-01
1.800094097852706909e-01
-4.717551171779632568e-01
-2.622786164283752441e-01
7.625120133161544800e-02
3.105884194374084473e-01
-1.633676886558532715e-01
-4.100345671176910400e-01
-2.175703793764114380e-01
1.595629602670669556e-01
-6.673527956008911133e-01
8.618515133857727051e-01
-5.332400202751159668e-01
-4.760231375694274902e-01
4.835653901100158691e-01
-7.449160218238830566e-01
-4.941315650939941406e-01
3.265992105007171631e-01
2.800972163677215576e-01
-4.600911438465118408e-01
-1.074142813682556152e+00
6.197566632181406021e-03
9.091315791010856628e-03
2.749665174633264542e-03
8.216994814574718475e-03
3.842734964564442635e-03
-9.141140617430210114e-03
6.671737879514694214e-03
-2.601029584184288979e-03
8.731139823794364929e-03
-3.389425110071897507e-04
-7.493367884308099747e-03
9.289084002375602722e-03
-9.659483097493648529e-03
3.531415248289704323e-03
-7.191200740635395050e-03
-6.893742829561233521e-03
2.991155022755265236e-03
9.633084759116172791e-03
3.896148409694433212e-03
5.239477846771478653e-03
-1.495816395618021488e-03
-7.222130894660949707e-03
-5.676273722201585770e-03
5.294005386531352997e-03
-8.907882496714591980e-03
-1.975402119569480419e-04
-6.386196240782737732e-03
2.618497004732489586e-03
1.024840632453560829e-03
1.341624301858246326e-03
6.366899702697992325e-03
8.779746480286121368e-03
-6.141971796751022339e-03
4.256880376487970352e-03
3.958796150982379913e-03
-4.834069870412349701e-03
8.316156454384326935e-03
6.471637170761823654e-04
1.159288338385522366e-03
-3.544554580003023148e-03
-3.227384295314550400e-03
-3.353968961164355278e-03
9.576364420354366302e-03
-5.935695953667163849e-03
3.340521128848195076e-03
1.495685311965644360e-03
-8.960493840277194977e-03
8.567620534449815750e-04
-5.841017700731754303e-03
-8.178196847438812256e-03
7.397114299237728119e-03
-9.452604688704013824e-03
9.372490458190441132e-03
-3.450002288445830345e-03
-1.794440788216888905e-03
-7.289115805178880692e-03
-7.458673790097236633e-03
-1.720320433378219604e-03
2.348874695599079132e-03
-7.354661822319030762e-03
9.489624761044979095e-03
-6.387297995388507843e-03
5.206998437643051147e-03
-3.567636886145919561e-04
5.361577495932579041e-03
-3.942030947655439377e-03
-9.696498513221740723e-03
-7.326262420974671841e-04
4.066741559654474258e-03
-8.679182268679141998e-03
3.380228299647569656e-03
-3.090418875217437744e-03
1.834429451264441013e-03
-5.418930668383836746e-03
-4.648632835596799850e-03
8.656539954245090485e-03
6.522901356220245361e-03
-7.091136183589696884e-03
2.940072212368249893e-03
7.679023314267396927e-03
4.827210679650306702e-03
3.142159839626401663e-04
-7.294963113963603973e-03
-9.202326647937297821e-03
6.686436478048563004e-03
-7.658842485398054123e-03
4.620462714228779078e-04
7.461169268935918808e-03
-9.225843474268913269e-03
3.847815794870257378e-03
-4.746304475702345371e-04
-6.614710204303264618e-03
-8.736561983823776245e-03
-9.355518035590648651e-03
-5.151382647454738617e-03
-7.745863404124975204e-03
-1.900199684314429760e-03
-9.158540517091751099e-03
8.531308732926845551e-03
8.705258369445800781e-03
6.208538077771663666e-03
-6.233138497918844223e-03
1.746364519931375980e-03
8.070210926234722137e-03
9.346845559775829315e-03
-8.649216033518314362e-03
-3.648278536275029182e-03
3.937259316444396973e-03
2.805307507514953613e-03
2.652466297149658203e-03
6.575013045221567154e-03
4.262208472937345505e-03
-3.290395485237240791e-03
-6.646106485277414322e-03
5.293796304613351822e-03
-2.813698723912239075e-03
-8.239904418587684631e-03
4.591351840645074844e-03
7.620998658239841461e-03
-9.174722246825695038e-03
1.438964128494262695e+00
8.851348161697387695e-01
-1.549008965492248535e+00
6.094831228256225586e-01
