1.594904899597167969e+01
1.690112495422363281e+01
6.247599601745605469e+00
1.375530242919921875e+01
1.559627056121826172e+01
1.062472724914550781e+01
5.202332019805908203e+00
1.594272422790527344e+01
1.727943038940429688e+01
1.559607315063476562e+01
1.325142288208007812e+01
5.152239322662353516e+00
7.160297393798828125e+00
1.544485282897949219e+01
1.603063201904296875e+01
1.375292420387268066e+00
-1.290010929107666016e+00
-3.535209417343139648e+00
4.306569099426269531e+00
-4.661623954772949219e+00
4.283707618713378906e+00
3.595260143280029297e+00
-3.111174583435058594e+00
-4.661337375640869141e+00
2.630289554595947266e+00
3.011881589889526367e+00
7.358090400695800781e+00
-4.804101467132568359e+00
-1.666381478309631348e+00
8.066871643066406250e+00
-2.070266306400299072e-01
-2.644297122955322266e+00
4.017778873443603516e+00
-4.290332794189453125e+00
2.314085245132446289e+00
4.978055059909820557e-01
-5.253310203552246094e-01
-7.925313711166381836e-02
1.390519142150878906e+00
1.330717325210571289e+00
4.127324104309082031e+00
1.103695511817932129e+00
2.271506071090698242e+00
6.060425281524658203e+00
3.714614391326904297e+00
6.999972343444824219e+00
-4.714038372039794922e+00
-4.022495746612548828e+00
-3.069158792495727539e-01
1.038670182228088379e+00
9.865221977233886719e+00
6.938655853271484375e+00
2.596307277679443359e+00
1.381622195243835449e+00
-4.023494243621826172e+00
-4.482652187347412109e+00
2.542630195617675781e+00
-5.683904170989990234e+00
3.557521104812622070e+00
1.266796016693115234e+01
-3.906740665435791016e+00
5.101414680480957031e+00
6.479707360267639160e-01
-7.184710025787353516e+00
-1.116296100616455078e+01
1.103929519653320312e+00
-5.770831584930419922e+00
-4.878982543945312500e+00
-4.905354976654052734e+00
3.671444892883300781e+00
-6.077734947204589844e+00
-7.613218307495117188e+00
-6.226187229156494141e+00
5.702550888061523438e+00
1.895907282829284668e+00
3.614074945449829102e+00
5.623611450195312500e+00
-6.756658077239990234e+00
8.306530952453613281e+00
1.108708143234252930e+00
8.543913841247558594e+00
4.359533786773681641e+00
7.375566482543945312e+00
-4.945612907409667969e+00
-7.466117858886718750e+00
5.613549709320068359e+00
4.687300205230712891e+00
-4.802092075347900391e+00
-7.041086196899414062e+00
-3.643289804458618164e+00
7.169503569602966309e-01
-6.049393177032470703e+00
-2.004294991493225098e-01
-1.817475795745849609e+00
-1.486232042312622070e+00
4.053803920745849609e+00
-3.114712476730346680e+00
-5.945629596710205078e+00
2.672775506973266602e+00
4.651419162750244141e+00
-5.821934223175048828e+00
4.531369209289550781e+00
2.085087060928344727e+00
7.212210178375244141e+00
3.817801952362060547e+00
-4.187108039855957031e+00
6.802618980407714844e+00
5.454707145690917969e+00
1.290923506021499634e-01
9.305657744407653809e-01
3.116872549057006836e+00
-1.581697225570678711e+00
4.167983531951904297e+00
-5.747184753417968750e+00
-2.506704092025756836e+00
4.449916362762451172e+00
-2.283457994461059570e+00
3.829592943191528320e+00
-7.270631790161132812e-01
-2.312709808349609375e+00
9.150478363037109375e+00
3.137523531913757324e-01
-1.039358234405517578e+01
-2.025483608245849609e+00
-8.547231674194335938e+00
3.794801950454711914e+00
6.552885055541992188e+00
6.225340843200683594e+00
-3.743733882904052734e+00
6.790897846221923828e+00
9.981178283691406250e+00
-4.960561275482177734e+00
9.189601898193359375e+00
-9.825743675231933594e+00
4.627230167388916016e+00
-2.177047491073608398e+00
6.283254176378250122e-02
-2.697707176208496094e+00
-2.554000020027160645e-01
-1.909171223640441895e+00
2.558072566986083984e+00
-1.566685080528259277e+00
-1.446127176284790039e+00
-2.532551288604736328e+00
2.728926181793212891e+00
1.405193209648132324e+00
-1.175899028778076172e+00
9.549696445465087891e-01
3.866557359695434570e+00
-3.350283950567245483e-02
-2.888819217681884766e+00
-3.819692134857177734e-01
-3.437017440795898438e+00
2.441028356552124023e+00
1.355622172355651855e+00
-3.959060413762927055e-04
-3.202693462371826172e-01
1.435311436653137207e+00
-1.925032973289489746e+00
-2.171098232269287109e+00
-9.475311040878295898e-01
1.769278198480606079e-02
8.693870306015014648e-01
2.005194664001464844e+00
7.648802995681762695e-01
4.310180187225341797e+00
-1.549455165863037109e+00
-3.197089672088623047e+00
6.103894710540771484e-01
-1.561706900596618652e+00
1.057757586240768433e-01
4.693953990936279297e+00
-6.174839973449707031e+00
5.146059036254882812e+00
1.775523900985717773e+00
1.368579745292663574e+00
5.383434295654296875e+00
-3.055036544799804688e+00
4.972137451171875000e+00
-4.000432491302490234e+00
5.091386795043945312e+00
7.525951266288757324e-01
-9.489259719848632812e-01
-2.130680084228515625e+00
4.801043987274169922e+00
-3.100631237030029297e+00
5.082905292510986328e+00
-3.561039447784423828e+00
1.322082400321960449e+00
-6.158732771873474121e-01
-6.688185334205627441e-01
-1.061292886734008789e+00
-7.101739048957824707e-01
-1.076227068901062012e+00
4.663831889629364014e-01
7.398657798767089844e-01
-4.385377764701843262e-01
2.501831293106079102e+00
-3.005287170410156250e+00
-8.069213032722473145e-01
-4.840987682342529297e+00
2.796243190765380859e+00
6.312340497970581055e-01
4.433062076568603516e+00
1.605286717414855957e+00
1.644468069076538086e+00
2.113388776779174805e+00
4.194935798645019531e+00
1.806684613227844238e+00
2.470758438110351562e+00
-2.618445634841918945e+00
6.475100994110107422e+00
2.448694467544555664e+00
3.783144235610961914e+00
3.996195316314697266e+00
3.893871307373046875e+00
2.235003232955932617e+00
1.204941272735595703e+00
9.967524409294128418e-01
8.335282206535339355e-01
-1.773932695388793945e+00
-1.112476825714111328e+00
-4.249123930931091309e-01
-5.044561624526977539e-01
1.957756996154785156e+00
9.287795424461364746e-01
-1.507569909095764160e+00
-1.892917156219482422e+00
5.199285745620727539e-01
4.318034350872039795e-01
6.725280284881591797e+00
2.032740354537963867e+00
1.739354491233825684e+00
8.709366321563720703e-01
2.517384290695190430e+00
3.160983085632324219e+00
-2.451175928115844727e+00
-3.208601951599121094e+00
8.514733314514160156e-01
-5.265800356864929199e-01
-4.958277225494384766e+00
1.207512021064758301e+00
3.230390310287475586e+00
-1.117846488952636719e+00
-3.847601115703582764e-01
-3.112787008285522461e+00
-2.697089195251464844e+00
-3.889879226684570312e+00
-9.928693175315856934e-01
-1.136158823966979980e+00
3.018440485000610352e+00
5.968158245086669922e+00
-2.795186996459960938e+00
-4.664528369903564453e-01
-1.601182818412780762e+00
1.852488279342651367e+00
1.139431715011596680e+00
-1.677379757165908813e-01
-1.014343619346618652e+00
2.632803678512573242e+00
1.574082970619201660e+00
9.981081485748291016e-01
-4.981542527675628662e-01
-8.400688767433166504e-01
-9.589285850524902344e-01
1.035475015640258789e+00
-1.780569076538085938e+00
2.827170848846435547e+00
-1.134594440460205078e+00
1.435013175010681152e+00
1.889505386352539062e+00
-2.655667960643768311e-01
2.662494659423828125e+00
-3.566775321960449219e+00
6.292840242385864258e-01
-3.052336871623992920e-01
-5.629099607467651367e-01
1.392627000808715820e+00
2.040997028350830078e+00
2.873274326324462891e+00
2.735029220581054688e+00
-2.780282795429229736e-01
-1.569140553474426270e+00
-5.519365072250366211e-01
3.424965381622314453e+00
-7.447347044944763184e-02
3.006146907806396484e+00
-1.453829646110534668e+00
2.148322582244873047e+00
-4.655226171016693115e-01
-8.419235944747924805e-01
8.937801122665405273e-01
-4.377652168273925781e+00
2.501093387603759766e+00
-4.226901531219482422e-01
-1.776594758033752441e+00
2.125391244888305664e+00
4.244135320186614990e-01
-3.965337514877319336e+00
1.844856977462768555e+00
4.120489597320556641e+00
4.001247286796569824e-01
-5.240465402603149414e-01
1.390310525894165039e-01
-3.711397349834442139e-01
1.240823149681091309e+00
1.220214724540710449e+00
-2.050508022308349609e+00
1.695452928543090820e+00
-1.045264482498168945e+00
-4.380743980407714844e+00
4.185589313507080078e+00
1.498033523559570312e+00
1.732875227928161621e+00
-1.567232370376586914e+00
-1.395910620689392090e+00
-2.372517287731170654e-01
-1.194756627082824707e+00
1.605487942695617676e+00
3.460155487060546875e+00
-1.916737079620361328e+00
1.026755332946777344e+00
-1.960488438606262207e+00
8.746824860572814941e-01
5.272957801818847656e+00
2.955648660659790039e+00
2.336433410644531250e+00
6.859151124954223633e-01
-1.715425729751586914e+00
7.932848930358886719e-01
-2.378152370452880859e+00
5.634281158447265625e+00
4.000575244426727295e-01
1.559541702270507812e+00
3.378396034240722656e+00
1.234900236129760742e+00
2.396538972854614258e+00
-1.254507660865783691e+00
4.550122916698455811e-01
8.474186062812805176e-02
4.785588681697845459e-01
1.185306668281555176e+00
4.022437632083892822e-01
-2.893319129943847656e+00
5.766083598136901855e-01
3.850269019603729248e-01
-2.008565187454223633e+00
-2.488750517368316650e-01
-1.362036466598510742e-01
8.224067687988281250e-01
4.797842502593994141e+00
-1.946244686841964722e-01
6.638049483299255371e-01
1.625698447227478027e+00
2.195565223693847656e+00
-1.369844794273376465e+00
-2.127135515213012695e+00
-6.902013421058654785e-01
-1.038955152034759521e-02
2.574964523315429688e+00
-3.081472396850585938e+00
-5.311884880065917969e-01
-2.485338211059570312e+00
3.288644850254058838e-01
1.909483075141906738e+00
3.085052669048309326e-01
9.006037712097167969e-01
1.253214240074157715e+00
-1.082582950592041016e+00
-1.139063119888305664e+00
1.918034315109252930e+00
3.003729820251464844e+00
3.918150424957275391e+00
1.812157511711120605e+00
-6.598670780658721924e-02
2.626525878906250000e+00
