1.752822518348693848e+00
1.050970673561096191e+00
1.482811927795410156e+00
4.784026145935058594e+00
3.582748889923095703e+00
1.708461403846740723e+00
2.231716156005859375e+00
3.363657712936401367e+00
2.149512171745300293e-01
-1.036130428314208984e+00
3.285313844680786133e-01
5.437641739845275879e-01
-5.479185581207275391e-01
4.493712484836578369e-01
-5.200625658035278320e-01
1.926912188529968262e+00
-1.259057521820068359e+00
3.137516379356384277e-01
-3.272947072982788086e-01
-1.517367601394653320e+00
1.005315661430358887e+00
-7.748757302761077881e-02
-3.590808808803558350e-01
-1.277057975530624390e-01
1.141868308186531067e-01
-1.345986723899841309e+00
6.096621155738830566e-01
-2.366100698709487915e-01
-2.419189065694808960e-01
1.123113036155700684e+00
5.616040229797363281e-01
9.977962493896484375e+00
1.012444210052490234e+01
1.330323791503906250e+01
1.525797176361083984e+01
1.568151187896728516e+01
1.744057464599609375e+01
1.921319961547851562e+01
2.039035606384277344e+01
9.805632591247558594e+00
3.165922355651855469e+01
3.398646414279937744e-01
3.009245097637176514e-01
4.943134486675262451e-01
-1.830111622810363770e+00
4.089227676391601562e+00
-9.841272234916687012e-01
2.853191792964935303e-01
8.820186257362365723e-01
-7.915005087852478027e-01
-3.210190534591674805e+00
-8.762018084526062012e-01
8.170410990715026855e-01
-7.871089577674865723e-01
2.134978622198104858e-01
1.878096342086791992e+00
-2.576954066753387451e-01
6.292810916900634766e+00
3.563141226768493652e-01
1.290157914161682129e+00
-8.260438442230224609e-01
6.768107414245605469e-01
-2.101229578256607056e-01
-5.730306357145309448e-02
-7.243889570236206055e-01
-1.883316993713378906e+00
1.228265523910522461e+00
-1.513927578926086426e+00
-2.013735294342041016e+00
2.798200845718383789e+00
-1.720418632030487061e-01
1.546591967344284058e-01
3.160171031951904297e+00
-5.499869823455810547e+00
2.397649765014648438e+00
-6.333141803741455078e+00
-1.007562518119812012e+00
1.419157862663269043e+00
-4.483742237091064453e+00
1.858706855773925781e+01
-1.860499382019042969e+00
8.024308681488037109e-01
-7.535664439201354980e-01
-1.006781697273254395e+00
-4.412098884582519531e+00
-3.341822147369384766e+00
-1.108446419239044189e-01
9.534904360771179199e-01
2.015657424926757812e+00
4.589632511138916016e+00
-4.235924243927001953e+00
-1.118176746368408203e+01
3.144713163375854492e+00
1.251998043060302734e+01
-5.308869361877441406e+00
1.110014152526855469e+01
7.440524697303771973e-01
7.913136482238769531e-02
-1.053265258669853210e-01
5.333065390586853027e-01
-1.792479991912841797e+00
8.313909769058227539e-01
-6.821784973144531250e-01
1.805437654256820679e-01
5.600013136863708496e-01
-1.090105891227722168e+00
4.822013080120086670e-01
3.852332755923271179e-02
-7.608768064528703690e-03
-7.222793251276016235e-02
-6.419001817703247070e-01
-2.559965848922729492e-01
-1.615989565849304199e+00
-3.944593667984008789e-01
-1.871041297912597656e+00
4.235139191150665283e-01
-8.390690386295318604e-02
2.220495939254760742e-01
2.961676120758056641e-01
2.311268597841262817e-01
8.325195312500000000e-01
-5.701950788497924805e-01
-2.972629666328430176e-01
7.319595217704772949e-01
-5.526615679264068604e-02
-3.095126748085021973e-01
7.461424916982650757e-02
-1.163774847984313965e+00
1.613378763198852539e+00
-1.178176999092102051e+00
3.762445747852325439e-01
9.024744033813476562e-01
-5.019550919532775879e-01
3.509443998336791992e+00
-7.248602867126464844e+00
9.599404036998748779e-02
8.278121799230575562e-02
4.072685241699218750e-01
-7.393172383308410645e-02
1.759200930595397949e+00
1.314595222473144531e+00
2.637775838375091553e-01
-4.085542857646942139e-01
-4.507938921451568604e-01
-1.784656763076782227e+00
3.668980300426483154e-02
3.751275300979614258e+00
-1.910327672958374023e+00
-3.149415493011474609e+00
1.410961270332336426e+00
-6.664008498191833496e-01
-3.834387063980102539e-01
-1.181737482547760010e-01
1.613994091749191284e-01
4.748720824718475342e-01
-1.188610434532165527e+00
-3.277556300163269043e-01
5.566789507865905762e-01
-1.338530778884887695e+00
3.807117938995361328e-01
1.390710473060607910e+00
5.279007554054260254e-01
-4.313108623027801514e-01
3.313570916652679443e-01
2.575963735580444336e-01
-5.372052788734436035e-01
4.171174466609954834e-01
-2.010170459747314453e+00
3.291555047035217285e-01
-3.371298313140869141e-01
3.148290216922760010e-01
-2.167794257402420044e-01
-1.640327274799346924e-01
-1.989711523056030273e-01
4.239104092121124268e-01
1.101173684000968933e-01
-1.395756453275680542e-01
4.238311052322387695e-01
4.242917001247406006e-01
-3.633410632610321045e-01
-1.618014574050903320e-01
3.201453685760498047e-01
-9.358472228050231934e-01
2.575401782989501953e+00
-7.910516262054443359e-01
-2.942704558372497559e-01
9.125553369522094727e-01
-6.884258389472961426e-01
1.770203113555908203e+00
-6.031373023986816406e+00
3.912190496921539307e-01
-6.603031754493713379e-01
5.193998664617538452e-02
-5.835768207907676697e-02
1.428358197212219238e+00
1.599335810169577599e-04
1.515673547983169556e-01
-5.579781532287597656e-02
-7.887747287750244141e-01
-2.681096196174621582e-01
2.755339145660400391e+00
1.664587020874023438e+00
6.765823960304260254e-01
-3.881124973297119141e+00
1.090922951698303223e+00
-2.394339084625244141e+00
-4.865953698754310608e-03
5.642816424369812012e-03
-4.823756404221057892e-03
-2.734435722231864929e-03
-8.438052609562873840e-04
8.883180096745491028e-03
-3.002705983817577362e-03
-3.721462853718549013e-04
8.723726496100425720e-03
4.233940038830041885e-03
-5.783343687653541565e-03
9.109362727031111717e-04
-4.621234722435474396e-03
-2.116913441568613052e-03
-6.001989240758121014e-04
-3.830317407846450806e-03
4.785492084920406342e-03
-6.100744940340518951e-03
-8.852592669427394867e-03
9.940315037965774536e-03
2.274736529216170311e-03
5.571072921156883240e-03
-2.564878668636083603e-03
-8.644309826195240021e-03
-1.441486761905252934e-03
7.456814870238304138e-03
3.956865519285202026e-03
-1.672337763011455536e-03
-8.289759978652000427e-03
3.601075150072574615e-03
-5.855392664670944214e-03
3.707934869453310966e-03
-4.111391492187976837e-03
-2.568060997873544693e-03
-9.577064774930477142e-03
-2.776529872789978981e-03
1.432131975889205933e-03
5.714573431760072708e-03
-7.889031432569026947e-03
-7.653822191059589386e-03
-5.102082155644893646e-03
4.410678986459970474e-03
-6.590077653527259827e-03
-8.514560759067535400e-03
7.549405563622713089e-03
1.059342408552765846e-03
-3.209100803360342979e-03
3.383551491424441338e-03
-3.375904168933629990e-03
-3.384541720151901245e-03
-6.436129566282033920e-03
6.774833425879478455e-03
3.164331661537289619e-03
-2.670705551281571388e-03
-4.256995394825935364e-03
1.102771162986755371e+00
1.093479990959167480e+00
-1.786808252334594727e+00
7.264524698257446289e-01
