1.084106731414794922e+01
1.543006515502929688e+01
8.965980529785156250e+00
9.579655647277832031e+00
1.545395851135253906e+01
1.408923244476318359e+01
9.307700157165527344e+00
1.543001079559326172e+01
1.543019390106201172e+01
1.547423934936523438e+01
1.543010044097900391e+01
9.384494781494140625e+00
2.602086782455444336e+00
4.305981159210205078e+00
4.706893920898437500e+00
6.654129028320312500e+00
8.352483749389648438e+00
1.000555706024169922e+01
1.064637660980224609e+01
-4.583888053894042969e+00
-9.438572883605957031e+00
2.872560620307922363e-01
1.357046961784362793e+00
9.767588973045349121e-01
4.726545333862304688e+00
-7.454902172088623047e+00
9.255537986755371094e+00
6.010755062103271484e+00
-1.469714522361755371e+00
-4.980075359344482422e+00
9.577171206474304199e-01
3.790282011032104492e+00
8.434019088745117188e-01
6.401664257049560547e+00
-9.552206039428710938e+00
5.286028385162353516e+00
-9.970064759254455566e-01
-5.326101303100585938e+00
8.815966606140136719e+00
-1.813160300254821777e+00
-6.445452213287353516e+00
-1.611840963363647461e+00
-2.825307130813598633e+00
7.138463020324707031e+00
-5.015287876129150391e+00
4.860892295837402344e+00
4.871205806732177734e+00
-1.249534130096435547e+00
-4.031044960021972656e+00
-4.205859661102294922e+00
4.847555160522460938e+00
-1.122060537338256836e+00
-8.947126388549804688e+00
6.296071529388427734e+00
-4.156316757202148438e+00
-8.495413064956665039e-01
5.923727989196777344e+00
7.903379917144775391e+00
-4.938944339752197266e+00
-1.893161535263061523e-01
3.111658334732055664e+00
7.263600349426269531e+00
-1.350061446428298950e-01
1.321640110015869141e+01
-2.653896331787109375e+00
2.168142795562744141e+00
3.476278185844421387e-01
-1.040019154548645020e+00
-9.241185188293457031e+00
3.887723922729492188e+00
9.719383239746093750e+00
6.793372631072998047e+00
5.879878997802734375e-01
-4.284606933593750000e+00
3.175892829895019531e+00
9.159392118453979492e-01
5.747158527374267578e+00
-2.226799279451370239e-01
6.832401275634765625e+00
4.414932727813720703e+00
1.468999028205871582e+00
9.659135937690734863e-01
-2.924661874771118164e+00
-9.927600860595703125e+00
2.059501409530639648e+00
3.960039615631103516e-01
-9.100645035505294800e-02
6.536238670349121094e+00
-4.841195583343505859e+00
-4.746918201446533203e+00
2.530906438827514648e+00
-4.909981489181518555e-01
4.485302925109863281e+00
1.498281210660934448e-01
-3.620754718780517578e+00
-2.026040315628051758e+00
-2.303731918334960938e+00
-1.937931180000305176e+00
-1.636670827865600586e+00
-4.475460350513458252e-01
3.245076417922973633e+00
3.998601675033569336e+00
-1.013321578502655029e-01
5.020119190216064453e+00
-6.438185274600982666e-02
4.490464329719543457e-01
-7.322180271148681641e-01
3.515444278717041016e+00
-3.062924623489379883e+00
3.260766029357910156e+00
-2.650038711726665497e-02
-2.458856105804443359e+00
-2.697576045989990234e+00
4.456008970737457275e-01
-3.520620107650756836e+00
-1.698999404907226562e-01
2.393652439117431641e+00
-2.975227832794189453e+00
2.731214046478271484e+00
3.677676200866699219e+00
-2.305472195148468018e-01
1.430407762527465820e+00
-2.556928433477878571e-02
-2.192743301391601562e+00
3.297724962234497070e+00
-2.403547525405883789e+00
4.892633914947509766e+00
-1.378282427787780762e+00
1.969376206398010254e+00
4.983734339475631714e-02
2.982176542282104492e+00
5.205048084259033203e+00
-2.393453121185302734e+00
-2.072002887725830078e+00
-1.455429077148437500e+00
2.040886402130126953e+00
3.601469516754150391e+00
-6.336998343467712402e-01
3.040816545486450195e+00
-1.015628457069396973e+00
1.121466517448425293e+00
3.062546968460083008e+00
2.549809694290161133e+00
1.387332320213317871e+00
2.811334431171417236e-01
-2.269721984863281250e+00
4.588081836700439453e+00
-2.265498399734497070e+00
-8.183393478393554688e-01
-6.396690011024475098e-01
9.353860616683959961e-01
-1.706807494163513184e+00
3.379129648208618164e+00
3.022481918334960938e+00
-1.499178290367126465e+00
1.357367753982543945e+00
3.212392330169677734e+00
-2.237196207046508789e+00
-3.530027389526367188e+00
-6.745206117630004883e-01
6.696811318397521973e-01
2.110540151596069336e+00
-6.264924407005310059e-01
-6.879550218582153320e-01
8.466865401715040207e-04
-4.701244831085205078e+00
1.388636112213134766e+00
-1.177092671394348145e+00
2.675956726074218750e+00
-3.749279305338859558e-02
4.815595626831054688e+00
2.408878356218338013e-01
-3.358387470245361328e+00
-2.377751827239990234e+00
-1.797547698020935059e+00
-9.610728025436401367e-01
-2.364228963851928711e+00
1.170910954475402832e+00
3.343855142593383789e+00
3.923027038574218750e+00
7.672101259231567383e-01
4.242165088653564453e+00
-6.782770156860351562e-01
5.399672389030456543e-01
-1.035174846649169922e+00
2.358387231826782227e+00
-2.142369031906127930e+00
1.910871863365173340e+00
3.444611430168151855e-01
-1.681079268455505371e+00
-3.610250473022460938e+00
3.809220194816589355e-01
-3.317736864089965820e+00
2.776362597942352295e-01
2.884336948394775391e+00
-3.598998785018920898e+00
2.534267187118530273e+00
4.850349426269531250e+00
1.757223717868328094e-02
1.255460739135742188e+00
5.296166539192199707e-01
-2.883933782577514648e+00
3.638126373291015625e+00
-2.161591768264770508e+00
4.748706340789794922e+00
-1.873183250427246094e+00
2.000223875045776367e+00
5.156276226043701172e-01
2.749587535858154297e+00
5.827795982360839844e+00
-1.202247858047485352e+00
-1.824358940124511719e+00
-1.203599929809570312e+00
2.032644271850585938e+00
3.290598630905151367e+00
-1.772753000259399414e-01
2.673266887664794922e+00
-6.585659980773925781e-01
5.486680269241333008e-01
3.260216951370239258e+00
3.311683416366577148e+00
1.239584922790527344e+00
9.645926356315612793e-01
-1.607390284538269043e+00
5.197243213653564453e+00
-2.216044187545776367e+00
-7.954496741294860840e-01
-7.342982292175292969e-01
1.107233762741088867e-01
-1.743369460105895996e+00
3.156074523925781250e+00
1.163888931274414062e+00
-1.046871185302734375e+00
-3.423316180706024170e-01
2.702277421951293945e+00
-1.080796480178833008e+00
-1.860366463661193848e+00
1.044436637312173843e-02
1.873019486665725708e-01
2.366785764694213867e+00
-1.468251109123229980e+00
-6.826871037483215332e-01
1.038913011550903320e+00
-3.099229812622070312e+00
1.354175209999084473e+00
-9.113029241561889648e-01
-4.786696434020996094e-01
