1.673738360404968262e+00
1.663205027580261230e+00
4.113475799560546875e+00
1.033545970916748047e+00
2.175532341003417969e+00
2.670673370361328125e+00
2.743241310119628906e+00
1.886154174804687500e+00
1.707703948020935059e+00
3.103198051452636719e+00
6.736128330230712891e-01
7.296375036239624023e-01
-5.634914040565490723e-01
-4.391002953052520752e-01
-2.089041918516159058e-01
1.152968525886535645e+00
7.405271530151367188e-01
4.673647284507751465e-01
-5.990160703659057617e-01
7.269338965415954590e-01
4.637469351291656494e-01
2.082414031028747559e-01
-1.126708388328552246e+00
-6.707554217427968979e-03
-1.236450314521789551e+00
-4.248834401369094849e-02
-3.768093511462211609e-02
-1.109449937939643860e-01
-2.137860059738159180e-01
-3.101364672183990479e-01
1.584662199020385742e-01
-4.957785308361053467e-01
-1.022398844361305237e-01
4.907891707262024283e-06
-1.960929185152053833e-01
4.697434306144714355e-01
5.303897261619567871e-01
1.018545627593994141e+01
1.317083740234375000e+01
1.322190570831298828e+01
1.397403240203857422e+01
1.562277412414550781e+01
1.509038448333740234e+01
1.718672943115234375e+01
1.808897590637207031e+01
1.927136039733886719e+01
2.131924247741699219e+01
2.462964439392089844e+01
2.815373039245605469e+01
1.661324501037597656e+00
-7.647200226783752441e-01
4.680892229080200195e-01
1.766868084669113159e-01
-9.895153641700744629e-01
1.016541242599487305e+00
1.392753124237060547e+00
-1.971824049949645996e+00
-4.034022688865661621e-01
1.210534453392028809e+00
-2.197521448135375977e+00
-1.025084733963012695e+00
5.293604135513305664e-01
-5.611550807952880859e-01
-2.128530740737915039e+00
-2.315147966146469116e-01
1.176565051078796387e+00
-2.629600465297698975e-01
3.874689042568206787e-01
-5.067027211189270020e-01
-1.493036866188049316e+00
-4.451696872711181641e-01
6.457789540290832520e-01
5.845760703086853027e-01
3.882955759763717651e-02
-4.166522622108459473e-01
-1.078028440475463867e+00
2.559698581695556641e+00
-2.070108652114868164e+00
-3.990898653864860535e-02
1.464992523193359375e+00
9.957175850868225098e-01
-3.392127752304077148e+00
3.469313144683837891e+00
2.452121376991271973e-01
-9.899311661720275879e-01
-1.599418401718139648e+00
1.775257349014282227e+00
-3.817280828952789307e-01
-1.694997102022171021e-01
-1.721743226051330566e+00
-2.475160658359527588e-01
4.863676726818084717e-01
-2.965030074119567871e-01
6.391212344169616699e-01
-8.811066746711730957e-01
-4.973354041576385498e-01
1.788798809051513672e+00
5.348448157310485840e-01
1.498483538627624512e+00
-4.263760745525360107e-01
-5.834439992904663086e-01
-5.494515299797058105e-01
-1.384929716587066650e-01
1.208126664161682129e+00
1.005202651023864746e+00
4.402717947959899902e-02
-7.749912738800048828e-01
1.962553501129150391e+00
5.326621532440185547e-01
-2.746991872787475586e+00
-3.451161861419677734e+00
-2.927317321300506592e-01
-7.468866705894470215e-01
-3.321819603443145752e-01
2.987174272537231445e+00
1.074836850166320801e+00
-4.178054809570312500e+00
1.904794871807098389e-01
-7.366521358489990234e-01
2.514508724212646484e+00
-1.495759487152099609e+00
-1.324530959129333496e+00
-4.712884902954101562e+00
3.068313360214233398e+00
-4.005059242248535156e+00
1.497969031333923340e+00
-8.685262799263000488e-01
-7.664629071950912476e-02
2.095036357641220093e-01
-7.098587155342102051e-01
9.615095853805541992e-01
-1.191441342234611511e-01
-4.257131814956665039e-01
1.199745759367942810e-01
8.371031880378723145e-01
8.911495096981525421e-03
7.706887125968933105e-01
-3.795688748359680176e-01
3.922760486602783203e-01
-7.374861091375350952e-02
1.200148940086364746e+00
3.788346946239471436e-01
3.137277439236640930e-02
9.097571484744548798e-03
2.346721887588500977e-01
9.480741620063781738e-02
-4.889274388551712036e-02
-3.277294635772705078e-01
-6.680527329444885254e-01
-1.721771806478500366e-01
-2.217265844345092773e+00
5.982944369316101074e-01
-5.121017247438430786e-02
-2.021795809268951416e-01
-3.404306471347808838e-01
2.722349762916564941e-01
-6.822721958160400391e-01
6.547061800956726074e-01
1.604183793067932129e+00
-8.286260068416595459e-02
-1.065387129783630371e+00
3.206990361213684082e-01
3.396533727645874023e-01
4.342554807662963867e-01
-1.017314553260803223e+00
1.927502900362014771e-01
-2.687076032161712646e-01
-1.715389013290405273e+00
4.875363707542419434e-01
9.782388210296630859e-01
-1.879602223634719849e-01
-2.269422709941864014e-01
1.482908800244331360e-02
3.586936593055725098e-01
4.057438671588897705e-01
-3.893736302852630615e-01
2.048317641019821167e-01
6.488686203956604004e-01
-1.150118932127952576e-01
1.186140537261962891e+00
2.600629627704620361e-01
1.360114067792892456e-01
7.051556706428527832e-01
-8.418222069740295410e-01
1.456046342849731445e+00
-7.680763602256774902e-01
-2.770340740680694580e-01
1.114354953169822693e-01
6.066941618919372559e-01
-5.783206224441528320e-01
1.965866923332214355e+00
5.537111312150955200e-02
-6.685048937797546387e-01
1.892142891883850098e-01
5.984093546867370605e-01
3.185903131961822510e-01
7.793586850166320801e-01
-1.055170893669128418e+00
3.326446712017059326e-01
1.144072413444519043e+00
-4.739256501197814941e-01
-2.115329653024673462e-01
6.206140995025634766e+00
-1.046621561050415039e+00
3.538182258605957031e+00
-4.750801622867584229e-01
5.492387712001800537e-02
-5.117137357592582703e-02
-5.095756649971008301e-01
4.592464566230773926e-01
-2.204620689153671265e-01
-1.365923881530761719e-01
-3.779681324958801270e-01
-7.896744646131992340e-03
-3.403924405574798584e-01
3.107627630233764648e-01
-5.948663949966430664e-01
9.698925539851188660e-03
-2.437868267297744751e-01
3.445732593536376953e-01
1.829925179481506348e-01
-2.171175777912139893e-01
-1.827125847339630127e-01
-2.771320939064025879e-02
-9.517887607216835022e-03
3.607158958911895752e-01
1.937538087368011475e-01
2.724308967590332031e-01
4.790487587451934814e-01
-2.605788409709930420e-01
1.387202739715576172e-01
2.023528665304183960e-01
-3.024400956928730011e-02
-1.127545088529586792e-01
3.817516565322875977e-01
-7.642459273338317871e-01
-9.862046837806701660e-01
2.486540526151657104e-01
-4.764968454837799072e-01
-6.965984404087066650e-02
1.833001710474491119e-02
2.841610312461853027e-01
1.060538440942764282e-01
1.262108534574508667e-01
-8.989509940147399902e-02
9.255185127258300781e-01
-1.746200174093246460e-01
-4.734728336334228516e-01
1.010269895195960999e-01
3.800423443317413330e-01
3.529973924160003662e-01
-2.264709174633026123e-01
-2.614401578903198242e-01
5.060322284698486328e-01
-8.653962016105651855e-01
6.775752454996109009e-02
1.075986921787261963e-01
-4.839682579040527344e-01
-1.265849322080612183e-01
-3.209039270877838135e-01
-5.964855551719665527e-01
3.084920644760131836e-01
-5.284097194671630859e-01
-4.404224753379821777e-01
7.611603140830993652e-01
6.365715861320495605e-01
-9.849098920822143555e-01
8.276554942131042480e-01
-1.037825465202331543e+00
1.849460452795028687e-01
6.290590018033981323e-02
-1.060262918472290039e+00
-3.948521912097930908e-01
-9.915593266487121582e-02
-7.245065271854400635e-02
9.105529189109802246e-01
5.581410229206085205e-02
-1.128468662500381470e-01
1.434303402900695801e+00
-1.820733904838562012e+00
-3.602338075637817383e+00
1.112230539321899414e+00
-2.574610471725463867e+00
-6.087559275329113007e-03
9.413306601345539093e-03
5.848874803632497787e-03
8.725217543542385101e-03
2.468293299898505211e-03
-1.112623489461839199e-03
-5.432397592812776566e-03
-3.900822717696428299e-03
8.570221252739429474e-03
-7.492972072213888168e-03
2.867125207558274269e-03
1.117665786296129227e-03
-6.467936560511589050e-03
3.492111805826425552e-03
-1.192298484966158867e-03
9.174414444714784622e-04
-7.726789452135562897e-03
-8.996599353849887848e-03
-5.898482166230678558e-03
-6.610338576138019562e-03
6.939392536878585815e-03
2.553523983806371689e-03
9.425091557204723358e-03
6.296990439295768738e-03
4.410102032124996185e-03
-5.992299877107143402e-03
7.699497975409030914e-03
5.636871326714754105e-03
-3.991807810962200165e-03
-6.790449842810630798e-04
1.015904126688838005e-03
-7.680040784180164337e-03
8.848533965647220612e-03
7.810000330209732056e-03
8.508193306624889374e-03
9.678449481725692749e-03
-5.697460845112800598e-03
-4.785960773006081581e-04
2.171666128560900688e-03
3.895633388310670853e-03
8.769653737545013428e-03
8.280061185359954834e-03
9.827861562371253967e-03
-3.106069052591919899e-03
6.861758884042501450e-03
9.770258329808712006e-03
-6.001976784318685532e-03
7.981806062161922455e-03
-9.862302802503108978e-03
-7.384044118225574493e-03
3.918606322258710861e-03
7.264457643032073975e-03
9.839602746069431305e-03
-1.440460793673992157e-03
1.364970696158707142e-03
1.916825422085821629e-03
-2.859855536371469498e-03
7.842330262064933777e-03
8.827607147395610809e-03
9.114870801568031311e-03
7.503503467887639999e-03
2.351160626858472824e-03
7.652764208614826202e-03
8.439343422651290894e-03
-7.176891434937715530e-03
9.763980284333229065e-03
-1.522285048849880695e-03
-5.124583840370178223e-03
1.632927596801891923e-04
9.740479290485382080e-03
6.251997314393520355e-03
7.386313285678625107e-03
7.715857587754726410e-03
5.268097855150699615e-03
-7.061255164444446564e-03
-7.768538314849138260e-03
-6.797772832214832306e-03
-9.750267490744590759e-03
1.579661607742309570e+00
8.024886250495910645e-01
-1.444026350975036621e+00
4.600408971309661865e-01
