6.379922389984130859e+00
2.020639610290527344e+01
1.544607734680175781e+01
8.120716094970703125e+00
1.551892471313476562e+01
1.036285877227783203e+01
1.724610710144042969e+01
6.344064712524414062e+00
-3.535855531692504883e+00
7.865696430206298828e+00
8.395784497261047363e-01
-1.121887493133544922e+01
-5.875892639160156250e+00
1.100779342651367188e+01
4.919325351715087891e+00
-3.461748361587524414e+00
4.936620712280273438e+00
3.540413618087768555e+00
-1.020775604248046875e+01
-7.843512535095214844e+00
6.015241742134094238e-01
1.020555305480957031e+01
-5.052493885159492493e-02
-9.789682388305664062e+00
-6.840246677398681641e+00
3.357661485671997070e+00
-5.748487949371337891e+00
-5.256443977355957031e+00
1.472850036621093750e+01
1.981324195861816406e+00
3.374601364135742188e+00
5.906362056732177734e+00
6.693719863891601562e+00
1.450738620758056641e+01
1.994470715522766113e+00
7.367770671844482422e+00
1.539289355278015137e+00
-4.419627189636230469e+00
1.055260372161865234e+01
-3.639557063579559326e-01
9.151618957519531250e+00
2.464372634887695312e+00
-2.077360630035400391e+00
2.510459899902343750e+00
1.834556460380554199e+00
-5.406946539878845215e-01
-5.710427761077880859e-01
-8.163208365440368652e-01
-1.624302506446838379e+00
5.703441143035888672e+00
-2.657239198684692383e+00
-4.971392631530761719e+00
-7.819366455078125000e-01
-1.333112359046936035e+00
-5.252851963043212891e+00
7.811905860900878906e+00
5.032290458679199219e+00
-1.259403586387634277e+00
3.632097005844116211e+00
-5.148323774337768555e-01
4.173182487487792969e+00
7.415800571441650391e+00
-8.483313560485839844e+00
-8.680416941642761230e-01
-7.970408201217651367e-01
1.549559980630874634e-01
3.756621837615966797e+00
1.616374611854553223e+00
3.909103155136108398e+00
-1.453338146209716797e+00
-1.336285471916198730e-01
-1.764264464378356934e+00
-4.887759685516357422e+00
6.007813811302185059e-01
3.482307910919189453e+00
-5.256282687187194824e-01
-2.609559148550033569e-02
6.335063457489013672e+00
1.460323214530944824e+00
2.137186288833618164e+00
-1.105628609657287598e-01
2.393319606781005859e+00
-6.292999982833862305e-01
2.573364496231079102e+00
2.339618444442749023e+00
3.616561293601989746e-01
-1.017113208770751953e+00
1.912104725837707520e+00
-2.699538469314575195e-01
1.287132859230041504e+00
2.630751729011535645e-01
1.465075373649597168e+00
