1.912968039512634277e+00
1.732130050659179688e+00
4.825281620025634766e+00
3.940497398376464844e+00
1.442048788070678711e+00
2.273882865905761719e+00
3.341312408447265625e+00
6.578246951103210449e-01
3.016771078109741211e-01
2.305872201919555664e+00
8.050515055656433105e-01
-5.491243600845336914e-01
5.894396901130676270e-01
1.446404457092285156e-01
-1.359859108924865723e-01
-1.345344901084899902e+00
1.325027942657470703e+00
-6.500717401504516602e-01
-3.199018537998199463e-01
-1.245793253183364868e-01
-1.692475080490112305e-01
7.430986762046813965e-01
-5.705349445343017578e-01
1.962281316518783569e-01
2.597391903400421143e-01
8.903377532958984375e+00
1.331056976318359375e+01
1.532680702209472656e+01
1.021514892578125000e+01
1.750122833251953125e+01
1.922176742553710938e+01
2.124114608764648438e+01
2.909747886657714844e+01
-3.910229206085205078e-01
-6.458017826080322266e-01
9.266754984855651855e-02
1.377750515937805176e+00
9.365531206130981445e-01
-2.040989637374877930e+00
2.237161397933959961e+00
-1.239429831504821777e+00
-7.700207829475402832e-01
4.959541857242584229e-01
1.498052597045898438e+00
-4.096290469169616699e-01
2.786677777767181396e-01
1.592840909957885742e+00
-2.715334892272949219e+00
-7.825173139572143555e-01
-6.189505457878112793e-01
-7.460950016975402832e-01
6.181093454360961914e-01
-4.471964836120605469e-01
1.804457068443298340e+00
3.879975676536560059e-01
-4.310008287429809570e-01
8.553373813629150391e-01
1.284111857414245605e+00
2.324888944625854492e+00
6.436095237731933594e-01
-8.993538618087768555e-01
-5.141584277153015137e-01
-4.707660675048828125e+00
1.052864193916320801e-01
4.491062462329864502e-01
4.742441177368164062e+00
2.577399611473083496e-01
1.890819549560546875e+00
1.060235500335693359e+01
3.849532604217529297e-01
-1.720177233219146729e-01
-1.464087218046188354e-01
-9.344931691884994507e-02
-6.084645986557006836e-01
4.057948887348175049e-01
1.433446407318115234e-01
4.013263881206512451e-01
5.991299748420715332e-01
3.047440946102142334e-01
6.854322552680969238e-02
-2.638758420944213867e-01
7.671925425529479980e-02
-4.580890238285064697e-01
-8.836313486099243164e-01
5.659180879592895508e-01
2.198928222060203552e-02
4.877602756023406982e-01
2.413255870342254639e-01
1.449618041515350342e-01
-7.068161368370056152e-01
3.446986377239227295e-01
-1.858804374933242798e-01
-4.453714787960052490e-01
5.248377919197082520e-01
-3.259489834308624268e-01
-1.877635717391967773e-01
6.764109134674072266e-01
-6.807410717010498047e-02
2.250077724456787109e+00
9.147477149963378906e-02
-4.921944737434387207e-01
-1.226884007453918457e+00
1.609210848808288574e+00
-1.146643519401550293e+00
2.570215940475463867e+00
-3.666985929012298584e-01
4.655386805534362793e-01
-3.593830168247222900e-01
-2.340866625308990479e-01
2.424248009920120239e-01
3.689291477203369141e-01
-2.390426099300384521e-01
5.969939827919006348e-01
1.064410880208015442e-01
-3.460263311862945557e-01
-1.206290125846862793e-01
-6.799398362636566162e-02
3.133126497268676758e-01
-1.026631966233253479e-01
8.915227055549621582e-01
2.086940258741378784e-01
1.920171231031417847e-01
-1.470559537410736084e-01
-6.750555336475372314e-02
1.122265681624412537e-02
-5.251464843750000000e-01
-4.116854369640350342e-01
-2.346980869770050049e-01
-2.378596216440200806e-01
-1.095360159873962402e+00
4.003083705902099609e-01
8.739738911390304565e-02
-1.732597649097442627e-01
3.707582652568817139e-01
3.171722218394279480e-02
2.353714108467102051e-01
-6.995870172977447510e-02
-7.388198971748352051e-01
-1.841065764427185059e+00
8.001078367233276367e-01
-2.845245361328125000e+00
-3.308485029265284538e-03
-7.048646453768014908e-03
7.735772058367729187e-03
-2.931848634034395218e-03
2.614404773339629173e-03
2.176799112930893898e-03
-5.433254409581422806e-03
-1.604518387466669083e-03
-8.804960176348686218e-03
-2.784142037853598595e-03
1.682718051597476006e-03
-5.197302438318729401e-03
4.762735217809677124e-03
-7.669202168472111225e-04
7.774297613650560379e-03
1.808311062632128596e-04
-7.777177961543202400e-05
5.235673859715461731e-03
-8.229146711528301239e-03
-4.845469258725643158e-03
9.179765358567237854e-03
-6.462161894887685776e-03
4.788451828062534332e-03
9.973299689590930939e-03
-1.014887588098645210e-03
6.866501644253730774e-03
5.601316690444946289e-03
6.477637682110071182e-03
3.923242911696434021e-03
-4.907817579805850983e-03
-9.474426507949829102e-03
-2.333131385967135429e-03
-1.674025319516658783e-03
-4.777759779244661331e-03
-1.369864679872989655e-03
-8.374670520424842834e-03
1.444920897483825684e+00
9.469103217124938965e-01
-1.922823429107666016e+00
7.226309180259704590e-01
