9.702353477478027344e+00
1.667336273193359375e+01
1.320639991760253906e+01
2.224037933349609375e+01
1.737258720397949219e+01
1.544494056701660156e+01
1.084074020385742188e+01
-5.382237434387207031e+00
5.047604084014892578e+00
1.314752578735351562e+01
1.062039279937744141e+01
3.980722427368164062e+00
3.474680662155151367e+00
-9.321125030517578125e+00
1.482979679107666016e+01
1.298198795318603516e+01
1.051076316833496094e+01
5.615877628326416016e+00
1.069877624511718750e+00
-2.084257125854492188e+01
-8.386040687561035156e+00
-8.290397644042968750e+00
-1.278338623046875000e+01
-2.744911432266235352e+00
-9.211973190307617188e+00
-1.607584571838378906e+01
-5.350279808044433594e+00
-3.180000066757202148e+00
9.600837707519531250e+00
1.240650177001953125e+00
-2.064932107925415039e+00
1.121760463714599609e+01
1.579002022743225098e+00
3.097406148910522461e+00
2.873987674713134766e+00
4.302790164947509766e+00
2.659208774566650391e+00
4.768839836120605469e+00
8.734189271926879883e-01
-2.453577995300292969e+00
-3.669928312301635742e+00
-5.626438140869140625e+00
-1.921769022941589355e+00
4.869325160980224609e+00
-6.958853602409362793e-01
3.015847682952880859e+00
-1.301160216331481934e+00
2.768868446350097656e+00
1.513103991746902466e-01
-2.123675346374511719e+00
8.017769813537597656e+00
-1.260987520217895508e+00
4.076361179351806641e+00
8.927199244499206543e-01
-3.655583143234252930e+00
-1.749748587608337402e+00
-6.437189579010009766e-01
1.818819880485534668e+00
2.519811689853668213e-01
-2.585142612457275391e+00
-2.307577848434448242e+00
5.230553150177001953e+00
-9.133445620536804199e-01
-1.777666473388671875e+01
4.840907573699951172e+00
1.453617453575134277e+00
1.225013136863708496e+00
2.444331169128417969e+00
1.932619929313659668e+00
1.449086093902587891e+01
2.286890298128128052e-01
5.733224749565124512e-01
9.292265772819519043e-02
1.431691050529479980e+00
5.333973765373229980e-01
-1.781289577484130859e+00
2.220510005950927734e+00
1.353588223457336426e+00
-2.516612052917480469e+00
1.464027643203735352e+00
-1.008543558418750763e-02
-1.770289540290832520e+00
6.400164961814880371e-01
1.436514616012573242e+00
1.753677964210510254e+00
3.238236904144287109e+00
5.164023637771606445e-01
3.200458288192749023e+00
5.553555488586425781e-01
-5.048563957214355469e+00
3.987132906913757324e-01
-1.300080060958862305e+00
