1.568499755859375000e+01
1.339628028869628906e+01
1.543833065032958984e+01
8.621765136718750000e+00
7.853775978088378906e+00
1.586227798461914062e+01
1.550850772857666016e+01
1.804615020751953125e+01
6.528982639312744141e+00
6.100325584411621094e+00
5.253660678863525391e-01
1.434362173080444336e+00
-1.093344497680664062e+01
9.211364746093750000e+00
-3.244714260101318359e+00
1.474152803421020508e+00
1.734586954116821289e+00
-5.499606132507324219e+00
-1.671508598327636719e+01
2.787743091583251953e+00
9.660480499267578125e+00
1.211478137969970703e+01
-3.626228570938110352e+00
3.831245422363281250e+00
-3.435953140258789062e+00
4.743867397308349609e+00
7.923101902008056641e+00
-2.834154844284057617e+00
-4.086824417114257812e+00
-8.407946586608886719e+00
5.429414749145507812e+00
2.564934968948364258e+00
2.837212085723876953e+00
5.166129589080810547e+00
-4.238289833068847656e+00
-1.436553955078125000e+00
2.667857646942138672e+00
6.095206737518310547e-01
-3.893915414810180664e+00
-9.223005771636962891e-01
3.698446750640869141e+00
1.830272078514099121e+00
-3.222680389881134033e-01
-5.002786636352539062e+00
9.773032188415527344e+00
-7.209122180938720703e+00
-1.871198892593383789e+00
7.943234920501708984e+00
9.257028579711914062e+00
-1.842977255582809448e-01
9.742043495178222656e+00
1.099411725997924805e+00
7.164768695831298828e+00
-5.266644001007080078e+00
-4.636490345001220703e+00
-5.146890163421630859e+00
-4.867384135723114014e-01
5.004375457763671875e+00
5.229973793029785156e+00
2.141124010086059570e+00
2.869030475616455078e+00
2.148933649063110352e+00
-2.621196806430816650e-01
2.585769891738891602e+00
6.183578968048095703e-01
8.298549652099609375e+00
-5.045247077941894531e+00
1.157627701759338379e+00
1.087588787078857422e+00
2.582763433456420898e+00
6.861814022064208984e+00
-2.163514375686645508e+00
1.861065998673439026e-02
7.030228376388549805e-01
9.067448377609252930e-01
2.097936868667602539e+00
6.191483736038208008e-01
3.535072565078735352e+00
3.596835434436798096e-01
-2.310639142990112305e+00
6.662621974945068359e+00
5.150301933288574219e+00
1.055476427078247070e+00
1.492787897586822510e-01
-2.501838445663452148e+00
1.455847859382629395e+00
4.734455108642578125e+00
6.320149898529052734e-01
3.355993628501892090e-01
-1.778872132301330566e+00
-4.155851840972900391e+00
-1.095416307449340820e+00
5.885973930358886719e+00
-9.504804611206054688e-01
-1.295222163200378418e+00
-4.353404521942138672e+00
-3.906252861022949219e+00
-3.156264543533325195e+00
4.963955402374267578e+00
-2.042256116867065430e+00
3.576723635196685791e-01
-1.470836102962493896e-01
1.303896456956863403e-01
8.428366780281066895e-01
3.738679170608520508e+00
-2.813846468925476074e-01
-2.601767778396606445e-01
-1.739702939987182617e+00
-1.083898901939392090e+00
1.504932522773742676e+00
2.826380133628845215e-01
-2.937287092208862305e+00
1.980152368545532227e+00
1.277372717857360840e+00
6.787763833999633789e-01
2.983386754989624023e+00
6.267818212509155273e-01
4.423725605010986328e-01
1.979824542999267578e+00
-1.826316118240356445e+00
-1.553426980972290039e+00
-1.539458632469177246e+00
-6.938334465026855469e+00
1.916430592536926270e-01
-2.768622934818267822e-01
1.321659207344055176e+00
2.011022567749023438e+00
-6.011415123939514160e-01
6.253190040588378906e+00
-1.159793496131896973e+00
1.361887216567993164e+00
1.017399430274963379e+00
1.500901222229003906e+00
6.754240989685058594e-01
-7.354876995086669922e-01
1.945849776268005371e+00
1.551992297172546387e+00
-3.477044105529785156e-01
-3.790217339992523193e-01
3.105885684490203857e-01
-3.630042791366577148e+00
2.003832459449768066e-01
3.340944528579711914e+00
3.368262350559234619e-01
2.160530805587768555e+00
