1.547496700286865234e+01
2.389406919479370117e+00
1.995614242553710938e+01
5.092127799987792969e+00
1.547562599182128906e+01
1.544268321990966797e+01
1.532224369049072266e+01
4.635470390319824219e+00
-7.573104858398437500e+00
-9.403352737426757812e+00
-1.181536579132080078e+01
1.841338038444519043e+00
4.597847461700439453e+00
-6.144856929779052734e+00
6.788693904876708984e+00
1.073113346099853516e+01
-8.319444656372070312e+00
-6.844981670379638672e+00
-1.119764328002929688e+01
1.495484447479248047e+01
-2.801135540008544922e+00
-3.478578090667724609e+00
6.696439743041992188e+00
-1.407813280820846558e-01
3.516504764556884766e+00
4.390278756618499756e-01
8.835246086120605469e+00
1.378745746612548828e+01
1.399147510528564453e+01
-2.574590682983398438e+00
-1.651577591896057129e+00
5.856371879577636719e+00
6.615275382995605469e+00
-4.970522403717041016e+00
-3.970186233520507812e+00
1.601163983345031738e+00
8.432313799858093262e-02
6.388503313064575195e-01
5.677372932434082031e+00
5.938503146171569824e-01
-3.784579753875732422e+00
-4.500751972198486328e+00
-6.104997158050537109e+00
2.148736476898193359e+00
5.430294513702392578e+00
-5.501492023468017578e-01
-1.826436161994934082e+00
3.409868478775024414e+00
-1.770399928092956543e+00
7.553495168685913086e-01
-1.322742462158203125e+00
3.410137891769409180e+00
-2.865984916687011719e+00
-6.520576477050781250e+00
3.822427034378051758e+00
9.458983540534973145e-01
-8.136007308959960938e+00
-9.579192399978637695e-01
1.044229507446289062e+00
-8.976550698280334473e-01
-1.016495990753173828e+01
-1.423063516616821289e+00
-3.046469449996948242e+00
-4.941193461418151855e-01
4.171159267425537109e+00
-1.155603826045989990e-01
2.530991137027740479e-01
-1.859833478927612305e+00
-1.611133962869644165e-01
-1.113556742668151855e+00
-1.054231166839599609e+00
-1.526610851287841797e+00
2.257323026657104492e+00
3.486102521419525146e-01
3.534054517745971680e+00
-9.713823795318603516e-01
1.508204460144042969e+00
1.358619928359985352e+00
2.941558599472045898e+00
-1.695030212402343750e+00
3.588474094867706299e-01
-3.196860849857330322e-01
-1.386919498443603516e+00
1.758876204490661621e+00
-6.647933959960937500e+00
-5.052725598216056824e-02
7.904999852180480957e-01
2.696050405502319336e+00
-7.494879961013793945e-01
-8.278915882110595703e-01
4.572308540344238281e+00
1.063510179519653320e+00
