1.951677322387695312e+01
1.277814865112304688e+01
1.633198738098144531e+01
1.575695323944091797e+01
9.574496269226074219e+00
1.556097698211669922e+01
1.543614673614501953e+01
1.366995525360107422e+01
7.495021343231201172e+00
9.866411209106445312e+00
1.543617248535156250e+01
3.370278120040893555e+00
7.086559295654296875e+00
-3.657523632049560547e+00
5.927365645766258240e-02
-4.527298927307128906e+00
-6.150654315948486328e+00
3.326124668121337891e+00
-4.736897468566894531e+00
-4.310149550437927246e-01
-1.588414549827575684e+00
-1.672504663467407227e+00
-1.271643733978271484e+01
-1.096244907379150391e+01
-5.005149841308593750e+00
8.792913436889648438e+00
-4.498830795288085938e+00
1.393095731735229492e+00
-6.102883815765380859e+00
2.885536193847656250e+00
-6.856604099273681641e+00
9.210822105407714844e+00
1.027488136291503906e+01
-3.129559040069580078e+00
-5.336061477661132812e+00
1.878434419631958008e+00
-3.039741277694702148e+00
1.238817596435546875e+01
-3.020532608032226562e+00
-4.936859130859375000e+00
8.664084434509277344e+00
1.155593681335449219e+01
7.934620857238769531e+00
2.692397356033325195e+00
-6.315894126892089844e-01
1.336086034774780273e+00
1.113600921630859375e+01
-9.082370758056640625e+00
-1.668993353843688965e+00
7.078044414520263672e+00
-7.555234909057617188e+00
1.129307079315185547e+01
2.127979087829589844e+01
-4.135435104370117188e+00
3.981731414794921875e+00
-1.924856781959533691e+00
5.186372280120849609e+00
1.548834085464477539e+00
-1.592641115188598633e+00
4.817700386047363281e+00
1.957959175109863281e+00
-6.155944347381591797e+00
-6.087966442108154297e+00
4.575327873229980469e+00
6.775246143341064453e+00
1.338084816932678223e+00
5.790060520172119141e+00
3.308388710021972656e+00
-6.673512458801269531e+00
8.114071846008300781e+00
-3.170758247375488281e+00
-1.434896588325500488e+00
3.757768154144287109e+00
2.108601093292236328e+00
-5.656634807586669922e+00
-1.609832954406738281e+01
7.217607021331787109e+00
-4.515879154205322266e+00
-4.243150711059570312e+00
-1.294664025306701660e+00
-3.545449256896972656e+00
1.396076202392578125e+00
-2.498840570449829102e+00
4.004845619201660156e-01
-1.586055606603622437e-01
3.502253293991088867e-01
-1.007550001144409180e+00
-2.235688447952270508e+00
-1.133458733558654785e+00
7.403188943862915039e-01
7.015614986419677734e+00
5.243463516235351562e+00
2.493486404418945312e+00
2.655604362487792969e+00
3.768612146377563477e+00
-5.012754917144775391e+00
2.743377447128295898e+00
-2.074115276336669922e-01
3.060343265533447266e+00
-4.761974811553955078e+00
4.578998565673828125e+00
-2.634124517440795898e+00
-3.089322090148925781e+00
4.146740436553955078e+00
6.142571449279785156e+00
-1.094749927520751953e+00
2.289475202560424805e+00
-4.860928535461425781e+00
8.093559265136718750e+00
-1.791731238365173340e+00
-3.606615781784057617e+00
-1.334573030471801758e+00
-1.455197572708129883e+00
2.112572193145751953e+00
3.487984657287597656e+00
3.981478512287139893e-02
-1.671564579010009766e+00
3.502962827682495117e+00
-6.189836025238037109e+00
-4.724556922912597656e+00
-3.252253532409667969e-01
-7.249627113342285156e+00
-3.050297260284423828e+00
-1.517206907272338867e+00
1.959542751312255859e+00
1.050204873085021973e+00
2.894894123077392578e+00
-5.402095317840576172e-01
-1.643757700920104980e+00
1.215611696243286133e+00
-2.387440204620361328e+00
-3.906314849853515625e+00
-1.712475895881652832e+00
-3.372846126556396484e+00
2.908778429031372070e+00
1.103778958320617676e+00
-7.089914798736572266e+00
1.758644580841064453e+00
6.981010437011718750e+00
3.950938940048217773e+00
-7.680115222930908203e+00
8.728400230407714844e+00
-3.570547103881835938e-01
3.031307756900787354e-01
2.148723363876342773e+00
-7.144253849983215332e-01
-9.050714969635009766e-01
9.765198826789855957e-01
1.577304482460021973e+00
4.794653505086898804e-02
1.997396111488342285e+00
-4.721624776721000671e-02
-3.729843795299530029e-01
-2.772334516048431396e-01
-4.482414424419403076e-01
1.658611655235290527e+00
1.666759729385375977e+00
1.273802399635314941e+00
2.498618364334106445e+00
-6.755480766296386719e-01
2.096531391143798828e+00
-1.567450761795043945e+00
2.582137107849121094e+00
-2.089083194732666016e+00
-3.699184954166412354e-01
6.923661231994628906e-01
4.042709827423095703e+00
-2.905219793319702148e-01
1.449763417243957520e+00
3.530398607254028320e+00
2.958330139517784119e-02
2.244544744491577148e+00
-2.773196697235107422e+00
-2.589459896087646484e+00
-1.556792557239532471e-01
-1.966729313135147095e-01
2.285083085298538208e-01
1.309020966291427612e-01
2.571781396865844727e+00
1.743892788887023926e+00
-3.284128308296203613e-01
2.096372127532958984e+00
-1.247209310531616211e+00
-6.757735013961791992e-01
-3.744033336639404297e+00
-7.564496994018554688e-01
-2.805883169174194336e+00
3.117434501647949219e+00
6.380541622638702393e-02
1.470892667770385742e+00
1.965057849884033203e-01
-1.168667301535606384e-01
3.778426170349121094e+00
-1.354501724243164062e+00
-1.275760173797607422e+00
5.651487708091735840e-01
-6.291266530752182007e-02
-8.275173902511596680e-01
7.409520149230957031e-01
-3.480680942535400391e+00
3.727930068969726562e+00
2.046875953674316406e+00
2.139121055603027344e+00
1.297024369239807129e+00
5.529611587524414062e+00
-1.919789910316467285e+00
-4.802681446075439453e+00
3.570606708526611328e+00
5.313784599304199219e+00
2.442648410797119141e+00
