1.744635224342346191e+00
-8.312981724739074707e-01
-3.519847691059112549e-01
4.727951049804687500e+00
3.691166639328002930e+00
1.542692661285400391e+00
1.986243605613708496e+00
2.095844268798828125e+00
3.234212875366210938e+00
1.443840503692626953e+00
1.679250597953796387e+00
4.701319038867950439e-01
1.146137356758117676e+00
5.008292198181152344e-01
-1.624653637409210205e-01
-1.733350038528442383e+00
2.916572690010070801e-01
9.564855098724365234e-01
5.666013360023498535e-01
9.135755896568298340e-01
1.782064080238342285e+00
4.529641568660736084e-01
5.268187522888183594e-01
-1.785979419946670532e-02
-4.262344241142272949e-01
5.314729809761047363e-01
-3.527887538075447083e-02
2.745922207832336426e-01
-4.292085468769073486e-01
9.679953455924987793e-01
-3.458649516105651855e-01
1.273454189300537109e+00
8.193214416503906250e+00
1.328542900085449219e+01
1.519063758850097656e+01
1.029655838012695312e+01
1.630904579162597656e+01
1.786148071289062500e+01
1.926313591003417969e+01
2.606008720397949219e+01
3.309314346313476562e+01
5.936838150024414062e+00
1.379552721977233887e+00
-8.800567388534545898e-01
-1.413607150316238403e-01
-1.509188532829284668e+00
3.153938770294189453e+00
1.527029991149902344e+00
-1.753505110740661621e+00
1.335209727287292480e+00
-1.674813508987426758e+00
-7.933396697044372559e-01
-5.847018361091613770e-01
1.657176733016967773e+00
-2.773560285568237305e-01
5.448926240205764771e-02
-3.941806793212890625e+00
1.888574600219726562e+00
-1.592108845710754395e+00
1.382111191749572754e+00
-8.320627808570861816e-01
3.552908301353454590e-01
-1.197698354721069336e+00
2.835944890975952148e-01
-6.549691557884216309e-01
-5.784593224525451660e-01
-8.767467141151428223e-01
-2.907267570495605469e+00
-1.125265955924987793e+00
1.133874773979187012e+00
-2.638637423515319824e-01
1.685911536216735840e+00
-2.887498140335083008e-01
1.795452594757080078e+00
-1.808028519153594971e-01
6.192231774330139160e-01
-2.480182945728302002e-01
-1.466715574264526367e+00
-1.052935361862182617e+00
1.683036237955093384e-02
7.875748276710510254e-01
-1.403816223144531250e+00
-1.287094354629516602e+00
9.131202101707458496e-02
9.083719253540039062e-01
1.640503883361816406e+00
3.746865391731262207e-01
-7.291600108146667480e-02
-5.776247501373291016e+00
5.348965644836425781e+00
2.757172584533691406e-01
3.364214658737182617e+00
7.477118372917175293e-01
1.207322478294372559e+00
-6.062257289886474609e+00
9.397477507591247559e-01
7.794803380966186523e-01
5.774427652359008789e-01
4.374801218509674072e-01
-4.311458170413970947e-01
4.816911816596984863e-01
1.189375072717666626e-01
2.765861749649047852e-01
1.301703810691833496e+00
1.354111433029174805e+00
3.033805131912231445e+00
1.802095413208007812e+00
2.845432162284851074e-01
-1.122414708137512207e+00
-1.562153548002243042e-01
4.418863654136657715e-01
5.443660616874694824e-01
5.771089196205139160e-01
2.744698524475097656e+00
2.364229440689086914e+00
6.894504427909851074e-01
6.154749915003776550e-02
3.526958227157592773e-01
-9.102088212966918945e-02
-3.643146753311157227e-01
2.095723748207092285e-01
3.635891079902648926e-01
1.136636972427368164e+00
9.460310935974121094e-01
2.939311787486076355e-02
-4.223252460360527039e-02
5.652751401066780090e-02
7.623870968818664551e-01
-6.283866167068481445e-01
-5.657013058662414551e-01
-7.820942997932434082e-02
3.269890844821929932e-01
7.255841791629791260e-02
3.698395192623138428e-02
1.126123666763305664e+00
3.215671479701995850e-01
4.073785841464996338e-01
2.229153513908386230e-01
-1.423210948705673218e-01
-2.229684889316558838e-01
8.470963686704635620e-02
1.904988735914230347e-01
4.423865973949432373e-01
1.669454425573348999e-01
-9.708749651908874512e-01
2.021075338125228882e-01
-1.453428745269775391e+00
1.775546908378601074e+00
1.796746134757995605e+00
1.461658120155334473e+00
-8.331191539764404297e-01
2.609636545181274414e+00
5.099096298217773438e-01
2.899596393108367920e-01
-8.014559745788574219e-01
-1.965309530496597290e-01
2.061786413192749023e+00
8.546805381774902344e-02
-6.711981892585754395e-01
-3.016147203743457794e-02
-7.053926587104797363e-01
2.264739014208316803e-02
2.205790430307388306e-01
-3.173776268959045410e-01
-2.702393569052219391e-02
3.743535876274108887e-01
1.235240027308464050e-01
-9.539823979139328003e-02
-4.051613807678222656e-02
2.309009134769439697e-01
3.681261464953422546e-02
-3.294409019872546196e-03
4.026654362678527832e-02
-6.043611094355583191e-02
4.967467859387397766e-02
-2.662785351276397705e-02
-2.300441265106201172e-02
4.306031763553619385e-01
-7.927696220576763153e-03
-1.465856097638607025e-02
-7.915215939283370972e-02
-1.827897317707538605e-02
1.807551980018615723e-01
1.372595131397247314e-01
-5.865129828453063965e-01
-7.592463493347167969e-02
-1.395328938961029053e-01
-1.759762316942214966e-01
8.084277808666229248e-02
-1.181069836020469666e-01
-2.279790341854095459e-01
6.785398721694946289e-01
-3.590185195207595825e-02
-3.621218204498291016e-01
-3.456482589244842529e-01
5.258969068527221680e-01
-1.101581081748008728e-01
8.248722553253173828e-02
-1.300704479217529297e-01
-6.689847111701965332e-01
3.909925743937492371e-02
1.946377456188201904e-01
6.452965140342712402e-01
-4.100633859634399414e-01
-4.218572676181793213e-01
-2.678908109664916992e+00
9.687907695770263672e-01
5.380639061331748962e-02
5.273227095603942871e-01
1.443823575973510742e-01
6.615878939628601074e-01
3.310373425483703613e-02
3.810312151908874512e-01
5.719657540321350098e-01
4.647421538829803467e-01
8.324246406555175781e-01
2.967687249183654785e-01
3.515895009040832520e-01
9.989421367645263672e-01
6.461014747619628906e-01
7.904891371726989746e-01
3.950755000114440918e-01
2.772152125835418701e-01
8.038512468338012695e-01
7.080674767494201660e-01
4.198408871889114380e-02
6.544601917266845703e-02
7.862106896936893463e-03
9.525049924850463867e-01
8.633181452751159668e-02
2.136815935373306274e-01
5.162057280540466309e-02
5.627554059028625488e-01
5.089896321296691895e-01
9.760704040527343750e-01
7.124716639518737793e-01
8.807474374771118164e-01
1.031508389860391617e-02
7.176589369773864746e-01
1.181848198175430298e-01
9.125604629516601562e-01
5.723381042480468750e-01
3.483484089374542236e-01
7.163421511650085449e-01
6.828085780143737793e-01
5.729097723960876465e-01
8.132901191711425781e-01
7.769147157669067383e-01
9.710049033164978027e-01
7.908047437667846680e-01
8.258573710918426514e-02
6.644536256790161133e-01
2.755695879459381104e-01
6.597869396209716797e-01
3.446008563041687012e-01
2.070130556821823120e-01
2.508491277694702148e-01
2.257269173860549927e-01
9.953929781913757324e-01
6.758941411972045898e-01
9.415504336357116699e-01
3.530451536178588867e+00
1.058862686157226562e+00
-1.860605597496032715e+00
6.910477280616760254e-01
