1.051519203186035156e+01
2.055798912048339844e+01
1.547258567810058594e+01
1.649564361572265625e+01
1.544491767883300781e+01
1.390408611297607422e+01
5.838614463806152344e+00
4.638232707977294922e+00
1.179554653167724609e+01
7.041717052459716797e+00
1.555014610290527344e+01
1.719584846496582031e+01
-6.670415401458740234e+00
-7.003068923950195312e+00
1.598640799522399902e+00
-3.430015802383422852e+00
7.440162658691406250e+00
2.933453321456909180e+00
1.176107168197631836e+00
7.870349287986755371e-01
1.148772239685058594e+01
6.133140563964843750e+00
-9.231153130531311035e-01
-7.071743488311767578e+00
3.455941379070281982e-01
-5.538781285285949707e-01
7.459671020507812500e+00
1.209105610847473145e+00
-7.968251228332519531e+00
-7.656171798706054688e+00
1.018507575988769531e+01
-9.668228149414062500e+00
1.086176872253417969e+00
-8.792310714721679688e+00
4.595130443572998047e+00
2.168104887008666992e+00
4.075826406478881836e-01
1.709767282009124756e-01
1.571483612060546875e+00
-1.729387491941452026e-01
1.087297201156616211e+00
-1.244888424873352051e+00
-2.654819965362548828e+00
3.894115090370178223e-01
-1.043171510100364685e-01
1.200932121276855469e+01
5.926132202148437500e-01
-1.895786404609680176e+00
-2.960126161575317383e+00
1.057567238807678223e+00
1.399901771545410156e+01
-4.290027618408203125e+00
3.339428603649139404e-01
1.608864903450012207e+00
5.098371982574462891e+00
-3.719349861145019531e+00
7.496356010437011719e+00
7.530904293060302734e+00
-2.962343215942382812e+00
1.726669192314147949e+00
5.027422904968261719e+00
-5.798551082611083984e+00
-6.925457000732421875e+00
1.234645175933837891e+01
1.087202835083007812e+01
1.102844333648681641e+01
-3.179348230361938477e+00
-1.261142921447753906e+01
1.499407672882080078e+01
-3.241606712341308594e+00
3.323579549789428711e+00
-7.156977176666259766e+00
1.418387889862060547e+00
5.860444068908691406e+00
9.776117324829101562e+00
-4.140941143035888672e+00
-6.975791931152343750e+00
5.617035865783691406e+00
-8.957186698913574219e+00
6.441080093383789062e+00
-4.758478403091430664e-01
5.516824245452880859e+00
-2.778774023056030273e+00
-1.294265937805175781e+01
1.113616943359375000e+01
-1.213430309295654297e+01
-5.905890941619873047e+00
-1.845870971679687500e+00
5.254747390747070312e+00
-6.632424354553222656e+00
-1.573281288146972656e+00
4.039773941040039062e-01
-2.219279289245605469e+00
-7.957428693771362305e-01
-3.866220235824584961e+00
-1.247922420501708984e+00
-2.561761617660522461e+00
4.850636005401611328e+00
4.365590095520019531e+00
3.682417154312133789e+00
1.737859606742858887e+00
-5.714042663574218750e+00
-6.250138878822326660e-01
-3.942926228046417236e-01
-9.228301048278808594e-01
-1.310412287712097168e+00
-7.152124643325805664e-01
6.622117161750793457e-01
-1.753034114837646484e+00
5.435489177703857422e+00
2.371544361114501953e+00
-3.220659017562866211e+00
-1.374220252037048340e-01
-1.318590641021728516e+00
2.265129983425140381e-02
-2.799060106277465820e+00
-1.323739528656005859e+00
1.181423306465148926e+00
1.049870848655700684e+00
8.821308612823486328e-02
1.101712703704833984e+00
-8.647865056991577148e-01
1.389869809150695801e+00
-1.249110102653503418e+00
2.354181528091430664e+00
-3.610260009765625000e+00
-8.676419258117675781e-01
6.087981462478637695e-01
-8.709819316864013672e-01
6.468376159667968750e+00
-3.305450975894927979e-01
6.311072826385498047e+00
-9.542703628540039062e-01
-3.681759834289550781e+00
6.236808300018310547e+00
-3.354542970657348633e+00
-1.280342698097229004e+00
-2.034628629684448242e+00
5.466271400451660156e+00
8.088048696517944336e-01
-1.594365954399108887e+00
1.673321962356567383e+00
2.068881750106811523e+00
-3.551085293292999268e-01
3.647113084793090820e+00
4.165353298187255859e+00
-2.692029237747192383e+00
3.121904432773590088e-01
2.061296463012695312e+00
-3.810496091842651367e+00
4.763334751129150391e+00
2.869231224060058594e+00
-2.076171711087226868e-02
6.790918111801147461e-01
7.894044518470764160e-01
3.715780019760131836e+00
1.431667089462280273e+00
-7.017773389816284180e-01
4.224944114685058594e-01
-1.397582292556762695e+00
3.080904722213745117e+00
-1.128825426101684570e+00
-2.026837110519409180e+00
9.008405208587646484e-01
2.770628929138183594e+00
-2.668020248413085938e+00
8.164560049772262573e-02
-1.271449208259582520e+00
-5.268326997756958008e-01
7.090496420860290527e-01
1.878171801567077637e+00
-8.838751912117004395e-01
-3.806078672409057617e+00
-1.417420148849487305e+00
-9.406781792640686035e-01
2.958925008773803711e+00
4.998851776123046875e+00
4.630115509033203125e+00
2.746074676513671875e+00
-5.407428741455078125e+00
-2.254824161529541016e+00
-1.911482810974121094e-01
4.468250274658203125e+00
5.118811130523681641e+00
-3.318871021270751953e+00
2.785856246948242188e+00
2.350791823118925095e-03
-2.509360790252685547e+00
1.094534277915954590e+00
-2.981224536895751953e+00
4.005148887634277344e+00
-7.885941863059997559e-01
-4.939736723899841309e-01
2.665016651153564453e+00
8.015650510787963867e-01
-7.522036433219909668e-01
6.479235291481018066e-01
-5.127991437911987305e-01
-1.462430596351623535e+00
1.913271695375442505e-01
-4.754213690757751465e-01
-3.984651327133178711e+00
4.545071721076965332e-01
-3.974660634994506836e-01
-3.858987569808959961e+00
-1.104233190417289734e-01
-6.121067404747009277e-01
4.593572318553924561e-01
-3.124627590179443359e+00
4.903366088867187500e+00
-3.268180370330810547e+00
-4.785377502441406250e+00
4.403397560119628906e+00
-2.663041830062866211e+00
2.475652217864990234e+00
-3.235685586929321289e+00
2.202903032302856445e+00
-9.332597255706787109e-02
-2.017987966537475586e+00
4.965746879577636719e+00
1.944491267204284668e+00
-3.544022083282470703e+00
6.486583709716796875e+00
4.251318454742431641e+00
-1.293538331985473633e+00
-2.561992406845092773e+00
1.377050161361694336e+00
-2.818417787551879883e+00
1.387658596038818359e+00
-7.449856996536254883e-01
-2.004715442657470703e+00
7.507387995719909668e-01
4.845691323280334473e-01
1.875384926795959473e+00
3.667395710945129395e-01
-2.580029368400573730e-01
7.565189599990844727e-01
-5.782424211502075195e-01
5.085827350616455078e+00
-1.476730704307556152e-01
-2.759860992431640625e+00
9.085214734077453613e-01
-1.756335496902465820e+00
-3.565749168395996094e+00
5.641843676567077637e-01
-1.996020436286926270e+00
-1.102354526519775391e+00
