2.162342309951782227e+00
4.625293254852294922e+00
1.955958008766174316e+00
3.092035531997680664e+00
2.081342220306396484e+00
1.592179536819458008e+00
2.014907598495483398e+00
2.333396196365356445e+00
2.593297243118286133e+00
2.232308864593505859e+00
-3.680392503738403320e-01
1.521803498268127441e+00
-1.727296262979507446e-01
1.877409964799880981e-01
8.556111156940460205e-02
4.281954765319824219e-01
-8.156478404998779297e-01
-2.289240062236785889e-01
1.448191523551940918e+00
7.156765460968017578e-02
-2.160148620605468750e-01
2.588948421180248260e-02
-2.463761866092681885e-01
-2.883802652359008789e-01
-3.558136895298957825e-02
-1.119132712483406067e-01
8.587399870157241821e-02
-6.447222828865051270e-01
1.326538848876953125e+01
1.337146663665771484e+01
1.544931507110595703e+01
1.521906185150146484e+01
1.511875629425048828e+01
1.747574234008789062e+01
1.920134162902832031e+01
1.911631393432617188e+01
3.202753448486328125e+01
2.434137612581253052e-01
-1.539826393127441406e+00
5.733253806829452515e-02
-2.314742654561996460e-01
4.629083275794982910e-01
-1.075108349323272705e-01
1.960836499929428101e-01
3.395672142505645752e-02
-4.869167327880859375e+00
1.401206016540527344e+00
5.237561091780662537e-02
3.663253188133239746e-01
-7.931981682777404785e-01
3.621637225151062012e-01
-7.525672316551208496e-01
5.654307082295417786e-02
7.175621509552001953e+00
4.889375865459442139e-01
-1.928885579109191895e-01
-8.699378371238708496e-01
-7.220114581286907196e-03
-4.034168124198913574e-01
3.341397941112518311e-01
-1.051764369010925293e+00
-8.572893142700195312e-01
3.119477331638336182e-01
-1.061844080686569214e-02
-3.956000804901123047e-01
-4.438698291778564453e-01
-3.781585693359375000e-01
-1.268292665481567383e-01
-1.504545927047729492e+00
4.709590673446655273e-01
1.298349201679229736e-01
8.568266630172729492e-01
1.352629065513610840e+00
5.860424637794494629e-01
-1.195396184921264648e+00
2.280057191848754883e+00
-1.484488486312329769e-03
1.223541796207427979e-01
-3.661897659301757812e+00
3.524499759078025818e-02
-1.532529473304748535e+00
6.077279090881347656e+00
-8.494625240564346313e-02
7.437028884887695312e-01
6.627851724624633789e-02
-2.444573044776916504e-01
2.762345075607299805e-01
7.052198797464370728e-02
3.206257820129394531e-01
-1.851387768983840942e-01
1.413735933601856232e-02
-1.520295381546020508e+00
5.422423034906387329e-02
-3.733801096677780151e-02
-4.656105339527130127e-01
-1.038509830832481384e-01
-1.278626173734664917e-01
2.495112568140029907e-01
-1.907763242721557617e+00
2.318845391273498535e-01
2.338811159133911133e-01
2.793427556753158569e-02
-1.229668408632278442e-01
2.598334550857543945e-01
-5.938360467553138733e-02
-2.185796946287155151e-01
3.015634417533874512e-01
-1.063514277338981628e-01
-1.813240796327590942e-01
1.587000936269760132e-01
5.804973840713500977e-02
-1.481525659561157227e+00
4.612858891487121582e-01
1.948578655719757080e-01
5.913344770669937134e-02
1.372785717248916626e-01
6.551192402839660645e-01
2.534824609756469727e-01
1.465648859739303589e-01
3.776726722717285156e-01
-5.884713530540466309e-01
-4.203886091709136963e-01
-1.351727247238159180e-01
2.539681673049926758e+00
-4.578877389430999756e-01
8.763514161109924316e-01
-2.093767166137695312e+00
-1.462025940418243408e-01
7.372930645942687988e-01
-7.736770808696746826e-02
-9.291262924671173096e-02
2.800740003585815430e-01
1.527562439441680908e-01
2.541429996490478516e-01
-2.464045435190200806e-01
-6.897550821304321289e-01
-1.099032349884510040e-02
-5.253859329968690872e-03
2.011231631040573120e-01
-1.402215957641601562e-01
2.025956809520721436e-01
-9.284003078937530518e-02
1.521732509136199951e-01
3.615948438644409180e+00
2.765574306249618530e-02
6.882680952548980713e-02
1.572869867086410522e-01
1.185433045029640198e-01
1.938944607973098755e-01
-3.676858171820640564e-02
9.601156711578369141e-01
1.795509010553359985e-01
-1.154604717157781124e-03
2.271480560302734375e-01
4.048095345497131348e-01
4.010532796382904053e-01
8.263679146766662598e-01
2.255460619926452637e-01
1.078450605273246765e-01
-1.158435046672821045e-01
-5.373146012425422668e-02
-7.649255394935607910e-01
-6.989309191703796387e-01
-2.223491221666336060e-01
1.670477092266082764e-01
2.317193150520324707e-01
3.051938414573669434e-01
6.184182167053222656e-01
-1.733320951461791992e-02
3.343946337699890137e-01
-6.077501177787780762e-01
2.018474340438842773e+00
1.179319340735673904e-03
7.633035071194171906e-03
-6.833554711192846298e-03
-1.172602133010514081e-04
3.713965183123946190e-03
-7.912995293736457825e-03
-3.748988034203648567e-03
-6.601569242775440216e-03
-7.598607771797105670e-05
-3.146301605738699436e-04
-8.042043074965476990e-03
9.045648388564586639e-03
6.269278936088085175e-03
2.317841863259673119e-03
-3.838456002995371819e-03
1.004918245598673820e-03
-7.615349255502223969e-03
6.887638475745916367e-03
2.327094785869121552e-03
3.962966613471508026e-03
3.466535359621047974e-03
-4.221901763230562210e-03
6.338445469737052917e-03
-7.363249082118272781e-03
-7.189862662926316261e-04
-4.824905190616846085e-04
3.666928270831704140e-03
-4.639033693820238113e-03
-7.761070039123296738e-03
7.938564755022525787e-03
-9.339862503111362457e-03
6.257200730033218861e-04
8.989077061414718628e-03
-9.522136300802230835e-03
2.902675420045852661e-03
-2.227224875241518021e-03
1.150411088019609451e-03
8.978284895420074463e-03
3.266590181738138199e-03
-1.396359293721616268e-03
-8.422302082180976868e-03
-4.936072509735822678e-03
-3.079143818467855453e-03
3.833717433735728264e-03
-7.636464579263702035e-05
3.353633284568786621e-01
8.993185758590698242e-01
-2.146013259887695312e+00
6.565287113189697266e-01
