1.593510270118713379e+00
1.289259433746337891e+00
4.411008358001708984e+00
-1.486432433128356934e+00
-1.131520271301269531e-01
2.796730279922485352e+00
3.026620149612426758e+00
2.221815347671508789e+00
2.008492708206176758e+00
2.587517261505126953e+00
6.597705483436584473e-01
8.114979267120361328e-01
2.107399106025695801e-01
5.227853655815124512e-01
3.308465182781219482e-01
5.640420913696289062e-01
-1.841115951538085938e-01
2.436186969280242920e-01
3.895393013954162598e-01
6.275269389152526855e-02
-2.859887778759002686e-01
-8.813912272453308105e-01
2.320420444011688232e-01
-1.846789121627807617e-01
-1.996584683656692505e-01
-3.025274872779846191e-01
-3.902685642242431641e-01
1.311154216527938843e-01
-5.444203019142150879e-01
2.829040586948394775e-01
-1.871704459190368652e-01
-4.009946063160896301e-02
-2.725178003311157227e-01
-1.244218200445175171e-01
9.383562088012695312e+00
1.326331138610839844e+01
1.112740612030029297e+01
1.390254211425781250e+01
1.573973846435546875e+01
1.486217594146728516e+01
1.747642326354980469e+01
1.961870956420898438e+01
1.898703956604003906e+01
2.812623405456542969e+01
2.236759376525878906e+01
1.208665609359741211e+00
7.227540016174316406e-01
1.169882193207740784e-01
-1.138757109642028809e+00
-7.950494885444641113e-01
-1.183682903647422791e-01
3.906630277633666992e-01
-1.648810267448425293e+00
-4.822734594345092773e-01
-6.937100291252136230e-01
-2.303916215896606445e-02
-4.593678414821624756e-01
6.734594106674194336e-01
1.439012885093688965e+00
1.328161060810089111e-01
1.316992342472076416e-01
-1.036391377449035645e+00
-4.453244060277938843e-02
-3.284578621387481689e-01
-1.487829327583312988e+00
-1.069012641906738281e+00
3.834403753280639648e-01
1.506020307540893555e+00
-8.359421491622924805e-01
-5.073450207710266113e-01
3.040512502193450928e-01
1.165625810623168945e+00
-1.064572334289550781e+00
-1.824398994445800781e+00
1.210045695304870605e+00
3.292047977447509766e+00
7.148504257202148438e-01
-1.401212096214294434e+00
-8.959179520606994629e-01
7.686695456504821777e-01
-4.377203583717346191e-01
-4.420640468597412109e+00
-1.989724397659301758e+00
1.287302494049072266e+00
-7.890525460243225098e-01
-2.293142527341842651e-01
-5.111852288246154785e-01
1.151226282119750977e+00
1.116722226142883301e+00
-1.359285116195678711e+00
7.339302301406860352e-01
-6.155507564544677734e-01
1.751306802034378052e-01
-7.232233136892318726e-02
-1.274256587028503418e+00
2.104114294052124023e+00
1.412277579307556152e+00
-5.502006411552429199e-01
-6.022420525550842285e-01
1.897031545639038086e+00
1.350211381912231445e+00
1.148278832435607910e+00
-3.202049732208251953e-01
7.392777204513549805e-01
9.187611937522888184e-01
6.403023004531860352e-01
1.852044343948364258e+00
-2.627447366714477539e+00
4.464404106140136719e+00
-4.690458297729492188e+00
1.054872989654541016e+00
7.208315730094909668e-01
-1.872367560863494873e-01
3.506783843040466309e-01
-9.745325893163681030e-02
4.226261079311370850e-01
-1.018534004688262939e-01
3.477306962013244629e-01
-1.181101441383361816e+00
8.231471776962280273e-01
-1.990175619721412659e-02
-6.033728122711181641e-01
4.076800346374511719e-01
-7.519499957561492920e-02
-3.797086775302886963e-01
-1.445858627557754517e-01
-1.368311792612075806e-01
-1.725358366966247559e-01
3.902678489685058594e-01
3.096646070480346680e-01
4.562805294990539551e-01
-8.231271505355834961e-01
1.032894134521484375e+00
1.835889816284179688e-01
-9.231504201889038086e-01
-2.430619895458221436e-01
1.568241566419601440e-01
-5.253306627273559570e-01
2.825115993618965149e-02
3.771742880344390869e-01
2.263675481081008911e-01
-8.637214899063110352e-01
3.703097999095916748e-01
6.863170862197875977e-02
5.073964223265647888e-02
-1.893332242965698242e+00
-1.083788871765136719e+00
2.095584154129028320e+00
-1.144678115844726562e+00
8.248344063758850098e-01
2.178633064031600952e-01
2.678800821304321289e-01
1.848510950803756714e-01
4.136510193347930908e-01
1.236695289611816406e+00
8.904543519020080566e-01
8.886349201202392578e-01
-6.297124624252319336e-01
5.394893288612365723e-01
-5.045706033706665039e-01
1.814349740743637085e-02
3.619191646575927734e-01
4.613680243492126465e-01
6.437028944492340088e-02
2.192053645849227905e-01
-5.088365077972412109e-01
-1.204830408096313477e+00
1.710921078920364380e-01
5.587726235389709473e-01
5.947948694229125977e-01
-6.967617273330688477e-01
5.914704203605651855e-01
8.762018680572509766e-01
-3.820205330848693848e-01
6.425836086273193359e-01
1.539368033409118652e-01
1.570386171340942383e+00
-1.102475881576538086e+00
2.359990626573562622e-01
-2.309564650058746338e-01
7.192488908767700195e-01
-3.599928617477416992e-01
-9.002482518553733826e-03
-8.660622872412204742e-03
8.165081739425659180e-01
-4.679399728775024414e-01
7.039894461631774902e-01
7.817456126213073730e-01
2.112407088279724121e-01
-1.158965155482292175e-01
6.506025791168212891e-02
-1.421559043228626251e-02
2.143809199333190918e-01
6.288706660270690918e-01
-4.193721711635589600e-01
-3.158890902996063232e-01
4.115137457847595215e-01
6.294911503791809082e-01
-9.181730151176452637e-01
3.091065771877765656e-02
5.385802984237670898e-01
4.007493555545806885e-01
2.901624441146850586e-01
-2.924832403659820557e-01
4.414868354797363281e-01
1.914298385381698608e-01
2.721199393272399902e-01
-3.963706195354461670e-01
-7.390922307968139648e-01
4.692418277263641357e-01
1.881766170263290405e-01
1.250029325485229492e+00
1.064302206039428711e+00
-1.170621633529663086e+00
1.555362224578857422e+00
-7.563469409942626953e-01
1.845251768827438354e-02
-3.641708791255950928e-01
7.067720890045166016e-01
-3.551641106605529785e-01
-1.306343317031860352e+00
-7.692002058029174805e-01
-5.416513681411743164e-01
7.645773887634277344e-01
-7.304133474826812744e-02
5.546781420707702637e-01
5.414938926696777344e-01
-6.728026270866394043e-01
-7.586011886596679688e-01
-1.071804165840148926e-01
7.850163429975509644e-02
-6.733908653259277344e-01
1.873896598815917969e+00
-8.266846090555191040e-02
-5.748675465583801270e-01
5.538242459297180176e-01
6.598461866378784180e-01
-2.511847615242004395e-01
1.669166237115859985e-02
8.612232208251953125e-01
-1.638741016387939453e+00
-1.499980222433805466e-02
-2.002813339233398438e+00
8.186033368110656738e-01
8.300443291664123535e-01
7.462446093559265137e-01
3.247079849243164062e-01
5.230518803000450134e-02
7.159665226936340332e-01
5.151013731956481934e-01
9.860395789146423340e-01
1.246217414736747742e-01
6.001173257827758789e-01
4.487273097038269043e-01
7.120685577392578125e-01
5.908375605940818787e-02
8.456232547760009766e-01
9.823235273361206055e-01
2.613763511180877686e-01
5.220126509666442871e-01
7.369996309280395508e-01
5.998330116271972656e-01
9.224532246589660645e-01
8.384577184915542603e-02
9.251078367233276367e-01
4.970253705978393555e-01
9.292340278625488281e-01
2.921423129737377167e-02
4.920975491404533386e-02
3.423419296741485596e-01
9.918520450592041016e-01
5.785964429378509521e-02
4.754703044891357422e-01
2.842012643814086914e-01
3.222229480743408203e-01
1.138801276683807373e-01
6.883169412612915039e-01
9.724044203758239746e-01
7.266399264335632324e-01
4.662514925003051758e-01
9.044029116630554199e-01
9.041975438594818115e-02
3.152150213718414307e-01
2.339268028736114502e-01
5.054780840873718262e-01
4.964467287063598633e-01
7.040901780128479004e-01
4.155316948890686035e-01
6.451206803321838379e-01
4.767913222312927246e-01
9.893952608108520508e-01
6.853263974189758301e-01
9.606264233589172363e-01
1.974370330572128296e-01
9.156749248504638672e-01
1.236714571714401245e-01
1.610098332166671753e-01
4.902241826057434082e-01
2.545621395111083984e-01
5.254388451576232910e-01
2.248483896255493164e-01
7.240070700645446777e-01
7.475813627243041992e-01
5.161922052502632141e-02
5.180360078811645508e-01
6.688812375068664551e-01
4.687453508377075195e-01
8.497249484062194824e-01
6.739470362663269043e-01
8.212611675262451172e-01
7.048818469047546387e-01
-1.506072282791137695e+00
5.718235969543457031e-01
