1.685033798217773438e+00
1.681694865226745605e+00
4.541835784912109375e+00
4.816082119941711426e-01
9.581642150878906250e-01
3.383254051208496094e+00
2.092192173004150391e+00
2.227137088775634766e+00
1.784672260284423828e+00
2.044715881347656250e+00
1.280068397521972656e+00
1.606484532356262207e+00
2.424950152635574341e-01
9.744207561016082764e-02
6.175811216235160828e-02
-2.159077674150466919e-01
-1.481100618839263916e-01
6.646593809127807617e-01
5.402693748474121094e-01
-3.028011918067932129e-01
-7.397183179855346680e-01
5.558989644050598145e-01
4.524648785591125488e-01
-9.338728268630802631e-04
-3.236134946346282959e-01
-5.634138360619544983e-02
2.308548539876937866e-01
-9.374934434890747070e-02
-6.997336149215698242e-01
4.217509627342224121e-01
-2.335833907127380371e-01
1.690477728843688965e-01
-3.358310321345925331e-03
8.777257800102233887e-02
1.020015907287597656e+01
1.326795387268066406e+01
1.343400192260742188e+01
1.392616748809814453e+01
1.546267032623291016e+01
1.483646678924560547e+01
1.734677124023437500e+01
1.942202568054199219e+01
1.920409011840820312e+01
1.916102790832519531e+01
1.894495201110839844e+01
1.306798815727233887e+00
-1.895954161882400513e-01
1.128860831260681152e+00
-7.718443274497985840e-01
-8.499449118971824646e-03
8.308656215667724609e-01
-1.243508934974670410e+00
-1.640827953815460205e-02
1.794551968574523926e+00
-9.980472326278686523e-01
-6.459239721298217773e-01
-7.238436937332153320e-01
-1.682203561067581177e-01
3.910192847251892090e-01
-9.018623083829879761e-02
-1.180472522974014282e-01
-2.809217274188995361e-01
6.147308275103569031e-02
2.780626118183135986e-01
-5.350437164306640625e-01
1.473507843911647797e-02
2.298217415809631348e-01
-1.410927534103393555e+00
-2.177975177764892578e-01
6.489924788475036621e-01
4.287749528884887695e-01
7.814179360866546631e-02
-3.046406805515289307e-02
4.631146192550659180e-01
-3.079832904040813446e-02
2.875561714172363281e+00
4.576849341392517090e-01
-6.905453801155090332e-01
-4.581933617591857910e-01
-1.967091262340545654e-01
1.214154005050659180e+00
-1.413032531738281250e+00
-4.682933539152145386e-02
4.354932904243469238e-01
-5.986559987068176270e-01
-4.305889308452606201e-01
-8.499156236648559570e-01
8.937900066375732422e-01
-5.536830425262451172e-01
2.665055096149444580e-01
-3.799410909414291382e-02
3.251458331942558289e-02
-3.154804408550262451e-01
-1.996865868568420410e+00
6.191708445549011230e-01
3.264947831630706787e-01
9.080258607864379883e-01
3.641381859779357910e-01
-5.489305257797241211e-01
8.262448310852050781e-01
-6.522710919380187988e-01
1.466711163520812988e+00
4.125764593482017517e-03
-1.194715946912765503e-01
-1.390655338764190674e-01
2.573172569274902344e+00
-3.433523654937744141e+00
8.199901133775711060e-02
-8.020555973052978516e-01
2.330079555511474609e+00
-1.246070027351379395e+00
3.923492133617401123e-01
3.175892829895019531e-01
1.624589860439300537e-01
-1.524305194616317749e-01
2.276731282472610474e-01
-1.303364783525466919e-01
-1.252232491970062256e-01
1.219259873032569885e-01
1.888656020164489746e-01
-7.111341506242752075e-02
1.501532178372144699e-02
4.838909506797790527e-01
2.322885096073150635e-01
6.679300963878631592e-02
-7.441223133355379105e-03
-1.828186362981796265e-01
-5.975447222590446472e-02
5.677127242088317871e-01
6.173185706138610840e-01
-2.147691994905471802e-01
-7.652717828750610352e-02
1.828321814537048340e-01
-6.357504725456237793e-01
-3.718360364437103271e-01
7.464370727539062500e-01
-2.027536332607269287e-01
1.488440185785293579e-01
-9.351137280464172363e-01
7.402035593986511230e-02
9.036771655082702637e-01
-7.965699434280395508e-01
2.483393251895904541e-01
5.344890356063842773e-01
2.358235120773315430e-01
-2.818771302700042725e-01
1.224363371729850769e-01
1.531248390674591064e-01
-4.372179210186004639e-01
8.714134097099304199e-01
-1.537673622369766235e-01
-3.235307708382606506e-02
2.381804436445236206e-01
3.651671707630157471e-01
-1.565206497907638550e-01
-5.772191658616065979e-02
-4.342405498027801514e-02
-5.050225257873535156e-01
4.668515324592590332e-01
-1.218057274818420410e-01
-4.343382418155670166e-01
-2.611703574657440186e-01
1.214478835463523865e-01
-1.244162954390048981e-02
6.183621883392333984e-01
-5.693882107734680176e-01
2.728112637996673584e-01
1.711786240339279175e-01
4.893254861235618591e-02
-4.472526311874389648e-01
9.509084373712539673e-02
9.133217930793762207e-01
-1.929142922163009644e-01
-5.453961491584777832e-01
-2.173787057399749756e-01
3.977825045585632324e-01
5.074607729911804199e-01
-6.760247349739074707e-01
-3.598236143589019775e-01
8.897584676742553711e-02
1.842812597751617432e-01
1.369327679276466370e-02
3.226903676986694336e-01
8.229477405548095703e-01
3.833119571208953857e-01
-8.932776451110839844e-01
6.881401538848876953e-01
-3.857956528663635254e-01
2.365877628326416016e-01
-3.450949192047119141e-01
-1.313110888004302979e-01
-1.346802413463592529e-01
4.080414772033691406e-02
1.256746947765350342e-01
-2.467224448919296265e-01
-3.346298038959503174e-01
3.613746464252471924e-01
2.518309839069843292e-02
3.594915568828582764e-01
-3.486042097210884094e-02
-3.453457057476043701e-01
6.014553904533386230e-01
2.570363506674766541e-02
-2.375465035438537598e-01
-6.988714337348937988e-01
-5.591421723365783691e-01
9.850113987922668457e-01
-7.716991901397705078e-01
-1.892256140708923340e-01
-1.669535487890243530e-01
1.509665846824645996e-01
-2.219313383102416992e-01
2.315017133951187134e-01
1.929002553224563599e-01
4.091225273441523314e-04
-6.260744929313659668e-01
3.877913951873779297e-01
-2.322525382041931152e-01
1.850583851337432861e-01
-8.442361652851104736e-02
2.477778820320963860e-03
1.001470759510993958e-01
3.756849765777587891e-01
4.336422681808471680e-01
3.335073590278625488e-01
7.776924222707748413e-02
4.969031810760498047e-01
1.522425711154937744e-01
-2.283349186182022095e-01
-1.307766437530517578e-01
-2.957420349121093750e-01
-1.127030141651630402e-02
-1.792983859777450562e-01
-4.021313488483428955e-01
-1.711306273937225342e-01
-2.236876189708709717e-01
3.928648233413696289e-01
5.724062323570251465e-01
1.354958415031433105e+00
-7.877079844474792480e-01
5.931040644645690918e-01
-3.685009181499481201e-01
5.079053044319152832e-01
8.186033368110656738e-01
8.300443291664123535e-01
7.462446093559265137e-01
3.247079849243164062e-01
5.230518803000450134e-02
7.159665226936340332e-01
5.151013731956481934e-01
9.860395789146423340e-01
1.246217414736747742e-01
6.001173257827758789e-01
4.487273097038269043e-01
7.120685577392578125e-01
5.908375605940818787e-02
8.456232547760009766e-01
9.823235273361206055e-01
2.613763511180877686e-01
5.220126509666442871e-01
7.369996309280395508e-01
5.998330116271972656e-01
9.224532246589660645e-01
8.384577184915542603e-02
9.251078367233276367e-01
4.970253705978393555e-01
9.292340278625488281e-01
2.921423129737377167e-02
4.920975491404533386e-02
3.423419296741485596e-01
9.918520450592041016e-01
5.785964429378509521e-02
4.754703044891357422e-01
2.842012643814086914e-01
3.222229480743408203e-01
1.138801276683807373e-01
6.883169412612915039e-01
9.724044203758239746e-01
7.266399264335632324e-01
4.662514925003051758e-01
9.044029116630554199e-01
9.041975438594818115e-02
3.152150213718414307e-01
2.339268028736114502e-01
5.054780840873718262e-01
4.964467287063598633e-01
7.040901780128479004e-01
4.155316948890686035e-01
6.451206803321838379e-01
4.767913222312927246e-01
9.893952608108520508e-01
6.853263974189758301e-01
9.606264233589172363e-01
1.974370330572128296e-01
9.156749248504638672e-01
1.236714571714401245e-01
1.610098332166671753e-01
4.902241826057434082e-01
2.545621395111083984e-01
5.254388451576232910e-01
2.248483896255493164e-01
7.240070700645446777e-01
7.475813627243041992e-01
5.161922052502632141e-02
5.180360078811645508e-01
6.688812375068664551e-01
4.687453508377075195e-01
8.497249484062194824e-01
6.739470362663269043e-01
9.515100717544555664e-01
9.579058289527893066e-01
-1.680187582969665527e+00
6.330267190933227539e-01
