1.639019131660461426e+00
1.696291923522949219e+00
4.488649368286132812e+00
-3.952341079711914062e-01
9.501767158508300781e-01
2.976147174835205078e+00
2.712043523788452148e+00
2.184275627136230469e+00
1.384080171585083008e+00
2.286702871322631836e+00
6.446055173873901367e-01
2.111171960830688477e+00
7.969355583190917969e-02
2.433080822229385376e-01
-6.900023669004440308e-03
1.724920272827148438e-01
-2.881978154182434082e-01
6.648765206336975098e-01
3.487558364868164062e-01
-2.911778688430786133e-01
-8.378108739852905273e-01
4.583710432052612305e-02
6.010804772377014160e-01
-7.016668468713760376e-02
-2.082035541534423828e-01
-6.763079017400741577e-02
1.991275697946548462e-03
5.848380178213119507e-02
-6.735725998878479004e-01
4.286780953407287598e-01
-2.730357348918914795e-01
7.668160647153854370e-02
-1.862615942955017090e-01
-1.184270135127007961e-03
1.019757747650146484e+01
1.326189804077148438e+01
1.125983238220214844e+01
1.358568382263183594e+01
1.558894252777099609e+01
1.490615844726562500e+01
1.733551788330078125e+01
1.972086334228515625e+01
1.889145278930664062e+01
2.429880332946777344e+01
1.928647804260253906e+01
1.391587376594543457e+00
5.560632422566413879e-02
3.357189595699310303e-01
-1.809621572494506836e+00
-2.703589498996734619e-01
8.290052413940429688e-01
-1.022846341133117676e+00
-1.000190615653991699e+00
2.075561046600341797e+00
-1.695533275604248047e+00
-6.543797850608825684e-01
-8.022732138633728027e-01
6.594017148017883301e-01
2.727941870689392090e-01
1.591891497373580933e-01
2.065270440652966499e-03
-8.233718276023864746e-01
-8.916511386632919312e-02
3.528141379356384277e-01
-5.640385746955871582e-01
-1.174582988023757935e-01
-7.858485579490661621e-01
-1.652801394462585449e+00
-7.849990725517272949e-01
-2.462986260652542114e-01
-9.280421584844589233e-02
-2.691017091274261475e-01
6.735827922821044922e-01
3.594829142093658447e-01
-5.725693106651306152e-01
3.699535131454467773e+00
8.661971092224121094e-01
-1.101441264152526855e+00
-6.646324992179870605e-01
2.297865301370620728e-01
-7.820430397987365723e-02
4.957070350646972656e-01
-7.926075458526611328e-01
8.614039421081542969e-01
-5.470007658004760742e-01
-5.318772196769714355e-01
-5.778324007987976074e-01
1.660665035247802734e+00
4.664736390113830566e-01
-1.891893893480300903e-01
4.267684742808341980e-02
2.739378809928894043e-01
-7.108649611473083496e-01
-1.738843560218811035e+00
1.451552063226699829e-01
3.443297743797302246e-01
1.382673382759094238e+00
-8.518104255199432373e-02
-8.687016367912292480e-01
1.353894770145416260e-01
6.169475615024566650e-02
1.709271788597106934e+00
7.448474317789077759e-02
-9.472855925559997559e-02
3.895219266414642334e-01
2.010620355606079102e+00
-3.742772340774536133e+00
-1.060439705848693848e+00
-4.415137767791748047e+00
2.115267276763916016e+00
-3.711370751261711121e-02
1.030645489692687988e+00
3.668384850025177002e-01
1.039046049118041992e+00
-1.945042908191680908e-01
7.261823415756225586e-01
-6.441486477851867676e-01
-7.149204015731811523e-01
-2.036547288298606873e-02
3.202695250511169434e-01
-8.482644557952880859e-01
3.999058902263641357e-01
5.238822102546691895e-01
4.445100203156471252e-02
9.343574196100234985e-02
-2.027301490306854248e-01
4.892514646053314209e-02
4.034963622689247131e-02
2.676958441734313965e-01
6.284901499748229980e-01
2.676065778359770775e-03
-3.128804266452789307e-02
-1.779848523437976837e-02
-1.877340435981750488e+00
-5.276741981506347656e-01
3.594212532043457031e-01
3.669284582138061523e-01
-8.677984476089477539e-01
-7.352975010871887207e-01
2.101373970508575439e-01
3.149473965167999268e-01
-1.188288927078247070e+00
-1.583422422409057617e-01
4.975943863391876221e-01
1.402834951877593994e-01
-2.705927789211273193e-01
-2.797721326351165771e-01
-8.665989041328430176e-01
-4.097672402858734131e-01
1.003719449043273926e+00
1.210619732737541199e-01
-2.228579074144363403e-01
3.731361925601959229e-01
4.116186499595642090e-01
1.366694331169128418e+00
2.014586031436920166e-01
5.821130275726318359e-01
-4.821862578392028809e-01
2.169562280178070068e-01
-3.415632247924804688e-01
-1.083407402038574219e+00
-1.509713679552078247e-01
1.345380395650863647e-01
-1.519948840141296387e-01
2.773624360561370850e-01
-3.880638182163238525e-01
1.332984417676925659e-01
6.450546979904174805e-01
8.366662263870239258e-01
-6.232670322060585022e-02
-6.990340352058410645e-01
1.889582157135009766e+00
1.066825032234191895e+00
-1.262998461723327637e+00
-1.655381083488464355e+00
-9.362555146217346191e-01
7.888737320899963379e-01
-9.586080312728881836e-01
-1.575732380151748657e-01
-1.796466261148452759e-01
4.029473662376403809e-01
-7.113749980926513672e-01
4.183358848094940186e-01
6.760576963424682617e-01
8.209850192070007324e-01
-7.181357741355895996e-01
6.634382605552673340e-01
-3.623358011245727539e-01
1.624627709388732910e-01
-2.891150116920471191e-01
-5.490856617689132690e-02
-2.410738170146942139e-02
3.559079766273498535e-02
2.022531032562255859e-01
-9.162650257349014282e-02
-3.984442651271820068e-01
5.415186285972595215e-01
-7.146349549293518066e-02
1.296349912881851196e-01
1.342184901237487793e+00
-3.161562234163284302e-02
4.935299456119537354e-01
-3.802962601184844971e-01
-7.196698784828186035e-01
4.564042687416076660e-01
4.995963871479034424e-01
7.035253047943115234e-01
-7.113946080207824707e-01
-3.848277032375335693e-02
-1.465219259262084961e-01
-4.290270060300827026e-02
3.633117675781250000e-01
5.608575940132141113e-01
8.787715435028076172e-01
3.540247306227684021e-02
-7.230932116508483887e-01
-1.216127164661884308e-02
-9.631518274545669556e-02
3.203498721122741699e-01
-3.457157909870147705e-01
-1.106719374656677246e+00
1.129329279065132141e-01
5.461052432656288147e-02
4.682404398918151855e-01
-4.816727712750434875e-02
4.507569372653961182e-01
1.203270554542541504e+00
4.808482229709625244e-01
-1.139885932207107544e-01
1.051155664026737213e-02
-5.886088609695434570e-01
-7.048394083976745605e-01
1.701154410839080811e-01
-2.318225651979446411e-01
-4.661651849746704102e-01
2.376029789447784424e-01
2.046843059360980988e-02
-4.567540585994720459e-01
4.490219354629516602e-01
3.940712809562683105e-01
-4.405214786529541016e-01
5.480661392211914062e-01
5.987272858619689941e-01
8.186033368110656738e-01
8.300443291664123535e-01
7.462446093559265137e-01
3.247079849243164062e-01
5.230518803000450134e-02
7.159665226936340332e-01
5.151013731956481934e-01
9.860395789146423340e-01
1.246217414736747742e-01
6.001173257827758789e-01
4.487273097038269043e-01
7.120685577392578125e-01
5.908375605940818787e-02
8.456232547760009766e-01
9.823235273361206055e-01
2.613763511180877686e-01
5.220126509666442871e-01
7.369996309280395508e-01
5.998330116271972656e-01
9.224532246589660645e-01
8.384577184915542603e-02
9.251078367233276367e-01
4.970253705978393555e-01
9.292340278625488281e-01
2.921423129737377167e-02
4.920975491404533386e-02
3.423419296741485596e-01
9.918520450592041016e-01
5.785964429378509521e-02
4.754703044891357422e-01
2.842012643814086914e-01
3.222229480743408203e-01
1.138801276683807373e-01
6.883169412612915039e-01
9.724044203758239746e-01
7.266399264335632324e-01
4.662514925003051758e-01
9.044029116630554199e-01
9.041975438594818115e-02
3.152150213718414307e-01
2.339268028736114502e-01
5.054780840873718262e-01
4.964467287063598633e-01
7.040901780128479004e-01
4.155316948890686035e-01
6.451206803321838379e-01
4.767913222312927246e-01
9.893952608108520508e-01
6.853263974189758301e-01
9.606264233589172363e-01
1.974370330572128296e-01
9.156749248504638672e-01
1.236714571714401245e-01
1.610098332166671753e-01
4.902241826057434082e-01
2.545621395111083984e-01
5.254388451576232910e-01
2.248483896255493164e-01
7.240070700645446777e-01
7.475813627243041992e-01
5.161922052502632141e-02
5.180360078811645508e-01
6.688812375068664551e-01
4.687453508377075195e-01
8.497249484062194824e-01
6.739470362663269043e-01
1.064163327217102051e+00
8.969730734825134277e-01
-1.586148262023925781e+00
5.785241127014160156e-01
