1.633363342285156250e+01
7.582579612731933594e+00
7.800137996673583984e+00
1.619962310791015625e+01
1.600323486328125000e+01
1.834586143493652344e+01
8.794388771057128906e+00
7.127534866333007812e+00
1.544471645355224609e+01
1.711353492736816406e+01
6.401910305023193359e+00
9.491419792175292969e+00
1.713280677795410156e+01
3.144184350967407227e+00
5.161123752593994141e+00
3.491024732589721680e+00
-1.651916861534118652e+00
3.213129758834838867e+00
-3.557918310165405273e+00
-3.123077869415283203e+00
2.031887531280517578e+00
2.476702481508255005e-01
3.583240509033203125e+00
6.659883499145507812e+00
-4.837556362152099609e+00
-7.378838658332824707e-01
2.004833936691284180e+00
2.950172185897827148e+00
-5.079977989196777344e+00
-1.091765522956848145e+00
-2.501439094543457031e+00
-1.009931850433349609e+01
4.252954721450805664e-01
2.255500316619873047e+00
-1.284166908264160156e+01
5.977796077728271484e+00
-6.609926223754882812e+00
-3.276484251022338867e+00
6.404990196228027344e+00
1.211381721496582031e+01
-7.983183264732360840e-01
3.038931369781494141e+00
-6.252506732940673828e+00
-3.284023284912109375e+00
-6.857385158538818359e+00
-9.337369918823242188e+00
-4.966342151165008545e-01
2.754485607147216797e+00
5.246662616729736328e+00
6.511748790740966797e+00
9.346735477447509766e-01
-3.066652119159698486e-01
6.493024349212646484e+00
-3.829708099365234375e+00
2.771351099014282227e+00
4.706337451934814453e+00
5.920545578002929688e+00
-8.503166198730468750e+00
-1.946606278419494629e+00
4.316794872283935547e+00
4.631396770477294922e+00
-5.470791339874267578e+00
2.167184591293334961e+00
-5.297453999519348145e-01
-1.053690984845161438e-01
-4.916668415069580078e+00
-6.257754802703857422e+00
1.573128342628479004e+00
-1.998678222298622131e-02
3.154244899749755859e+00
-1.151111721992492676e+00
2.221843004226684570e+00
7.986007690429687500e+00
4.625661849975585938e+00
-1.855803132057189941e+00
-3.818000793457031250e+00
-2.560390532016754150e-01
-7.126220226287841797e+00
7.307799339294433594e+00
2.779124021530151367e+00
-1.567167997360229492e+00
7.919132232666015625e+00
2.533720254898071289e+00
3.892658710479736328e+00
1.023340034484863281e+01
1.776344776153564453e+00
3.388353586196899414e+00
4.075873374938964844e+00
1.072387599945068359e+01
2.366210699081420898e+00
-5.950401782989501953e+00
-4.779930114746093750e+00
-4.656590461730957031e+00
2.754665851593017578e+00
5.020215988159179688e+00
1.054114532470703125e+01
-8.372243881225585938e+00
-9.249263405799865723e-01
5.829446315765380859e-01
6.026446819305419922e+00
6.952394485473632812e+00
-9.543551802635192871e-01
4.110165119171142578e+00
2.438622951507568359e+00
-5.093347072601318359e+00
7.194093465805053711e-01
6.536988258361816406e+00
-1.319310665130615234e+00
2.592883825302124023e+00
-2.118726015090942383e+00
4.303188323974609375e+00
5.278994441032409668e-01
-1.671205759048461914e-01
8.334061503410339355e-01
1.342710256576538086e+00
3.835461378097534180e+00
-5.743064880371093750e+00
-2.462696582078933716e-01
5.910192966461181641e+00
1.531434416770935059e+00
-2.682998180389404297e+00
-4.915863037109375000e+00
3.559935688972473145e-01
-3.664367198944091797e+00
-2.017326593399047852e+00
7.784113883972167969e+00
6.842816352844238281e+00
3.769073247909545898e+00
4.002425670623779297e+00
-1.620147943496704102e+00
-2.250656843185424805e+00
1.073615360260009766e+01
1.398103237152099609e+00
7.537211775779724121e-01
6.658780574798583984e+00
-8.315665125846862793e-01
-2.373972892761230469e+00
-3.327502250671386719e+00
3.927798509597778320e+00
1.815654039382934570e+00
3.971660375595092773e+00
-5.402413368225097656e+00
-4.134241938591003418e-01
-3.105427503585815430e+00
3.965014696121215820e+00
-9.925398826599121094e-01
-2.898307323455810547e+00
-8.969963341951370239e-02
8.055473327636718750e+00
-3.419914960861206055e+00
-3.371046066284179688e+00
-4.286059856414794922e+00
1.182439208030700684e+00
5.411260128021240234e+00
2.030241489410400391e+00
-2.693567991256713867e+00
5.268048763275146484e+00
-4.175994873046875000e+00
-6.101866960525512695e-01
-8.823962807655334473e-01
7.283015251159667969e-01
-6.330814957618713379e-01
-1.108415246009826660e+00
-2.731452226638793945e+00
1.413697719573974609e+00
8.113508820533752441e-01
-9.194630384445190430e-02
-5.249684333801269531e+00
3.162000894546508789e+00
-8.446961402893066406e+00
1.322013258934020996e+00
2.087939262390136719e+00
2.939001798629760742e+00
5.477220535278320312e+00
-6.023362159729003906e+00
-5.885762691497802734e+00
-1.304401516914367676e+00
5.186618804931640625e+00
-2.780868768692016602e+00
-2.999762773513793945e+00
2.905440330505371094e+00
-3.624444901943206787e-01
6.558502674102783203e+00
-2.453547716140747070e-01
-3.686751723289489746e-01
-7.514109015464782715e-01
1.284545779228210449e+00
-4.139188766479492188e+00
1.717719554901123047e+00
-5.928607463836669922e+00
2.127988576889038086e+00
4.640021800994873047e+00
-4.178580284118652344e+00
3.098619937896728516e+00
-1.593581080436706543e+00
-1.103590615093708038e-02
1.763507723808288574e+00
2.190948009490966797e+00
4.064192771911621094e-01
3.734436333179473877e-01
2.447906017303466797e+00
-3.503304123878479004e-01
-6.294796466827392578e-01
1.275379896163940430e+00
-1.220972180366516113e+00
-1.048220038414001465e+00
1.322987675666809082e+00
-8.416161537170410156e-01
-2.177848100662231445e+00
-3.773216009140014648e-01
3.715155601501464844e+00
-2.875786125659942627e-01
3.709918022155761719e+00
5.179270505905151367e-01
-4.542685985565185547e+00
1.624742746353149414e+00
4.796635627746582031e+00
4.222980022430419922e+00
-4.901549965143203735e-02
5.861124038696289062e+00
4.003715515136718750e+00
2.156425714492797852e-01
-3.780695796012878418e-01
-3.598645448684692383e+00
3.943262338638305664e+00
6.306956410408020020e-01
1.706934690475463867e+00
-1.097270369529724121e+00
-7.599627971649169922e-01
2.826353073120117188e+00
3.465012073516845703e+00
9.228137880563735962e-02
2.068242073059082031e+00
-8.406536579132080078e-01
-2.148075342178344727e+00
4.006621837615966797e+00
-1.264102339744567871e+00
7.237087488174438477e-01
2.210998535156250000e+00
2.455967664718627930e+00
-7.647288441658020020e-01
-3.205843269824981689e-01
4.988488197326660156e+00
8.118181675672531128e-02
2.860695600509643555e+00
1.412865400314331055e+00
3.111902475357055664e+00
-3.974247217178344727e+00
8.911414146423339844e-01
6.006865501403808594e-01
6.924391388893127441e-01
-1.674231529235839844e+00
2.447413682937622070e+00
-2.248162776231765747e-01
1.336301803588867188e+00
4.459168314933776855e-01
-3.630382537841796875e+00
5.846368670463562012e-01
-2.744802951812744141e+00
4.196896076202392578e+00
-3.598574399948120117e+00
-1.066600203514099121e+00
2.976252317428588867e+00
3.067146301269531250e+00
2.476492881774902344e+00
-3.326662063598632812e+00
1.621187329292297363e+00
2.848963022232055664e+00
2.722626686096191406e+00
-3.971801996231079102e-01
-4.683369159698486328e+00
1.173901200294494629e+00
-9.128617644309997559e-01
1.411063671112060547e+00
2.628864049911499023e+00
-1.947862744331359863e+00
2.444241523742675781e+00
-1.831180304288864136e-01
-2.666668891906738281e+00
-8.670474886894226074e-01
-2.493737697601318359e+00
2.898431539535522461e+00
6.469348669052124023e-01
-4.180589199066162109e+00
4.044083118438720703e+00
1.595532894134521484e+00
1.777587771415710449e+00
