1.096232986450195312e+01
1.921972084045410156e+01
8.512833595275878906e+00
1.789624786376953125e+01
5.194125175476074219e+00
1.008454608917236328e+01
1.544462966918945312e+01
1.639062309265136719e+01
1.600768661499023438e+01
1.564795017242431641e+01
1.693001556396484375e+01
1.124318313598632812e+01
1.280630779266357422e+01
1.608269882202148438e+01
1.166547584533691406e+01
6.674383163452148438e+00
3.197158336639404297e+00
-1.686916589736938477e+00
1.019274044036865234e+01
1.019525051116943359e+01
-3.519514560699462891e+00
-3.610220193862915039e+00
-8.083038330078125000e-01
1.297810935974121094e+01
4.966091156005859375e+00
3.422962188720703125e+00
-9.281147003173828125e+00
2.075468778610229492e+00
-9.825651168823242188e+00
-1.044594645500183105e+00
3.021948814392089844e+00
-9.884710311889648438e+00
9.027596116065979004e-01
2.869671821594238281e+00
1.158861446380615234e+01
-9.819826126098632812e+00
-1.427917838096618652e+00
-1.573797583580017090e+00
5.656835079193115234e+00
7.552818655967712402e-01
6.823232173919677734e+00
4.169455528259277344e+00
-5.882607460021972656e+00
7.360367774963378906e+00
4.788969039916992188e+00
4.981325626373291016e+00
2.233273506164550781e+00
-7.347870349884033203e+00
1.050663185119628906e+01
-3.453379392623901367e+00
-1.066963315010070801e+00
1.265794277191162109e+00
-9.485225677490234375e+00
5.922352313995361328e+00
7.153306007385253906e+00
-5.650879383087158203e+00
4.829319477081298828e+00
4.158223628997802734e+00
4.846582412719726562e-01
-4.371334075927734375e+00
-5.161037445068359375e+00
-5.351837158203125000e+00
4.270913124084472656e+00
6.899345874786376953e+00
-6.371721267700195312e+00
7.977117538452148438e+00
2.937615871429443359e+00
-8.647673606872558594e+00
6.271071910858154297e+00
-8.395407676696777344e+00
-5.413774967193603516e+00
-4.146233081817626953e+00
1.475537776947021484e+00
-5.025520324707031250e+00
6.093796730041503906e+00
2.472026109695434570e+00
1.061705827713012695e+00
-4.412853717803955078e+00
9.084476470947265625e+00
3.229862451553344727e+00
4.843236923217773438e+00
-5.774952769279479980e-01
2.010926008224487305e-01
-3.663232326507568359e+00
5.514101386070251465e-01
-4.545616149902343750e+00
-1.376921272277832031e+01
1.316213703155517578e+01
-5.003856182098388672e+00
6.745351314544677734e+00
8.472807884216308594e+00
-3.267707109451293945e+00
6.058810710906982422e+00
-5.225821018218994141e+00
3.967550992965698242e+00
1.480570793151855469e+00
7.815691947937011719e+00
4.984507560729980469e+00
2.295402050018310547e+00
-8.940109014511108398e-01
5.587099075317382812e+00
1.480850458145141602e+00
-2.582814693450927734e+00
4.361745834350585938e+00
2.509954929351806641e+00
-1.046857595443725586e+00
7.442554086446762085e-02
1.842759013175964355e+00
-3.840442180633544922e+00
7.642588138580322266e+00
-9.704615592956542969e+00
-1.113777399063110352e+00
8.737003326416015625e+00
8.907182693481445312e+00
6.202682018280029297e+00
1.171595931053161621e+00
1.607872366905212402e+00
-5.513123512268066406e+00
-6.111766815185546875e+00
1.204355478286743164e+00
6.577171325683593750e+00
7.726988315582275391e+00
6.989838600158691406e+00
-1.079467296600341797e+00
-6.121020317077636719e+00
4.043830871582031250e+00
-1.036656379699707031e+00
7.097875595092773438e+00
-5.760383129119873047e+00
-1.128373050689697266e+01
-7.442681193351745605e-01
-1.969685196876525879e+00
4.508604526519775391e+00
7.500802040100097656e+00
6.846047878265380859e+00
-7.088396549224853516e-01
3.306201457977294922e+00
-3.398355484008789062e+00
1.054739117622375488e+00
-4.504895687103271484e+00
-2.217135906219482422e+00
-7.037867546081542969e+00
6.816600561141967773e-01
-3.770539760589599609e-01
1.155213236808776855e+00
8.276755213737487793e-01
2.769718170166015625e+00
-3.989037990570068359e+00
5.724367618560791016e+00
-5.321859836578369141e+00
-4.686032772064208984e+00
-4.507170677185058594e+00
1.346719503402709961e+00
2.197235822677612305e+00
-1.111111521720886230e+00
1.617971509695053101e-01
1.328803412616252899e-02
-2.504601478576660156e+00
-5.146379470825195312e-01
-3.120246887207031250e+00
-4.242243289947509766e+00
5.287751674652099609e+00
8.947628140449523926e-01
-2.543612241744995117e+00
-1.132896184921264648e+00
-2.116838932037353516e+00
4.762808322906494141e+00
-4.821270465850830078e+00
-4.044626235961914062e+00
5.730990171432495117e-01
3.980582475662231445e+00
1.182750105857849121e+00
3.764597415924072266e+00
-3.022753477096557617e+00
3.333421945571899414e+00
-3.680844068527221680e+00
4.822011470794677734e+00
-2.907605409622192383e+00
5.808948516845703125e+00
2.885696172714233398e+00
1.345132738351821899e-01
7.835183143615722656e-01
1.723766803741455078e+00
1.697092056274414062e+00
-2.880297422409057617e+00
2.921838283538818359e+00
-1.201255202293395996e+00
-1.910099148750305176e+00
3.545145988464355469e+00
-2.514307022094726562e+00
5.070628166198730469e+00
3.482819080352783203e+00
1.348106741905212402e+00
5.495456457138061523e-01
1.349958181381225586e+00
-1.830125808715820312e+00
2.723246574401855469e+00
3.011173248291015625e+00
-2.820294141769409180e+00
6.073752880096435547e+00
-5.073504924774169922e+00
1.456311464309692383e+00
-9.963569045066833496e-01
6.116944313049316406e+00
6.747408509254455566e-01
7.728142142295837402e-01
-2.487025022506713867e+00
3.392154276371002197e-01
2.857109308242797852e+00
-1.286519169807434082e+00
-3.953678607940673828e+00
-1.948340535163879395e+00
1.034577250480651855e+00
-2.972383737564086914e+00
-2.945219278335571289e+00
-4.905468463897705078e+00
2.625223398208618164e+00
2.543157100677490234e+00
-4.890614986419677734e+00
-3.916219949722290039e+00
2.342657327651977539e+00
-2.536225080490112305e+00
3.759749978780746460e-02
-4.797411918640136719e+00
1.087896704673767090e+00
-3.289112806320190430e+00
4.197443485260009766e+00
-2.496429443359375000e+00
2.226596355438232422e+00
1.704506635665893555e+00
5.170775055885314941e-01
-1.647575259208679199e+00
-1.487994432449340820e+00
-3.744461297988891602e+00
-1.423030972480773926e+00
-2.701159954071044922e+00
-1.903154850006103516e+00
-1.033267498016357422e+00
-2.045449256896972656e+00
1.177984833717346191e+00
-6.915223598480224609e-01
1.698128879070281982e-01
5.706558227539062500e+00
4.629631996154785156e+00
5.205370426177978516e+00
1.577089548110961914e+00
5.120503902435302734e+00
-4.364505708217620850e-01
1.496623396873474121e+00
8.119847178459167480e-01
-1.844269394874572754e+00
-2.941491603851318359e+00
2.678073167800903320e+00
-3.129900693893432617e-01
-8.036354780197143555e-01
2.894498109817504883e+00
1.106115460395812988e+00
-4.694470405578613281e+00
5.544095635414123535e-01
2.043476819992065430e+00
8.620402812957763672e-01
-3.074243545532226562e+00
-3.346021652221679688e+00
4.013254165649414062e+00
-3.722697496414184570e+00
-1.118917465209960938e+00
4.888778209686279297e+00
-3.205358684062957764e-01
2.599896192550659180e+00
-1.959107637405395508e+00
1.380008459091186523e+00
1.083104372024536133e+00
1.106081962585449219e+00
1.216267585754394531e+00
1.473411917686462402e+00
1.243173003196716309e+00
5.778121575713157654e-02
-1.717566132545471191e+00
5.755386352539062500e-01
4.795154333114624023e-01
2.167965650558471680e+00
2.588321208953857422e+00
-9.166665077209472656e-01
-3.851545572280883789e+00
6.173922419548034668e-01
-7.493019104003906250e-01
3.325335502624511719e+00
-2.985974788665771484e+00
1.232686877250671387e+00
1.210033774375915527e+00
9.696505963802337646e-02
-1.137899756431579590e+00
4.274466514587402344e+00
-9.527254700660705566e-01
1.266045570373535156e+00
-7.859302163124084473e-01
8.587865829467773438e-01
-3.530598282814025879e-01
1.228240847587585449e+00
5.067646503448486328e-01
7.208290100097656250e-01
-7.486967444419860840e-01
2.067924737930297852e+00
-2.392214536666870117e-01
-6.225240230560302734e-01
-1.249654650688171387e+00
-2.417317628860473633e+00
2.249957919120788574e-01
4.209340214729309082e-01
-3.139194846153259277e-01
3.044512510299682617e+00
3.140159368515014648e+00
-7.922128438949584961e-01
1.225510120391845703e+00
-2.915407896041870117e+00
1.774393469095230103e-01
5.306493759155273438e+00
2.042932748794555664e+00
2.057524442672729492e+00
7.411439895629882812e+00
-2.265959978103637695e+00
2.147161483764648438e+00
9.926165938377380371e-01
6.268861293792724609e-01
-3.047015666961669922e-01
2.071613788604736328e+00
1.464448451995849609e+00
1.328998327255249023e+00
3.102505207061767578e+00
-6.422781944274902344e-01
6.460891962051391602e-01
3.471443951129913330e-01
-4.488165974617004395e-01
2.698874711990356445e+00
-1.819140791893005371e+00
-4.020294666290283203e+00
1.289620161056518555e+00
-3.960469007492065430e+00
-7.396540045738220215e-01
1.299802541732788086e+00
-6.092437505722045898e-01
2.505867004394531250e+00
-9.777476787567138672e-01
1.289255619049072266e+00
-7.403034567832946777e-01
-8.319161534309387207e-01
-1.780908226966857910e+00
2.298481225967407227e+00
2.299876697361469269e-02
2.077052593231201172e+00
-3.763575315475463867e+00
-1.078642606735229492e+00
-5.711304023861885071e-02
-9.473099708557128906e-01
-1.196519732475280762e+00
2.021503210067749023e+00
2.863107442855834961e+00
1.785258531570434570e+00
3.992665290832519531e+00
3.835982382297515869e-01
-7.486979365348815918e-01
2.964110076427459717e-01
2.736547946929931641e+00
-9.964836835861206055e-01
1.150794982910156250e+00
-2.393146514892578125e+00
3.042216062545776367e+00
-1.357080340385437012e+00
3.243926286697387695e+00
2.139559745788574219e+00
-3.969296440482139587e-02
4.324996098875999451e-02
-3.041890621185302734e+00
2.477137804031372070e+00
-1.320614933967590332e+00
1.388285875320434570e+00
