-7.973948889237312265e-01
3.668807412588542261e-01
4.976253171761146343e-01
2.846544055365862191e-01
-1.524344074612358213e+00
-5.108612084922676821e-01
-7.506665405043134731e-01
-5.510032882866080506e-01
-5.053340141377222761e-01
-1.142360971745571607e+00
-1.132346021275928649e+00
-2.901532151718200225e-01
-3.978003020608122942e-01
2.205051688933244991e-01
-3.957053778508839298e-02
-7.411457533340567450e-01
-5.205852239546885363e-01
-1.047061440306441688e-01
-2.619719130537261909e-01
-3.613200395158646661e-01
6.831079264601532808e-01
5.312459452601127063e-01
9.123769456981291326e-02
-5.890947921715429247e-01
4.085135510732113562e-01
7.034038872792757191e-01
5.415800997232600444e-01
1.172138133974413687e+00
2.014537052645878901e-01
3.023448756164243134e-01
4.402269406702468135e-01
6.579532682664054333e-01
-9.452208546026716895e-01
-8.459564129693879497e-01
7.891037644988019295e-01
-4.579517233373830987e-01
-3.423217595992618101e-01
-2.591807739807874267e-01
-9.226003497208710158e-01
-1.003067862418039358e+00
3.265117090382318454e-01
-2.921221517497086806e-01
-3.338919873482176781e-01
-2.846539605935576867e-01
-7.001026652457690291e-01
-1.741173975688347919e-01
-9.862388382264546394e-01
7.625395421778745353e-02
8.643568320758725498e-01
-9.811334041984918208e-01
7.188532121340220904e-01
-2.112782540995290503e-01
4.526637540215262545e-01
-2.082637478885382698e-01
5.103928539893560767e-01
8.077347012153847094e-01
-7.783785159995208758e-02
5.262903569125969572e-01
2.611689356232695380e-01
-5.045443704206810098e-01
4.076124485503813677e-01
-1.118762943200552362e+00
7.502748941775210234e-01
5.945372759818660091e-01
2.541629248688330733e-01
-3.105738675038533514e-01
-3.318959245217741327e-01
7.904154863529057329e-03
2.338424760352806331e-01
-4.057684984775357662e-01
2.198754466557346354e-01
3.182943259821577886e-01
6.209398606459878150e-02
3.467287636889698210e-01
-2.728334850333922340e-02
9.967249048280203416e-01
9.579661927616944794e-02
2.036327496226746081e-02
-1.272198756801867225e-01
-1.020282998683291614e-01
-6.701010346124114392e-01
-5.843469828416145151e-03
-8.981822427450615320e-01
-5.555055398960535573e-01
-1.786973134650430561e-01
-6.851249571840091201e-01
2.206245777454596824e-01
-3.015666002823362279e-01
-7.690521239696532785e-01
-9.282934240678909488e-01
2.421883188646460905e-01
1.595186281810141715e-01
-1.308029649145422413e+00
-8.250791330039449756e-01
4.249316411899937695e-01
1.905293626187948841e-01
9.620133847443588238e-01
1.148849247573608401e-01
1.569747651590562287e-01
1.996067075196644724e-01
7.441640105358525714e-01
-1.463190877673074541e-01
-6.276418145189092135e-01
-2.882036187504599667e-01
-6.846563686951793182e-01
-2.317870362631807915e-02
-4.523561309385279450e-01
-1.708360286111808846e-01
1.478343808295916606e-01
-3.662760621072138623e-01
1.675095517429908698e-01
-8.718116525895966973e-01
2.277055043262677381e-01
-5.416810488436241133e-01
1.499062516539421797e+00
-4.629502184215374960e-01
6.408927466366899986e-03
-9.195565602490155532e-01
-1.302309898674969935e+00
1.156650999614778019e+00
1.064200545037867984e+00
-5.433732145795738822e-01
-9.845363932964659170e-01
-3.077375712346192352e-02
1.072428700925391089e-02
2.945565531770428791e-01
9.114934504360333589e-01
-9.207374266026482901e-02
-4.733996567756927898e-01
-1.688587969208577011e-01
4.550690936801400910e-01
7.459055338265354607e-01
3.008003059900543619e-01
5.498578905087253554e-01
2.876515890585253921e-01
6.222706848933121648e-01
6.462725186181125792e-02
-4.772045753789252442e-01
6.439004022971115404e-01
-6.471213758429514851e-01
-1.440843370049336158e+00
1.216321735710935936e+00
-2.536757929114979992e-01
-3.324742630410205679e-01
-1.219342746351039647e-01
-7.173143879381901344e-01
-8.561070558755492499e-01
8.540635873337139028e-01
-3.524777075341796739e-01
1.276002337403921771e+00
-3.404846892754477272e-01
-5.352518756658413146e-01
7.494560388984464194e-02
3.188754172631896172e-02
4.254977777556799290e-01
1.334491830722609018e+00
1.241944070623040020e+00
2.053627699325334954e-01
-1.541417347482848088e+00
-1.384221048437622725e-01
-1.059498441578135219e+00
-8.415174319175627859e-01
-1.972974143436936889e-01
5.745877617691070860e-01
2.553120306239045623e-01
-1.702984456021654214e-01
4.810421054228042892e-01
1.089112677830188947e+00
1.500411977126919316e+00
9.450094607981179839e-01
-6.699147033143977303e-01
-1.763622220889018155e-01
4.996588116941652613e-01
-1.962543996741656152e-02
-1.967320720101221887e-01
-1.315960730693207514e-01
9.738673107552832386e-02
5.826134723045506281e-01
-1.768584071176919625e-01
1.373236019397726659e+00
-2.633632963907315272e-01
6.746649710372015774e-02
-1.387650368073893026e-01
7.219378716670150631e-01
-3.956424254798021622e-01
7.594522576366636857e-01
1.036017590592174381e-01
8.913159339734503250e-01
1.667011479117741057e+00
1.007329376578032093e-01
5.440250277295809456e-01
5.168431400778921159e-01
6.424286449679637023e-01
7.884209403021875673e-01
-6.819111118371409264e-01
7.699713684665615565e-01
9.552248139515354675e-01
5.130522022166539298e-01
6.441184468156333498e-01
4.880803603591577500e-01
-2.003310291798877651e-01
-1.467868455892837598e-01
-2.994134076917691067e-01
1.310750706816678213e-01
-1.011141701158162487e+00
-5.267074416403922515e-02
-7.457481600142088496e-01
1.393021789980047442e+00
-2.745500889645473563e-01
5.826385175868524779e-01
2.041186921833451628e-01
-1.212269029907432766e-01
-5.277720213124492687e-01
5.549162834088195995e-01
-1.327642946298244475e-01
4.968723785777023894e-01
1.396236141426626887e+00
-5.665731869351751104e-01
9.792000282632122854e-01
5.844545641224574428e-01
-6.761895684212101409e-01
1.037475433226576982e+00
1.319876177099743142e+00
1.371112931167908222e+00
