2.205967664718627930e+00
1.065133094787597656e+00
5.098278522491455078e+00
3.764135599136352539e+00
1.922057986259460449e+00
3.745649337768554688e+00
2.095550596714019775e-01
-1.043186783790588379e+00
-2.476949989795684814e-01
5.218903422355651855e-01
2.101295232772827148e+00
-4.231710433959960938e-01
1.485211730003356934e+00
2.598570585250854492e-01
-4.292910695075988770e-01
-2.910614013671875000e-02
-3.335428833961486816e-01
1.904954761266708374e-01
-9.368830323219299316e-01
7.965018272399902344e+00
1.332571220397949219e+01
1.535446166992187500e+01
1.625411987304687500e+01
1.897281265258789062e+01
2.014837074279785156e+01
2.188035488128662109e+00
-1.382687211036682129e+00
-1.629359602928161621e+00
2.306601285934448242e+00
3.800514936447143555e-01
2.784386157989501953e+00
-8.783656954765319824e-01
-8.617784827947616577e-02
-4.687186777591705322e-01
-3.864490091800689697e-01
-1.683212637901306152e+00
-3.712211251258850098e-01
-2.277426719665527344e+00
-6.163236871361732483e-02
-2.309473991394042969e+00
7.704086303710937500e+00
-9.808586239814758301e-01
5.987859249114990234e+00
2.191418260335922241e-01
-5.836802124977111816e-01
4.776415824890136719e+00
-1.870165467262268066e-01
3.345924019813537598e-01
2.479723244905471802e-01
-3.733743131160736084e-01
-1.692333519458770752e-01
-1.070664882659912109e+00
4.415950477123260498e-01
9.538688696920871735e-03
-2.682929933071136475e-01
-1.923208832740783691e-01
-5.624042823910713196e-02
1.842810958623886108e-01
4.305100739002227783e-01
4.300370514392852783e-01
7.929559350013732910e-01
-1.422250270843505859e+00
5.747495889663696289e-01
-9.208061099052429199e-01
2.940016090869903564e-01
4.723877012729644775e-01
-2.955557703971862793e-01
-1.645520687103271484e+00
-1.558431237936019897e-01
8.997924327850341797e-01
-6.454964280128479004e-01
-3.782818615436553955e-01
-1.079084515571594238e+00
3.127893209457397461e-01
-3.212651014328002930e-01
2.791011631488800049e-01
6.255458593368530273e-01
5.194727182388305664e-01
4.796399772167205811e-01
4.958159923553466797e-01
-4.298695921897888184e-01
5.162429809570312500e-01
-1.212905406951904297e+00
-1.628997921943664551e-01
-8.685839772224426270e-01
1.234773918986320496e-01
-3.381897211074829102e-01
-8.674946427345275879e-01
-2.478996990248560905e-03
-9.266154374927282333e-04
-2.013327088207006454e-03
-7.551722228527069092e-03
-3.389040473848581314e-03
-3.885366255417466164e-03
-2.809926168993115425e-03
1.815042342059314251e-04
-5.094076506793498993e-03
6.946460809558629990e-03
6.987067405134439468e-03
-1.587567385286092758e-03
-5.889758467674255371e-03
1.172252465039491653e-03
7.768593495711684227e-04
-3.991689532995223999e-03
-7.385370787233114243e-03
-4.378269892185926437e-03
-5.577971227467060089e-03
8.846884593367576599e-04
8.094399236142635345e-03
7.735666632652282715e-01
1.086115002632141113e+00
-2.154265642166137695e+00
7.509660124778747559e-01
