1.544464111328125000e+01
1.891778182983398438e+01
1.095318984985351562e+01
1.636411666870117188e+01
1.413441944122314453e+01
1.565934848785400391e+01
1.585494327545166016e+01
8.363057136535644531e+00
3.982704639434814453e+00
9.909553527832031250e+00
1.611480522155761719e+01
1.020201110839843750e+01
1.638655853271484375e+01
1.615669250488281250e+01
7.458076000213623047e+00
6.905616760253906250e+00
-3.326775312423706055e+00
-3.846772909164428711e+00
-1.504431486129760742e+00
7.284153938293457031e+00
4.437583923339843750e+00
4.362304687500000000e+00
9.926444053649902344e+00
5.779796838760375977e-01
7.030664443969726562e+00
7.455263614654541016e+00
-4.742642402648925781e+00
5.719464778900146484e+00
7.266831398010253906e+00
-3.152911663055419922e+00
2.030821740627288818e-01
-2.802670955657958984e+00
-9.592172503471374512e-01
-5.532281875610351562e+00
4.329683780670166016e+00
-2.072405099868774414e+00
1.088824176788330078e+01
-1.009916305541992188e+01
-2.568137645721435547e+00
-5.576218605041503906e+00
2.735055685043334961e+00
-3.900400161743164062e+00
-4.965052604675292969e+00
-6.390635490417480469e+00
9.204195976257324219e+00
5.206793785095214844e+00
-1.442051029205322266e+01
3.424497088417410851e-03
7.922733306884765625e+00
7.800494194030761719e+00
-4.089308261871337891e+00
-2.699012517929077148e+00
6.548399925231933594e+00
-4.202780723571777344e+00
3.904929637908935547e+00
3.007138013839721680e+00
-3.043284893035888672e+00
3.246535539627075195e+00
-4.952117204666137695e-01
1.270432591438293457e+00
2.089263796806335449e-01
-4.528490602970123291e-01
7.389034748077392578e+00
-9.916850090026855469e+00
1.469379663467407227e+00
4.824710845947265625e+00
-3.378156900405883789e+00
-6.718546867370605469e+00
1.136367034912109375e+01
2.828732013702392578e+00
-3.784810304641723633e+00
6.673031449317932129e-01
4.886728286743164062e+00
-6.603060722351074219e+00
-8.751865386962890625e+00
3.294908046722412109e+00
4.819815635681152344e+00
1.820674061775207520e+00
4.457987308502197266e+00
-2.456467390060424805e+00
4.808557033538818359e+00
-1.912294268608093262e+00
6.684618592262268066e-01
6.895666599273681641e+00
1.131124877929687500e+01
-4.561923027038574219e+00
6.646293163299560547e+00
-1.194275856018066406e+00
-9.394681453704833984e-01
1.043341636657714844e+01
6.992599964141845703e-01
-7.557262420654296875e+00
5.439351558685302734e+00
5.124829292297363281e+00
2.056585788726806641e+00
-2.997545957565307617e+00
9.906510710716247559e-01
-3.567894935607910156e+00
-4.327854156494140625e+00
2.047363042831420898e+00
1.125245666503906250e+01
-1.018196105957031250e+01
6.267032027244567871e-01
-1.638030052185058594e+01
-2.397467136383056641e+00
-7.383343696594238281e+00
1.720673441886901855e+00
2.206668615341186523e+00
-8.043272018432617188e+00
2.658703327178955078e-01
-3.157226562500000000e+00
4.831216111779212952e-02
-1.024298477172851562e+01
1.927840471267700195e+00
1.317590594291687012e+00
1.230241507291793823e-01
-1.085979700088500977e+00
2.028886795043945312e+00
5.645510196685791016e+00
4.071144580841064453e+00
5.780807018280029297e+00
1.029331445693969727e+00
-4.289856553077697754e-01
2.297342538833618164e+00
8.578303337097167969e+00
3.368120670318603516e+00
1.311967521905899048e-01
1.229946899414062500e+01
-6.944683790206909180e-01
1.681625008583068848e+00
-1.680277705192565918e+00
6.285095214843750000e-01
2.223879814147949219e+00
1.936653494834899902e+00
-2.695728540420532227e+00
-2.783798694610595703e+00
1.693936824798583984e+00
-2.968929052352905273e+00
-1.344761371612548828e+00
1.587445378303527832e+00
-2.242361783981323242e+00
2.968974590301513672e+00
-4.189619541168212891e+00
2.164080381393432617e+00
6.025866031646728516e+00
-8.966885209083557129e-01
1.722184866666793823e-01
1.988053798675537109e+00
-2.429098635911941528e-01
-5.474929809570312500e+00
-1.666462659835815430e+00
5.648503303527832031e-01
-2.998702526092529297e-01
-1.487002015113830566e+00
-1.909672021865844727e-01
6.687279939651489258e-01
-3.702233791351318359e+00
5.992192745208740234e+00
-1.902693510055541992e+00
-5.923171639442443848e-01
4.901319503784179688e+00
-3.899164676666259766e+00
-4.256139278411865234e+00
-1.798554062843322754e+00
-5.415855407714843750e+00
6.036490201950073242e-01
3.507646322250366211e+00
6.155423521995544434e-01
-1.026109695434570312e+00
-4.496466636657714844e+00
2.751917839050292969e+00
-1.721918582916259766e+00
1.396705389022827148e+00
1.839861154556274414e+00
3.513684570789337158e-01
7.662237644195556641e+00
5.110039710998535156e-01
3.769288957118988037e-01
3.903324604034423828e+00
-2.787993907928466797e+00
3.728235006332397461e+00
-1.173032820224761963e-01
8.410605788230895996e-01
2.815252065658569336e+00
-1.275028109550476074e+00
1.059563517570495605e+00
-2.686383962631225586e+00
-1.676756143569946289e+00
5.321532726287841797e+00
-5.521331310272216797e+00
2.935720920562744141e+00
-6.448645114898681641e+00
1.599628925323486328e+00
5.201866626739501953e-01
6.399199962615966797e+00
2.563960850238800049e-01
7.584511280059814453e+00
1.916816234588623047e+00
1.988144993782043457e+00
7.995525002479553223e-01
2.085996150970458984e+00
-7.436266422271728516e+00
-1.151255488395690918e+00
2.098676443099975586e+00
4.476151943206787109e+00
3.004608392715454102e+00
-9.350152015686035156e+00
1.227042555809020996e+00
3.188155889511108398e-01
-3.604062318801879883e+00
-7.231214523315429688e+00
-6.051130294799804688e+00
3.782119274139404297e+00
-6.309815049171447754e-01
-7.226244807243347168e-01
-5.833869457244873047e+00
-3.525273799896240234e+00
1.235000610351562500e+00
4.323819160461425781e+00
3.727663755416870117e+00
-1.553866744041442871e+00
-4.601244449615478516e+00
4.985796451568603516e+00
7.486457824707031250e-01
-1.261167407035827637e+00
-4.655284062027931213e-02
-1.630465030670166016e+00
-3.176626443862915039e+00
-1.547479033470153809e+00
-8.377314209938049316e-01
5.643000125885009766e+00
4.445024430751800537e-01
8.938919901847839355e-01
1.266245961189270020e+00
-4.274415493011474609e+00
3.579108715057373047e-01
8.160492777824401855e-01
2.277251780033111572e-01
-1.608675599098205566e+00
4.030339241027832031e+00
-9.421805739402770996e-01
-7.067520141601562500e+00
7.207321524620056152e-01
1.964254498481750488e+00
-4.295660972595214844e+00
3.631222844123840332e-01
-4.320994853973388672e+00
-2.023848056793212891e+00
-2.738240957260131836e-01
-2.225368976593017578e+00
-2.449996709823608398e+00
2.372806310653686523e+00
2.902730703353881836e+00
-1.952142953872680664e+00
4.199302196502685547e+00
3.322630524635314941e-01
-2.802172183990478516e+00
1.451052427291870117e+00
3.129310369491577148e+00
-1.353227019309997559e+00
-4.733943343162536621e-01
6.879206895828247070e-01
-2.033619880676269531e+00
-9.879823327064514160e-01
-3.805168390274047852e+00
9.758331775665283203e-01
-1.344990730285644531e+00
-1.946935296058654785e+00
2.240886688232421875e-01
-1.577404499053955078e+00
-2.058391332626342773e+00
8.572210669517517090e-01
2.750110924243927002e-01
-4.549622237682342529e-01
1.549465656280517578e+00
6.376793980598449707e-01
-3.866574048995971680e+00
5.573433876037597656e+00
-1.627060532569885254e+00
5.129753947257995605e-01
1.315939664840698242e+00
5.351295948028564453e+00
-1.805231213569641113e+00
-4.579742431640625000e+00
-1.076392054557800293e+00
2.704087972640991211e+00
2.271775960922241211e+00
-2.412492513656616211e+00
-1.050538659095764160e+00
-1.504911661148071289e+00
2.591805934906005859e+00
-5.006694793701171875e+00
7.980240583419799805e-01
3.628755569458007812e+00
-3.966234445571899414e+00
1.605640172958374023e+00
3.613355159759521484e+00
-2.404743909835815430e+00
2.339252233505249023e+00
3.504349470138549805e+00
-1.708140015602111816e+00
-2.140745401382446289e+00
-1.229004502296447754e+00
3.520710468292236328e+00
-2.512833833694458008e+00
-7.735067605972290039e-01
1.427147507667541504e+00
4.192697048187255859e+00
-2.435117810964584351e-01
-2.651251792907714844e+00
1.823784470558166504e+00
-3.092365503311157227e+00
-9.041453897953033447e-02
1.806219577789306641e+00
4.653995990753173828e+00
7.903977632522583008e-01
7.078349113464355469e+00
-2.997705936431884766e+00
-1.243642807006835938e+00
-3.018973112106323242e+00
-5.445026755332946777e-01
4.349954128265380859e+00
-3.121597468852996826e-01
5.097412109375000000e+00
-6.875268220901489258e-01
-2.886090278625488281e+00
1.629090785980224609e+00
-2.401302903890609741e-01
-1.751542210578918457e+00
-3.838217496871948242e+00
-1.147923827171325684e+00
-1.602849721908569336e+00
-8.192851543426513672e-01
3.416986703872680664e+00
-2.542809583246707916e-02
9.150869250297546387e-01
3.171109437942504883e+00
3.578754901885986328e+00
2.737782478332519531e+00
2.929252624511718750e+00
9.883981347084045410e-01
-2.641579806804656982e-01
1.264667153358459473e+00
4.510866165161132812e+00
-8.287078738212585449e-01
-3.610750138759613037e-01
1.529194116592407227e+00
-2.755313396453857422e+00
2.273941516876220703e+00
4.484503567218780518e-01
2.563630044460296631e-02
-3.161081373691558838e-01
1.280322670936584473e+00
5.544231891632080078e+00
-2.927480459213256836e+00
3.175601959228515625e+00
-9.407435357570648193e-02
7.953521013259887695e-01
-2.351062536239624023e+00
-2.596147656440734863e-01
-1.794455409049987793e+00
-1.832628726959228516e+00
-6.763401627540588379e-01
1.004933238029479980e+00
-1.013275384902954102e+00
8.964533209800720215e-01
6.308363914489746094e+00
2.751585006713867188e+00
-2.316485881805419922e+00
5.793170332908630371e-01
-1.895069181919097900e-01
-3.512063980102539062e+00
2.357720375061035156e+00
-3.724611282348632812e+00
6.572443008422851562e+00
1.198228240013122559e+00
