1.697010040283203125e+00
1.634014725685119629e+00
4.508168697357177734e+00
6.620473265647888184e-01
1.400494813919067383e+00
3.229969501495361328e+00
2.071660041809082031e+00
1.892730832099914551e+00
1.969573259353637695e+00
1.986095547676086426e+00
2.333636522293090820e+00
-2.195928618311882019e-02
9.844423085451126099e-02
-4.721608757972717285e-02
2.135772705078125000e+00
7.576664537191390991e-02
4.459499195218086243e-02
1.599861383438110352e-01
5.536507368087768555e-01
2.011953592300415039e-01
7.667147368192672729e-02
-4.180155694484710693e-01
7.921671867370605469e-01
-6.773998588323593140e-02
-9.190794080495834351e-02
1.192222833633422852e-01
4.605390876531600952e-02
-2.066914737224578857e-01
-1.805281490087509155e-01
-7.110972702503204346e-02
-1.856889724731445312e-01
-1.404907107353210449e-01
-1.400268543511629105e-02
-8.892675042152404785e-01
1.009277820587158203e+01
1.324293136596679688e+01
1.346390819549560547e+01
1.422400188446044922e+01
1.544660663604736328e+01
1.495867633819580078e+01
1.703918647766113281e+01
1.821105957031250000e+01
1.934710121154785156e+01
1.934782981872558594e+01
2.292580413818359375e+01
1.554153680801391602e+00
-1.487273871898651123e-01
-2.484615445137023926e-01
-8.891480565071105957e-01
3.284972608089447021e-01
8.744097352027893066e-01
8.936136364936828613e-01
-9.129906892776489258e-01
-1.239955067634582520e+00
-3.540505170822143555e-01
1.918190240859985352e+00
-1.171276047825813293e-01
-1.501336097717285156e+00
-5.546565055847167969e-01
-2.143760770559310913e-02
1.665628552436828613e-01
-1.970999240875244141e-01
-2.389685511589050293e-01
-3.581356704235076904e-01
-1.659645587205886841e-01
8.695085346698760986e-02
2.696813583374023438e+00
2.981546521186828613e-01
8.023180812597274780e-02
-1.040474046021699905e-02
7.581561803817749023e-01
2.730366885662078857e-01
7.113066911697387695e-01
-1.017017513513565063e-01
9.114473462104797363e-01
2.471499443054199219e+00
-2.149595171213150024e-01
-1.890494488179683685e-02
1.461382061243057251e-01
4.787892997264862061e-01
7.077962160110473633e-01
-1.482897281646728516e+00
1.269787549972534180e+00
2.589714527130126953e-01
-3.796891272068023682e-01
3.656391203403472900e-01
-1.876880228519439697e-01
9.849919378757476807e-02
-6.519593000411987305e-01
-1.418631076812744141e+00
-7.540014982223510742e-01
-6.356119513511657715e-01
-3.757365942001342773e-01
4.289785921573638916e-01
-1.151223331689834595e-01
-3.111463189125061035e-01
-6.550958752632141113e-01
1.766258716583251953e+00
-2.534978091716766357e-01
8.788489550352096558e-02
-4.175659418106079102e-01
-4.976278245449066162e-01
-1.646297574043273926e+00
1.601416945457458496e+00
1.461249232292175293e+00
1.572559118270874023e+00
5.598659515380859375e-01
3.540717661380767822e-01
-1.619467496871948242e+00
1.044124484062194824e+00
-2.619624137878417969e+00
5.925472453236579895e-02
1.922781318426132202e-01
7.283702492713928223e-02
7.031124830245971680e-01
8.941446989774703979e-02
-1.732302457094192505e-01
9.914057701826095581e-02
5.900598131120204926e-03
1.083200722932815552e-01
-1.942803561687469482e-01
-1.901422739028930664e-01
5.319141149520874023e-01
4.705047309398651123e-01
-1.729272753000259399e-01
1.818358432501554489e-03
1.092595979571342468e-01
3.964461088180541992e-01
-2.243895642459392548e-02
1.618723571300506592e-01
4.574557393789291382e-02
7.340670824050903320e-01
-1.206047296524047852e+00
8.058602809906005859e-01
1.676727202720940113e-03
-3.149439096450805664e-01
-7.938307523727416992e-02
-5.863669887185096741e-02
-5.256692767143249512e-01
-2.188460528850555420e-01
-1.563099265098571777e+00
-5.563569664955139160e-01
3.166592717170715332e-01
2.387893497943878174e-01
-7.325135916471481323e-02
-2.108412384986877441e-01
4.989062249660491943e-01
1.885103583335876465e-01
1.026151180267333984e+00
3.073607087135314941e-01
2.433515042066574097e-01
-1.544475704431533813e-01
2.163914442062377930e-01
3.547693490982055664e-01
5.077868327498435974e-02
9.840623289346694946e-02
3.659546673297882080e-01
-2.225589007139205933e-02
4.467652365565299988e-02
1.040912196040153503e-01
-1.215654760599136353e-01
-2.033050358295440674e-01
5.751607418060302734e-01
1.761443465948104858e-01
2.102047055959701538e-01
3.405294716358184814e-01
-7.828159630298614502e-02
4.068610370159149170e-01
3.839986324310302734e-01
2.376751750707626343e-01
7.433938980102539062e-02
3.106201291084289551e-01
-2.882550954818725586e-01
1.005155518651008606e-01
1.999360918998718262e-01
9.586451202630996704e-02
-3.226678669452667236e-01
-4.757859408855438232e-01
-1.132113561034202576e-01
-9.441415965557098389e-02
-1.067072711884975433e-02
-1.287528276443481445e-01
-7.438123971223831177e-02
1.126681566238403320e-01
1.071980968117713928e-01
1.448454260826110840e-01
-1.370689570903778076e-01
3.393479585647583008e-01
-1.569524779915809631e-02
1.001916229724884033e-01
9.956599771976470947e-02
-1.658415608108043671e-02
-1.339447200298309326e-01
1.238844543695449829e-02
9.299071133136749268e-02
9.281647950410842896e-02
-2.366526285186409950e-03
-2.563234269618988037e-01
-4.101198166608810425e-02
-4.060130417346954346e-01
-7.010789215564727783e-02
2.232356220483779907e-01
1.475446820259094238e-01
2.239055931568145752e-01
1.562929153442382812e-01
2.670756168663501740e-02
5.800103303045034409e-03
-3.853758275508880615e-01
-1.943459808826446533e-01
-4.586792737245559692e-02
-4.318069666624069214e-02
1.674898527562618256e-02
2.405449599027633667e-01
8.637090027332305908e-02
-5.949134826660156250e-01
-1.249459460377693176e-01
3.969123959541320801e-02
2.476235665380954742e-02
9.834434092044830322e-02
-4.063298180699348450e-02
-1.552503108978271484e-01
5.606787800788879395e-01
7.430434226989746094e-02
4.188304543495178223e-01
-1.936981221660971642e-03
-4.519701749086380005e-02
1.355002820491790771e-01
1.068102344870567322e-01
-1.072998493909835815e-01
-8.719046711921691895e-01
-1.981656253337860107e-01
3.380361497402191162e-01
8.484229445457458496e-01
4.421215355396270752e-01
2.054120600223541260e-01
-7.594138979911804199e-01
2.309388518333435059e-01
-6.932327151298522949e-01
1.386933624744415283e-01
-8.044597506523132324e-02
8.566632270812988281e-01
-1.162821650505065918e-01
1.605582088232040405e-01
-1.192561234347522259e-03
-8.806401863694190979e-03
-7.160133216530084610e-03
6.189906271174550056e-04
-9.461789391934871674e-03
5.572357680648565292e-03
-4.120956175029277802e-03
7.693281397223472595e-03
2.692331559956073761e-03
-2.433003246551379561e-04
3.080627880990505219e-03
-3.796838456764817238e-03
-9.131822735071182251e-03
-2.022179542109370232e-03
-1.993194222450256348e-03
-6.180047988891601562e-03
-6.740148644894361496e-03
-9.588703513145446777e-03
9.167298558168113232e-04
8.066987618803977966e-03
4.435220267623662949e-03
4.827955737709999084e-03
-9.005700238049030304e-03
-2.519219880923628807e-03
-8.846022188663482666e-03
5.832560826092958450e-03
-2.224768279120326042e-03
-9.194053709506988525e-03
-4.432817455381155014e-03
-2.328664995729923248e-03
-4.154730588197708130e-03
-3.798419857048429549e-05
-1.326726342085748911e-04
-2.824458992108702660e-03
5.829363595694303513e-03
9.205639362335205078e-03
-1.833838643506169319e-03
-1.181865809485316277e-03
-5.475691286846995354e-04
8.228986524045467377e-03
3.188802860677242279e-03
3.675033105537295341e-03
1.599002280272543430e-03
-5.205664783716201782e-03
7.888560183346271515e-03
2.772234380245208740e-03
4.485043231397867203e-03
6.748540792614221573e-03
-1.604630262590944767e-03
-2.481052652001380920e-03
7.594627328217029572e-03
-2.776951761916279793e-03
5.007633008062839508e-03
7.941393181681632996e-03
-1.526166219264268875e-03
-2.605215180665254593e-03
-1.126010087318718433e-03
2.528426237404346466e-03
6.759168580174446106e-03
9.976478293538093567e-03
7.808625232428312302e-03
-8.253294974565505981e-03
8.190019987523555756e-03
1.307324506342411041e-03
3.288749721832573414e-04
-9.639191441237926483e-03
1.754519701004028320e+00
9.337354898452758789e-01
-1.623640775680541992e+00
6.499825119972229004e-01
