-5.056431602979148954e-01
3.610227924479556538e-01
9.056276829139230378e-01
1.386579608800844465e-01
-1.675648338602637510e+00
-7.611132534481294121e-01
-5.915761087309507893e-01
-1.184967402186511753e+00
1.375266191826575723e-01
-1.359961619855801551e+00
-7.346743701030749030e-01
4.991529029258403027e-01
7.873775326055375556e-01
4.933887934836116429e-01
2.277683959472490138e-01
-2.899421518551260624e-01
-3.522924674229460651e-02
3.863031972008628689e-01
-2.081999182209696431e-01
-1.538880978721588466e-01
-6.290063616632863841e-01
1.496201605151183056e+00
1.016304010702437477e+00
-8.224388651855513155e-02
7.448064306318942229e-01
5.685771662037730767e-01
1.026056413134175838e+00
1.091326893555493172e+00
-2.681263446080490165e-01
-1.015358630124925998e+00
-3.456314298655926431e-01
-4.285748183721977966e-01
-3.467963760294149878e-01
-6.015627130061063088e-01
5.107172717084813574e-01
-5.255112579128717876e-01
-4.354972872285889363e-01
-9.389947167816981022e-01
4.592564997856306980e-02
-7.154813268862854070e-01
7.953462631913191250e-02
8.580568541842132912e-01
-1.302796746380957771e+00
-4.542114853333815705e-01
-1.063226811432184560e+00
-2.979521836685938493e-02
-5.643466026347774417e-02
-3.578726382660578076e-01
1.424443098859580481e-01
-2.830946106549959151e-01
4.580171253470003978e-01
5.190900776065311417e-01
1.506183799994484651e-01
1.180473554063734776e+00
4.328896054417937234e-01
-2.199992842115625902e-01
5.322879846275916944e-04
8.301239425431182761e-01
1.420008559220875266e-01
4.944563980673858938e-01
-3.247777385600687516e-01
-4.545156736460717051e-01
-2.419455170238143105e-01
5.716979525546694862e-01
2.664963977528824607e-02
1.021102636369137784e+00
9.027318367094583351e-01
-6.966587546193948599e-01
6.658966394298574398e-01
5.560786751237232345e-02
-1.306244462793147154e-01
3.319387613016001048e-01
3.707308964758518344e-01
5.731954368689086143e-01
1.371498012147117362e-01
1.784898930420801832e+00
2.972584388878978245e-01
1.623318857941089099e+00
3.813358892510155806e-01
6.803882406881983647e-01
-7.161772507676259503e-01
9.703879326683748641e-01
-1.201023370578088612e+00
-8.360596392209771466e-01
2.045781447815846477e+00
-1.106495691097507006e+00
4.358322361998568928e-01
-8.422220778581224199e-01
-9.370782274648301602e-01
-9.905133403721562146e-01
1.555263873862679613e+00
8.342926854878085496e-01
-1.220407266255065126e+00
-2.080403052629490809e-02
1.193567273808961854e-01
1.705828010325270427e-01
-5.400828286194837569e-01
1.540153466921010184e+00
2.993607609808169312e-01
6.832352931108980343e-01
4.968110023413303544e-01
3.754547215069826693e-01
1.625271327729933268e-01
-3.702637249786602247e-01
-3.186936356603399800e-01
1.526369425060120300e+00
1.662726021359683670e-01
-1.052268417070499229e+00
-1.109074356336211320e+00
1.792651628814560527e-01
9.480389365063317531e-01
-5.796165318459912674e-01
-1.108106695678458681e-01
-1.511287216809495682e-01
5.392255452779833869e-01
-1.324199566596097277e+00
4.670985356681047751e-01
7.934246621180611747e-01
-3.730930429052844999e-01
4.539119637482467995e-02
