2.190166234970092773e+00
-4.637859165668487549e-01
5.062931060791015625e+00
4.055532455444335938e+00
1.788059830665588379e+00
3.559473037719726562e+00
-1.998310238122940063e-01
-1.350903064012527466e-01
-3.179711341857910156e+00
3.268533945083618164e-01
1.253455579280853271e-01
4.796730279922485352e-01
-2.303850352764129639e-01
-1.532788991928100586e+00
5.976482033729553223e-01
7.608528137207031250e-01
-2.587747871875762939e-01
-1.972536146640777588e-01
5.189785268157720566e-03
-5.824714526534080505e-02
5.524306893348693848e-01
-9.282078146934509277e-01
9.686368942260742188e+00
1.330421161651611328e+01
1.537248325347900391e+01
1.747883796691894531e+01
1.910493850708007812e+01
2.349636268615722656e+01
2.433250617980957031e+01
-5.050483345985412598e-01
-3.128046095371246338e-01
2.590328156948089600e-01
1.393858671188354492e+00
-2.436786144971847534e-01
-2.213600158691406250e+00
2.984019756317138672e+00
-7.294313311576843262e-01
1.094618462957441807e-03
3.468443155288696289e-01
-1.527628004550933838e-01
1.761595129966735840e+00
7.635281085968017578e-01
-6.603058576583862305e-01
-7.621847987174987793e-01
-7.112769037485122681e-02
-2.781828403472900391e+00
1.746756434440612793e-01
1.508529424667358398e+00
-3.455106616020202637e-01
5.170928478240966797e+00
-1.665229052305221558e-01
9.169255197048187256e-02
-2.791551947593688965e-01
-1.593895554542541504e+00
1.588795757293701172e+01
1.946293711662292480e-01
1.415866762399673462e-01
1.339555501937866211e+00
1.088071241974830627e-01
2.195587754249572754e-01
-9.927490353584289551e-01
5.438052415847778320e-01
5.302030444145202637e-01
-1.822550415992736816e+00
6.445215344429016113e-01
-2.707521803677082062e-02
-2.662472799420356750e-02
3.271564841270446777e-01
4.193735718727111816e-01
6.472037434577941895e-01
7.577955126762390137e-01
-2.123419493436813354e-01
3.269034326076507568e-01
-2.064244449138641357e-01
1.362841278314590454e-01
-3.746531605720520020e-01
1.592682600021362305e-01
-1.684344172477722168e+00
-9.120973348617553711e-01
1.771776974201202393e-01
4.172417223453521729e-01
1.233556509017944336e+00
-1.695920467376708984e+00
4.219148159027099609e-01
1.968268156051635742e+00
-6.846930366009473801e-03
-3.169489204883575439e-01
7.794363051652908325e-02
-8.046671152114868164e-01
1.463857889175415039e-01
1.577880501747131348e+00
9.298635125160217285e-01
7.473210245370864868e-02
-1.480801254510879517e-01
-1.500168740749359131e-01
2.184412181377410889e-01
-8.303120136260986328e-01
-2.315717637538909912e-01
2.836949378252029419e-02
2.940946519374847412e-01
-6.404189020395278931e-02
1.550764083862304688e+00
4.882711470127105713e-01
-1.811487972736358643e-01
-1.015840619802474976e-01
-1.473523378372192383e+00
7.685083150863647461e-01
1.918105185031890869e-01
-4.837800562381744385e-01
-4.837722480297088623e-01
-6.177217960357666016e+00
-1.358950614929199219e+00
-1.078940749168395996e+00
9.417283348739147186e-03
-4.999609664082527161e-03
9.072538465261459351e-03
-6.517694797366857529e-03
4.379541147500276566e-03
-8.973567746579647064e-03
5.999852437525987625e-03
-8.451741188764572144e-03
-1.673821709118783474e-03
-4.049240145832300186e-03
6.855111103504896164e-03
7.959134876728057861e-03
-4.454533569514751434e-03
-9.617070667445659637e-03
-9.624510072171688080e-03
9.298050776124000549e-03
-8.394191972911357880e-03
1.826634164899587631e-03
7.620134856551885605e-03
4.661850165575742722e-03
-2.707857172936201096e-03
9.253310970962047577e-03
6.025245413184165955e-03
2.853873593267053366e-04
-9.941375814378261566e-03
4.400578618515282869e-04
-9.261489845812320709e-03
5.907135084271430969e-03
1.320793986320495605e+00
1.054021120071411133e+00
-2.212656736373901367e+00
7.597713470458984375e-01
