1.778733611106872559e+00
1.446517407894134521e-01
1.190406680107116699e+00
4.601437091827392578e+00
1.792678117752075195e+00
3.133178710937500000e+00
2.107166290283203125e+00
1.590826869010925293e+00
2.214636087417602539e+00
1.683290243148803711e+00
3.082633256912231445e+00
6.684060394763946533e-02
-9.836820513010025024e-02
-1.758761405944824219e-01
-1.102489307522773743e-01
-1.136445283889770508e+00
8.989498764276504517e-02
-2.538207545876502991e-02
2.577078342437744141e-02
1.371531188488006592e-01
3.602018207311630249e-02
1.175051648169755936e-02
3.045689761638641357e-01
2.789232730865478516e-01
6.124356389045715332e-01
7.664439678192138672e-01
-1.118359327316284180e+00
7.582020163536071777e-01
1.165980994701385498e-01
-9.757785499095916748e-02
-1.223354935646057129e-01
-1.645586639642715454e-01
-1.233600527048110962e-01
-1.191160604357719421e-01
-5.098269321024417877e-03
-1.271956562995910645e-01
-8.441244810819625854e-02
6.039290428161621094e-01
-6.507330536842346191e-01
6.995425820350646973e-01
9.495550155639648438e+00
9.866916656494140625e+00
1.324935913085937500e+01
1.338132286071777344e+01
1.553181648254394531e+01
1.504772377014160156e+01
1.503270149230957031e+01
1.750703048706054688e+01
1.922430229187011719e+01
1.922472572326660156e+01
2.017528724670410156e+01
1.931130027770996094e+01
2.400867271423339844e+01
-6.913466006517410278e-02
-3.679876402020454407e-02
3.477618098258972168e-01
7.836032509803771973e-01
-2.445347458124160767e-01
3.523301482200622559e-01
1.351305007934570312e+00
-4.046588242053985596e-01
1.854743957519531250e-01
4.267202690243721008e-02
-1.067142605781555176e+00
-1.100208163261413574e+00
8.349516391754150391e-01
1.455698311328887939e-01
-3.759161531925201416e-01
2.233837032690644264e-03
1.269541740417480469e+00
-2.204349637031555176e-01
-7.945505529642105103e-02
-1.073495507240295410e+00
-2.437177747488021851e-01
-1.071308732032775879e+00
-1.493237465620040894e-01
2.144498825073242188e-01
4.296413958072662354e-01
2.443899866193532944e-04
-1.249010324478149414e+00
-1.177466660737991333e-01
1.712866425514221191e-01
6.503020524978637695e-01
-1.593148261308670044e-01
-1.882231682538986206e-01
-6.199856847524642944e-02
-5.360860347747802734e+00
-2.235289335250854492e+00
2.958271265029907227e+00
1.147034049034118652e+00
5.918788909912109375e-01
-6.978909373283386230e-01
-9.697688221931457520e-01
1.154660210013389587e-01
-1.073542714118957520e+00
-4.886410534381866455e-01
7.628410339355468750e+00
1.807532072067260742e+00
-3.315594434738159180e+00
4.100061655044555664e-01
-4.976998269557952881e-01
-4.879934489727020264e-01
-1.749283671379089355e-01
-8.080820739269256592e-02
2.553296387195587158e-01
2.484887242317199707e-01
-1.698609948158264160e+00
1.033116936683654785e+00
-1.723370105028152466e-01
-1.444193124771118164e-01
-6.270412206649780273e-01
1.610762178897857666e-01
-1.160008385777473450e-01
1.252251416444778442e-01
1.979960083961486816e+00
1.260927796363830566e+00
-4.677508771419525146e-02
-9.292940497398376465e-01
1.364589095115661621e+00
2.174410596489906311e-02
-3.112298250198364258e-01
5.884724855422973633e-01
2.655164897441864014e-01
1.202479362487792969e+00
-9.794830679893493652e-01
-6.420428752899169922e-01
5.708292722702026367e-01
-1.048965379595756531e-01
-2.051982879638671875e+00
1.957978308200836182e-01
5.715930461883544922e-02
-3.273056745529174805e-01
6.355262547731399536e-02
3.135204076766967773e+00
1.745088100433349609e-01
-2.667238414287567139e-01
-2.518129348754882812e-01
1.646421313285827637e+00
-1.303323626518249512e+00
-7.054665684700012207e-01
-1.182590723037719727e+00
6.582905054092407227e-01
6.927126646041870117e-02
4.487910747528076172e+00
-3.978040218353271484e-01
-8.008297532796859741e-02
7.318149507045745850e-02
2.913251705467700958e-02
2.534114420413970947e-01
-2.750599980354309082e-01
1.401638835668563843e-01
8.593942224979400635e-02
-1.239899545907974243e-01
-2.229146361351013184e-01
5.543160438537597656e-01
2.347398519515991211e+00
-2.039027810096740723e-01
4.565425682812929153e-03
1.366614699363708496e-01
-1.747254654765129089e-02
7.307296991348266602e-02
-5.141896754503250122e-02
1.104600280523300171e-01
1.459104567766189575e-02
-6.507850717753171921e-03
1.242742761969566345e-01
-3.895885050296783447e-01
-7.805064916610717773e-01
-1.735506393015384674e-02
7.760769128799438477e-02
5.599977970123291016e-01
1.878847368061542511e-02
-7.951806485652923584e-02
1.437521912157535553e-02
1.424142271280288696e-01
1.742775179445743561e-02
-4.464772343635559082e-02
7.542893290519714355e-01
4.335029602050781250e+00
1.080975174903869629e+00
-1.434982866048812866e-01
7.547771930694580078e-02
4.866310954093933105e-02
-1.021611690521240234e-01
1.343487054109573364e-01
1.283100694417953491e-01
5.357509478926658630e-02
-1.693973898887634277e+00
-6.752146720886230469e+00
-7.924358844757080078e-01
8.747072517871856689e-02
8.996821939945220947e-02
9.450893104076385498e-02
8.328635245561599731e-02
8.201626688241958618e-02
-7.597854733467102051e-02
-4.234766662120819092e-01
9.454707503318786621e-01
1.427957117557525635e-01
3.090779185295104980e-01
2.357743680477142334e-01
1.999829858541488647e-01
-6.294954568147659302e-02
-7.842520624399185181e-02
7.740965113043785095e-03
-1.112506240606307983e-01
-1.013909205794334412e-01
2.404886037111282349e-01
3.582110404968261719e-01
7.516846060752868652e-03
-4.938865080475807190e-02
2.080642245709896088e-02
-1.667837977409362793e+00
-2.639872580766677856e-02
2.987174093723297119e-01
2.611670196056365967e-01
3.976979553699493408e-01
2.206029146909713745e-01
4.373682141304016113e-01
6.987918019294738770e-01
-1.534099578857421875e-01
4.361507948487997055e-03
-4.215321838855743408e-01
-3.550744950771331787e-01
-5.990561842918395996e-01
-3.603712096810340881e-02
1.603671312332153320e-01
8.607688546180725098e-01
-8.325672149658203125e-01
1.170277446508407593e-01
-1.092276573181152344e+00
7.687457799911499023e-01
-2.016051530838012695e+00
8.457512259483337402e-01
4.125551581382751465e-01
-2.289521992206573486e-01
1.548249721527099609e-01
-4.645732790231704712e-02
8.158332668244838715e-03
2.108048796653747559e-01
-2.361949086189270020e-01
-3.324095904827117920e-01
-5.479694008827209473e-01
-4.611116647720336914e-01
-3.840124011039733887e-01
-3.021901845932006836e-02
1.761389017105102539e+00
1.903071552515029907e-01
-2.286491841077804565e-01
5.875067785382270813e-02
-1.019639670848846436e-01
-1.950294226408004761e-01
-3.084399104118347168e-01
-4.691296815872192383e-01
7.684944272041320801e-01
1.856479197740554810e-01
4.391826689243316650e-01
-2.445024698972702026e-01
-5.898129940032958984e-01
-1.223664134740829468e-01
1.991177499294281006e-01
2.030035406351089478e-01
1.404327340424060822e-02
-1.490729977376759052e-03
1.152529940009117126e-01
-1.071793958544731140e-01
1.334609985351562500e-01
-5.005318671464920044e-03
8.819344043731689453e-01
3.454752206802368164e+00
2.199076265096664429e-01
-4.250958859920501709e-01
-1.518253833055496216e-01
-3.647709265351295471e-02
-3.247629106044769287e-02
-3.958490490913391113e-02
2.660586237907409668e-01
-6.017175689339637756e-02
-1.209668517112731934e+00
-4.518384456634521484e+00
-3.666263520717620850e-01
-6.926213391125202179e-03
1.381073892116546631e-01
3.706357479095458984e-01
1.294259876012802124e-01
1.407519131898880005e-01
7.953407615423202515e-02
-1.388990692794322968e-02
1.382119536399841309e+00
2.827346920967102051e-01
8.848763257265090942e-02
1.115069817751646042e-02
1.020040363073348999e-01
-1.089126095175743103e-01
7.584096398204565048e-03
2.551219761371612549e-01
6.544637680053710938e-01
-1.792435646057128906e-01
-2.939330637454986572e-01
8.453615009784698486e-02
-1.442136317491531372e-01
-3.079722821712493896e-02
7.011688500642776489e-02
-7.327101230621337891e-01
-7.974933385848999023e-01
-6.362196803092956543e-01
-1.136944741010665894e-01
3.238697052001953125e-01
-7.407873272895812988e-01
1.848429143428802490e-01
1.037518009543418884e-01
-9.972167760133743286e-02
3.124483823776245117e-01
-2.820307016372680664e-01
-7.036543488502502441e-01
-6.782602071762084961e-01
1.677840352058410645e-01
2.773135304450988770e-01
7.749052047729492188e-01
-1.216675862669944763e-01
-4.885379672050476074e-01
-3.457084596157073975e-01
7.993236929178237915e-02
3.302787616848945618e-02
-1.376330405473709106e-01
-7.495321631431579590e-01
-2.896334277465939522e-03
-1.073281513527035713e-03
-8.709428831934928894e-03
-7.714984007179737091e-03
-6.858600303530693054e-03
5.073717329651117325e-03
-7.125813048332929611e-03
5.411187652498483658e-03
-7.231332361698150635e-03
8.024241775274276733e-03
6.054543424397706985e-03
2.828642725944519043e-03
-6.526583805680274963e-03
1.685190713033080101e-03
-1.231328933499753475e-03
-6.017515435814857483e-03
2.441068878397345543e-03
-5.722768837586045265e-04
9.362593293190002441e-03
3.665224881842732430e-03
8.787193335592746735e-03
-3.237069118767976761e-03
-8.125431835651397705e-03
9.295923635363578796e-03
5.869888700544834137e-03
-1.983447698876261711e-03
2.034817589446902275e-03
4.921917337924242020e-03
-8.735152892768383026e-03
-7.614811882376670837e-03
9.887826163321733475e-04
-3.338050097227096558e-03
-5.633811000734567642e-03
7.378567941486835480e-03
7.471374701708555222e-04
-2.673882525414228439e-03
-6.928787566721439362e-03
4.173802211880683899e-03
5.684742704033851624e-03
-3.142346395179629326e-03
-1.454283250495791435e-03
-7.668830920010805130e-03
2.461840864270925522e-03
7.943902164697647095e-03
2.632724586874246597e-03
7.770605850964784622e-03
2.635912271216511726e-03
6.300042849034070969e-03
2.261490561068058014e-03
4.462865181267261505e-03
-1.903586089611053467e-03
-4.472651984542608261e-03
-5.691754166036844254e-03
-4.951593000441789627e-04
-1.352254068478941917e-03
1.409588614478707314e-03
9.082129225134849548e-03
6.320113316178321838e-03
-7.593861664645373821e-04
7.903950288891792297e-03
9.652329608798027039e-03
1.273347646929323673e-03
-6.565749179571866989e-03
-1.137309882324188948e-04
5.699831061065196991e-03
-3.884895239025354385e-03
9.231167845427989960e-03
4.089248366653919220e-03
-2.319254912436008453e-03
-7.108067627996206284e-03
1.149009447544813156e-03
1.660556699789594859e-05
4.575165919959545135e-03
3.758346196264028549e-03
-7.586637046188116074e-03
-5.759715102612972260e-03
3.465914400294423103e-03
9.918400086462497711e-03
6.663022097200155258e-03
-3.993670921772718430e-03
6.324763526208698750e-04
5.684544332325458527e-03
5.092769861221313477e-04
-6.116320844739675522e-03
4.607884213328361511e-03
-9.744572453200817108e-03
-3.571997396647930145e-03
6.293598562479019165e-03
8.817856200039386749e-03
-1.826022635214030743e-03
7.662238087505102158e-03
8.543821573257446289e-01
1.213351368904113770e+00
-1.686050295829772949e+00
7.051875591278076172e-01
