2.179888010025024414e+00
5.420864224433898926e-01
2.328475713729858398e-01
5.008499622344970703e+00
3.575019359588623047e+00
1.951024889945983887e+00
2.016758918762207031e+00
2.098066568374633789e+00
2.786381006240844727e+00
-5.510606765747070312e-01
2.729023993015289307e-01
-1.742058515548706055e+00
8.093273639678955078e-02
-9.583774209022521973e-02
4.624431431293487549e-01
-3.102433867752552032e-02
5.232812762260437012e-01
6.312783360481262207e-01
1.719083264470100403e-02
7.686635255813598633e-01
-3.750524818897247314e-01
7.385731339454650879e-01
-1.122062206268310547e-01
-1.654926538467407227e-01
-1.964226961135864258e-01
-5.398730635643005371e-01
1.834730356931686401e-01
-4.800689518451690674e-01
1.629279553890228271e-01
-7.965750098228454590e-01
-2.488812804222106934e-01
9.713058471679687500e+00
9.764176368713378906e+00
1.328773307800292969e+01
1.530974674224853516e+01
1.548960685729980469e+01
1.753680610656738281e+01
1.930258941650390625e+01
1.909663009643554688e+01
2.231707572937011719e+01
2.404883766174316406e+01
-2.295127153396606445e+00
-1.352514982223510742e+00
8.458376526832580566e-01
-2.220181465148925781e+00
2.897780179977416992e+00
4.689607620239257812e-01
3.324578404426574707e-01
-1.460082232952117920e-01
1.724938988685607910e+00
-2.528243541717529297e+00
-5.387238264083862305e-01
-1.085559725761413574e-01
-6.541724205017089844e-01
9.754586815834045410e-01
2.462141364812850952e-01
-2.087329149246215820e+00
1.936103940010070801e+00
1.688633799552917480e+00
-3.314496755599975586e+00
-8.117563724517822266e-01
-2.673560082912445068e-01
7.135582715272903442e-02
-2.370963990688323975e-01
-5.219942331314086914e-01
5.135432481765747070e-01
-2.532193362712860107e-01
1.410221934318542480e+00
-2.341065406799316406e-01
-1.844683647155761719e+00
-6.239000558853149414e-01
-7.141417264938354492e-01
-2.572551071643829346e-01
2.731509685516357422e+00
-7.140710830688476562e+00
5.461129188537597656e+00
-8.772235512733459473e-01
1.319563746452331543e+00
3.192728385329246521e-02
-7.515383720397949219e+00
1.425238513946533203e+01
1.370457768440246582e+00
2.503510713577270508e-01
-1.241717576980590820e+00
4.428289532661437988e-01
2.322962999343872070e+00
2.046384513378143311e-01
-1.020408645272254944e-01
-2.923357963562011719e+00
1.389117479324340820e+00
3.039262592792510986e-01
-2.133152484893798828e-01
-1.832967042922973633e+00
7.477496147155761719e+00
-1.181597805023193359e+01
2.770170783996582031e+01
2.063287645578384399e-01
-5.593474023044109344e-03
-1.102887913584709167e-01
2.453052252531051636e-01
-4.871690273284912109e-01
5.556805729866027832e-01
2.685232087969779968e-02
-1.161696434020996094e+00
2.652639290317893028e-03
-2.300922423601150513e-01
2.221023142337799072e-01
-4.522446915507316589e-02
-1.252273172140121460e-01
-2.927341759204864502e-01
-2.467521280050277710e-01
-5.846137404441833496e-01
-1.315724551677703857e-01
-9.085722267627716064e-02
3.989688754081726074e-01
5.709445476531982422e-01
3.116836957633495331e-02
2.282975763082504272e-01
1.944629102945327759e-02
2.774009406566619873e-01
-2.519532144069671631e-01
7.650347948074340820e-01
-5.793455522507429123e-03
8.254066854715347290e-02
9.183568358421325684e-01
-1.222203597426414490e-01
2.778386771678924561e-01
1.326758563518524170e-01
-2.171552419662475586e+00
2.063950538635253906e+00
-1.967352986335754395e+00
7.719652056694030762e-01
-8.497206568717956543e-01
6.392568349838256836e-02
6.067438125610351562e+00
-2.832472085952758789e+00
6.602757424116134644e-02
5.289590358734130859e-01
3.032501041889190674e-01
-9.109607338905334473e-01
-2.910456359386444092e-01
2.595417499542236328e-01
-7.481510937213897705e-02
1.244735240936279297e+00
-9.102634191513061523e-01
5.134273692965507507e-02
3.789852857589721680e-01
1.651907920837402344e+00
-3.169149160385131836e+00
6.245934963226318359e+00
-1.048680663108825684e+00
5.580335259437561035e-01
1.023025631904602051e+00
-5.746886134147644043e-01
8.684030175209045410e-01
-5.412046909332275391e-01
-7.456024885177612305e-01
1.294481635093688965e+00
-3.158563673496246338e-01
-4.906662404537200928e-01
7.400315999984741211e-01
-1.452849060297012329e-01
8.932910859584808350e-02
2.241667062044143677e-01
-3.377881348133087158e-01
5.767611861228942871e-01
5.345458984375000000e-01
-5.127890408039093018e-02
-1.263074517250061035e+00
1.401333212852478027e+00
1.517721414566040039e-01
-1.341554671525955200e-01
-4.670774936676025391e-02
4.354551434516906738e-02
1.902170926332473755e-01
2.368371747434139252e-02
1.790492981672286987e-01
-7.353408932685852051e-01
1.922684907913208008e-01
6.402607560157775879e-01
3.996692225337028503e-02
1.971099823713302612e-01
1.266495585441589355e-01
-4.510874152183532715e-01
9.390183091163635254e-01
-2.094799757003784180e+00
2.952390611171722412e-01
-4.308986663818359375e-01
1.050994992256164551e-01
1.944065570831298828e+00
-2.254038572311401367e+00
-5.751603841781616211e-01
-1.286825258284807205e-02
2.538323216140270233e-02
-4.049925208091735840e-01
-2.308635711669921875e-01
-8.898737430572509766e-01
6.268327236175537109e-01
8.964856266975402832e-01
9.010253548622131348e-01
-6.139098107814788818e-02
-5.881540775299072266e-01
-9.512896537780761719e-01
-4.931585311889648438e+00
9.485749602317810059e-01
-5.208099365234375000e+00
2.902675420045852661e-03
-2.227224875241518021e-03
1.150411088019609451e-03
8.978284895420074463e-03
3.266590181738138199e-03
-1.396359293721616268e-03
-8.422302082180976868e-03
-4.936072509735822678e-03
-3.079143818467855453e-03
3.833717433735728264e-03
-7.636464579263702035e-05
5.369637161493301392e-03
3.835760289803147316e-03
-3.831596986856311560e-04
9.368398226797580719e-03
-6.663251202553510666e-03
-5.570997018367052078e-04
8.110036724247038364e-04
-7.000534329563379288e-03
6.447677966207265854e-03
-8.877978660166263580e-03
-5.372655577957630157e-03
-6.681242492049932480e-03
-3.103544004261493683e-03
8.574696257710456848e-03
-2.158255781978368759e-03
-1.892322325147688389e-03
-5.343944067135453224e-04
-8.042564149945974350e-04
4.034901969134807587e-03
8.594907820224761963e-03
8.223063312470912933e-03
-9.954308159649372101e-03
-3.616963280364871025e-03
-6.740206852555274963e-03
9.562344290316104889e-03
9.925782680511474609e-03
9.070271626114845276e-03
-9.522374719381332397e-03
-7.964594289660453796e-03
6.907520582899451256e-04
9.110596962273120880e-03
7.717858068645000458e-03
3.844450460746884346e-03
9.754824452102184296e-03
-9.793267585337162018e-03
-6.239023525267839432e-03
-1.035178545862436295e-03
-5.016549039282836020e-05
-9.944962337613105774e-03
-7.045439910143613815e-03
4.063223022967576981e-03
-5.334222689270973206e-03
-5.747422110289335251e-03
-1.871784450486302376e-03
8.643558025360107422e-01
8.597778677940368652e-01
-2.057636260986328125e+00
6.130766868591308594e-01
