1.705739378929138184e+00
-3.298657536506652832e-01
4.189231097698211670e-01
2.703256905078887939e-01
1.656676411628723145e+00
4.524011611938476562e+00
9.569859504699707031e-01
1.942779660224914551e+00
3.489295244216918945e+00
1.820958018302917480e+00
1.921658515930175781e+00
1.867605566978454590e+00
2.541657447814941406e+00
-1.515448242425918579e-01
-3.724440038204193115e-01
2.939345538616180420e-01
-2.967264736071228981e-03
-5.684477686882019043e-01
-7.726320624351501465e-01
1.883615273982286453e-03
6.765667349100112915e-02
2.834847867488861084e-01
3.297012150287628174e-01
7.786043733358383179e-02
3.542517125606536865e-02
5.394408851861953735e-02
4.403042420744895935e-02
7.146476954221725464e-02
-2.317387461662292480e-01
-4.726136624813079834e-01
9.168946146965026855e-01
8.513858169317245483e-02
-1.451877951622009277e-01
2.481838017702102661e-01
-1.102887541055679321e-01
-6.852384656667709351e-02
-6.371277570724487305e-02
-1.615467220544815063e-01
-6.527293473482131958e-02
-8.156973868608474731e-02
-3.889228031039237976e-02
-1.435696035623550415e-01
4.906699433922767639e-02
1.037624001502990723e+00
1.483585983514785767e-01
-5.482254028320312500e-01
6.575176715850830078e+00
7.627157688140869141e+00
8.054577827453613281e+00
1.025122070312500000e+01
1.325931739807128906e+01
1.354718017578125000e+01
1.468097782135009766e+01
1.540777397155761719e+01
1.697361564636230469e+01
1.807175064086914062e+01
1.954472160339355469e+01
1.919527816772460938e+01
2.344530487060546875e+01
2.538936042785644531e+01
2.507308578491210938e+01
-1.307183027267456055e+00
-1.018610000610351562e+00
6.639659404754638672e-01
-8.495458364486694336e-01
1.451464056968688965e+00
-1.259432792663574219e+00
-1.649215817451477051e+00
-1.145820021629333496e+00
-3.661185503005981445e+00
3.527349472045898438e+00
-2.163012742996215820e+00
1.623840451240539551e+00
1.249728083610534668e+00
2.894216775894165039e+00
-4.453120708465576172e+00
-3.470047950744628906e+00
2.415454089641571045e-01
6.770180463790893555e-01
-6.697803735733032227e-01
-2.536223888397216797e+00
6.147971153259277344e-01
2.367361932992935181e-01
-1.786612391471862793e+00
2.310976028442382812e+00
3.113470315933227539e+00
-4.720736026763916016e+00
1.739851236343383789e+00
-4.693696275353431702e-02
2.630671977996826172e+00
1.183358132839202881e-01
-4.241660833358764648e-01
-3.637073636054992676e-01
1.214366674423217773e+00
-4.715214371681213379e-01
3.719412162899971008e-02
8.080462217330932617e-01
2.226696163415908813e-01
-4.172996282577514648e-01
1.301288157701492310e-01
7.710453867912292480e-01
3.101519346237182617e-01
-6.563845276832580566e-01
1.207460999488830566e+00
-1.173098683357238770e-01
1.667504668235778809e+00
-7.269337773323059082e-01
-2.183930277824401855e-01
-3.774667158722877502e-02
4.929960668087005615e-01
-4.946638643741607666e-01
3.364073634147644043e-01
2.313622951507568359e+00
1.657172322273254395e+00
-5.232559680938720703e+00
-1.276433467864990234e-01
-2.054715156555175781e+00
1.149400100111961365e-01
1.423846334218978882e-01
-1.590190082788467407e-01
4.459901526570320129e-02
-2.497401833534240723e-01
-4.242095053195953369e-01
7.178499698638916016e-01
1.677527189254760742e+00
2.324995994567871094e+00
4.298635482788085938e+00
-1.953595578670501709e-01
3.989586234092712402e-01
1.522601395845413208e-01
2.788889408111572266e-01
4.210025966167449951e-01
-1.353721976280212402e+00
1.359159469604492188e+00
-4.709679603576660156e+00
-9.072141051292419434e-01
1.254866123199462891e-01
-9.103391170501708984e-01
-7.184745073318481445e-01
-2.650660276412963867e-01
-4.283019155263900757e-02
3.374852836132049561e-01
-2.118969917297363281e+00
-1.664912849664688110e-01
-5.691332221031188965e-01
9.082198888063430786e-02
-3.428262472152709961e-02
-2.823725342750549316e-01
2.528829872608184814e-01
-1.444850862026214600e-01
1.292684793472290039e+00
5.532274246215820312e-01
-2.427816629409790039e+00
-1.388889193534851074e+00
1.888001441955566406e+00
-2.212361991405487061e-01
-8.994867205619812012e-01
-1.446228146553039551e+00
9.404628872871398926e-01
1.570536017417907715e+00
-9.979039430618286133e-01
-1.405630350112915039e+00
1.148416042327880859e+00
-3.609780073165893555e-01
8.677551746368408203e-01
1.689193010330200195e+00
1.336756706237792969e+00
6.038872003555297852e-01
3.137997686862945557e-01
-3.005630671977996826e-01
-2.134681701660156250e+00
-1.265500903129577637e+00
2.525611817836761475e-01
6.494206190109252930e-01
-1.316529154777526855e+00
-1.463207483291625977e+00
-1.828229799866676331e-02
-2.449185609817504883e+00
-4.220443367958068848e-01
-1.106005549430847168e+00
1.928969144821166992e+00
2.250464916229248047e+00
1.002781033515930176e+00
-2.824841439723968506e-01
5.180173516273498535e-01
1.671122610569000244e-01
4.053495526313781738e-01
1.468628644943237305e-01
5.250932648777961731e-02
6.734552979469299316e-01
-1.403628468513488770e+00
-1.367727875709533691e+00
5.018129348754882812e-01
-1.717779599130153656e-02
-1.657580137252807617e-01
1.934341043233871460e-01
1.508892178535461426e+00
-4.238051772117614746e-01
-5.632680654525756836e-01
2.290989309549331665e-01
1.659083664417266846e-01
-1.124804496765136719e+00
1.538176387548446655e-01
-2.036682330071926117e-02
-5.161758512258529663e-02
-6.124903559684753418e-01
1.871195197105407715e+00
-9.178802967071533203e-01
1.432754099369049072e-01
-1.265708655118942261e-01
-1.658318936824798584e-01
2.485257089138031006e-01
-1.530588865280151367e-01
-1.685726493597030640e-01
5.342466831207275391e-01
-9.364356100559234619e-02
3.308776021003723145e-02
-4.948292076587677002e-01
4.320894777774810791e-01
-2.336769998073577881e-01
-3.045548498630523682e-01
-5.311371088027954102e-01
1.043505430221557617e+00
-1.255023032426834106e-01
-3.127147629857063293e-02
-3.632493615150451660e-01
2.849863767623901367e-01
1.238930895924568176e-01
-6.265612901188433170e-04
-1.457504481077194214e-01
1.765964776277542114e-01
-4.984308779239654541e-02
-1.496917456388473511e-01
3.698603212833404541e-01
1.555214405059814453e+00
2.207910120487213135e-01
5.400490164756774902e-01
-1.640086174011230469e-01
-9.631119668483734131e-03
3.110362589359283447e-02
-2.901498042047023773e-02
7.017593085765838623e-02
-8.428818546235561371e-03
-4.988902509212493896e-01
8.701779693365097046e-02
2.750411331653594971e-01
-1.172841072082519531e+00
6.561907380819320679e-02
-5.965962260961532593e-02
2.028971761465072632e-01
2.193183749914169312e-01
3.890620917081832886e-02
3.268927633762359619e-01
3.033424019813537598e-01
2.878576040267944336e+00
-1.339458465576171875e+00
4.475194215774536133e-01
3.131651878356933594e-01
4.406476020812988281e-01
6.252929568290710449e-02
4.528028517961502075e-02
6.896136701107025146e-02
-1.462649703025817871e-01
-3.735003471374511719e-01
-4.831251502037048340e-01
1.809999346733093262e-01
1.303066611289978027e-01
1.128948945552110672e-02
-5.423942208290100098e-02
2.304756641387939453e-01
-5.074958875775337219e-02
-2.589587271213531494e-01
3.854508101940155029e-01
4.976167380809783936e-01
-2.605475783348083496e-01
3.246287405490875244e-01
2.617855668067932129e-01
-1.034734964370727539e+00
-2.183060795068740845e-01
-7.470186948776245117e-01
2.393955290317535400e-01
4.570966362953186035e-01
-1.354681700468063354e-01
2.233028411865234375e-01
-1.099562551826238632e-02
1.244790077209472656e+00
2.242553383111953735e-01
-3.778003156185150146e-01
9.780433773994445801e-02
2.447546422481536865e-01
3.169719576835632324e-01
6.307916641235351562e-01
2.255236357450485229e-01
-6.458285450935363770e-01
1.001264691352844238e+00
1.171189308166503906e+00
1.577591747045516968e-01
1.537737399339675903e-01
9.107769727706909180e-01
8.011316657066345215e-01
-1.878606438636779785e+00
2.305748939514160156e+00
2.922731935977935791e-01
2.631997168064117432e-01
-5.025801062583923340e-01
-2.210871875286102295e-01
9.505639672279357910e-01
-5.234574079513549805e-01
4.625378847122192383e-01
1.636961102485656738e+00
-1.704617857933044434e+00
-8.726795017719268799e-02
1.460534334182739258e+00
9.357561469078063965e-01
3.633368909358978271e-01
1.581187486648559570e+00
8.078376054763793945e-01
-1.461730301380157471e-01
-2.273150980472564697e-01
-2.922409474849700928e-01
4.622936546802520752e-01
2.059492468833923340e-02
2.857956588268280029e-01
-1.536143720149993896e-01
1.676330715417861938e-02
-9.129011631011962891e-01
5.648635625839233398e-01
-7.540713250637054443e-02
1.473037600517272949e-01
-1.935237884521484375e+00
1.697376370429992676e-01
9.756691753864288330e-02
-3.492709994316101074e-01
-2.674151062965393066e-01
2.139156162738800049e-01
-3.867635130882263184e-02
4.916436970233917236e-02
-3.856123685836791992e-01
2.751053869724273682e-01
-2.408173084259033203e-01
-2.417682856321334839e-02
3.444527685642242432e-01
8.728402853012084961e-01
-2.319701462984085083e-01
-5.354256927967071533e-02
-4.776013791561126709e-01
3.201232254505157471e-01
1.639896184206008911e-01
8.920986205339431763e-02
-2.976592481136322021e-01
3.838349580764770508e-01
-1.405143737792968750e-01
-1.122743487358093262e-01
1.773178279399871826e-01
8.447920083999633789e-01
2.073711454868316650e-01
5.009050965309143066e-01
-1.393387317657470703e-01
-3.699377924203872681e-02
4.797100275754928589e-02
3.536538034677505493e-02
2.464940547943115234e-01
1.479198038578033447e-01
-1.488178670406341553e-01
-2.677142024040222168e-01
-1.547651439905166626e-01
-1.513221025466918945e+00
7.103130966424942017e-02
-7.997316867113113403e-02
-1.817776262760162354e-01
-1.214652061462402344e-01
2.883785218000411987e-02
2.828483283519744873e-01
-3.192108571529388428e-01
-1.938120573759078979e-01
-1.356490731239318848e+00
-2.071433514356613159e-01
5.303858965635299683e-02
5.816084519028663635e-02
1.731600984930992126e-02
-7.332121487706899643e-03
-2.125595659017562866e-01
2.361151278018951416e-01
-4.136805832386016846e-01
5.009449124336242676e-01
1.376551389694213867e-01
-8.904296904802322388e-02
2.143629491329193115e-01
-2.434237599372863770e-01
6.985897570848464966e-02
-2.266835272312164307e-01
1.459931582212448120e-01
6.137213483452796936e-02
5.906038284301757812e-01
-8.283216953277587891e-01
-2.359445951879024506e-02
3.032629489898681641e-01
8.779663443565368652e-01
-2.468651682138442993e-01
-3.994635865092277527e-02
8.372573852539062500e-01
2.733377218246459961e-01
-5.273547768592834473e-01
-2.958003580570220947e-01
-6.000431180000305176e-01
-1.273465514183044434e+00
-1.893737316131591797e-01
-1.558357030153274536e-01
-9.914565831422805786e-03
-3.318592607975006104e-01
1.324479937553405762e+00
6.357420086860656738e-01
-1.112681254744529724e-01
2.664977312088012695e-01
-8.555477857589721680e-01
6.811952590942382812e-01
1.578941345214843750e-01
-9.725728034973144531e-01
-5.825958847999572754e-01
-4.252372384071350098e-01
-1.104918599128723145e+00
1.668204902671277523e-03
3.955206368118524551e-03
-2.584045985713601112e-03
9.869189932942390442e-03
-8.703667670488357544e-03
8.703326806426048279e-03
-6.973962299525737762e-03
4.384646657854318619e-03
-8.115544333122670650e-04
-1.628268742933869362e-03
-8.338063955307006836e-03
-8.113065734505653381e-03
6.993190618231892586e-04
5.437925923615694046e-03
-9.930660016834735870e-03
3.712270408868789673e-03
9.832320502027869225e-04
-3.427327319514006376e-04
5.834600422531366348e-03
2.348840935155749321e-03
-3.344945842400193214e-03
-8.363522589206695557e-03
-8.420236408710479736e-03
-9.443016722798347473e-03
6.169035565108060837e-03
8.667839691042900085e-03
-7.437511347234249115e-03
-8.303734473884105682e-03
9.334507398307323456e-03
-1.649136189371347427e-03
9.622988291084766388e-03
1.283368561416864395e-03
-4.993618465960025787e-03
-6.651322357356548309e-03
4.530068021267652512e-03
-8.524256991222500801e-04
-1.505472697317600250e-03
7.553274277597665787e-03
-9.608277119696140289e-03
5.539957899600267410e-03
8.543818257749080658e-03
-7.004879880696535110e-03
-9.248664602637290955e-03
9.691842831671237946e-03
-9.635522961616516113e-03
-3.385747550055384636e-05
-4.651464521884918213e-03
8.666433393955230713e-03
5.477194674313068390e-03
6.295898463577032089e-03
7.304865401238203049e-03
-4.744030069559812546e-03
6.901184562593698502e-03
7.503027562052011490e-03
-4.001549910753965378e-03
-8.265741169452667236e-03
1.465790090151131153e-03
-9.334805421531200409e-03
-1.380878151394426823e-03
8.647037320770323277e-04
3.080103080719709396e-03
-4.559680353850126266e-03
-3.859757911413908005e-03
-8.445562794804573059e-03
-6.443541962653398514e-03
3.509192494675517082e-03
1.213873620145022869e-03
9.685107506811618805e-03
4.777891561388969421e-03
-6.345045752823352814e-03
8.923892863094806671e-03
1.843886217102408409e-03
-6.346254143863916397e-03
9.889402426779270172e-03
-3.350391983985900879e-03
-4.261247348040342331e-03
8.917067199945449829e-03
7.615658920258283615e-03
3.751369367819279432e-04
3.750597534235566854e-04
9.385825134813785553e-03
8.800835348665714264e-03
-5.971034057438373566e-03
-7.526193279772996902e-03
-7.076479494571685791e-03
1.199494814500212669e-03
-1.267145737074315548e-03
2.109018678311258554e-04
3.736987942829728127e-03
6.896023638546466827e-03
-7.910967804491519928e-03
-1.737490412779152393e-03
4.693281836807727814e-03
-8.420529775321483612e-03
7.905005477368831635e-03
-7.484814152121543884e-03
4.742392338812351227e-03
7.443854119628667831e-03
7.904456928372383118e-03
5.226745735853910446e-03
-2.072555944323539734e-03
-9.895410388708114624e-03
-1.759723527356982231e-03
-7.637695409357547760e-03
6.255396641790866852e-03
2.332415198907256126e-03
-6.520222406834363937e-03
4.194198991172015667e-04
-8.464694023132324219e-03
9.513610042631626129e-03
6.650970783084630966e-03
7.720600347965955734e-03
-2.096772193908691406e-03
3.171815769746899605e-03
6.369951646775007248e-03
-1.827710075303912163e-03
-3.635841188952326775e-03
-4.942235536873340607e-03
-8.223115466535091400e-03
-5.118586588650941849e-03
1.601469397544860840e+00
8.856310844421386719e-01
-1.524224281311035156e+00
5.943976640701293945e-01
