5.103192329406738281e+00
8.612463951110839844e+00
1.575477218627929688e+01
1.649173355102539062e+01
9.170973777770996094e+00
1.615636825561523438e+01
1.597362041473388672e+01
1.098178291320800781e+01
5.657348632812500000e+00
1.544002723693847656e+01
1.681986427307128906e+01
-2.276566028594970703e+00
6.658441066741943359e+00
5.139289379119873047e+00
7.020584583282470703e+00
-4.467772483825683594e+00
-6.575516223907470703e+00
-5.749190449714660645e-01
7.308403015136718750e+00
7.215982913970947266e+00
6.009566307067871094e+00
4.839244842529296875e+00
7.231603860855102539e-01
-4.068326354026794434e-01
-9.682148933410644531e+00
5.331859111785888672e+00
1.208584022521972656e+01
3.929863691329956055e+00
-1.060695457458496094e+01
-4.466702461242675781e+00
1.406689882278442383e+00
-4.299543380737304688e+00
4.509280681610107422e+00
2.427574634552001953e+00
-7.862644791603088379e-01
-1.125735882669687271e-02
2.800178229808807373e-01
-8.428892135620117188e+00
2.561153650283813477e+00
-1.899627208709716797e+00
3.440334498882293701e-01
6.545307636260986328e+00
-2.689393520355224609e+00
-4.337104797363281250e+00
3.469046115875244141e+00
-7.296642780303955078e+00
-2.585855722427368164e+00
-5.009183406829833984e+00
2.157113075256347656e+00
6.881953716278076172e+00
4.752310812473297119e-01
1.109352684020996094e+01
3.924598217010498047e+00
5.951498985290527344e+00
-1.446489048004150391e+01
2.010881662368774414e+00
6.164506435394287109e+00
-5.940841197967529297e+00
8.399173736572265625e+00
5.333889484405517578e+00
5.252919197082519531e+00
-2.849653482437133789e+00
-2.283654212951660156e+00
3.377279758453369141e+00
1.687193103134632111e-02
3.329207181930541992e+00
4.725114345550537109e+00
1.301612615585327148e+00
1.216996788978576660e+00
-2.267248183488845825e-02
-5.933671951293945312e+00
7.768483161926269531e+00
-7.589522361755371094e+00
-6.527780532836914062e+00
-2.516407012939453125e+00
-4.241335391998291016e+00
3.645009517669677734e+00
-3.146604061126708984e+00
4.287097454071044922e+00
6.258905887603759766e+00
2.652117252349853516e+00
3.659461736679077148e+00
5.722970962524414062e+00
-2.482920646667480469e+00
-3.891320228576660156e+00
3.346346318721771240e-01
4.912976264953613281e+00
5.241819381713867188e+00
-6.112516880035400391e+00
1.526675581932067871e+00
4.679574489593505859e+00
-5.094007492065429688e+00
2.232300758361816406e+00
-1.847379922866821289e+00
3.710906505584716797e-01
3.530197620391845703e+00
6.543184757232666016e+00
-2.711276292800903320e+00
-7.413440346717834473e-01
-1.545349001884460449e+00
2.867055416107177734e+00
-1.415048599243164062e+00
-1.381131887435913086e+00
5.187621593475341797e+00
6.947202205657958984e+00
-1.410301029682159424e-02
6.734001040458679199e-01
-1.830868482589721680e+00
-4.041203498840332031e+00
-2.223299741744995117e+00
-2.443727493286132812e+00
-8.431231975555419922e-01
-2.109683752059936523e+00
5.929859355092048645e-02
-2.999713182449340820e+00
-1.134144425392150879e+00
-4.333821296691894531e+00
4.180671691894531250e+00
-3.354648113250732422e+00
-6.164315223693847656e+00
3.834727764129638672e+00
-1.033068895339965820e+00
-1.092764884233474731e-01
-2.571787536144256592e-01
2.375973463058471680e+00
1.098575472831726074e+00
-6.288258075714111328e+00
-1.038887619972229004e+00
-3.331463098526000977e+00
3.947995185852050781e+00
-3.969585657119750977e+00
-3.298414647579193115e-01
2.738556861877441406e+00
1.790914058685302734e+00
1.938126087188720703e-01
-8.015082359313964844e+00
-5.578587532043457031e+00
-6.014952182769775391e+00
-1.973357319831848145e+00
2.334281921386718750e+00
8.738645911216735840e-01
-2.135272741317749023e+00
-7.500652790069580078e+00
1.978880643844604492e+00
4.348537921905517578e+00
4.010710716247558594e+00
-1.058252930641174316e+00
4.973233211785554886e-03
2.758571863174438477e+00
3.590574860572814941e-01
1.029141068458557129e+00
5.941584110260009766e+00
5.838250517845153809e-01
-2.741177082061767578e+00
-2.898722887039184570e+00
-1.191218733787536621e+00
-2.123254299163818359e+00
-2.408965587615966797e+00
1.847042918205261230e+00
-1.074641585350036621e+00
2.070317268371582031e+00
2.227139234542846680e+00
4.877276420593261719e-01
-2.007300376892089844e+00
-3.340064287185668945e+00
-1.481793165206909180e+00
1.946826219558715820e+00
3.814208135008811951e-02
2.642140388488769531e+00
1.592075705528259277e+00
3.005631208419799805e+00
-4.782471954822540283e-01
1.071930766105651855e+00
4.071848932653665543e-03
4.775044042617082596e-03
3.060774803161621094e+00
2.518168091773986816e-01
3.023425579071044922e+00
6.536028981208801270e-01
-1.097150802612304688e+00
2.690246105194091797e+00
2.366358280181884766e+00
-2.109692335128784180e+00
-3.002693414688110352e+00
-2.017542839050292969e+00
-1.723557233810424805e+00
3.604315757751464844e+00
1.781525969505310059e+00
-2.053786516189575195e+00
-9.255094528198242188e-01
-3.835567474365234375e+00
-1.348335266113281250e+00
2.748607635498046875e+00
2.552005946636199951e-01
1.496749281883239746e+00
1.806860327720642090e+00
-1.751349121332168579e-01
-5.075534582138061523e-01
-4.855319559574127197e-01
-8.675498962402343750e-01
-1.042821645736694336e+00
1.629048705101013184e+00
1.176783680915832520e+00
-3.268431901931762695e+00
-3.384863734245300293e-01
-5.258146524429321289e-01
-1.334842801094055176e+00
1.990518689155578613e+00
6.023756504058837891e+00
3.500414848327636719e+00
