1.524646043777465820e+00
1.225095391273498535e+00
1.523641467094421387e+00
3.924966812133789062e+00
1.225826501846313477e+00
2.104338645935058594e+00
3.038655519485473633e+00
2.034619569778442383e+00
1.855851173400878906e+00
7.626715302467346191e-01
2.032686471939086914e+00
2.628273010253906250e+00
7.028205990791320801e-01
7.207183837890625000e-01
1.600783944129943848e+00
-1.343509316444396973e+00
-4.376998543739318848e-01
5.039378404617309570e-01
8.970151841640472412e-02
1.542227983474731445e+00
-2.153008580207824707e-01
-8.031591027975082397e-02
-6.257940828800201416e-02
6.436941623687744141e-01
9.815385937690734863e-01
4.877781569957733154e-01
-1.104263588786125183e-01
6.456282734870910645e-01
-1.386965215206146240e-01
-7.406173944473266602e-01
-1.537009119987487793e+00
1.318031400442123413e-01
-1.732479631900787354e-01
-8.304601162672042847e-02
-2.386946827173233032e-01
-7.775931060314178467e-02
-1.136447712779045105e-01
-1.145032495260238647e-01
-1.597532033920288086e-01
-1.008669286966323853e-01
1.548634767532348633e-01
8.886010386049747467e-03
-1.936441808938980103e-01
-1.466686725616455078e-01
-2.241115458309650421e-02
9.088628888130187988e-01
9.339273452758789062e+00
1.097595119476318359e+01
1.313847351074218750e+01
1.363030052185058594e+01
1.400875473022460938e+01
1.544637775421142578e+01
1.487380695343017578e+01
1.667383003234863281e+01
2.113426208496093750e+01
1.788306236267089844e+01
1.912538909912109375e+01
2.825298500061035156e+01
2.301683998107910156e+01
1.965587997436523438e+01
2.974837303161621094e+01
1.271655440330505371e+00
-4.175592064857482910e-01
5.703268647193908691e-01
-3.087084293365478516e-01
-9.905524551868438721e-03
-6.134793758392333984e-01
-5.573593974113464355e-01
-3.359046578407287598e-01
-1.481887340545654297e+00
-2.152936756610870361e-01
-2.176209390163421631e-01
-5.728306770324707031e-01
4.738293886184692383e-01
9.250831604003906250e-01
-7.225605249404907227e-01
5.986421108245849609e-01
-5.690289139747619629e-01
3.894040882587432861e-01
-1.577210873365402222e-01
2.456905394792556763e-01
3.477637767791748047e-01
1.740819066762924194e-01
-1.833891719579696655e-01
1.590869128704071045e-01
4.270105957984924316e-01
8.316494822502136230e-01
-1.609640270471572876e-01
1.779222041368484497e-01
-2.778283596038818359e+00
5.099868178367614746e-01
-1.475218534469604492e+00
-1.210607051849365234e+00
2.218624055385589600e-01
4.842396676540374756e-01
-1.042768597602844238e+00
-7.306524366140365601e-02
2.739033102989196777e-01
-1.296281367540359497e-01
-6.821097135543823242e-01
8.064110875129699707e-01
2.129651755094528198e-01
-4.738322496414184570e-01
1.239304661750793457e+00
7.266327142715454102e-01
2.481511384248733521e-01
-9.650524258613586426e-01
8.021648526191711426e-01
1.568597912788391113e+00
-4.902821481227874756e-01
-3.768425583839416504e-01
2.285754919052124023e+00
-2.173018753528594971e-01
-4.127434790134429932e-01
-7.784155011177062988e-01
1.647891163825988770e+00
-6.290355324745178223e-01
2.145408391952514648e-01
-3.442994654178619385e-01
2.591334283351898193e-01
-3.280009031295776367e-01
5.017502903938293457e-01
-2.040091991424560547e+00
-7.180122733116149902e-01
3.192226290702819824e-01
-1.524560213088989258e+00
-1.246076375246047974e-01
-1.422954499721527100e-01
1.599108874797821045e-01
-1.496700286865234375e+00
-4.417851865291595459e-01
-5.668775439262390137e-01
1.279090523719787598e+00
-3.587737381458282471e-01
-4.630533754825592041e-01
1.141689777374267578e+00
-1.161552190780639648e+00
4.468670487403869629e-01
-7.852315902709960938e-01
-1.919095665216445923e-01
1.354905962944030762e-01
-1.476456224918365479e-01
-1.402101159095764160e+00
-3.377731144428253174e-01
3.505192399024963379e-01
-4.152262508869171143e-01
8.683958090841770172e-03
6.192652583122253418e-01
6.150768995285034180e-01
4.871869087219238281e-01
-1.450269818305969238e-01
-1.254142165184020996e+00
-1.509293615818023682e-01
5.808721780776977539e-01
2.220916271209716797e+00
-7.720451354980468750e-01
-1.113114953041076660e+00
2.033292055130004883e+00
-3.811534866690635681e-02
-2.315522432327270508e+00
4.274734854698181152e-01
-3.367146849632263184e-01
-8.453956246376037598e-01
5.526893138885498047e-01
3.377729654312133789e-01
-1.696952939033508301e+00
-2.843504250049591064e-01
-9.502184391021728516e-01
1.033115014433860779e-02
1.845351904630661011e-01
-8.842507004737854004e-01
1.714499711990356445e+00
-3.975249528884887695e-01
-2.373296260833740234e+00
-1.960945874452590942e-02
9.338738322257995605e-01
-1.583116888999938965e+00
7.599367499351501465e-01
1.036515712738037109e+00
2.559751987457275391e+00
-2.523784041404724121e-01
-1.579899787902832031e-01
8.424024283885955811e-02
-1.381939500570297241e-01
2.263075672090053558e-02
-5.011677742004394531e-02
1.067481338977813721e-01
6.045362353324890137e-01
3.336324989795684814e-01
1.018346786499023438e+00
3.735130131244659424e-01
2.449670284986495972e-01
4.780774414539337158e-01
5.632587149739265442e-02
-2.754398286342620850e-01
1.069627329707145691e-02
5.785018801689147949e-01
2.155742794275283813e-01
-1.307869702577590942e-01
2.259810082614421844e-02
2.267539799213409424e-01
-2.870604097843170166e-01
2.363239675760269165e-01
-2.373353689908981323e-01
-3.381960093975067139e-01
1.255203783512115479e-01
5.797409415245056152e-01
4.258581697940826416e-01
4.428709149360656738e-01
-5.534466505050659180e-01
1.708268970251083374e-01
6.667657494544982910e-01
1.276512891054153442e-01
4.227630794048309326e-03
1.557520404458045959e-02
1.336921602487564087e-01
4.558382928371429443e-02
-6.622416526079177856e-02
2.378887832164764404e-01
-2.780231833457946777e-01
-1.089964434504508972e-01
6.644028704613447189e-03
-4.590620398521423340e-01
-1.234283685684204102e+00
2.043187916278839111e-01
1.928107589483261108e-01
-1.780317127704620361e-01
6.546919047832489014e-02
-9.822754263877868652e-01
4.455888271331787109e-02
3.802503347396850586e-01
-7.708023190498352051e-01
-7.977375984191894531e-01
-6.863475441932678223e-01
1.919826567173004150e-01
-3.103569447994232178e-01
2.795130610466003418e-01
-9.635437279939651489e-02
-4.394873380661010742e-01
1.820549219846725464e-01
1.302164345979690552e-01
-2.664275467395782471e-01
1.165166646242141724e-01
9.521123766899108887e-01
4.546106159687042236e-01
2.040837258100509644e-01
4.675123691558837891e-01
-3.180529177188873291e-02
2.906784415245056152e-02
-2.420443743467330933e-01
-3.049063682556152344e-02
1.284228414297103882e-01
-3.862828761339187622e-02
-3.962425887584686279e-02
2.058973014354705811e-01
-4.280754029750823975e-01
6.192173361778259277e-01
-1.500966995954513550e-01
-3.951261937618255615e-02
3.446961343288421631e-01
3.392567113041877747e-02
6.111384630203247070e-01
1.242127865552902222e-01
3.993808925151824951e-01
-1.654442846775054932e-01
3.735186532139778137e-02
-6.740391254425048828e-01
-1.574780791997909546e-01
5.168857518583536148e-03
3.606627136468887329e-02
-4.313622787594795227e-02
1.956932395696640015e-01
-7.512103021144866943e-02
-7.299669981002807617e-01
7.554395589977502823e-03
-1.727535873651504517e-01
-1.491117626428604126e-01
2.446554154157638550e-01
5.330392718315124512e-01
8.641732335090637207e-01
2.512966096401214600e-01
8.558774739503860474e-02
4.379829466342926025e-01
1.741918921470642090e-01
-1.744310110807418823e-01
1.834660917520523071e-01
8.895684480667114258e-01
-4.220394045114517212e-02
2.730861902236938477e-01
-3.859344422817230225e-01
-5.391979813575744629e-01
-4.307116568088531494e-01
-4.536242783069610596e-01
5.009711906313896179e-02
2.619880139827728271e-01
-1.085605263710021973e+00
-1.513645201921463013e-01
-2.170279771089553833e-01
4.845169782638549805e-01
8.027155697345733643e-02
2.262679338455200195e-01
-3.205069303512573242e-01
-7.426016032695770264e-02
1.751066744327545166e-01
5.695278942584991455e-02
-2.530271410942077637e-01
-8.308454602956771851e-02
1.620869338512420654e-02
-1.142961010336875916e-01
-3.194420933723449707e-01
-1.991249471902847290e-01
-1.715141534805297852e-01
-4.953559488058090210e-02
-1.597702652215957642e-01
-1.769359968602657318e-02
-1.211251839995384216e-01
-6.504385471343994141e-01
-2.089393436908721924e-01
-2.181188017129898071e-01
-6.480954587459564209e-02
7.226341962814331055e-02
3.430345654487609863e-02
1.874355226755142212e-01
1.279292106628417969e-01
1.014716997742652893e-01
-3.584495559334754944e-02
-2.492060661315917969e-01
-1.004766225814819336e-01
-2.661942839622497559e-01
-3.239178657531738281e-01
-3.773787617683410645e-02
1.268125772476196289e-01
2.598687410354614258e-01
-2.474537044763565063e-01
5.306011438369750977e-02
3.078103661537170410e-01
-3.390160799026489258e-01
-4.922685027122497559e-02
6.863175332546234131e-02
1.932941563427448273e-02
-3.612887859344482422e-02
-8.959109336137771606e-02
2.193566411733627319e-01
9.281069040298461914e-02
-2.599683403968811035e-01
-2.467948198318481445e-01
3.542229235172271729e-01
3.063653362914919853e-03
5.671696066856384277e-01
-1.665219478309154510e-02
1.544548124074935913e-01
6.814953088760375977e-01
3.323505222797393799e-01
4.146970510482788086e-01
4.862189665436744690e-02
-3.942010104656219482e-01
1.231441050767898560e-01
-2.314847111701965332e-01
-5.614717304706573486e-02
-4.860183894634246826e-01
7.937053591012954712e-02
9.014753252267837524e-02
1.144624873995780945e-01
2.912653610110282898e-02
-1.171050406992435455e-02
5.020369216799736023e-02
6.870974600315093994e-02
-9.378941357135772705e-02
-7.078938651829957962e-03
5.868303775787353516e-01
8.786132931709289551e-02
1.166806444525718689e-01
2.049243003129959106e-01
2.263425849378108978e-02
9.478504955768585205e-02
-3.118892908096313477e-01
5.474359989166259766e-01
-2.346843481063842773e-01
8.467011451721191406e-01
2.761385869234800339e-03
-1.226110830903053284e-01
8.590284734964370728e-02
-4.498434960842132568e-01
-1.481864154338836670e-01
-5.266926884651184082e-01
5.037248134613037109e-01
5.460916161537170410e-01
-2.347746789455413818e-01
-2.030416727066040039e-01
-1.628011465072631836e-02
-3.674159571528434753e-02
4.088871777057647705e-01
8.362950384616851807e-02
3.680617213249206543e-01
-6.669459342956542969e-01
2.720518708229064941e-01
7.414810061454772949e-01
-7.712230682373046875e-01
-2.572982013225555420e-01
8.461669683456420898e-01
-8.905726671218872070e-02
1.287555247545242310e-01
2.816271483898162842e-01
1.136597804725170135e-02
-3.640941157937049866e-02
4.200243353843688965e-01
-3.677435815334320068e-01
-1.683375239372253418e-01
-2.526047229766845703e-01
3.050516843795776367e-01
-5.211384892463684082e-01
-2.178535014390945435e-01
-6.665883213281631470e-02
1.391549110412597656e-01
-5.750710144639015198e-02
6.384617090225219727e-01
9.626077413558959961e-01
2.809409238398075104e-02
-5.492072105407714844e-01
-2.163678705692291260e-01
3.633463978767395020e-01
-5.555140785872936249e-03
5.347106140106916428e-03
-7.912958040833473206e-03
-8.130287751555442810e-03
7.313863607123494148e-04
5.719234235584735870e-03
-1.444643712602555752e-03
-9.497631341218948364e-03
-4.849124234169721603e-03
-3.563768696039915085e-03
4.023217130452394485e-03
5.240647587925195694e-03
4.988222382962703705e-03
-5.303338635712862015e-03
-5.277816089801490307e-04
-4.362445324659347534e-03
8.766141720116138458e-03
-1.385285286232829094e-03
5.234384443610906601e-03
-4.725192673504352570e-03
-5.636241752654314041e-03
7.804479449987411499e-03
8.620515465736389160e-03
-4.810545593500137329e-03
-6.204845849424600601e-03
-5.280829500406980515e-03
6.386105436831712723e-03
-8.742995123611763120e-05
8.260733447968959808e-03
5.287406966090202332e-03
-2.428770298138260841e-03
7.462226785719394684e-03
8.270242833532392979e-04
-1.778367557562887669e-03
9.182388894259929657e-03
4.331255331635475159e-03
5.481983069330453873e-03
-9.303247556090354919e-03
-3.430691082030534744e-03
-1.000589807517826557e-03
-5.661515169776976109e-04
-2.459886018186807632e-03
-4.610538948327302933e-03
-2.209821948781609535e-03
3.945057280361652374e-03
-1.998785417526960373e-03
-2.845795592293143272e-03
1.412258006894262508e-05
-1.620373106561601162e-03
6.757044699043035507e-03
-5.221432074904441833e-03
6.241360213607549667e-03
-7.562262937426567078e-03
-2.326372312381863594e-03
-7.355479989200830460e-03
6.693700794130563736e-03
-8.896508254110813141e-03
-2.116775431204587221e-04
8.815452456474304199e-03
7.481636479496955872e-03
3.984387032687664032e-03
-4.180072806775569916e-03
-2.727446611970663071e-03
4.551490768790245056e-03
-1.119183260016143322e-03
9.493294055573642254e-04
6.835619453340768814e-03
-5.783391650766134262e-03
-7.225519977509975433e-03
2.942111110314726830e-03
8.684277534484863281e-03
-4.820355214178562164e-03
8.793577551841735840e-03
-6.541456095874309540e-03
-7.939782924950122833e-03
-3.078206209465861320e-03
4.963587969541549683e-03
3.431588411331176758e-03
-8.134543895721435547e-03
6.641589570790529251e-03
-3.143393201753497124e-03
8.801662363111972809e-03
-9.918668307363986969e-03
2.583511406555771828e-03
-6.815417669713497162e-03
-9.028970263898372650e-03
9.075475856661796570e-03
-9.885619394481182098e-03
8.208023384213447571e-03
-9.912000037729740143e-03
-4.742093849927186966e-03
9.353371337056159973e-03
-8.484832942485809326e-03
-6.849618330306839198e-06
8.136992342770099640e-03
9.140806272625923157e-03
4.073959309607744217e-03
5.579957272857427597e-03
4.547914024442434311e-03
-4.589117132127285004e-03
-6.772339809685945511e-03
8.096298202872276306e-03
2.801160793751478195e-03
3.795712953433394432e-03
-5.941435229033231735e-03
-2.493112813681364059e-03
2.107025822624564171e-03
6.240732967853546143e-03
7.431947626173496246e-03
-8.418300189077854156e-03
6.153720896691083908e-03
-8.828175254166126251e-03
-4.299486521631479263e-03
-8.009432815015316010e-03
1.467382768169045448e-03
9.415184147655963898e-03
9.023088961839675903e-03
-5.867871921509504318e-03
3.201834624633193016e-04
2.010304015129804611e-03
1.345016360282897949e+00
6.589730381965637207e-01
-1.149532556533813477e+00
4.408609271049499512e-01
