2.063608646392822266e+00
-2.633431553840637207e-01
-4.597406089305877686e-01
4.634806156158447266e+00
1.867393732070922852e+00
3.954019308090209961e+00
1.343003630638122559e+00
1.625181913375854492e+00
2.445172071456909180e+00
2.625443696975708008e+00
-1.420994251966476440e-01
-5.706520751118659973e-03
1.299105763435363770e+00
6.216137409210205078e-01
-1.361895650625228882e-01
1.190145373344421387e+00
3.436599075794219971e-01
1.079150080680847168e+00
5.364123582839965820e-01
-9.747242182493209839e-02
-9.950027465820312500e-01
4.249618351459503174e-01
3.848298192024230957e-01
1.042113900184631348e+00
8.399682044982910156e-01
-1.992532312870025635e-01
-5.251801609992980957e-01
-1.751715317368507385e-03
-3.673264086246490479e-01
6.705636382102966309e-01
3.342473506927490234e-02
-1.703484207391738892e-01
1.471922993659973145e-01
4.838987588882446289e-01
8.255418777465820312e+00
1.054261207580566406e+01
1.325212383270263672e+01
1.345244789123535156e+01
1.528643989562988281e+01
1.680788993835449219e+01
1.735616111755371094e+01
1.925698471069335938e+01
1.899159431457519531e+01
2.159074211120605469e+01
2.416207313537597656e+01
1.352467894554138184e+00
5.498591810464859009e-02
-3.030425012111663818e-01
6.745204925537109375e-01
-4.387043118476867676e-01
-5.590462684631347656e-01
-1.264527797698974609e+00
1.829904019832611084e-01
3.039916157722473145e-01
6.600877642631530762e-01
1.110213279724121094e+00
4.148036241531372070e-01
-2.078813761472702026e-01
-2.245796024799346924e-01
-3.906929790973663330e-01
4.749588966369628906e-01
-1.769176244735717773e+00
1.198079466819763184e+00
6.439241170883178711e-01
6.764342188835144043e-01
4.093661606311798096e-01
7.593422532081604004e-01
-2.523490190505981445e+00
4.661470651626586914e-02
1.720025390386581421e-01
-3.709307610988616943e-01
7.786341309547424316e-01
1.161398589611053467e-01
-3.110817074775695801e-01
3.789882659912109375e-01
3.083045959472656250e+00
-1.159256771206855774e-01
1.943921148777008057e-01
-1.636791825294494629e-01
-1.584161400794982910e+00
6.045102477073669434e-01
6.498337537050247192e-02
-4.613623023033142090e-01
-7.551419734954833984e-01
-7.692690705880522728e-04
-5.183547735214233398e-01
-6.006755866110324860e-04
8.066596090793609619e-02
-1.036402210593223572e-01
-1.512007594108581543e+00
-9.098799228668212891e-01
-1.981331557035446167e-01
-7.058773636817932129e-01
1.233218669891357422e+00
5.874202847480773926e-01
4.523023962974548340e-01
1.440594315528869629e+00
-3.331962525844573975e-01
-1.208737269043922424e-01
-4.633003473281860352e-01
7.694298624992370605e-01
7.958824038505554199e-01
-4.813861846923828125e-02
-1.184199094772338867e+00
7.099459171295166016e-01
-4.299497604370117188e-01
-3.038232214748859406e-02
1.458767652511596680e-01
6.761211752891540527e-01
1.557037949562072754e+00
-1.617917418479919434e-02
3.822538852691650391e-01
7.021442651748657227e-01
9.382953494787216187e-02
3.874351084232330322e-01
1.002725064754486084e-01
5.735760554671287537e-02
3.951508104801177979e-01
-3.442424237728118896e-01
1.426159143447875977e-01
6.663717031478881836e-01
2.630793452262878418e-01
2.666744291782379150e-01
5.024944543838500977e-01
-1.898628622293472290e-01
-9.669954329729080200e-02
-9.262228012084960938e-02
7.896813154220581055e-01
2.285278737545013428e-01
-5.323020219802856445e-01
9.926397204399108887e-01
1.080020666122436523e+00
5.014539361000061035e-01
-1.911456733942031860e-01
-1.997474730014801025e-01
9.029694795608520508e-01
-7.456740736961364746e-02
1.228869080543518066e+00
-3.380751907825469971e-01
-1.659227311611175537e-01
6.237665414810180664e-01
1.641220897436141968e-01
1.983124762773513794e-01
-8.254458904266357422e-01
-6.963052600622177124e-02
-1.749016642570495605e+00
4.694409370422363281e-01
1.855966091156005859e+00
-1.006504774093627930e+00
6.805570721626281738e-01
-1.662885397672653198e-01
2.604958713054656982e-01
-2.217004774138331413e-03
1.745428740978240967e-01
-2.653171680867671967e-02
3.797839283943176270e-01
6.246315240859985352e-01
-1.184831485152244568e-01
1.006385087966918945e+00
-9.076467156410217285e-01
8.078110218048095703e-01
1.920406669378280640e-01
3.090993687510490417e-02
1.308968961238861084e-01
2.154723405838012695e-01
2.243047505617141724e-01
1.589978933334350586e-01
1.460040330886840820e+00
-1.335213780403137207e-01
-3.782296776771545410e-01
-5.678302422165870667e-02
1.245321035385131836e+00
-3.278186321258544922e-01
5.791820883750915527e-01
7.391493916511535645e-01
4.974961280822753906e-01
8.254010081291198730e-01
-5.123041570186614990e-02
6.713533401489257812e-01
-4.249391332268714905e-02
6.719996929168701172e-01
2.269835621118545532e-01
3.709497153759002686e-01
8.298413753509521484e-01
-2.613039314746856689e-02
-2.329835146665573120e-01
8.296796083450317383e-01
3.074374794960021973e-01
5.699632167816162109e-01
-4.196559488773345947e-01
-2.248866409063339233e-01
-2.902429783716797829e-03
6.667242050170898438e-01
1.377487301826477051e+00
-4.998502731323242188e-01
-3.206586837768554688e-01
1.374328136444091797e+00
9.631274342536926270e-01
3.690702021121978760e-01
1.722526699304580688e-01
-3.201500773429870605e-01
5.486302375793457031e-01
5.302093178033828735e-02
3.346510231494903564e-01
-1.246392607688903809e+00
-5.974965095520019531e-01
6.241148710250854492e-01
4.250530600547790527e-01
2.020337879657745361e-01
-1.378538250923156738e+00
1.966660022735595703e-01
1.926831901073455811e-01
2.022838592529296875e+00
9.667996168136596680e-01
-2.546132802963256836e-01
1.733117252588272095e-01
-1.659128665924072266e-01
-3.419564962387084961e-01
7.127149403095245361e-02
3.562421798706054688e-01
8.225855231285095215e-02
1.885907649993896484e-01
6.339362263679504395e-01
3.855160772800445557e-01
4.844816029071807861e-01
-8.163814544677734375e-01
1.159896492958068848e+00
4.552665054798126221e-01
-6.293323636054992676e-01
-1.957345604896545410e-01
1.095328778028488159e-01
6.020944118499755859e-01
-1.698468327522277832e-01
1.668257564306259155e-01
-1.489784598350524902e+00
-3.400994539260864258e-01
4.784472882747650146e-01
1.040220260620117188e+00
3.867003917694091797e-01
-1.349321156740188599e-01
1.221775293350219727e+00
-5.344077199697494507e-02
4.084938764572143555e-01
8.186033368110656738e-01
8.300443291664123535e-01
7.462446093559265137e-01
3.247079849243164062e-01
5.230518803000450134e-02
7.159665226936340332e-01
5.151013731956481934e-01
9.860395789146423340e-01
1.246217414736747742e-01
6.001173257827758789e-01
4.487273097038269043e-01
7.120685577392578125e-01
5.908375605940818787e-02
8.456232547760009766e-01
9.823235273361206055e-01
2.613763511180877686e-01
5.220126509666442871e-01
7.369996309280395508e-01
5.998330116271972656e-01
9.224532246589660645e-01
8.384577184915542603e-02
9.251078367233276367e-01
4.970253705978393555e-01
9.292340278625488281e-01
2.921423129737377167e-02
4.920975491404533386e-02
3.423419296741485596e-01
9.918520450592041016e-01
5.785964429378509521e-02
4.754703044891357422e-01
2.842012643814086914e-01
3.222229480743408203e-01
1.138801276683807373e-01
6.883169412612915039e-01
9.724044203758239746e-01
7.266399264335632324e-01
4.662514925003051758e-01
9.044029116630554199e-01
9.041975438594818115e-02
3.152150213718414307e-01
2.339268028736114502e-01
5.054780840873718262e-01
4.964467287063598633e-01
7.040901780128479004e-01
4.155316948890686035e-01
6.451206803321838379e-01
4.767913222312927246e-01
9.893952608108520508e-01
6.853263974189758301e-01
9.606264233589172363e-01
1.974370330572128296e-01
9.156749248504638672e-01
1.236714571714401245e-01
1.610098332166671753e-01
4.902241826057434082e-01
2.545621395111083984e-01
5.254388451576232910e-01
2.248483896255493164e-01
7.240070700645446777e-01
7.475813627243041992e-01
5.161922052502632141e-02
5.180360078811645508e-01
6.688812375068664551e-01
4.687453508377075195e-01
8.497249484062194824e-01
6.739470362663269043e-01
6.004952788352966309e-01
1.008747696876525879e+00
-1.732491016387939453e+00
7.936854958534240723e-01
