2.182346582412719727e+00
5.016421318054199219e+00
3.479928970336914062e+00
2.123875379562377930e+00
1.777675867080688477e+00
2.168557405471801758e+00
2.887182474136352539e+00
-5.467015504837036133e-01
5.896620154380798340e-01
1.239904165267944336e-01
-1.015654921531677246e+00
5.531685352325439453e-01
-9.214500784873962402e-01
3.217440843582153320e-01
-1.401289105415344238e+00
-1.911721825599670410e-01
-3.627046644687652588e-01
6.205100566148757935e-02
-2.034502476453781128e-02
-3.436645269393920898e-01
3.497771322727203369e-01
1.089048624038696289e+00
1.329089260101318359e+01
1.532340240478515625e+01
1.537459659576416016e+01
1.737723541259765625e+01
1.911507987976074219e+01
1.902396965026855469e+01
2.019879531860351562e+01
-7.641684412956237793e-01
-9.352955967187881470e-02
5.134475827217102051e-01
-6.969767063856124878e-02
-1.611755192279815674e-01
-1.529068350791931152e-01
-1.085547506809234619e-01
-5.092046782374382019e-02
-1.713273167610168457e+00
-1.431178212165832520e+00
2.693611979484558105e-01
4.276001751422882080e-01
-1.979628205299377441e+00
3.746515989303588867e+00
7.099348902702331543e-01
9.706205725669860840e-01
-1.429671764373779297e+00
6.131520748138427734e+00
1.709806442260742188e+00
-1.084626078605651855e+00
-4.203949496150016785e-02
6.803758740425109863e-01
1.761306405067443848e+00
-8.278884887695312500e-01
2.335383653640747070e+00
5.401051044464111328e-01
-1.762368083000183105e+00
6.954298496246337891e+00
6.224658489227294922e-01
1.956585347652435303e-01
-1.713527739048004150e-01
-5.033768415451049805e-01
-1.371989846229553223e-01
1.758929342031478882e-01
-8.949429988861083984e-01
-4.095517098903656006e-01
2.140436172485351562e+00
2.828404605388641357e-01
1.907560676336288452e-01
-4.708282053470611572e-01
2.948300838470458984e+00
-3.047218084335327148e+00
-1.718209385871887207e-01
9.049801826477050781e-01
7.616572976112365723e-01
-5.701313495635986328e+00
3.352867364883422852e-01
2.220119237899780273e-01
-2.536902204155921936e-02
8.621594309806823730e-01
6.926413774490356445e-01
8.680954575538635254e-02
-1.272844523191452026e-01
1.251701116561889648e-01
9.695243239402770996e-01
-5.568192005157470703e+00
1.007513850927352905e-01
-2.459635287523269653e-01
1.260658949613571167e-01
2.227532565593719482e-01
3.983457684516906738e-01
9.333388507366180420e-02
3.623647987842559814e-01
5.821884870529174805e-01
-8.027650117874145508e-01
2.057103514671325684e-01
-2.166900336742401123e-01
1.436235755681991577e-01
-2.052963972091674805e+00
7.754762768745422363e-01
1.689148247241973877e-01
-6.404485553503036499e-02
-6.156249046325683594e-01
2.921394109725952148e+00
-8.872354030609130859e-01
8.784150332212448120e-02
8.111920207738876343e-02
-4.496957361698150635e-01
-4.227902293205261230e-01
-1.481238454580307007e-01
2.626168429851531982e-01
3.839116692543029785e-01
-8.288786411285400391e-01
3.708355665206909180e+00
-7.502681110054254532e-03
6.190023384988307953e-03
-4.489372484385967255e-03
1.561667770147323608e-03
1.964359078556299210e-03
-8.417094126343727112e-03
6.607827264815568924e-03
8.398992940783500671e-03
-4.984308034181594849e-03
4.507153760641813278e-03
-4.136548377573490143e-03
-4.839282017201185226e-03
-4.271758254617452621e-03
-2.885072724893689156e-03
-6.040636915713548660e-03
-5.772458389401435852e-03
6.944021675735712051e-03
-8.115720003843307495e-03
8.648948860354721546e-04
-6.457725074142217636e-03
6.696467287838459015e-03
-2.888281363993883133e-03
-3.391729900613427162e-03
-8.049165830016136169e-03
-6.441035307943820953e-03
-2.014844911172986031e-03
-9.190073236823081970e-03
-6.388215813785791397e-03
1.003493547439575195e+00
9.773915410041809082e-01
-2.052829027175903320e+00
6.828885078430175781e-01
