1.590729236602783203e+01
2.501002693176269531e+01
3.985968589782714844e+00
1.544860172271728516e+01
4.318168163299560547e+00
2.211360168457031250e+01
3.987529516220092773e+00
5.209000587463378906e+00
-3.015217304229736328e+00
4.115773200988769531e+00
1.385896056890487671e-01
7.028436183929443359e+00
8.567484468221664429e-02
-1.651122689247131348e+00
1.567248821258544922e+00
-5.330498695373535156e+00
2.322567850351333618e-01
-7.820547580718994141e+00
2.766657173633575439e-01
8.481226921081542969e+00
-4.231452465057373047e+00
-4.376611709594726562e+00
4.190992832183837891e+00
-2.710457563400268555e+00
5.973363876342773438e+00
2.103508472442626953e+00
1.686787009239196777e+00
-3.038934230804443359e+00
-2.604274034500122070e+00
3.981204032897949219e-01
-2.330465078353881836e+00
1.150452733039855957e+00
-2.139141857624053955e-01
5.232124328613281250e-01
-5.321196079254150391e+00
9.902349472045898438e+00
-5.586422920227050781e+00
9.921257972717285156e+00
-1.652606129646301270e+00
6.553195953369140625e+00
2.858089447021484375e+00
5.597868919372558594e+00
-4.741310596466064453e+00
-3.235997915267944336e+00
2.155439138412475586e+00
5.314042568206787109e+00
-4.237614154815673828e+00
-6.888792514801025391e+00
-3.818461656570434570e+00
-1.068338632583618164e+00
-1.581403493881225586e+00
-6.410237550735473633e-01
-1.420392870903015137e+00
-1.445454716682434082e+00
-1.690183043479919434e+00
-1.765388369560241699e+00
-1.376702487468719482e-01
-8.035118103027343750e+00
5.091828346252441406e+00
9.832467079162597656e+00
-2.267246484756469727e+00
-1.781113743782043457e+00
9.107128381729125977e-01
-3.333696126937866211e+00
3.163115978240966797e-01
-4.314886927604675293e-01
1.269732832908630371e+00
8.756018638610839844e+00
2.860113978385925293e-02
-6.801954656839370728e-02
-5.522117614746093750e-01
-5.112296342849731445e-01
-1.617430210113525391e+00
-3.601269125938415527e-01
3.056434869766235352e+00
8.132652640342712402e-01
1.921848773956298828e+00
1.778266429901123047e+00
4.002901017665863037e-01
1.250158905982971191e+00
4.283961772918701172e+00
-6.221871972084045410e-01
2.401438504457473755e-01
1.720878481864929199e+00
-1.910499930381774902e+00
-1.777539014816284180e+00
-3.447937250137329102e+00
-5.244098305702209473e-01
-1.284141652286052704e-02
3.842837572097778320e+00
-5.150815010070800781e+00
-8.822357058525085449e-01
