1.581917572021484375e+01
1.637800216674804688e+01
7.864953041076660156e+00
1.564261627197265625e+01
7.730576992034912109e+00
1.657232856750488281e+01
6.561923980712890625e+00
4.529824733734130859e+00
-4.630071163177490234e+00
6.067025661468505859e+00
2.119010686874389648e+00
6.645009517669677734e+00
1.435277462005615234e+00
-3.516653060913085938e+00
4.259835243225097656e+00
-4.607719182968139648e-01
-1.341806292533874512e+00
-1.852796912193298340e+00
2.374786138534545898e+00
1.043539714813232422e+01
-5.118499279022216797e+00
-4.363227367401123047e+00
8.349069595336914062e+00
-6.090428352355957031e+00
7.898831844329833984e+00
9.673198461532592773e-01
7.599306583404541016e+00
-7.055187821388244629e-01
-4.483972549438476562e+00
-1.474034905433654785e+00
-3.502170085906982422e+00
4.445537090301513672e+00
-1.988797664642333984e+00
3.536072254180908203e+00
-6.112275123596191406e+00
3.020697355270385742e+00
-2.140802621841430664e+00
7.363964557647705078e+00
-3.082945585250854492e+00
5.059569358825683594e+00
1.449099421501159668e+00
2.563301086425781250e+00
-7.676625251770019531e-01
-5.997372627258300781e+00
2.457519918680191040e-01
9.945152282714843750e+00
-3.560361266136169434e-01
-6.757195472717285156e+00
-5.390144348144531250e+00
1.039144873619079590e+00
3.245797157287597656e-01
-1.807269454002380371e+00
7.321444034576416016e+00
-3.193474054336547852e+00
-2.662771224975585938e+00
-7.991636395454406738e-01
-3.230065584182739258e+00
-6.883886337280273438e+00
5.845513820648193359e+00
1.241160488128662109e+01
-2.211002588272094727e+00
-4.923755228519439697e-01
2.565934658050537109e+00
-1.009945392608642578e+00
3.340174198150634766e+00
-8.853985667228698730e-01
1.279535055160522461e+00
4.354630470275878906e+00
1.035562753677368164e+00
-9.867549538612365723e-01
1.374116241931915283e-01
-7.042058110237121582e-01
1.180714964866638184e+00
4.904516637325286865e-01
1.924507021903991699e+00
2.430247366428375244e-01
1.157091498374938965e+00
2.572006464004516602e+00
-2.444080114364624023e+00
1.453790664672851562e+00
5.698848247528076172e+00
-7.217397689819335938e-01
-1.031931281089782715e+00
1.108038902282714844e+00
-1.268705368041992188e+00
3.317468643188476562e+00
-3.658123731613159180e+00
3.773800611495971680e+00
4.639285802841186523e-01
3.275837898254394531e+00
-3.566851377487182617e+00
-5.101733207702636719e+00
