1.608270764350891113e+00
-5.711708068847656250e-01
-5.419914126396179199e-01
-1.270808726549148560e-01
1.773449063301086426e+00
4.509431362152099609e+00
-1.586349904537200928e-01
2.921415567398071289e-01
3.275426149368286133e+00
2.429625511169433594e+00
1.149103641510009766e+00
2.193966865539550781e+00
2.348619699478149414e+00
2.222579479217529297e+00
1.393778175115585327e-01
6.638813018798828125e-01
-1.360227614641189575e-01
1.934188306331634521e-01
4.173620045185089111e-01
-4.518235623836517334e-01
9.557387828826904297e-01
-1.635721683502197266e+00
7.106695771217346191e-01
4.729982018470764160e-01
8.623368740081787109e-01
-1.066312100738286972e-02
2.715699374675750732e-01
-2.446083817631006241e-03
7.001251578330993652e-01
-2.925051152706146240e-01
8.480322360992431641e-02
6.852683424949645996e-02
1.577754974365234375e+00
5.840947031974792480e-01
2.452136017382144928e-02
1.979678571224212646e-01
8.348243832588195801e-01
7.617021799087524414e-01
8.876839280128479004e-01
-1.227495148777961731e-01
8.166751265525817871e-01
-4.523978009819984436e-02
1.171517670154571533e-01
-3.991864919662475586e-01
2.915733493864536285e-02
-1.562114804983139038e-01
-3.008730411529541016e-01
-8.496831357479095459e-02
5.450189113616943359e-01
1.951676011085510254e-01
6.300230026245117188e-01
1.820087246596813202e-02
5.359921455383300781e+00
7.621404170989990234e+00
7.899893283843994141e+00
1.030194377899169922e+01
1.326319885253906250e+01
1.078498554229736328e+01
1.250121116638183594e+01
1.552476787567138672e+01
1.469522857666015625e+01
1.850324058532714844e+01
1.730408859252929688e+01
1.896260070800781250e+01
1.958209800720214844e+01
2.207185363769531250e+01
2.408534622192382812e+01
2.676874732971191406e+01
2.808361625671386719e+01
8.680133223533630371e-01
4.163309335708618164e-01
7.866315841674804688e-01
6.935638189315795898e-01
9.969741702079772949e-01
-3.774141073226928711e+00
7.313548922538757324e-01
-5.733034573495388031e-03
-2.889454364776611328e-01
1.012210026383399963e-01
7.719316482543945312e-01
-8.044797182083129883e-01
1.850316882133483887e+00
7.384111285209655762e-01
6.989363580942153931e-02
9.051858782768249512e-01
3.378382444381713867e+00
3.343423604965209961e-01
-6.972571611404418945e-01
-1.814862608909606934e+00
-1.591207534074783325e-01
-6.861805319786071777e-01
-1.079709172248840332e+00
-2.086412012577056885e-01
2.655143976211547852e+00
-3.058201789855957031e+00
-1.023554801940917969e+00
2.066700458526611328e+00
-3.838407397270202637e-01
2.994434595108032227e+00
-3.865216374397277832e-01
-7.915519475936889648e-01
3.758264303207397461e+00
9.246289730072021484e-01
1.760411977767944336e+00
-5.808886885643005371e-01
4.623781204223632812e+00
-1.414942502975463867e+00
-9.270619153976440430e-01
2.134844303131103516e+00
-2.644183337688446045e-01
-2.277268409729003906e+00
1.251464843750000000e+00
1.484323978424072266e+00
-1.373061180114746094e+00
8.545125126838684082e-01
-1.606765389442443848e+00
2.639883041381835938e+00
-1.072036504745483398e+00
5.928397178649902344e-01
-4.382071018218994141e+00
-7.390076518058776855e-01
3.603679835796356201e-01
-2.137294292449951172e+00
-3.686482191085815430e+00
-1.709297418594360352e+00
1.407696723937988281e+00
-1.339719891548156738e+00
2.187268257141113281e+00
-2.920138835906982422e+00
-1.374001860618591309e+00
1.102148056030273438e+00
-8.931298851966857910e-01
1.805215835571289062e+00
2.235528528690338135e-01
-8.628952503204345703e-02
5.077240467071533203e-01
8.489294350147247314e-02
-5.973961949348449707e-02
1.163969039916992188e+00
-7.237401008605957031e-01
4.827704727649688721e-01
-1.391475740820169449e-02
-4.856482446193695068e-01
2.515814602375030518e-01
-2.032840013504028320e+00
-3.921946287155151367e+00
1.707437753677368164e+00
-2.338963747024536133e+00
1.302065491676330566e+00
1.747701317071914673e-02
-1.404023647308349609e+00
1.904947161674499512e+00
2.636192798614501953e+00
1.002088427543640137e+00
2.417190313339233398e+00
-9.169360399246215820e-01
1.813444614410400391e+00
5.178130269050598145e-01
-1.577089667320251465e+00
-1.943875670433044434e+00
1.069847106933593750e+00
1.948250830173492432e-01
-1.029930233955383301e+00
2.415996551513671875e+00
9.076104164123535156e-01
-1.154780268669128418e+00
1.000265359878540039e+00
8.553672581911087036e-02
-9.121308922767639160e-01
-1.612248659133911133e+00
-7.632952928543090820e-01
-1.015539914369583130e-01
9.985944628715515137e-02
1.364743232727050781e+00
3.113697767257690430e-01
1.913106441497802734e+00
-2.346137046813964844e+00
-3.848296105861663818e-01
2.060422182083129883e+00
1.178646802902221680e+00
-2.262280225753784180e+00
7.021129131317138672e-01
-2.651472985744476318e-01
1.040807962417602539e+00
-5.427038073539733887e-01
-1.954528093338012695e+00
-5.754765987396240234e+00
2.349796295166015625e+00
1.103868484497070312e+00
-7.316945791244506836e-01
-2.031491756439208984e+00
3.111469149589538574e-01
1.292862892150878906e+00
2.143953800201416016e+00
-4.057252109050750732e-01
8.202676177024841309e-01
-1.679485440254211426e+00
-1.377797961235046387e+00
1.992644965648651123e-01
1.742872238159179688e+00
1.710071206092834473e+00
-3.810803219676017761e-02
1.630063802003860474e-01
6.496878266334533691e-01
-6.323576569557189941e-01
2.137966632843017578e+00
5.256313085556030273e-01
9.631294608116149902e-01
3.451280891895294189e-01
-8.156289458274841309e-01
-1.709633320569992065e-01
-2.929804563522338867e+00
3.945163786411285400e-01
2.557095527648925781e+00
1.810756683349609375e+00
-1.522258073091506958e-01
-1.103284955024719238e+00
2.722925901412963867e+00
-2.663220167160034180e-01
-1.442878842353820801e+00
-1.913940906524658203e-01
2.571248531341552734e+00
8.478379249572753906e-01
3.889205455780029297e-01
1.336451172828674316e+00
-3.889835178852081299e-01
3.169741947203874588e-03
3.123391866683959961e-01
2.644357681274414062e-01
-1.550308149307966232e-02
-4.633015692234039307e-01
1.214679241180419922e+00
-5.049933791160583496e-01
-1.801414191722869873e-01
-1.221931576728820801e+00
9.470321536064147949e-01
6.026172637939453125e-01
9.281011223793029785e-01
1.340514779090881348e+00
4.036380723118782043e-02
2.051986306905746460e-01
6.433581709861755371e-01
-1.328563243150711060e-01
1.073859095573425293e+00
2.638268768787384033e-01
-2.956886887550354004e-01
1.912109404802322388e-01
9.408736824989318848e-01
-1.161396205425262451e-01
-2.194755524396896362e-01
8.067227005958557129e-01
9.288520812988281250e-01
5.868508219718933105e-01
8.279109597206115723e-01
3.478915393352508545e-01
8.453317284584045410e-01
-3.336588740348815918e-01
2.956718802452087402e-01
9.393362998962402344e-01
-6.777236610651016235e-02
1.211134642362594604e-01
-8.350117802619934082e-01
-7.822174578905105591e-02
-3.839817270636558533e-02
-6.057437658309936523e-01
-3.667167127132415771e-01
5.441256761550903320e-01
8.423872292041778564e-02
6.081720590591430664e-01
6.383563876152038574e-01
8.332946896553039551e-01
-6.382287293672561646e-02
8.471335470676422119e-02
-1.413594931364059448e-01
1.182091459631919861e-01
1.174078226089477539e+00
6.663990020751953125e-01
6.168817281723022461e-01
-1.583635956048965454e-01
2.413610219955444336e-01
1.295122742652893066e+00
1.016321659088134766e+00
1.790736198425292969e+00
-1.129954867064952850e-02
5.047825574874877930e-01
-5.157142132520675659e-02
1.232221797108650208e-01
1.653039157390594482e-01
-2.431600838899612427e-01
-8.117641806602478027e-01
2.362442165613174438e-01
-3.254703283309936523e-01
6.829979419708251953e-01
2.951130867004394531e-01
3.820700347423553467e-01
-4.354443550109863281e-01
-2.474581152200698853e-01
6.117817163467407227e-01
-6.950650811195373535e-01
-9.341422319412231445e-01
1.261105775833129883e+00
1.362246990203857422e+00
2.611381411552429199e-01
-3.856659233570098877e-01
8.099928498268127441e-01
2.329056859016418457e-01
1.794064879417419434e+00
1.376622080802917480e+00
6.347054839134216309e-01
-8.155633211135864258e-01
-8.254833221435546875e-01
6.375617384910583496e-01
8.889995813369750977e-01
-6.363709568977355957e-01
5.841768980026245117e-01
6.526650786399841309e-01
1.181996762752532959e-01
3.527533411979675293e-01
1.295980811119079590e+00
8.276914954185485840e-01
4.390230476856231689e-01
6.320108473300933838e-02
4.534814953804016113e-01
-1.849832534790039062e-01
2.888286253437399864e-03
3.263439834117889404e-01
-6.745266169309616089e-02
-5.996431708335876465e-01
-4.578606188297271729e-01
-7.801092267036437988e-01
7.902033329010009766e-01
2.541826665401458740e-02
-4.486393555998802185e-02
6.682798862457275391e-01
-5.349223613739013672e-01
-5.937441587448120117e-01
-1.982757896184921265e-01
-9.098769426345825195e-01
4.292436875402927399e-03
1.503915309906005859e+00
-4.646335244178771973e-01
5.570709705352783203e-01
-2.523822784423828125e-01
1.660134941339492798e-01
7.105058431625366211e-01
-1.155155152082443237e-01
-1.182643249630928040e-01
8.546835184097290039e-01
-1.721539497375488281e-01
8.261687159538269043e-01
-2.274375259876251221e-01
-4.498644173145294189e-01
-1.673165202140808105e+00
6.367050409317016602e-01
7.117475867271423340e-01
-6.873831748962402344e-01
-5.254042744636535645e-01
2.090565562248229980e-01
6.613728404045104980e-01
2.731354236602783203e-01
5.548103451728820801e-01
-7.188041806221008301e-01
1.403219550848007202e-01
-8.139914274215698242e-01
-6.766330003738403320e-01
9.371758699417114258e-01
5.844748616218566895e-01
2.392787933349609375e-01
2.462702542543411255e-01
1.784486770629882812e+00
3.028874993324279785e-01
1.427703022956848145e+00
1.270695805549621582e+00
3.771318793296813965e-01
1.654716253280639648e+00
9.536529779434204102e-01
1.484314650297164917e-01
4.833430349826812744e-01
-3.730936720967292786e-02
6.034500002861022949e-01
9.512462019920349121e-01
7.061180472373962402e-01
2.742946445941925049e-01
7.977163791656494141e-02
1.763611316680908203e+00
-1.280535459518432617e+00
3.151829242706298828e-01
-2.493466138839721680e-01
1.482153534889221191e+00
5.203515291213989258e-01
8.448355197906494141e-01
9.681705832481384277e-01
3.650830388069152832e-01
1.089704155921936035e+00
8.732830286026000977e-01
-3.839282095432281494e-01
1.447385191917419434e+00
4.753285646438598633e-02
4.872381389141082764e-01
-3.671295344829559326e-01
2.521105110645294189e-01
2.501880824565887451e-01
3.686446845531463623e-01
1.075327545404434204e-01
7.768403291702270508e-01
9.762637615203857422e-01
1.697635501623153687e-01
8.125144243240356445e-01
3.580275774002075195e-01
3.380621671676635742e-01
4.138164520263671875e-01
2.469569891691207886e-01
5.690673589706420898e-01
3.970703780651092529e-01
-7.483471632003784180e-01
4.856638312339782715e-01
1.449258685111999512e+00
-4.910537004470825195e-01
-8.621405810117721558e-02
9.166929125785827637e-01
1.668680779403075576e-04
4.574575424194335938e-01
7.594044208526611328e-01
-3.127003312110900879e-01
-2.079718112945556641e-01
1.226230502128601074e+00
-1.117135882377624512e+00
-3.839477002620697021e-01
4.447414577007293701e-01
2.818442583084106445e-01
3.648303151130676270e-01
-4.997929036617279053e-01
5.865517854690551758e-01
1.141338229179382324e+00
1.009564757347106934e+00
4.359572231769561768e-01
3.924869000911712646e-01
2.624228000640869141e-01
-7.343403697013854980e-01
1.694267243146896362e-01
2.204442769289016724e-01
-5.520980358123779297e-01
3.525080680847167969e-01
2.117473334074020386e-01
-9.181793779134750366e-02
-2.872505225241184235e-02
5.374078452587127686e-02
-3.263670206069946289e-01
-1.576926410198211670e-01
-3.562566637992858887e-01
1.077923059463500977e+00
-2.160274684429168701e-01
-7.842402458190917969e-01
1.294453978538513184e+00
2.630290389060974121e-01
1.796106249094009399e-01
7.573108375072479248e-02
4.024721086025238037e-01
1.242460727691650391e+00
2.104808807373046875e+00
1.326865911483764648e+00
6.078644990921020508e-01
-1.175433956086635590e-02
3.935306072235107422e-01
4.572223424911499023e-01
9.751913547515869141e-01
-1.935183405876159668e+00
9.852965474128723145e-01
-5.023373961448669434e-01
1.653115034103393555e+00
5.059982538223266602e-01
-2.739684879779815674e-01
2.650940418243408203e-01
3.111658990383148193e-01
-4.303844869136810303e-01
1.825602203607559204e-01
1.901315003633499146e-01
1.079350411891937256e-01
3.008762896060943604e-01
-7.825128734111785889e-02
-8.474202752113342285e-01
1.177505627274513245e-01
9.599184989929199219e-01
7.650256156921386719e-01
-9.029114246368408203e-02
-6.001923680305480957e-01
1.088196516036987305e+00
-4.798034429550170898e-01
1.645486801862716675e-01
6.925678253173828125e-01
2.002947963774204254e-02
-1.160230711102485657e-01
8.308715224266052246e-01
-5.866255760192871094e-01
2.030476927757263184e-01
-5.494146347045898438e-01
1.990328431129455566e+00
1.126504063606262207e+00
5.507304072380065918e-01
1.025607511401176453e-01
3.450289368629455566e-01
-1.560504198074340820e+00
1.378577947616577148e+00
-1.387082785367965698e-01
7.153501510620117188e-01
-2.559528052806854248e-01
1.261260658502578735e-01
8.058596253395080566e-01
-6.988433599472045898e-01
5.746812224388122559e-01
8.197790384292602539e-01
-3.404318690299987793e-01
-2.014458552002906799e-02
6.634244918823242188e-01
-8.294143080711364746e-01
3.393142819404602051e-01
3.629296720027923584e-01
4.890636503696441650e-01
7.076370716094970703e-01
3.792574107646942139e-01
3.842766210436820984e-02
2.635059058666229248e-01
6.631578803062438965e-01
7.042370438575744629e-01
4.923027753829956055e-01
-1.439784407615661621e+00
2.660269476473331451e-02
9.371932148933410645e-01
5.858751758933067322e-02
2.024950683116912842e-01
4.546377956867218018e-01
1.841371506452560425e-01
1.996741890907287598e-01
3.295452147722244263e-02
1.886118389666080475e-02
5.488118529319763184e-01
5.473468899726867676e-01
7.500020861625671387e-01
2.979680895805358887e-01
7.203629016876220703e-01
5.398064255714416504e-01
7.616608142852783203e-01
1.939506232738494873e-01
7.478605508804321289e-01
8.793331384658813477e-01
5.889041423797607422e-01
1.077473536133766174e-01
1.105720102787017822e-01
4.783656895160675049e-01
3.359993174672126770e-02
8.315238356590270996e-01
2.470391690731048584e-01
8.551213145256042480e-02
7.578698992729187012e-01
7.266753315925598145e-01
7.341514825820922852e-01
7.402753829956054688e-01
8.246517181396484375e-01
9.201130867004394531e-01
5.854913592338562012e-01
1.666954308748245239e-01
5.669757723808288574e-01
4.899205267429351807e-01
3.842476308345794678e-01
2.552298903465270996e-01
7.704246640205383301e-01
6.757950186729431152e-01
6.265792846679687500e-01
4.420725107192993164e-01
4.035859704017639160e-01
8.635138273239135742e-01
8.671790361404418945e-01
9.672731757164001465e-01
3.938159346580505371e-01
8.824036717414855957e-01
3.416377902030944824e-01
8.831794857978820801e-01
6.265748143196105957e-01
7.606074213981628418e-01
1.833863854408264160e-01
3.610168993473052979e-01
7.548130303621292114e-02
6.687837839126586914e-01
8.150043487548828125e-01
8.195859789848327637e-01
3.255942761898040771e-01
8.346741795539855957e-01
3.304908871650695801e-01
9.808807373046875000e-01
9.970878958702087402e-01
3.990270793437957764e-01
5.887004733085632324e-01
4.139249324798583984e-01
5.802010893821716309e-01
7.400537133216857910e-01
8.570618033409118652e-01
4.391147941350936890e-02
8.415359854698181152e-01
9.063162207603454590e-01
2.873384580016136169e-02
5.507159829139709473e-01
9.729118943214416504e-01
6.587728857994079590e-01
5.482146739959716797e-01
3.195193707942962646e-01
1.954198479652404785e-01
8.811521530151367188e-02
1.639084070920944214e-01
7.465297579765319824e-01
3.901425004005432129e-01
9.253201484680175781e-01
6.631895303726196289e-01
3.351576030254364014e-01
7.507386803627014160e-01
9.038619399070739746e-01
6.001356840133666992e-01
2.161264419555664062e-01
1.544893383979797363e-01
1.231491565704345703e-01
4.247856438159942627e-01
5.111626386642456055e-01
9.580022692680358887e-01
9.059705138206481934e-01
4.358603060245513916e-01
8.257535099983215332e-01
3.296698331832885742e-01
9.412033557891845703e-01
4.229812324047088623e-01
6.316689252853393555e-01
9.872742891311645508e-01
8.390216827392578125e-01
2.706492878496646881e-02
5.861496925354003906e-01
3.514384850859642029e-02
2.830293476581573486e-01
6.488208174705505371e-01
9.707515686750411987e-02
8.985865861177444458e-02
2.778637409210205078e-01
8.730129152536392212e-02
4.654011428356170654e-01
7.880207300186157227e-01
6.231613755226135254e-01
9.272487163543701172e-01
9.891694784164428711e-01
2.293333858251571655e-01
5.429583191871643066e-01
2.855220437049865723e-01
6.281803846359252930e-01
5.164757743477821350e-02
4.514308869838714600e-01
4.579018056392669678e-01
6.617457866668701172e-01
1.076708585023880005e-01
6.646665334701538086e-01
7.606735825538635254e-01
4.193056225776672363e-01
2.762106657028198242e-01
9.047560691833496094e-01
4.997136592864990234e-01
9.537631273269653320e-01
3.168022334575653076e-01
9.222047924995422363e-01
3.152775811031460762e-03
1.057176738977432251e-01
7.883878350257873535e-01
7.505448460578918457e-01
7.209056615829467773e-01
6.222613453865051270e-01
7.353177070617675781e-01
5.227689743041992188e-01
9.139353632926940918e-01
4.760851860046386719e-01
3.364009559154510498e-01
9.800336360931396484e-01
3.240046799182891846e-01
1.483385860919952393e-01
1.531680077314376831e-01
2.877745926380157471e-01
7.559434771537780762e-01
6.013955920934677124e-02
1.749846339225769043e+00
8.439320325851440430e-01
-1.492224931716918945e+00
6.267748475074768066e-01
