2.178288221359252930e+00
-1.104264985769987106e-02
5.022848606109619141e+00
3.437173366546630859e+00
2.144665002822875977e+00
1.956663012504577637e+00
3.528280258178710938e+00
-2.378046326339244843e-02
5.526118874549865723e-01
2.260779380798339844e+00
1.562496572732925415e-01
3.074290156364440918e-01
2.189636081457138062e-01
2.766933739185333252e-01
1.245245710015296936e-02
9.484304785728454590e-01
-1.945526361465454102e+00
-2.154450267553329468e-01
-1.897057592868804932e-01
-2.153911292552947998e-01
-1.383207589387893677e-01
-5.929522961378097534e-02
-9.999974817037582397e-02
-9.667000770568847656e-01
3.760436773300170898e-01
1.011797142028808594e+01
1.329090690612792969e+01
1.528447532653808594e+01
1.547661018371582031e+01
1.743084716796875000e+01
1.915264892578125000e+01
2.201118850708007812e+01
2.157946586608886719e+01
9.694722890853881836e-01
-9.057360701262950897e-03
2.756806612014770508e-01
-3.856239914894104004e-01
-3.598203659057617188e-01
-9.266925454139709473e-01
1.135848283767700195e+00
1.132916212081909180e+00
-7.591986060142517090e-01
-2.148483246564865112e-01
1.753156334161758423e-01
-4.176630079746246338e-01
1.510906517505645752e-01
-3.280791267752647400e-02
9.445437192916870117e-01
-2.154167369008064270e-02
-1.165199041366577148e+00
6.883367151021957397e-02
-5.175297856330871582e-01
-3.939419686794281006e-01
-3.549655437469482422e+00
1.711412072181701660e+00
-1.335247635841369629e+00
9.683048725128173828e-01
-1.655478596687316895e+00
3.681851387023925781e+00
1.398575782775878906e+00
-9.228707551956176758e-01
1.544065117835998535e+00
-3.921043872833251953e-01
2.514009177684783936e-01
-1.864488482475280762e+00
9.211680889129638672e-01
7.288675308227539062e-01
-9.614183306694030762e-01
5.490406036376953125e+00
-1.441537030041217804e-02
6.659985333681106567e-02
7.076627761125564575e-02
1.590732634067535400e-01
2.254763245582580566e-01
9.122035652399063110e-02
-7.070221006870269775e-02
-2.474047541618347168e-01
5.511038303375244141e-01
-8.682730793952941895e-02
-1.972038447856903076e-01
1.127376928925514221e-01
4.187411963939666748e-01
5.811907052993774414e-01
1.830371618270874023e-01
5.572610348463058472e-02
6.482543945312500000e-01
-1.951590329408645630e-01
7.497730851173400879e-02
6.061236932873725891e-02
5.007365942001342773e-01
-6.984195113182067871e-01
1.939979493618011475e-01
-2.879815995693206787e-01
1.286558032035827637e+00
-1.697046995162963867e+00
2.746572196483612061e-01
3.923345506191253662e-01
-1.111627221107482910e+00
9.007403850555419922e-01
-1.506424844264984131e-01
6.607416272163391113e-01
-3.422056734561920166e-01
1.142967939376831055e+00
-1.514855921268463135e-01
-2.287698507308959961e+00
5.231006443500518799e-02
1.285751909017562866e-01
-1.317034196108579636e-02
1.062607914209365845e-01
-1.015881672501564026e-01
1.846437007188796997e-01
-8.391540646553039551e-01
-2.867964506149291992e-01
1.636662781238555908e-01
-2.094087563455104828e-02
2.139082178473472595e-02
9.347959607839584351e-02
8.826828002929687500e-02
-1.548195332288742065e-01
-4.859167933464050293e-01
5.389148369431495667e-02
5.145382881164550781e-01
-8.592636138200759888e-02
1.786424517631530762e-01
1.777865439653396606e-01
1.682362318038940430e+00
-7.550592422485351562e-01
8.195559382438659668e-01
-3.675883114337921143e-01
1.332327723503112793e-01
-1.517422556877136230e+00
-8.021399974822998047e-01
8.882381767034530640e-02
6.003465056419372559e-01
1.964516341686248779e-01
4.377745389938354492e-01
1.677607446908950806e-01
-3.067643344402313232e-01
-3.531071543693542480e-01
1.947442740201950073e-01
-1.946881294250488281e+00
5.362966563552618027e-03
7.014711387455463409e-03
7.801241707056760788e-03
3.731621429324150085e-03
-9.404720738530158997e-03
-9.533395059406757355e-03
-9.171932935714721680e-03
3.636864013969898224e-03
-6.518517155200242996e-03
9.829413145780563354e-03
-1.705865375697612762e-03
-9.496050886809825897e-03
-9.155105799436569214e-03
-4.215698689222335815e-03
2.184984739869832993e-03
7.400742266327142715e-03
9.250777773559093475e-03
-5.607875064015388489e-03
-6.906976923346519470e-03
-5.895261652767658234e-03
-3.309248480945825577e-03
-9.988892823457717896e-03
7.010430097579956055e-03
-1.990979537367820740e-03
7.733483798801898956e-03
-2.586451591923832893e-03
-7.313201669603586197e-03
2.287941060785669833e-05
1.764371059834957123e-03
4.750388674437999725e-03
1.501251244917511940e-03
-9.946331381797790527e-03
-3.729776712134480476e-03
6.962997838854789734e-03
-1.245282939635217190e-03
6.349975708872079849e-03
7.180619835853576660e-01
1.008474111557006836e+00
-2.198657751083374023e+00
6.899777054786682129e-01
