1.505252480506896973e+00
-4.304201602935791016e-01
-1.432655304670333862e-01
-2.278989702463150024e-01
6.720560789108276367e-02
-1.436815619468688965e+00
1.046381592750549316e+00
4.406581878662109375e+00
5.630377531051635742e-01
1.117720603942871094e+00
3.275047302246093750e+00
2.074847221374511719e+00
1.791228055953979492e+00
2.658945620059967041e-01
2.010689735412597656e+00
8.989301919937133789e-01
2.255975008010864258e+00
2.161966085433959961e+00
-1.452971100807189941e-01
3.851472735404968262e-01
-1.595250666141510010e-01
5.932700634002685547e-01
2.439545542001724243e-01
6.511994004249572754e-01
9.925593733787536621e-01
9.856430292129516602e-01
1.042522668838500977e+00
-4.974415004253387451e-01
5.282354950904846191e-01
-4.015978276729583740e-01
9.655905365943908691e-01
-1.069178581237792969e-01
8.840891718864440918e-01
-6.100389361381530762e-01
7.962623238563537598e-02
6.228278204798698425e-02
-4.006032347679138184e-01
5.578466653823852539e-01
-8.736226707696914673e-02
6.118777394294738770e-01
1.320361256599426270e+00
3.092826306819915771e-01
-1.335800141096115112e-01
5.663303136825561523e-01
8.510622978210449219e-01
8.582916259765625000e-01
3.165300488471984863e-01
1.195366263389587402e+00
1.203626036643981934e+00
1.513765901327133179e-01
5.356286764144897461e-01
-5.272904634475708008e-01
-4.110180735588073730e-01
-1.430363953113555908e-01
-1.456300765275955200e-01
7.102228999137878418e-01
-2.330554425716400146e-01
2.808515131473541260e-01
9.534969180822372437e-02
5.462540984153747559e-01
4.952604472637176514e-01
-1.408476382493972778e-01
-2.156810164451599121e-01
-9.038606286048889160e-02
1.882517337799072266e+00
4.904557704925537109e+00
6.321143627166748047e+00
7.148121833801269531e+00
9.967516899108886719e+00
1.084479141235351562e+01
1.323385334014892578e+01
1.144693946838378906e+01
1.437639617919921875e+01
1.544060802459716797e+01
1.465221691131591797e+01
1.673600769042968750e+01
1.740001869201660156e+01
1.793049621582031250e+01
2.233163833618164062e+01
1.907876968383789062e+01
1.953294944763183594e+01
2.301311492919921875e+01
2.511735343933105469e+01
2.570241355895996094e+01
2.804168891906738281e+01
7.674199938774108887e-01
-1.095826625823974609e+00
-2.704940438270568848e-01
1.605021357536315918e-01
-2.378593534231185913e-01
5.705070495605468750e-01
-2.988451346755027771e-02
-5.436743497848510742e-01
4.955622851848602295e-01
1.158804535865783691e+00
1.612889468669891357e-01
6.830105781555175781e-01
1.589467287063598633e+00
1.769820451736450195e+00
1.305229425430297852e+00
-2.484969198703765869e-01
5.818674564361572266e-01
-4.465632915496826172e+00
1.441377162933349609e+00
1.079073190689086914e+00
6.704970598220825195e-01
1.923801153898239136e-01
-6.836085319519042969e-01
-7.524250745773315430e-01
-1.353881597518920898e+00
6.797573566436767578e-01
-9.392455220222473145e-01
4.239610195159912109e+00
-2.058479070663452148e+00
1.075749158859252930e+00
1.736209154129028320e+00
-1.195348978042602539e+00
6.902714967727661133e-01
8.250781893730163574e-01
-9.939157962799072266e-01
-1.463331341743469238e+00
1.345059633255004883e+00
-2.015207290649414062e+00
1.449912190437316895e+00
-1.314132809638977051e-01
1.260984778404235840e+00
-4.036495387554168701e-01
-7.498698234558105469e-01
-1.206644296646118164e+00
-2.677434682846069336e+00
-7.604501675814390182e-03
1.184189558029174805e+00
-6.731078624725341797e-01
3.344322144985198975e-01
-8.834342658519744873e-02
5.873425006866455078e-01
1.392954587936401367e+00
-1.568948030471801758e+00
-1.826581120491027832e+00
2.365962743759155273e+00
7.287484407424926758e-01
5.776281952857971191e-01
9.203095436096191406e-01
-6.017236113548278809e-01
1.340490698814392090e+00
-6.727972030639648438e-01
-8.145806789398193359e-01
-1.650371253490447998e-01
9.958735704421997070e-01
8.091517090797424316e-01
9.988164305686950684e-01
1.075439095497131348e+00
2.595708966255187988e-01
-3.663304448127746582e-01
6.206333637237548828e-01
7.922302484512329102e-01
-3.659752011299133301e-01
7.570657134056091309e-01
1.099191069602966309e+00
7.340182065963745117e-01
2.423236846923828125e+00
1.175519943237304688e+00
4.249587357044219971e-01
2.459975890815258026e-03
-1.021883964538574219e+00
-7.239034771919250488e-02
2.113864660263061523e+00
2.190035820007324219e+00
5.840453505516052246e-02
1.435880661010742188e+00
1.121370315551757812e+00
1.965738177299499512e+00
4.321752190589904785e-01
-1.178213477134704590e+00
4.583782702684402466e-02
-6.521175056695938110e-02
-7.810445427894592285e-01
3.333891630172729492e+00
2.159069538116455078e+00
7.694773077964782715e-01
1.575504422187805176e+00
-9.776387214660644531e-01
5.445624589920043945e-01
3.278513848781585693e-01
-1.631976127624511719e+00
1.705215334892272949e+00
3.971301555633544922e+00
-1.709061861038208008e+00
-9.681041240692138672e-01
1.086886882781982422e+00
1.623545527458190918e+00
-1.627946138381958008e+00
-2.266924619674682617e+00
-1.161872386932373047e+00
-1.007013440132141113e+00
1.918967962265014648e+00
-7.481862902641296387e-01
4.757546484470367432e-01
2.546261530369520187e-03
1.815412938594818115e-01
8.134137839078903198e-02
3.263925015926361084e-01
-2.830804884433746338e-01
-2.717610299587249756e-01
-7.492075562477111816e-01
-5.018827915191650391e-01
-8.027163743972778320e-01
-2.035178184509277344e+00
-5.964832305908203125e-01
8.048598170280456543e-01
9.656990170478820801e-01
7.762605790048837662e-03
2.210965871810913086e+00
-5.159818381071090698e-02
-1.284735798835754395e+00
4.101396083831787109e+00
-6.003592014312744141e-01
-4.491755068302154541e-01
-2.851933479309082031e+00
-2.246869355440139771e-01
-1.950341761112213135e-01
-9.017057418823242188e-01
5.344802513718605042e-02
2.244419813156127930e+00
5.880586504936218262e-01
3.638203069567680359e-02
1.067713618278503418e+00
-5.189600586891174316e-01
-1.098791956901550293e+00
5.964035511016845703e+00
1.533814787864685059e+00
1.681836843490600586e+00
-8.026457428932189941e-01
-5.575511977076530457e-02
8.842467069625854492e-01
1.362084299325942993e-01
9.835845232009887695e-01
2.108828306198120117e+00
7.725721597671508789e-02
-6.834346055984497070e-01
4.106422960758209229e-01
9.185833334922790527e-01
1.187827065587043762e-02
-1.370641708374023438e+00
-4.215219020843505859e-01
-1.580754965543746948e-01
3.460728406906127930e+00
-6.449785232543945312e-01
-1.157219409942626953e+00
1.043987870216369629e+00
-2.612461447715759277e-01
-1.071053504943847656e+00
-1.331453442573547363e+00
-5.830941200256347656e-01
-1.753646492958068848e+00
1.285844445228576660e+00
-8.626735955476760864e-02
-4.152062833309173584e-01
8.639053255319595337e-02
-1.624301195144653320e+00
9.853316545486450195e-01
-1.042826414108276367e+00
1.676107943058013916e-01
1.244246840476989746e+00
1.995709180831909180e+00
-2.951362848281860352e+00
2.171601772308349609e+00
-6.131312251091003418e-01
-2.984340488910675049e-01
2.366510629653930664e+00
4.979150593280792236e-01
2.133262872695922852e+00
-3.301017284393310547e-01
-7.411605119705200195e-02
1.693755269050598145e+00
-1.839418292045593262e+00
4.361409664154052734e+00
7.174962162971496582e-01
2.362852573394775391e+00
1.259113192558288574e+00
-2.808400094509124756e-01
-2.637340307235717773e+00
7.454268336296081543e-01
3.555281758308410645e-01
2.746396541595458984e+00
-1.255683898925781250e+00
4.633278250694274902e-01
1.678288280963897705e-01
2.032806873321533203e+00
1.812894701957702637e+00
1.317405402660369873e-01
-3.916599750518798828e-01
-1.211762189865112305e+00
-1.833361744880676270e+00
-1.417137026786804199e+00
-6.591179966926574707e-01
-3.904248476028442383e-01
-4.766488373279571533e-01
-5.290293097496032715e-01
2.258403301239013672e+00
2.540445327758789062e-01
1.298615336418151855e+00
-1.026932120323181152e+00
-1.180235296487808228e-01
2.762589216232299805e+00
-4.660425186157226562e-01
7.461081445217132568e-02
1.012158513069152832e+00
7.776717543601989746e-01
1.753084063529968262e+00
-5.743809938430786133e-01
4.264573100954294205e-03
1.221585512161254883e+00
3.401741743087768555e+00
5.404177904129028320e-01
7.371743917465209961e-01
1.087357640266418457e+00
1.016692161560058594e+00
6.817422509193420410e-01
1.064756870269775391e+00
1.571233034133911133e+00
1.961729049682617188e+00
4.009402096271514893e-01
6.436949130147695541e-03
3.651742935180664062e-01
-4.163415431976318359e-01
8.601111173629760742e-01
7.306068539619445801e-01
2.239817380905151367e-01
1.645365804433822632e-01
7.192291319370269775e-02
-4.198581725358963013e-02
6.698876023292541504e-01
4.831138253211975098e-01
5.564634799957275391e-01
1.074877142906188965e+00
5.020692348480224609e-01
1.613627791404724121e+00
-5.305714532732963562e-02
8.043663501739501953e-01
1.046124398708343506e-01
1.400820761919021606e-01
-4.531551003456115723e-01
1.262838989496231079e-01
1.216206431388854980e+00
-8.549200892448425293e-01
5.760521441698074341e-02
8.906042575836181641e-01
8.810651898384094238e-01
-7.926269620656967163e-02
1.829666346311569214e-01
1.093981623649597168e+00
-8.571903109550476074e-01
1.587245345115661621e+00
1.212230563163757324e+00
7.466613650321960449e-01
1.356159746646881104e-01
3.724401295185089111e-01
6.587461829185485840e-01
1.353246569633483887e+00
9.065077304840087891e-01
-2.451652884483337402e-01
9.102856516838073730e-01
3.911120891571044922e-01
2.332181334495544434e-01
-1.512428820133209229e-01
6.263051033020019531e-01
8.378590941429138184e-01
-9.253918379545211792e-02
7.381371855735778809e-01
-1.766571879386901855e+00
-2.440079301595687866e-01
2.235978394746780396e-01
7.645556926727294922e-01
1.017487287521362305e+00
8.469675183296203613e-01
5.915081501007080078e-01
1.245240211486816406e+00
-4.039422571659088135e-01
1.668462604284286499e-01
1.216557264328002930e+00
4.454212486743927002e-01
-1.568694263696670532e-01
5.652579665184020996e-02
5.112502574920654297e-01
1.791277527809143066e+00
-1.258284151554107666e-01
3.436247706413269043e-01
3.495490252971649170e-01
1.137994229793548584e-01
6.782222390174865723e-01
5.323557257652282715e-01
3.239167034626007080e-01
-9.166717529296875000e-03
1.198170900344848633e+00
3.168597817420959473e-01
-9.666525572538375854e-02
9.317766427993774414e-01
6.063997745513916016e-01
6.143627762794494629e-01
-2.341361194849014282e-01
4.199773967266082764e-01
2.762772321701049805e+00
1.658876687288284302e-01
1.620561629533767700e-01
-4.598503410816192627e-01
-1.529336124658584595e-01
1.569568753242492676e+00
-1.376248598098754883e-01
-6.483063697814941406e-01
8.431509137153625488e-02
-6.065162420272827148e-01
1.762088388204574585e-01
-3.673180043697357178e-01
8.019942045211791992e-01
2.657977044582366943e-01
-4.184886217117309570e-01
1.816470772027969360e-01
8.363297581672668457e-01
2.015390694141387939e-01
3.910327851772308350e-01
2.348326742649078369e-01
6.998618245124816895e-01
8.459014296531677246e-01
1.140109598636627197e-01
3.437165915966033936e-01
1.526711136102676392e-01
5.049667358398437500e-01
2.976863682270050049e-01
2.389513999223709106e-01
2.954754233360290527e-01
-1.267910003662109375e-01
-3.220189362764358521e-02
3.671819865703582764e-01
-2.474644482135772705e-01
1.518838703632354736e-01
-1.033664122223854065e-01
3.049456477165222168e-01
4.309867322444915771e-01
1.891466528177261353e-01
-5.353916883468627930e-01
9.566203951835632324e-01
-2.054923772811889648e+00
-1.054717659950256348e+00
9.041411280632019043e-01
-9.285616874694824219e-02
-5.856401324272155762e-01
1.440872311592102051e+00
4.566259980201721191e-01
-1.353893399238586426e+00
3.176767006516456604e-02
2.938353121280670166e-01
1.321062445640563965e+00
-3.783737421035766602e-01
-1.169670820236206055e+00
1.213221430778503418e+00
3.854294419288635254e-01
-9.829280525445938110e-02
3.852397501468658447e-01
-3.530010581016540527e-01
-8.646366596221923828e-01
-4.804972708225250244e-01
-4.374910295009613037e-01
1.065432786941528320e+00
-4.155700802803039551e-01
7.679434120655059814e-02
2.743575274944305420e-01
-4.154645204544067383e-01
8.583993315696716309e-01
3.951972126960754395e-01
2.056672126054763794e-01
-2.702804505825042725e-01
4.504881054162979126e-02
3.231886029243469238e-01
4.225343763828277588e-01
-3.679773509502410889e-01
2.579814791679382324e-01
-5.735864043235778809e-01
-3.120405673980712891e-01
-4.189429283142089844e-01
2.629316747188568115e-01
-1.923090964555740356e-01
-9.812015295028686523e-02
-5.347057431936264038e-02
2.054997831583023071e-01
6.948566436767578125e-01
8.825350552797317505e-03
3.715884089469909668e-01
6.166877746582031250e-01
-1.562880873680114746e-01
-8.903594315052032471e-02
1.558642089366912842e-01
-2.485818564891815186e-01
-7.585809826850891113e-01
3.132445365190505981e-02
8.645645380020141602e-01
-8.889674395322799683e-02
-8.491618037223815918e-01
4.068431556224822998e-01
-7.405800372362136841e-02
1.400394458323717117e-02
1.063326895236968994e-01
1.760596513748168945e+00
8.057512342929840088e-02
4.482111632823944092e-01
-5.456212759017944336e-01
8.055879473686218262e-01
2.474389374256134033e-01
9.774183630943298340e-01
4.613705873489379883e-01
8.580095171928405762e-01
3.591852486133575439e-01
4.605216085910797119e-01
-4.024741947650909424e-01
3.273681700229644775e-01
-1.045654192566871643e-01
-2.333940416574478149e-01
2.080636024475097656e-01
6.215528845787048340e-01
7.863157242536544800e-02
-9.193993806838989258e-01
-7.246298789978027344e-01
5.286753922700881958e-02
-5.534338951110839844e-01
7.673305869102478027e-01
2.159908860921859741e-01
1.104298114776611328e+00
-3.719539642333984375e-01
1.721554249525070190e-01
6.468513011932373047e-01
3.235392272472381592e-01
7.445504665374755859e-01
6.506412625312805176e-01
-1.753126084804534912e-01
4.120379686355590820e-01
2.024608552455902100e-01
1.082720160484313965e+00
1.017423391342163086e+00
4.260489344596862793e-01
-2.800443470478057861e-01
-9.265208244323730469e-02
2.461931556463241577e-01
7.192153930664062500e-01
5.683343484997749329e-02
-5.493450164794921875e-01
6.152822971343994141e-01
-8.348847180604934692e-02
1.415611267089843750e+00
5.535716414451599121e-01
7.067760229110717773e-01
9.287108778953552246e-01
7.200787067413330078e-01
1.417492032051086426e+00
2.750756144523620605e-01
-3.010314404964447021e-01
8.432549834251403809e-01
8.231555670499801636e-02
7.193922996520996094e-01
4.332471787929534912e-01
6.063757538795471191e-01
1.344129890203475952e-01
3.011510968208312988e-01
-1.332748495042324066e-02
-3.231716901063919067e-02
7.704979777336120605e-01
1.316347479820251465e+00
1.535061359405517578e+00
8.731854557991027832e-01
1.387134671211242676e+00
7.521354556083679199e-01
8.722750544548034668e-01
3.880805671215057373e-01
2.154760658740997314e-01
-5.784388184547424316e-01
2.502646744251251221e-01
8.926143050193786621e-01
5.338282585144042969e-01
3.512206673622131348e-02
1.522884726524353027e+00
1.288520097732543945e+00
-5.242041349411010742e-01
-2.471103668212890625e-01
1.081275939941406250e+00
-1.882142871618270874e-01
1.738438725471496582e+00
9.614330530166625977e-01
5.105442181229591370e-02
3.857055902481079102e-01
1.496977806091308594e+00
5.681889653205871582e-01
1.465057730674743652e+00
-6.253888458013534546e-02
4.470319449901580811e-01
4.852804541587829590e-01
-1.329192966222763062e-01
-3.919088467955589294e-02
1.630483120679855347e-01
1.104599833488464355e+00
9.942799806594848633e-02
1.490042358636856079e-01
9.559273123741149902e-01
-7.093737721443176270e-01
-2.671193480491638184e-01
8.784801959991455078e-01
1.210641741752624512e+00
1.972208917140960693e-01
3.504949510097503662e-01
1.235683083534240723e+00
1.610316038131713867e+00
7.679707407951354980e-01
4.305914626456797123e-05
9.281031489372253418e-01
4.922275245189666748e-01
-3.007164970040321350e-02
-2.774891555309295654e-01
6.240815520286560059e-01
8.506231307983398438e-01
-1.636032909154891968e-01
4.235626757144927979e-01
2.043804824352264404e-01
-3.766700625419616699e-02
1.728724241256713867e+00
-1.996760517358779907e-01
8.848681449890136719e-01
8.399392366409301758e-01
1.407189607620239258e+00
2.664442062377929688e-01
4.841836392879486084e-01
-2.259899675846099854e-01
1.624604612588882446e-01
-1.463640853762626648e-02
-3.868767321109771729e-01
4.381740689277648926e-01
7.677497267723083496e-01
5.315768346190452576e-02
1.003011912107467651e-01
-1.411930471658706665e-01
1.274641510099172592e-02
1.822667717933654785e+00
5.700472742319107056e-02
2.365401685237884521e-01
7.896972298622131348e-01
-1.455252170562744141e-01
4.017517268657684326e-01
-3.452811837196350098e-01
4.320458769798278809e-01
4.131323099136352539e-01
-6.908932924270629883e-01
-7.718455195426940918e-01
1.588960409164428711e+00
4.414924085140228271e-01
3.288799822330474854e-01
3.478701412677764893e-01
1.400055050849914551e+00
1.011903762817382812e+00
6.018778085708618164e-01
3.707511723041534424e-01
4.278946816921234131e-01
1.855641603469848633e-01
-9.314867202192544937e-05
-2.545253336429595947e-01
-2.220475673675537109e-01
2.484789937734603882e-01
8.065430074930191040e-02
-5.721235871315002441e-01
1.301614046096801758e-01
1.808187216520309448e-01
-4.755496382713317871e-01
1.126480754464864731e-03
2.341074347496032715e-01
1.332686841487884521e-01
2.934215664863586426e-01
8.569759130477905273e-02
-5.325810909271240234e-01
-1.080671072006225586e+00
3.744736611843109131e-01
-7.476065754890441895e-01
-1.575639963150024414e+00
2.108470678329467773e+00
3.649832010269165039e-01
-7.243403792381286621e-01
1.768986284732818604e-01
7.539280056953430176e-01
1.534830689430236816e+00
-7.489370107650756836e-01
-8.332331776618957520e-01
1.093992471694946289e+00
1.102336943149566650e-01
-2.836423814296722412e-01
3.709915876388549805e-01
1.652397066354751587e-01
-4.942055046558380127e-01
-2.902819812297821045e-01
5.695371031761169434e-01
8.533996939659118652e-01
-7.607337236404418945e-01
3.110771812498569489e-02
-2.749294340610504150e-01
1.260923862457275391e+00
1.673587203025817871e+00
1.326791346073150635e-01
-1.448102891445159912e-01
-4.604730308055877686e-01
2.187435626983642578e-01
2.544884085655212402e-01
4.175025820732116699e-01
1.766157150268554688e-01
2.303967922925949097e-01
-2.332159131765365601e-01
4.593564569950103760e-01
1.987519860267639160e-01
-1.586674898862838745e-02
4.238233268260955811e-01
1.355742931365966797e+00
3.251380324363708496e-01
-2.784716784954071045e-01
4.572639763355255127e-01
4.686611145734786987e-02
-4.945063591003417969e-02
1.637556031346321106e-02
3.751075863838195801e-01
2.424287348985671997e-01
6.483474280685186386e-03
1.082561612129211426e+00
3.905329704284667969e-01
-7.076787352561950684e-01
2.845666408538818359e-01
1.102559447288513184e+00
-1.513287067413330078e+00
-5.230352282524108887e-01
4.174784943461418152e-02
7.935331016778945923e-02
1.118648648262023926e+00
9.943155646324157715e-01
1.185145229101181030e-01
5.646362304687500000e-01
-8.202939033508300781e-01
-2.518299408257007599e-02
1.511219620704650879e+00
1.232017636299133301e+00
1.100750803947448730e+00
7.743426561355590820e-01
2.058055549860000610e-01
7.011367008090019226e-03
-4.793516397476196289e-01
4.377309978008270264e-01
-2.020314782857894897e-01
4.450762271881103516e-01
-2.596748620271682739e-02
1.258594542741775513e-01
1.959060505032539368e-02
-2.623788416385650635e-01
-2.884024083614349365e-01
6.895041465759277344e-01
-3.658165037631988525e-01
9.823105931282043457e-01
-9.133199602365493774e-02
7.145423293113708496e-01
-6.031358838081359863e-01
9.457021369598805904e-04
9.819472432136535645e-01
-9.762501716613769531e-02
1.860752701759338379e-01
1.235693842172622681e-01
-4.595927000045776367e-01
7.255527973175048828e-01
-8.925648289732635021e-04
2.964655160903930664e-01
6.352407336235046387e-01
5.988076329231262207e-01
1.691033840179443359e-01
1.088959693908691406e+00
9.355190396308898926e-01
4.468050897121429443e-01
5.465911030769348145e-01
6.809921264648437500e-01
3.207426071166992188e-01
-2.493148446083068848e-01
6.349599361419677734e-01
2.025647908449172974e-01
5.080759525299072266e-01
5.356135368347167969e-01
6.469303369522094727e-01
9.306752681732177734e-01
2.789071798324584961e-01
3.099211752414703369e-01
6.560177803039550781e-01
6.028415560722351074e-01
9.992181062698364258e-01
1.889517754316329956e-01
7.999778985977172852e-01
8.336114287376403809e-01
1.826059306040406227e-03
7.901564836502075195e-01
3.629970550537109375e-01
7.379617691040039062e-01
6.173429489135742188e-01
3.067989051342010498e-01
3.735270500183105469e-01
8.162724375724792480e-01
5.709530115127563477e-01
7.639564871788024902e-01
1.843722611665725708e-01
8.450142741203308105e-01
6.105314493179321289e-01
2.998976111412048340e-01
3.252236843109130859e-01
5.760930180549621582e-01
4.113433063030242920e-01
2.956507802009582520e-01
6.530871987342834473e-01
5.464239120483398438e-01
6.424509882926940918e-01
6.957265138626098633e-01
5.512748360633850098e-01
4.133292436599731445e-01
6.206013560295104980e-01
7.120879888534545898e-01
9.003162384033203125e-01
7.423278689384460449e-01
5.595532432198524475e-02
6.895889043807983398e-01
9.658072590827941895e-01
1.170178130269050598e-01
8.198414444923400879e-01
6.274335980415344238e-01
6.995511054992675781e-02
8.874301910400390625e-01
9.664337038993835449e-01
6.592516899108886719e-01
7.339464873075485229e-02
1.531299948692321777e-01
7.352342009544372559e-01
5.778746604919433594e-01
6.477715969085693359e-01
4.218210279941558838e-01
2.559666037559509277e-01
1.469654142856597900e-01
1.752355992794036865e-01
6.501478552818298340e-01
6.382641792297363281e-01
6.988028883934020996e-01
4.537841379642486572e-01
9.021842479705810547e-01
4.215455353260040283e-01
5.221197009086608887e-01
3.845810890197753906e-01
4.027203023433685303e-01
4.915210604667663574e-01
2.534750662744045258e-02
4.872564077377319336e-01
8.282545804977416992e-01
2.535619437694549561e-01
2.118587493896484375e-01
1.364563852548599243e-01
9.503756761550903320e-01
1.137801706790924072e-01
2.029528170824050903e-01
5.564020276069641113e-01
1.402116566896438599e-01
4.038319885730743408e-01
4.289187788963317871e-01
3.046976029872894287e-01
9.262563586235046387e-01
2.617941796779632568e-01
9.231171011924743652e-01
3.282614350318908691e-01
5.609107017517089844e-01
1.873749792575836182e-01
8.397125601768493652e-01
7.474499344825744629e-01
4.678768813610076904e-01
4.820885062217712402e-01
5.897094011306762695e-01
8.484857082366943359e-01
7.694765329360961914e-01
9.322527647018432617e-01
6.104016900062561035e-01
4.358235001564025879e-01
6.979312896728515625e-01
5.667064189910888672e-01
7.429704666137695312e-01
5.803845524787902832e-01
3.011131286621093750e-01
2.820814251899719238e-01
6.059324741363525391e-01
9.377399682998657227e-01
2.700548171997070312e-01
4.707671403884887695e-01
7.730496525764465332e-01
6.237889528274536133e-01
6.277371197938919067e-02
2.293359339237213135e-01
5.188145637512207031e-01
2.674436867237091064e-01
4.200481772422790527e-01
5.670518875122070312e-01
6.535684466361999512e-01
1.852230727672576904e-01
5.610461235046386719e-01
4.515544176101684570e-01
4.290221035480499268e-01
9.870024919509887695e-01
1.260251998901367188e-01
6.222462654113769531e-01
7.569023370742797852e-01
2.340706065297126770e-02
7.253603935241699219e-01
4.254988208413124084e-02
5.699279904365539551e-01
2.760180830955505371e-01
9.131183624267578125e-01
7.461590766906738281e-01
4.224583804607391357e-01
2.543649077415466309e-01
7.784623503684997559e-01
1.216330844908952713e-02
5.040964484214782715e-01
2.282521128654479980e-01
4.408905804157257080e-01
2.526280581951141357e-01
1.486191749572753906e-01
3.105896413326263428e-01
2.427214235067367554e-01
8.816070556640625000e-01
4.737797379493713379e-01
9.227985739707946777e-01
4.724060595035552979e-01
2.498204261064529419e-01
5.741476416587829590e-01
5.209228992462158203e-01
2.370433509349822998e-02
7.602002024650573730e-01
2.860440611839294434e-01
2.757960855960845947e-01
8.922952413558959961e-01
9.563300013542175293e-01
7.760939002037048340e-01
1.464329957962036133e-01
2.797394990921020508e-02
4.583659768104553223e-01
3.063702881336212158e-01
8.986423164606094360e-02
5.396552681922912598e-01
4.678964912891387939e-01
4.476605951786041260e-01
7.075846195220947266e-01
2.996495924890041351e-02
3.325579464435577393e-01
7.814354300498962402e-01
5.325106382369995117e-01
8.956418633460998535e-01
9.150274991989135742e-01
3.538350760936737061e-01
6.078374981880187988e-01
2.370328605175018311e-01
1.523294597864151001e-01
5.435410737991333008e-01
3.945701122283935547e-01
7.712023854255676270e-01
7.118807733058929443e-02
2.832503020763397217e-01
5.870929956436157227e-01
5.418270826339721680e-01
2.098349481821060181e-01
7.031827569007873535e-01
1.262827664613723755e-01
1.022582501173019409e-01
1.813686490058898926e-01
5.296761393547058105e-01
9.579070210456848145e-01
6.210792437195777893e-02
3.701082468032836914e-01
4.874613285064697266e-01
2.380310744047164917e-01
9.558297693729400635e-02
4.009753763675689697e-01
8.427087664604187012e-01
2.356260549277067184e-03
6.033450365066528320e-01
9.608025550842285156e-01
2.273102700710296631e-01
9.598819613456726074e-01
3.639399409294128418e-01
2.086858749389648438e-01
2.892460227012634277e-01
3.731289505958557129e-01
8.052377104759216309e-01
8.127295970916748047e-01
6.252853870391845703e-01
7.565824389457702637e-01
5.621577501296997070e-01
5.891129970550537109e-01
6.019719317555427551e-02
4.413926005363464355e-01
4.244272112846374512e-01
8.169093728065490723e-01
1.726446151733398438e-01
9.289451837539672852e-01
7.074471712112426758e-01
9.552555084228515625e-01
5.772579312324523926e-01
1.421353667974472046e-01
4.210499823093414307e-01
2.126532346010208130e-01
4.047663882374763489e-02
5.078595280647277832e-01
4.587415456771850586e-01
4.502453505992889404e-01
1.941094160079956055e+00
8.871575593948364258e-01
-1.235517740249633789e+00
4.890180826187133789e-01
