1.718387365341186523e+00
-1.418301582336425781e+00
3.138181567192077637e-01
4.360035896301269531e+00
2.007569074630737305e+00
3.876433849334716797e+00
1.648791790008544922e+00
2.256645441055297852e+00
1.584191799163818359e+00
3.097543478012084961e+00
1.043530851602554321e-01
-3.875492513179779053e-01
7.628380060195922852e-01
1.567005634307861328e+00
1.123952984809875488e+00
-5.046744346618652344e-01
5.957891941070556641e-01
-2.087966501712799072e-01
-2.098019719123840332e-01
4.789381027221679688e-01
-1.028112322092056274e-01
-1.200467228889465332e+00
3.690613806247711182e-01
-1.269306540489196777e-01
-3.070546686649322510e-01
-1.653374880552291870e-01
-1.609194427728652954e-01
-3.998018503189086914e-01
-4.687587320804595947e-01
4.255424141883850098e-01
-2.635640278458595276e-02
-5.818285048007965088e-02
4.758880734443664551e-01
-1.136144995689392090e+00
1.008198833465576172e+01
9.935265541076660156e+00
1.319737339019775391e+01
1.338168811798095703e+01
1.539616203308105469e+01
1.421276092529296875e+01
1.742615699768066406e+01
1.951733207702636719e+01
1.912790489196777344e+01
1.954115104675292969e+01
2.027363777160644531e+01
8.572622537612915039e-01
-2.630088031291961670e-01
2.012432217597961426e-01
5.930863022804260254e-01
-4.826308786869049072e-01
1.117982029914855957e+00
-3.204570710659027100e-01
1.606107831001281738e+00
-4.564285874366760254e-01
-2.657150268554687500e+00
-1.528162062168121338e-01
8.708278536796569824e-01
-8.461912870407104492e-01
1.178188443183898926e+00
-5.291051268577575684e-01
-2.020966075360774994e-02
-1.391717314720153809e+00
2.589412927627563477e-01
9.237288832664489746e-01
1.141347169876098633e+00
-1.453327834606170654e-01
-1.650703549385070801e+00
5.300318598747253418e-01
-4.268297255039215088e-01
2.023566484451293945e+00
-3.571526706218719482e-01
6.387154459953308105e-01
7.771503925323486328e-01
-8.799307823181152344e+00
-4.717379093170166016e+00
-7.130749225616455078e-01
5.054585933685302734e-01
-2.482527732849121094e+00
4.748449325561523438e-01
-1.322614789009094238e+00
-1.687906384468078613e+00
1.226641178131103516e+01
6.422699928283691406e+00
-2.786661125719547272e-02
-1.133345484733581543e+00
-5.323045849800109863e-01
8.840044736862182617e-01
-1.675946265459060669e-01
-1.373307257890701294e-01
-1.258286952972412109e+00
3.619544029235839844e+00
-9.263260960578918457e-01
-1.570158839225769043e+00
2.298687219619750977e+00
-3.723108053207397461e+00
-2.800706624984741211e+00
1.166339755058288574e+00
-1.021371960639953613e+00
-9.460034966468811035e-02
-1.395596146583557129e+00
1.090181946754455566e+00
1.770431518554687500e+00
4.744191095232963562e-02
-3.957788273692131042e-02
-6.558640301227569580e-02
-1.442215293645858765e-01
3.275951147079467773e-01
-1.293669223785400391e+00
3.149665594100952148e+00
2.634976148605346680e+00
3.012411117553710938e+00
1.749805361032485962e-01
-2.880709171295166016e-01
-1.037573963403701782e-01
1.486118435859680176e-01
-3.838451504707336426e-01
-1.244350820779800415e-01
-2.214564830064773560e-01
5.198543071746826172e-01
-3.479433655738830566e-01
-2.060813158750534058e-01
6.163092851638793945e-01
1.403929144144058228e-01
1.381387710571289062e-01
-3.628011345863342285e-01
2.093618214130401611e-01
7.908508926630020142e-02
1.254035592079162598e+00
-3.193412125110626221e-01
-9.624384045600891113e-01
5.358113050460815430e-01
-5.415683612227439880e-02
2.175702452659606934e-01
5.765787959098815918e-01
-1.434026379138231277e-02
3.815675079822540283e-01
-2.293832004070281982e-01
1.092332415282726288e-02
-1.163337379693984985e-01
7.694882869720458984e+00
-3.806699514389038086e+00
-1.741517931222915649e-01
6.008048355579376221e-02
-6.332093477249145508e-01
2.959741950035095215e-01
2.835130095481872559e-01
1.202448308467864990e-01
-8.965740203857421875e+00
5.294900417327880859e+00
5.326020717620849609e-01
1.861182302236557007e-01
-2.439072728157043457e-01
-2.006350010633468628e-01
3.658763468265533447e-01
9.645169377326965332e-01
-6.463926285505294800e-02
4.047044515609741211e-01
5.814845561981201172e-01
1.902982890605926514e-01
-4.756433069705963135e-01
6.765014529228210449e-01
-9.497439265251159668e-01
-2.159284949302673340e-01
1.080365657806396484e+00
-1.340267360210418701e-01
6.987668871879577637e-01
3.508453816175460815e-02
2.670919708907604218e-02
-4.239231944084167480e-01
1.024054735898971558e-01
-8.293935060501098633e-01
5.369313955307006836e-01
-2.954945266246795654e-01
2.108676880598068237e-01
1.149469614028930664e+00
-1.460968732833862305e+00
4.490155696868896484e+00
-4.331960976123809814e-01
3.466471135616302490e-01
1.978946151211857796e-03
-2.406905442476272583e-01
2.434699982404708862e-01
8.290024846792221069e-02
7.107141613960266113e-01
-8.490858078002929688e-01
5.732186138629913330e-03
1.043853759765625000e+00
-1.082934856414794922e+00
-4.280881881713867188e-01
7.501928806304931641e-01
-3.179773390293121338e-01
-1.551845856010913849e-02
-9.712129831314086914e-01
-1.944327503442764282e-01
-1.018472835421562195e-01
4.340894520282745361e-01
-1.220726847648620605e+00
9.740592837333679199e-01
-4.714792668819427490e-01
5.470250844955444336e-01
-2.516056299209594727e-01
2.874742746353149414e-01
-8.001746237277984619e-02
2.347101084887981415e-02
-1.001059710979461670e-01
3.886901140213012695e+00
-3.497917890548706055e+00
-4.261574745178222656e-01
1.107064858078956604e-01
-1.452963352203369141e-01
1.386761367321014404e-01
3.159714639186859131e-01
7.028412073850631714e-02
-5.316990852355957031e+00
4.677777767181396484e+00
-2.015925794839859009e-01
5.632055997848510742e-01
5.850425362586975098e-02
-1.056391000747680664e-01
3.078325390815734863e-01
4.037683904170989990e-01
-5.739250779151916504e-01
-1.545875906944274902e+00
2.925309836864471436e-01
-4.974988400936126709e-01
-4.282542467117309570e-01
1.224648952484130859e+00
9.851104617118835449e-01
-1.926746219396591187e-01
-3.525821566581726074e-01
8.908417820930480957e-02
2.592987418174743652e-01
-1.125933885574340820e+00
-8.539060354232788086e-01
6.727074980735778809e-01
-2.967578470706939697e-01
1.110591292381286621e+00
-3.591881692409515381e-01
5.638918280601501465e-01
1.787321418523788452e-01
-4.798476219177246094e+00
2.955936789512634277e-01
5.877191200852394104e-02
6.705652922391891479e-03
-7.333968300372362137e-03
-4.698904231190681458e-03
-3.842528909444808960e-03
-6.994706112891435623e-03
-8.738712407648563385e-03
-8.265849202871322632e-03
-8.457466959953308105e-03
-8.226488716900348663e-03
-2.766719844657927752e-04
-4.557997453957796097e-03
3.829344641417264938e-03
6.913750898092985153e-03
-2.721544122323393822e-03
2.590747317299246788e-03
7.012931630015373230e-03
5.846371059305965900e-04
6.926401518285274506e-03
-1.195309567265212536e-03
4.122237209230661392e-03
6.235179957002401352e-03
-4.355252720415592194e-03
-7.227722089737653732e-03
1.153643126599490643e-03
3.314706496894359589e-03
6.434322567656636238e-04
-3.255653136875480413e-04
-2.993575762957334518e-03
2.796823857352137566e-03
-4.888833700533723459e-06
5.980321206152439117e-03
-8.517607784597203135e-05
4.215134307742118835e-03
-4.217444453388452530e-03
4.888267721980810165e-03
3.313938388600945473e-03
1.222194696310907602e-04
3.940190654247999191e-03
9.108474478125572205e-03
3.882524091750383377e-03
9.797643870115280151e-03
-1.166572677902877331e-03
1.947132172062993050e-03
-4.218159883748739958e-04
-8.674373850226402283e-03
-6.227885838598012924e-03
2.339281607419252396e-03
-7.975037209689617157e-03
-8.856056258082389832e-03
-3.225273918360471725e-03
4.887139890342950821e-03
-4.691561043728142977e-04
5.473638884723186493e-03
-7.176098879426717758e-03
8.099284023046493530e-03
-2.313358709216117859e-03
-5.617809947580099106e-03
6.298458320088684559e-04
8.878996595740318298e-03
6.484581623226404190e-03
9.027546271681785583e-03
-3.197388025000691414e-03
9.303172118961811066e-03
-4.057281767018139362e-04
-8.878438733518123627e-03
-2.603565109893679619e-03
1.508078813552856445e+00
1.125792145729064941e+00
-1.880340695381164551e+00
7.139862775802612305e-01
