1.686316609382629395e+00
-9.126488566398620605e-01
2.951034903526306152e-01
4.398216247558593750e+00
1.938529133796691895e+00
3.177133560180664062e+00
2.506518602371215820e+00
1.288136959075927734e+00
2.291906833648681641e+00
9.049584865570068359e-01
3.311394929885864258e+00
-1.354327797889709473e-01
2.788225188851356506e-02
-4.688265025615692139e-01
-1.674846172332763672e+00
2.722280919551849365e-01
1.711504459381103516e-01
1.232545748353004456e-01
2.997783422470092773e-01
5.125862956047058105e-01
-3.127165734767913818e-01
-2.001967979595065117e-03
-2.311123162508010864e-02
-4.230286180973052979e-01
4.983612060546875000e+00
-1.227745413780212402e+00
-1.036939501762390137e+00
1.039079904556274414e+00
6.600530743598937988e-01
-1.744954884052276611e-01
2.759487032890319824e-01
8.338587358593940735e-03
-7.638543844223022461e-02
-7.769543528556823730e-01
-1.219433397054672241e-01
-7.800128310918807983e-02
-1.659047454595565796e-01
2.851822599768638611e-02
-9.909433722496032715e-01
1.361410737037658691e+00
9.516374588012695312e+00
9.152873039245605469e+00
1.313788604736328125e+01
1.349797344207763672e+01
1.555790901184082031e+01
1.495296001434326172e+01
1.403085899353027344e+01
1.753158187866210938e+01
1.983069419860839844e+01
1.921847915649414062e+01
2.188432693481445312e+01
1.971347999572753906e+01
2.358163642883300781e+01
3.390488862991333008e+00
-7.467631101608276367e-01
-1.942616224288940430e+00
4.605824947357177734e+00
9.555010199546813965e-01
-2.947555780410766602e+00
-9.990725517272949219e-01
-5.158008933067321777e-01
6.395177841186523438e-01
6.409054994583129883e-02
-3.426585197448730469e-01
-2.491824150085449219e+00
2.522919893264770508e+00
7.431516647338867188e-01
-1.164303898811340332e+00
-1.022193312644958496e+00
-3.471603989601135254e-01
1.017374694347381592e-01
2.503632068634033203e+00
1.939893364906311035e-01
-9.227846264839172363e-01
4.466920495033264160e-01
-3.454994261264801025e-01
4.004860401153564453e+00
-1.979090452194213867e+00
-3.136294841766357422e+00
2.885730743408203125e+00
2.404861450195312500e-01
-7.078443765640258789e-01
2.060121297836303711e+00
1.028300523757934570e+00
1.161685466766357422e+00
-1.588692516088485718e-02
-2.318994760513305664e+00
1.568342399597167969e+01
-8.007882833480834961e-01
-4.464644908905029297e+00
2.995095551013946533e-01
3.548484742641448975e-01
-3.161800146102905273e+00
-2.527442872524261475e-01
-2.390658855438232422e+00
-1.118591308593750000e+00
7.590660452842712402e-01
-2.263199234008789062e+01
-3.327380418777465820e-01
2.783812880516052246e-01
-2.320971190929412842e-01
-1.258946418762207031e+00
-8.720614314079284668e-01
-3.482304215431213379e-01
6.757121682167053223e-01
5.141745805740356445e-01
4.803762137889862061e-01
2.240056514739990234e+00
-1.108398318290710449e+00
1.178139448165893555e-01
-3.578247427940368652e-01
-2.413596808910369873e-01
2.150372266769409180e-01
2.048929035663604736e-01
3.660573244094848633e+00
-9.737370610237121582e-01
5.768671989440917969e+00
1.382295608520507812e+00
-4.784851968288421631e-01
-5.235769748687744141e-01
-2.226892709732055664e+00
3.791844367980957031e+00
-1.769581913948059082e+00
1.409820914268493652e+00
5.626154541969299316e-01
-4.684066176414489746e-01
-5.808718800544738770e-01
1.800501346588134766e-01
-3.409964084625244141e+00
2.002614259719848633e+00
5.797524452209472656e-01
8.965633809566497803e-02
4.322792589664459229e-02
5.593696236610412598e-01
7.371513545513153076e-02
2.389362156391143799e-01
1.411104083061218262e+00
1.903045296669006348e+00
1.717700839042663574e+00
1.262321352958679199e+00
1.933699965476989746e+00
-3.402822971343994141e+00
2.964154481887817383e+00
5.747745513916015625e+00
-1.033183410763740540e-01
-4.824902713298797607e-01
-6.071355566382408142e-02
-6.394128501415252686e-02
-2.926237881183624268e-01
3.034933842718601227e-02
1.936770826578140259e-01
2.587451934814453125e-01
8.654083311557769775e-02
-4.605958163738250732e-01
1.749254763126373291e-02
1.354039311408996582e+00
-5.316540002822875977e-01
-2.832309110090136528e-03
1.289135098457336426e+00
-1.643583536148071289e+00
-1.289608627557754517e-01
6.389034986495971680e-01
9.119134396314620972e-02
4.891951382160186768e-01
-7.203977704048156738e-01
3.028945438563823700e-02
1.152341008186340332e+00
7.462344169616699219e-01
-4.506013691425323486e-01
8.290989696979522705e-02
2.102859467267990112e-01
-5.762282013893127441e-01
-1.920583248138427734e-01
2.504777669906616211e+00
3.312425017356872559e-01
3.496354818344116211e-02
2.465635538101196289e-01
3.348803281784057617e+00
-1.051320314407348633e+00
-2.523354530334472656e+00
1.025678753852844238e+00
3.577059805393218994e-01
2.249871790409088135e-01
-3.992360353469848633e+00
-4.898012876510620117e-01
1.975309699773788452e-01
-1.031264588236808777e-01
-4.236056804656982422e+00
1.653069853782653809e+00
2.456910848617553711e+00
1.597226560115814209e-01
2.949646711349487305e-01
2.268459200859069824e-01
6.738596130162477493e-03
8.786125481128692627e-02
3.403352200984954834e-02
-6.576534509658813477e-01
-1.182971335947513580e-02
-1.238857507705688477e+00
3.255396187305450439e-01
5.532765388488769531e-01
6.157134845852851868e-02
-3.763659596443176270e-01
3.246198594570159912e-01
8.172999024391174316e-01
-3.862771093845367432e-01
-2.135255485773086548e-01
6.932519078254699707e-01
-2.646927833557128906e-01
2.064896672964096069e-01
6.656327247619628906e-01
5.875803828239440918e-01
3.967722356319427490e-01
7.518468797206878662e-02
1.027917936444282532e-01
4.284902513027191162e-01
1.681721657514572144e-01
2.262653037905693054e-02
-1.010503023862838745e-01
1.109163045883178711e+00
5.170260667800903320e-01
-4.646482765674591064e-01
-1.495564877986907959e-01
1.815238445997238159e-01
2.324798852205276489e-01
9.756707400083541870e-02
6.889776140451431274e-02
-4.572922289371490479e-01
-5.610527992248535156e-01
1.477902531623840332e+00
-3.379932940006256104e-01
8.748009204864501953e-01
5.727853178977966309e-01
1.270302891731262207e+00
1.154018998146057129e+00
-1.045135736465454102e+00
-5.051397085189819336e-01
-1.263580769300460815e-01
-4.580210745334625244e-01
5.130199193954467773e-01
1.732080876827239990e-01
2.604726850986480713e-01
4.551329091191291809e-02
9.304547309875488281e-02
2.078363150358200073e-01
-7.882960438728332520e-01
1.128307104110717773e+00
-3.428654968738555908e-01
2.094980031251907349e-01
1.397774815559387207e+00
-1.818773627281188965e+00
-6.293742060661315918e-01
3.692369759082794189e-01
-2.749702930450439453e-01
-5.455578565597534180e-01
-1.419249773025512695e-01
1.060850247740745544e-01
-2.975643053650856018e-02
-7.914075255393981934e-02
-8.065223097801208496e-01
-4.272130727767944336e-01
-8.588095009326934814e-02
-5.768335983157157898e-02
-1.541968435049057007e-01
2.802021503448486328e+00
1.849858015775680542e-01
-7.064509391784667969e-02
1.661473363637924194e-01
2.622941255569458008e+00
-5.602825880050659180e-01
-1.395945310592651367e+00
1.289051175117492676e+00
3.074823021888732910e-01
-8.179029449820518494e-03
-3.538433074951171875e+00
-6.676913797855377197e-02
1.804519593715667725e-01
-9.335996210575103760e-02
-2.805896997451782227e+00
1.066419005393981934e+00
1.844548821449279785e+00
-1.315662711858749390e-01
9.454264491796493530e-02
2.226257622241973877e-01
5.327823758125305176e-01
8.013537526130676270e-02
-2.114908695220947266e-01
-3.434866368770599365e-01
4.363332688808441162e-01
1.292021945118904114e-02
5.783952306956052780e-03
3.869907557964324951e-02
-1.904120296239852905e-01
1.411689072847366333e-01
2.239550948143005371e-01
6.300094127655029297e-01
-1.553147137165069580e-01
-3.521941006183624268e-01
1.513747572898864746e+00
-2.024496197700500488e-01
-2.861404418945312500e-01
3.406151235103607178e-01
-2.494393289089202881e-01
-1.622977852821350098e+00
7.564444839954376221e-02
-5.196924209594726562e-01
-6.295295357704162598e-01
2.972323894500732422e-01
1.987718045711517334e-02
-4.700154364109039307e-01
2.877007126808166504e-01
-8.465942740440368652e-01
2.721990644931793213e-01
-1.610925793647766113e-02
-2.692436873912811279e-01
-4.339233040809631348e-01
3.804416060447692871e-01
5.388320088386535645e-01
3.306138217449188232e-01
-8.478001952171325684e-01
1.497233361005783081e-01
-1.323000192642211914e-01
-6.637844443321228027e-01
-1.259827375411987305e+00
1.279861479997634888e-02
-2.489690542221069336e+00
-1.740170526318252087e-03
4.238505847752094269e-03
-5.679585970938205719e-03
-1.718644285574555397e-03
-6.289230659604072571e-03
-9.602646343410015106e-03
-2.578206127509474754e-03
5.720883607864379883e-03
4.467036109417676926e-03
5.490140058100223541e-03
6.627378985285758972e-03
-7.025272119790315628e-03
1.421958208084106445e-03
-2.680708188563585281e-03
-5.680509842932224274e-03
-4.747595638036727905e-03
-7.442268077284097672e-03
2.014643745496869087e-03
4.747333936393260956e-03
2.688444685190916061e-03
-5.868693115189671516e-04
-3.370222635567188263e-03
-2.368565648794174194e-03
5.200058221817016602e-03
-1.897217880468815565e-04
-1.168192829936742783e-03
5.301733501255512238e-03
-3.967936616390943527e-03
-4.295637365430593491e-03
-3.687958465889096260e-03
-3.471703035756945610e-03
-4.197381902486085892e-03
8.054662495851516724e-03
-1.222888473421335220e-03
3.785896813496947289e-03
6.606762297451496124e-03
-8.061067201197147369e-03
-4.633341915905475616e-03
-2.493169391527771950e-03
2.248753095045685768e-03
-5.703346803784370422e-03
-3.982663620263338089e-03
-8.668315596878528595e-03
9.079220704734325409e-03
5.193946883082389832e-03
-9.612776339054107666e-03
-1.495685428380966187e-03
4.351203329861164093e-03
8.372989483177661896e-03
-8.205461315810680389e-03
-1.929726684466004372e-03
-8.324390277266502380e-03
-1.439674175344407558e-03
-2.439943840727210045e-03
1.870162552222609520e-03
-1.699315034784376621e-03
9.134516119956970215e-03
-8.178725838661193848e-03
1.928143668919801712e-03
4.860931541770696640e-03
-5.260775797069072723e-03
-5.458947736769914627e-03
1.907325116917490959e-03
9.416249580681324005e-03
4.525574389845132828e-03
-9.963220916688442230e-03
1.789373578503727913e-03
2.309573581442236900e-03
4.329612711444497108e-04
-2.156356349587440491e-03
-3.631008323282003403e-03
3.757216734811663628e-03
-5.416433792561292648e-03
-4.855230450630187988e-03
-9.472447447478771210e-03
6.449771113693714142e-03
-4.094299860298633575e-03
-4.534287378191947937e-03
6.569004035554826260e-04
5.997384898364543915e-03
9.242256172001361847e-03
-3.533743321895599365e-03
-7.763760630041360855e-03
8.460795506834983826e-03
-6.205732002854347229e-03
8.020728826522827148e-03
6.641380488872528076e-03
4.591488977894186974e-04
3.260175231844186783e-03
6.463285535573959351e-03
5.099145346321165562e-04
1.026258707046508789e+00
1.113776445388793945e+00
-1.892980337142944336e+00
7.455590963363647461e-01
