1.691822052001953125e+00
-6.749163269996643066e-01
9.863470196723937988e-01
1.216529250144958496e+00
4.520474433898925781e+00
1.797025799751281738e+00
3.031724214553833008e+00
2.434822797775268555e+00
1.475630521774291992e+00
2.313193082809448242e+00
1.857132196426391602e+00
2.860062599182128906e+00
1.171190142631530762e-01
1.777217388153076172e-01
-4.946859925985336304e-02
-5.856021046638488770e-01
-9.734069108963012695e-01
-2.481101304292678833e-01
2.982677519321441650e-01
4.248934090137481689e-01
-1.783418506383895874e-01
3.166930675506591797e-01
-5.419761538505554199e-01
2.242773771286010742e-01
7.068985700607299805e-01
-2.489853203296661377e-01
-1.025170087814331055e+00
-3.761167526245117188e-01
7.215273976325988770e-01
-3.574787080287933350e-01
-4.251872897148132324e-01
-4.985325038433074951e-02
-1.327662616968154907e-01
-1.506737470626831055e-01
-9.697865694761276245e-02
-1.258298605680465698e-01
-8.697929233312606812e-02
1.316417455673217773e-01
-1.753864288330078125e-01
-5.350124556571245193e-03
5.763473510742187500e-01
-8.481562733650207520e-01
-8.560473322868347168e-01
8.983305931091308594e+00
1.011221122741699219e+01
1.019373893737792969e+01
1.321209430694580078e+01
1.339079189300537109e+01
1.561027908325195312e+01
1.497476196289062500e+01
1.490916633605957031e+01
1.749406814575195312e+01
1.961680221557617188e+01
1.910717964172363281e+01
1.971427536010742188e+01
2.011408996582031250e+01
2.122494697570800781e+01
-3.971840739250183105e-01
2.393102459609508514e-02
-8.726392984390258789e-01
-6.083540320396423340e-01
1.572803854942321777e-01
8.673357963562011719e-01
1.172009229660034180e+00
-1.576163291931152344e+00
-3.477458357810974121e-01
4.620895683765411377e-01
-1.131513062864542007e-02
-1.290613651275634766e+00
-2.198513269424438477e+00
-3.557678461074829102e-01
1.390616536140441895e+00
-2.671275101602077484e-02
1.570265591144561768e-01
-1.301363587379455566e+00
1.898935437202453613e+00
-1.418623089790344238e+00
-3.490183353424072266e-01
-1.248807668685913086e+00
8.250682353973388672e-01
-1.501385807991027832e+00
-5.247320532798767090e-01
-1.458022594451904297e+00
8.818867802619934082e-01
8.364871144294738770e-01
-1.073905825614929199e+00
-2.670560404658317566e-02
2.613628208637237549e-01
2.497582197189331055e+00
-6.959524750709533691e-01
1.309601426124572754e+00
9.365556240081787109e-01
-5.191487073898315430e-01
-7.055006027221679688e-01
1.361798167228698730e+00
-1.942076325416564941e+00
-1.037335515022277832e+00
4.483407437801361084e-01
-3.747322559356689453e-01
-1.211777999997138977e-01
-2.090577594935894012e-02
1.255416572093963623e-01
-2.687220871448516846e-01
-2.814290225505828857e-01
1.779039573669433594e+01
-4.002560079097747803e-01
7.742170810699462891e+00
-1.421763420104980469e+00
3.652833998203277588e-01
-1.456524878740310669e-01
1.468946576118469238e+00
-5.211972594261169434e-01
-1.189960002899169922e+00
3.189700841903686523e-01
-2.393518257141113281e+01
-9.302290081977844238e-01
-8.473220825195312500e+00
1.163616776466369629e+00
-1.909240603446960449e+00
1.425434947013854980e+00
-1.517629265785217285e+00
-1.679441332817077637e+00
1.040028214454650879e+00
2.600918292999267578e+00
1.355386376380920410e+00
5.937787890434265137e-01
2.572529554367065430e+00
-3.531048297882080078e+00
1.779716014862060547e+00
1.047638893127441406e+00
-1.048178434371948242e+00
5.474976822733879089e-02
1.511375188827514648e+00
-2.383842229843139648e+00
2.563585758209228516e+00
-2.085322141647338867e+00
-2.706439495086669922e+00
2.136636495590209961e+00
3.687265872955322266e+00
-2.628369331359863281e+00
3.186863183975219727e+00
1.957469463348388672e+00
1.387353420257568359e+00
-1.468038439750671387e+00
2.154604673385620117e+00
1.133257150650024414e+00
-1.547165751457214355e+00
1.854503870010375977e+00
-3.436807990074157715e-01
-2.514340169727802277e-02
-4.207474589347839355e-01
-1.054198145866394043e+00
4.743406176567077637e-02
-4.006971716880798340e-01
-9.752682447433471680e-01
2.374225407838821411e-01
-3.808068037033081055e-01
-1.529453158378601074e+00
1.223002433776855469e+00
-2.234836369752883911e-01
-5.460394620895385742e-01
2.634036302566528320e+00
4.754968583583831787e-01
2.313818633556365967e-01
6.288575530052185059e-01
5.677840113639831543e-01
-2.650867700576782227e-01
-1.617581844329833984e-01
7.448925822973251343e-02
-5.216794013977050781e-01
-7.710875272750854492e-01
1.397668421268463135e-01
2.532941102981567383e-01
3.530020415782928467e-01
-1.332023501396179199e+00
-1.801690459251403809e-01
7.495955377817153931e-02
1.479116231203079224e-01
4.959641024470329285e-02
-1.111177280545234680e-01
1.654825508594512939e-01
1.818597465753555298e-01
2.871911823749542236e-01
8.167475461959838867e-01
-1.443435996770858765e-01
3.886749744415283203e-01
7.821719646453857422e-01
-4.078570902347564697e-01
-2.543375492095947266e-01
2.714544832706451416e-01
1.046829819679260254e-01
-9.936761111021041870e-02
-3.345912694931030273e-01
-4.432677030563354492e-01
-6.883514523506164551e-01
-1.600967496633529663e-01
-6.712487936019897461e-01
3.117558956146240234e-01
-5.339176058769226074e-01
1.314923912286758423e-01
1.039734184741973877e-01
2.553510367870330811e-01
1.939608007669448853e-01
9.909059852361679077e-02
-1.425724755972623825e-02
1.324438154697418213e-01
1.843838095664978027e-01
-8.536808937788009644e-02
1.261935085058212280e-01
-1.111561775207519531e+00
6.910084247589111328e+00
-7.605745792388916016e-01
6.723569333553314209e-02
1.429216004908084869e-02
4.376002028584480286e-02
-2.088263779878616333e-01
3.520514070987701416e-02
2.594682574272155762e-01
9.812385588884353638e-02
2.374107599258422852e+00
-9.161118507385253906e+00
2.016748428344726562e+00
5.343357101082801819e-02
3.084458112716674805e-01
-5.501769781112670898e-01
2.128341495990753174e-01
4.250696599483489990e-01
-1.826876103878021240e-01
-3.970322310924530029e-01
1.531399607658386230e+00
2.894527912139892578e-01
8.656674623489379883e-02
8.710801601409912109e-01
-4.486625790596008301e-01
-3.962234854698181152e-01
1.614254266023635864e-01
-8.834064602851867676e-01
-4.094645678997039795e-01
-2.729302644729614258e-01
3.124990761280059814e-01
5.049674510955810547e-01
4.448578655719757080e-01
-2.017229348421096802e-01
-2.356688529253005981e-01
6.000875234603881836e-01
6.580345034599304199e-01
-1.470347344875335693e-01
-6.356747820973396301e-03
2.091887891292572021e-01
-6.079410910606384277e-01
5.912055373191833496e-01
4.067154228687286377e-01
9.863740950822830200e-02
-2.726095318794250488e-01
1.084899455308914185e-01
-1.637497097253799438e-01
4.691168069839477539e-01
7.299249172210693359e-01
5.325963497161865234e-01
7.871033996343612671e-02
-3.133416920900344849e-02
6.589714288711547852e-01
3.248194754123687744e-01
-1.859311908483505249e-01
-6.444194912910461426e-01
9.416598081588745117e-01
1.388981938362121582e+00
-3.278383314609527588e-01
-6.101446598768234253e-02
-3.826747462153434753e-02
-3.996064960956573486e-01
-4.907901287078857422e-01
-3.860652074217796326e-02
-2.941957116127014160e-01
1.507237076759338379e+00
9.937842488288879395e-01
-8.421606421470642090e-01
-4.231590926647186279e-01
1.806787967681884766e+00
-9.524527788162231445e-01
6.053031682968139648e-01
-4.404757022857666016e-01
-1.511087417602539062e-01
-2.217875421047210693e-01
3.494235873222351074e-02
-1.833315640687942505e-01
1.866232901811599731e-01
9.965211153030395508e-02
3.207670748233795166e-01
-8.672040700912475586e-02
-3.388087749481201172e-01
3.656668365001678467e-01
4.986966028809547424e-02
4.217861294746398926e-01
-3.232198059558868408e-01
-3.875456750392913818e-02
-5.734905973076820374e-02
4.247727990150451660e-02
-6.812857836484909058e-02
8.568427711725234985e-02
8.841458708047866821e-02
-5.491304993629455566e-01
3.482604026794433594e-01
-5.175890326499938965e-01
-3.182106912136077881e-01
6.492552757263183594e-01
1.974869519472122192e-01
1.445093452930450439e-01
3.369928896427154541e-02
-1.636084318161010742e-01
4.501267522573471069e-02
4.153519496321678162e-02
-6.881535798311233521e-02
9.968721307814121246e-03
-1.614080071449279785e+00
5.506060123443603516e+00
-1.069869995117187500e+00
1.746305972337722778e-01
-5.059691146016120911e-02
-1.677041351795196533e-01
-4.401414096355438232e-01
3.942502662539482117e-02
2.727047801017761230e-01
-1.322692632675170898e-01
1.542383193969726562e+00
-7.286209583282470703e+00
9.516489505767822266e-01
-1.739346981048583984e-01
4.226259887218475342e-01
-3.146846592426300049e-02
1.885071843862533569e-01
3.559324145317077637e-01
-9.122455865144729614e-02
-3.794429004192352295e-01
-2.564976513385772705e-01
-5.026527643203735352e-01
-4.961273968219757080e-01
3.617160618305206299e-01
1.322382986545562744e-01
-2.174114286899566650e-01
2.107744812965393066e-01
1.103614047169685364e-01
2.442977391183376312e-02
7.674825787544250488e-01
-7.597939372062683105e-01
2.249047905206680298e-01
1.784141212701797485e-01
-5.425499081611633301e-01
5.051403045654296875e-01
2.568810224533081055e+00
-1.929738931357860565e-02
-3.726690113544464111e-01
2.160793542861938477e-02
3.918070495128631592e-01
-3.379721343517303467e-01
2.494037598371505737e-01
-1.002754196524620056e-01
-2.193922251462936401e-01
7.939756661653518677e-02
1.695824116468429565e-01
2.243860661983489990e-01
2.821874916553497314e-01
-1.176235005259513855e-01
-1.732644289731979370e-01
-4.355021938681602478e-02
1.214931681752204895e-01
-3.034338355064392090e-01
-3.970085978507995605e-01
-1.006884127855300903e-01
-7.236723303794860840e-01
-1.305805891752243042e-01
-1.233156919479370117e+00
3.542721504345536232e-03
3.955267369747161865e-03
9.571549482643604279e-03
-5.881843389943242073e-04
3.035057336091995239e-03
-6.610886659473180771e-03
7.278263568878173828e-03
4.235773812979459763e-03
7.880304008722305298e-03
7.296765688806772232e-03
-7.710054982453584671e-03
7.124281837604939938e-04
-1.832979032769799232e-03
1.650202670134603977e-03
-4.044794011861085892e-03
-3.954455256462097168e-03
5.773326847702264786e-04
-8.077470585703849792e-03
-3.099975176155567169e-03
-7.677913643419742584e-03
-1.235254690982401371e-03
6.651483010500669479e-03
-1.120184315368533134e-03
3.665326861664652824e-03
-9.213095530867576599e-03
-6.344905123114585876e-03
-6.063140463083982468e-03
6.915950216352939606e-03
9.495050646364688873e-03
2.462537850078660995e-05
-7.896329276263713837e-03
1.768689719028770924e-03
1.401741174049675465e-03
8.746067062020301819e-03
-6.855099461972713470e-03
5.277507472783327103e-03
2.694081980735063553e-03
3.984873474109917879e-04
9.940561838448047638e-03
1.872902037575840950e-03
-8.540676906704902649e-03
6.021766923367977142e-03
-3.798664314672350883e-03
-8.183644153177738190e-03
-9.187047253362834454e-04
6.262181326746940613e-03
7.752822246402502060e-03
-7.208150345832109451e-03
-7.769405841827392578e-03
-8.230809122323989868e-03
3.503918182104825974e-03
-2.322579966858029366e-03
-1.257890398846939206e-04
1.313772634603083134e-03
7.575025781989097595e-03
8.714359253644943237e-03
-3.957670647650957108e-03
-4.635582678020000458e-03
9.871141053736209869e-03
9.604844264686107635e-03
5.247074179351329803e-03
-6.863562855869531631e-03
8.589552715420722961e-03
4.678694996982812881e-03
-5.492300260812044144e-03
-8.798975031822919846e-04
-6.690024863928556442e-03
9.567751549184322357e-03
6.146703381091356277e-03
-1.760837330948561430e-04
3.384832758456468582e-03
6.640641018748283386e-03
8.224587887525558472e-03
-6.810621707700192928e-04
7.337309885770082474e-03
9.080727584660053253e-03
6.503266282379627228e-03
3.150234697386622429e-03
-7.463642396032810211e-03
6.684919353574514389e-03
3.520913422107696533e-03
-2.850224263966083527e-03
-2.295703015988692641e-04
7.505623623728752136e-03
3.398950444534420967e-03
9.099099785089492798e-03
4.893708042800426483e-03
-8.793931920081377029e-04
-9.929970838129520416e-04
-6.131122354418039322e-03
-6.652344483882188797e-03
6.217773538082838058e-03
-3.266151063144207001e-03
-1.838791067712008953e-03
-3.847709856927394867e-03
-8.697888813912868500e-03
-8.395916782319545746e-03
7.680227048695087433e-03
-2.779630711302161217e-03
7.541371043771505356e-03
6.624806206673383713e-03
8.461794932372868061e-04
-2.006591297686100006e-03
8.079854771494865417e-03
5.289306864142417908e-03
1.349508881568908691e+00
1.036110401153564453e+00
-1.750259041786193848e+00
7.043190598487854004e-01
