1.152361679077148438e+01
1.668794822692871094e+01
1.080740070343017578e+01
1.544564533233642578e+01
1.573413276672363281e+01
1.596047973632812500e+01
9.186766624450683594e+00
1.329714584350585938e+01
1.026421928405761719e+01
1.179724502563476562e+01
1.544487571716308594e+01
1.585341739654541016e+01
8.228999137878417969e+00
1.687983131408691406e+01
9.794733047485351562e+00
9.476406097412109375e+00
6.488384246826171875e+00
1.238681912422180176e+00
1.587426662445068359e-01
-1.381611108779907227e+00
5.216572284698486328e-01
-4.671293735504150391e+00
9.070474624633789062e+00
8.809124946594238281e+00
7.514247894287109375e+00
-3.437587738037109375e+00
6.507508754730224609e+00
3.724697113037109375e+00
-5.738387584686279297e+00
5.464203357696533203e-01
-1.000610113143920898e+00
2.206102848052978516e+00
-1.240562438964843750e+00
-2.056702613830566406e+00
-4.568408012390136719e+00
-3.719314098358154297e+00
-1.572991967201232910e+00
-8.995736837387084961e-01
-4.978261947631835938e+00
-7.339509010314941406e+00
4.461981773376464844e+00
4.564093112945556641e+00
-6.532942295074462891e+00
1.063223838806152344e+00
-4.663753807544708252e-01
1.843033313751220703e+00
9.410602569580078125e+00
-5.853958606719970703e+00
1.266632270812988281e+01
-5.692778587341308594e+00
-3.155463933944702148e+00
5.960239887237548828e+00
-4.040381908416748047e+00
5.539336204528808594e+00
-3.678283886983990669e-03
6.963634014129638672e+00
-1.323022961616516113e+00
-5.537369847297668457e-01
1.137963581085205078e+01
-1.787194609642028809e+00
-5.367594718933105469e+00
2.879786193370819092e-01
3.794598340988159180e+00
2.075585126876831055e+00
2.021677255630493164e+00
1.073364138603210449e+00
-1.519263148307800293e+00
-1.106167435646057129e+00
-1.086444735527038574e+00
-2.792305350303649902e-01
5.832144021987915039e-01
-4.115258216857910156e+00
3.526009321212768555e-01
-5.332498550415039062e-01
3.548805475234985352e+00
9.625998497009277344e+00
-2.163506507873535156e+00
-1.110484957695007324e+00
2.029561519622802734e+00
3.918798208236694336e+00
-1.382222294807434082e+00
-8.766307830810546875e+00
-9.985935211181640625e+00
-1.933129310607910156e+00
1.205275917053222656e+01
7.125311374664306641e+00
-8.736352920532226562e+00
8.375061988830566406e+00
-8.521609306335449219e+00
-4.944393157958984375e+00
-1.941530823707580566e+00
-3.472990751266479492e+00
6.649915218353271484e+00
-2.333358049392700195e+00
4.836148321628570557e-01
-6.472341537475585938e+00
1.064926910400390625e+01
7.261841297149658203e-01
1.012112200260162354e-01
1.366017532348632812e+01
-3.317376375198364258e+00
-4.226431846618652344e+00
8.641941070556640625e+00
-1.150521039962768555e+00
6.779225826263427734e+00
-5.163821697235107422e+00
4.180934906005859375e+00
-2.323516607284545898e+00
-9.482921600341796875e+00
5.949653148651123047e+00
5.224904060363769531e+00
7.900206089019775391e+00
-3.403809309005737305e+00
-2.449054718017578125e+00
7.397008895874023438e+00
-5.688482761383056641e+00
2.174947738647460938e+00
1.235978603363037109e+00
-5.393097877502441406e+00
-2.316636562347412109e+00
3.496736288070678711e+00
-2.323752641677856445e+00
-3.516985177993774414e+00
-2.011139154434204102e+00
8.297340273857116699e-01
2.739222526550292969e+00
-6.137288212776184082e-01
-3.407211542129516602e+00
2.389305680990219116e-01
3.211197555065155029e-01
3.932629585266113281e+00
-2.153904199600219727e+00
5.176040172576904297e+00
-1.583643436431884766e+00
-9.950293898582458496e-01
6.852068901062011719e-01
7.592493891716003418e-01
3.819037675857543945e+00
2.958631992340087891e+00
-1.698547601699829102e+00
2.849640607833862305e+00
4.646231174468994141e+00
7.756150960922241211e-01
2.540796041488647461e+00
-1.120788812637329102e+00
-2.561269044876098633e+00
-2.638365030288696289e+00
1.652969002723693848e+00
-4.727612137794494629e-01
3.757878780364990234e+00
-8.861898183822631836e-01
4.170227527618408203e+00
3.517948389053344727e+00
-3.270861864089965820e+00
-8.409780859947204590e-01
-3.509120225906372070e+00
3.300074100494384766e+00
2.079159319400787354e-01
4.566069602966308594e+00
-1.474085092544555664e+00
-2.195308446884155273e+00
2.272084951400756836e+00
-1.542885780334472656e+00
1.228423833847045898e+00
-4.037410259246826172e+00
4.003623485565185547e+00
1.956240415573120117e+00
1.406656026840209961e+00
-8.081917762756347656e-01
-1.708050608634948730e+00
-5.802069306373596191e-01
-4.647393822669982910e-01
-1.988784670829772949e+00
1.959574460983276367e+00
2.755343541502952576e-02
-1.335255622863769531e+00
1.201050400733947754e+00
-8.677225112915039062e-01
1.277767062187194824e+00
-2.226640939712524414e+00
2.495404243469238281e+00
3.720547914505004883e+00
1.428224205970764160e+00
-2.754629611968994141e+00
-1.262817025184631348e+00
-7.024958729743957520e-01
2.294067382812500000e+00
-3.266555547714233398e+00
-2.204047590494155884e-01
-1.842067956924438477e+00
1.776202917098999023e+00
-2.337566852569580078e+00
-1.293317914009094238e+00
-7.579073309898376465e-01
3.454800605773925781e+00
1.669763684272766113e+00
-3.149792671203613281e+00
-2.659991025924682617e+00
-2.300223827362060547e+00
3.335741281509399414e+00
1.636270523071289062e+00
5.859984397888183594e+00
-1.316653370857238770e+00
-1.383859157562255859e+00
5.386140346527099609e+00
-1.341389298439025879e+00
-2.797570943832397461e+00
-4.223212897777557373e-01
8.820343613624572754e-01
3.840191364288330078e+00
2.797574281692504883e+00
-3.615211844444274902e-01
2.856472492218017578e+00
1.556454658508300781e+00
-2.159907817840576172e+00
5.323126792907714844e+00
3.030009508132934570e+00
-2.064976841211318970e-01
-2.438167810440063477e+00
-3.068905115127563477e+00
-1.788207650184631348e+00
-2.796561956405639648e+00
2.999573469161987305e+00
5.174137115478515625e+00
-2.787805795669555664e+00
3.702717065811157227e+00
-1.636231303215026855e+00
-2.955970525741577148e+00
-3.749773204326629639e-01
6.782571077346801758e-01
2.435367345809936523e+00
2.048285454511642456e-01
-3.115209579467773438e+00
3.498363792896270752e-01
1.635489016771316528e-01
3.478807926177978516e+00
-1.298372268676757812e+00
3.831076860427856445e+00
-1.160129427909851074e+00
-5.040291547775268555e-01
2.838968336582183838e-01
1.584483385086059570e+00
4.153502464294433594e+00
2.900075197219848633e+00
-1.592662453651428223e+00
3.117758989334106445e+00
3.924491405487060547e+00
2.606935799121856689e-01
2.646737813949584961e+00
-6.156405210494995117e-01
-1.979694128036499023e+00
-2.576035499572753906e+00
7.173591852188110352e-01
6.501630544662475586e-01
3.975675106048583984e+00
-1.910975933074951172e+00
4.004652023315429688e+00
4.212523937225341797e+00
-2.986788749694824219e+00
-1.446568369865417480e+00
-1.945095300674438477e+00
1.794887781143188477e+00
1.872882843017578125e+00
1.642620325088500977e+00
2.155490159988403320e+00
-4.847991466522216797e+00
6.853578090667724609e-01
-3.337790250778198242e+00
7.543750762939453125e+00
-2.405567646026611328e+00
2.557386636734008789e+00
3.633148670196533203e+00
-2.510702610015869141e+00
5.888807177543640137e-01
-8.425565361976623535e-01
1.495630264282226562e+00
3.637890219688415527e-01
7.470149993896484375e-01
-9.774126410484313965e-01
-4.134730249643325806e-02
-6.395701766014099121e-01
-6.382282376289367676e-01
7.066466212272644043e-01
9.065929055213928223e-01
-2.324925899505615234e+00
1.619150638580322266e+00
2.182962894439697266e+00
2.757318735122680664e+00
-2.203396081924438477e+00
-1.285023570060729980e+00
1.879652142524719238e+00
-4.148555994033813477e-01
-2.599924087524414062e+00
-2.021055966615676880e-01
-2.826638936996459961e+00
3.388823747634887695e+00
-2.644300222396850586e+00
-1.752969264984130859e+00
-2.468515932559967041e-01
1.878937125205993652e+00
8.377443552017211914e-01
-3.301655292510986328e+00
-5.764331221580505371e-01
-6.260724067687988281e-01
2.079715728759765625e+00
2.184267997741699219e+00
2.860975503921508789e+00
-2.536848485469818115e-01
-3.153199195861816406e+00
4.005554199218750000e+00
-1.144527554512023926e+00
-2.484051227569580078e+00
3.181555032730102539e+00
7.675449848175048828e-01
3.576393842697143555e+00
2.920028448104858398e+00
-1.344162464141845703e+00
4.096842288970947266e+00
8.443816900253295898e-01
-1.250069618225097656e+00
5.328079700469970703e+00
2.474216222763061523e+00
4.214716255664825439e-01
-2.733254432678222656e+00
-1.217620134353637695e+00
-5.099255442619323730e-01
-3.403086423873901367e+00
3.427145957946777344e+00
4.403134822845458984e+00
-7.225183248519897461e-01
