1.557865810394287109e+01
1.622149848937988281e+01
1.544561100006103516e+01
1.639890861511230469e+01
4.227797985076904297e+00
1.109183502197265625e+01
7.032808303833007812e+00
1.300711154937744141e+01
2.163100242614746094e+00
-3.437816619873046875e+00
-2.832923829555511475e-01
7.150102257728576660e-01
-1.322614312171936035e+00
5.676491260528564453e-01
-3.155527114868164062e+00
9.691861867904663086e-01
7.679654121398925781e+00
2.285382270812988281e+00
2.068670511245727539e+00
-4.478981494903564453e+00
1.502373409271240234e+01
9.328261375427246094e+00
6.992567539215087891e+00
9.013684272766113281e+00
-1.046562004089355469e+01
-1.647098183631896973e+00
1.440104484558105469e+01
-1.844280719757080078e+00
-4.500242710113525391e+00
5.578097105026245117e-01
1.584024524688720703e+01
1.842449545860290527e+00
-1.007071852684020996e+00
-5.117587089538574219e+00
-3.050227403640747070e+00
7.300732135772705078e+00
5.801367759704589844e+00
-1.286997413635253906e+01
-1.810379981994628906e+00
-1.218939661979675293e+00
8.358263969421386719e-01
-2.042455911636352539e+00
3.381317853927612305e+00
-1.384131336212158203e+01
-1.121844768524169922e+00
-1.315646618604660034e-01
1.495699435472488403e-01
-3.393210768699645996e-01
3.505905866622924805e+00
7.454437017440795898e-01
1.820686578750610352e+00
1.372517794370651245e-01
2.918129920959472656e+00
1.215483903884887695e+00
-2.829874753952026367e-01
-3.690742492675781250e+00
-2.165269613265991211e+00
2.126253366470336914e+00
3.612659931182861328e+00
5.654183626174926758e-01
1.583615183830261230e+00
7.944136142730712891e+00
-2.100063562393188477e+00
4.333625793457031250e+00
-4.020515918731689453e+00
-2.044824361801147461e+00
-5.494319200515747070e-01
4.154002189636230469e+00
4.606998920440673828e+00
2.764954328536987305e+00
-1.064143180847167969e+00
5.090116977691650391e+00
1.326594591140747070e+00
-8.028973937034606934e-01
-8.953220367431640625e+00
1.538730025291442871e+00
1.887107372283935547e+00
1.398331761360168457e+00
-2.844946146011352539e+00
-4.986787319183349609e+00
-8.700648546218872070e-01
2.586227059364318848e-01
8.184925317764282227e-01
1.959120988845825195e+00
-1.294569253921508789e+00
-2.262778133153915405e-01
-2.154351234436035156e+00
-6.625456809997558594e-01
2.913296222686767578e+00
6.262951850891113281e+00
-3.532437801361083984e+00
6.432156562805175781e-01
-1.972462892532348633e+00
2.186892032623291016e+00
4.406252861022949219e+00
-6.200761318206787109e+00
8.658553957939147949e-01
-2.494760274887084961e+00
-6.157464981079101562e+00
3.298687934875488281e+00
-4.011746406555175781e+00
-2.731542348861694336e+00
3.926234483718872070e+00
6.087875366210937500e+00
4.711151599884033203e+00
2.200345277786254883e+00
-4.304221153259277344e+00
4.286550521850585938e+00
-4.520681798458099365e-01
-2.266312599182128906e+00
-9.182827949523925781e+00
8.474295735359191895e-01
-1.126543045043945312e+00
2.298014879226684570e+00
-1.585914015769958496e+00
-4.876102924346923828e+00
-8.317250013351440430e-01
