1.477454185485839844e+00
-1.132517933845520020e+00
1.282791614532470703e+00
1.094303131103515625e+00
3.883381605148315430e+00
9.363713264465332031e-01
1.670597672462463379e+00
3.190106868743896484e+00
2.220345258712768555e+00
1.889648795127868652e+00
-2.696651518344879150e-01
2.088757753372192383e+00
7.074906229972839355e-01
2.662506580352783203e+00
1.489315152168273926e+00
8.599624037742614746e-01
-6.813023686408996582e-01
1.322686374187469482e-01
5.565693378448486328e-01
4.682557582855224609e-01
8.173532038927078247e-02
5.628582239151000977e-01
7.915373146533966064e-02
1.370682269334793091e-01
-6.953418999910354614e-02
3.046655654907226562e-01
1.061163991689682007e-01
-2.481775730848312378e-01
1.207175925374031067e-01
-6.535614281892776489e-02
9.694290906190872192e-02
3.516773581504821777e-01
8.224149346351623535e-01
1.814961284399032593e-01
1.730956137180328369e-01
1.212619692087173462e-01
-1.567132174968719482e-01
-2.425103038549423218e-01
-4.614923894405364990e-01
-3.788885474205017090e-02
2.262046933174133301e-01
1.838544458150863647e-01
-2.096553295850753784e-01
-1.170967072248458862e-01
-1.198105663061141968e-01
-1.911906898021697998e-01
-1.772992014884948730e-01
-4.312119781970977783e-01
-9.509955346584320068e-02
9.100553512573242188e+00
1.123488330841064453e+01
1.039402866363525391e+01
1.313125896453857422e+01
1.366445350646972656e+01
1.471135330200195312e+01
1.537110233306884766e+01
1.396166801452636719e+01
1.652669906616210938e+01
1.855960464477539062e+01
1.781008529663085938e+01
1.971294212341308594e+01
1.911325836181640625e+01
1.988925933837890625e+01
2.255983352661132812e+01
2.825057411193847656e+01
4.320450127124786377e-01
7.927047014236450195e-01
1.555527448654174805e-01
-6.548201292753219604e-02
1.582555770874023438e-01
-8.040930330753326416e-02
-4.745388031005859375e-01
-1.191393375396728516e+00
1.988419592380523682e-01
-2.330739200115203857e-01
4.815405309200286865e-01
-9.100160747766494751e-02
-6.531333923339843750e-01
-2.365547418594360352e-01
1.059892773628234863e+00
2.024733304977416992e+00
1.053306937217712402e+00
-7.776773571968078613e-01
2.792734801769256592e-01
-4.377900362014770508e-01
6.647817492485046387e-01
6.220952272415161133e-01
-1.922153830528259277e+00
-2.595423460006713867e-01
-2.020264565944671631e-01
-1.248762849718332291e-02
-6.360285282135009766e-01
-1.212449550628662109e+00
5.159227848052978516e-01
2.441434144973754883e+00
1.327021956443786621e+00
5.534237027168273926e-01
8.845484256744384766e-02
1.458414435386657715e+00
3.159582316875457764e-01
-1.530164033174514771e-01
4.567626863718032837e-02
-2.056840341538190842e-03
4.801179766654968262e-01
-5.802438259124755859e-01
1.481358170509338379e+00
-3.088448047637939453e-01
-1.436824917793273926e+00
-1.991841010749340057e-02
1.534332513809204102e+00
4.517524838447570801e-01
-1.661610960960388184e+00
-5.262485146522521973e-01
4.548762142658233643e-01
-6.221896409988403320e-01
-3.068946897983551025e-01
3.922678530216217041e-01
-5.337249040603637695e-01
-2.910022139549255371e-01
1.621918976306915283e-01
8.377457261085510254e-01
-6.701151728630065918e-01
1.185714483261108398e+00
2.401151657104492188e+00
9.512913823127746582e-01
-4.604726731777191162e-01
-3.420500457286834717e-01
8.767741918563842773e-02
9.675598144531250000e-02
-2.543879449367523193e-01
4.230327308177947998e-01
-1.135450899600982666e-01
1.285536587238311768e-01
3.806707561016082764e-01
2.111728668212890625e+00
-1.146454215049743652e+00
-1.722054779529571533e-01
9.305225014686584473e-01
6.810994148254394531e-01
7.879447937011718750e-01
1.539360731840133667e-01
-1.510192275047302246e+00
-1.263185858726501465e+00
4.512937366962432861e-01
-4.103620052337646484e-01
4.565003514289855957e-01
4.169902205467224121e-02
-1.148064613342285156e+00
-8.663671612739562988e-01
-9.530887603759765625e-01
6.737805157899856567e-02
-1.067588090896606445e+00
5.282043218612670898e-01
-1.680124998092651367e-01
1.205002665519714355e+00
-6.406009793281555176e-01
1.412672162055969238e+00
3.225769102573394775e-01
6.342152357101440430e-01
1.323433399200439453e+00
-8.320636153221130371e-01
1.260064482688903809e+00
-1.909040689468383789e+00
-9.264031052589416504e-01
-3.651667535305023193e-01
1.101128011941909790e-01
2.446195334196090698e-01
2.660646438598632812e-01
6.930853426456451416e-02
-1.434576511383056641e+00
9.262458980083465576e-02
-1.514195799827575684e-01
5.200440883636474609e-01
1.561570912599563599e-02
-4.347856938838958740e-01
-1.257288217544555664e+00
-1.274465173482894897e-01
4.244467318058013916e-01
1.982688158750534058e-01
1.411684036254882812e+00
6.525449752807617188e-01
-5.977780818939208984e-01
5.360851883888244629e-01
-4.085015654563903809e-01
-2.690504789352416992e+00
-1.598604798316955566e+00
7.202092558145523071e-02
7.355762124061584473e-01
2.068315267562866211e+00
-1.347722053527832031e+00
3.321586549282073975e-01
5.153915882110595703e-01
-9.721598029136657715e-01
-1.022594451904296875e+00
-1.503113389015197754e+00
1.429837346076965332e+00
1.737100481986999512e+00
-2.031600475311279297e-01
1.732977271080017090e+00
1.553856611251831055e+00
2.126404762268066406e+00
1.556660830974578857e-01
6.555207967758178711e-01
-5.100467801094055176e-02
-4.210551977157592773e-01
-3.823464512825012207e-01
-5.542742013931274414e-01
5.045956969261169434e-01
-1.438728254288434982e-02
-2.067807316780090332e-01
8.827210962772369385e-02
-3.298260271549224854e-01
3.359130024909973145e-01
-2.875991463661193848e-01
6.272541731595993042e-02
-4.330902993679046631e-01
3.304966688156127930e-01
-8.183871209621429443e-02
4.352777600288391113e-01
-5.642820149660110474e-02
2.262701839208602905e-01
-6.202508807182312012e-01
2.910248041152954102e-01
3.864786624908447266e-01
-1.122778356075286865e-01
1.078450754284858704e-01
-2.957607246935367584e-02
-7.879689931869506836e-01
8.238500356674194336e-02
-5.676839947700500488e-01
4.835656583309173584e-01
-9.939839690923690796e-02
-3.252140283584594727e-01
2.768910527229309082e-01
-6.974827051162719727e-01
-2.244239598512649536e-01
8.787039667367935181e-02
-1.970039755105972290e-01
6.387475132942199707e-01
-1.971121132373809814e-01
2.683932781219482422e-01
-2.672022581100463867e-01
-2.528929412364959717e-01
-2.867748439311981201e-01
-9.467118382453918457e-01
4.241219535470008850e-02
4.809737503528594971e-01
4.475038647651672363e-01
2.587773837149143219e-02
6.829670071601867676e-02
4.775462448596954346e-01
-3.898607790470123291e-01
-1.624396592378616333e-01
1.486770957708358765e-01
2.161229550838470459e-01
8.694976568222045898e-03
6.692659854888916016e-01
-5.125622153282165527e-01
-4.856268167495727539e-01
-9.199608564376831055e-01
-1.144102886319160461e-01
-7.303421944379806519e-02
-1.660738885402679443e-01
-5.023914948105812073e-02
6.360145211219787598e-01
4.176918268203735352e-01
-4.369419813156127930e-01
-2.739052772521972656e-01
-6.978021264076232910e-01
-1.017181873321533203e+00
-7.710170745849609375e-01
3.512794673442840576e-01
2.078940719366073608e-01
1.205567177385091782e-02
-3.737133443355560303e-01
-2.760580182075500488e-02
1.328485738486051559e-02
-9.657599329948425293e-01
1.524267047643661499e-01
3.959172368049621582e-01
-4.543596804141998291e-01
-1.674738079309463501e-01
1.277161240577697754e-01
4.553112387657165527e-01
2.561476230621337891e-01
-4.386259708553552628e-03
3.165573626756668091e-02
3.405767679214477539e-01
8.007147908210754395e-01
4.329230189323425293e-01
4.408804327249526978e-02
-4.319561421871185303e-01
-5.074000358581542969e-01
-4.367149621248245239e-02
-2.692230641841888428e-01
2.413538992404937744e-01
2.897540926933288574e-01
-1.395750492811203003e-01
6.366467475891113281e-02
7.142658829689025879e-01
-5.082323681563138962e-03
-2.273480296134948730e-01
-1.010171696543693542e-01
5.901447683572769165e-02
2.614944279193878174e-01
1.259645819664001465e-01
2.872364521026611328e-01
-5.996223092079162598e-01
4.038988947868347168e-01
1.242729544639587402e+00
-4.988964498043060303e-01
3.463502600789070129e-02
2.949880957603454590e-01
-4.574094116687774658e-01
4.314922392368316650e-01
-4.718532264232635498e-01
9.055250138044357300e-02
3.254293501377105713e-01
-1.871013343334197998e-01
3.477152884006500244e-01
5.281420946121215820e-01
1.515739858150482178e-01
3.331817686557769775e-01
-5.149310827255249023e-01
-3.176003396511077881e-01
9.334871172904968262e-01
-8.692200295627117157e-03
2.701759636402130127e-01
-3.593947738409042358e-02
6.328946352005004883e-01
-7.627355456352233887e-01
1.167349219322204590e+00
-6.509326696395874023e-01
-9.091849327087402344e-01
-3.810753226280212402e-01
4.985945820808410645e-01
1.802430115640163422e-02
-5.270226001739501953e-01
-3.945585787296295166e-01
1.900541782379150391e-02
2.740504443645477295e-01
1.069703474640846252e-01
-9.715627878904342651e-03
1.633975058794021606e-01
3.788684010505676270e-01
2.203242331743240356e-01
2.671371400356292725e-01
-1.042772755026817322e-01
4.116468876600265503e-02
6.079398840665817261e-02
-2.258508652448654175e-01
9.615464508533477783e-02
1.263192892074584961e-01
-2.520564794540405273e-01
1.392094641923904419e-01
-4.050419200211763382e-03
2.614945471286773682e-01
8.183638006448745728e-02
-1.908918619155883789e-01
6.610394716262817383e-01
6.654903292655944824e-01
-2.976570650935173035e-02
-3.285110890865325928e-01
1.044086456298828125e+00
2.289241403341293335e-01
-2.110387235879898071e-01
-2.707037329673767090e-01
5.081757307052612305e-01
1.409740000963211060e-01
-3.228728175163269043e-01
3.866876661777496338e-01
3.507938683032989502e-01
-1.116787120699882507e-01
-3.143600821495056152e-01
-1.045519337058067322e-01
4.804274141788482666e-01
1.994479298591613770e-01
4.517173767089843750e-01
3.465655446052551270e-01
1.975928805768489838e-02
1.649620383977890015e-01
-4.868135154247283936e-01
-3.768789768218994141e-01
3.059772551059722900e-01
3.398900106549263000e-02
-1.243274137377738953e-01
-2.936532162129878998e-02
-7.172751426696777344e-02
1.075301989912986755e-01
4.010338783264160156e-01
-1.657079309225082397e-01
6.666198605671525002e-04
-2.436470836400985718e-01
5.363320112228393555e-01
-4.309962391853332520e-01
-2.174842357635498047e-01
6.644371151924133301e-02
6.612853612750768661e-03
2.499059028923511505e-02
3.738762438297271729e-01
-5.664575099945068359e-01
-2.325641736388206482e-02
4.442800581455230713e-01
1.351939290761947632e-01
4.130126833915710449e-01
1.058497786521911621e+00
4.891862571239471436e-01
7.260626554489135742e-01
-2.958269715309143066e-01
-4.327665865421295166e-01
-1.230088695883750916e-01
-8.125113844871520996e-01
-1.312062442302703857e-01
6.793966293334960938e-01
5.127433538436889648e-01
-7.164877839386463165e-03
5.249530076980590820e-01
-1.288863122463226318e-01
2.105651944875717163e-01
2.750792801380157471e-01
1.369346678256988525e-01
5.558270812034606934e-01
-7.562552392482757568e-02
4.268428087234497070e-01
-3.802068233489990234e-01
-2.224590629339218140e-01
-3.465479612350463867e-01
4.058756530284881592e-01
-1.875811219215393066e-01
-3.534644842147827148e-02
6.332438588142395020e-01
-4.417063593864440918e-01
5.049051046371459961e-01
-2.850213050842285156e-01
-8.033385500311851501e-03
-4.715239703655242920e-01
5.012414455413818359e-01
3.416045904159545898e-01
-2.615729570388793945e-01
-3.690296709537506104e-01
1.654189378023147583e-01
5.826752781867980957e-01
-4.922645092010498047e-01
9.366754889488220215e-01
1.887034922838211060e-01
-1.397837877273559570e+00
1.188642084598541260e-01
4.141713976860046387e-01
4.358878731727600098e-02
1.467249989509582520e-01
4.028474986553192139e-01
6.989648938179016113e-02
-2.523547410964965820e-01
-2.899779379367828369e-01
-1.650076955556869507e-01
2.137474566698074341e-01
6.578292846679687500e-01
-1.649083048105239868e-01
-3.181787580251693726e-02
4.212678074836730957e-01
-8.652627468109130859e-01
2.912705019116401672e-02
3.951758444309234619e-01
2.628717012703418732e-02
4.338331893086433411e-02
-1.074282601475715637e-01
9.624806046485900879e-01
-3.400698304176330566e-01
7.957386225461959839e-02
2.709667384624481201e-01
1.513200402259826660e-01
-1.018541932106018066e+00
-7.671386003494262695e-01
6.791833043098449707e-01
4.837881326675415039e-01
3.096289336681365967e-01
9.600229263305664062e-01
6.606007218360900879e-01
8.796781897544860840e-01
1.912487447261810303e-01
2.181575596332550049e-01
7.251631021499633789e-01
1.661719195544719696e-02
9.277563691139221191e-01
1.415575295686721802e-01
8.895802311599254608e-03
2.459985613822937012e-01
9.415975809097290039e-01
9.769067168235778809e-01
7.397623658180236816e-01
1.662925481796264648e-01
4.349372386932373047e-01
4.179089367389678955e-01
9.118768572807312012e-01
7.201383709907531738e-01
3.105657994747161865e-01
2.746845483779907227e-01
2.127404659986495972e-01
4.387316107749938965e-01
4.696750640869140625e-01
5.212237313389778137e-02
1.543931961059570312e-01
8.863573074340820312e-01
7.379385828971862793e-01
3.892515897750854492e-01
1.923878490924835205e-01
8.620200157165527344e-01
9.024897813796997070e-01
6.054627299308776855e-01
8.587811589241027832e-01
8.987639546394348145e-01
7.951334714889526367e-01
9.294691085815429688e-01
2.838052436709403992e-02
1.688946634531021118e-01
8.286609500646591187e-02
6.585732698440551758e-01
8.280585408210754395e-01
3.029506206512451172e-01
5.336642265319824219e-01
6.534505486488342285e-01
6.045437455177307129e-01
8.304171562194824219e-01
4.313593804836273193e-01
3.723450303077697754e-01
7.957648634910583496e-01
3.755983114242553711e-01
8.091610074043273926e-01
2.478579133749008179e-01
7.707186341285705566e-01
2.486811727285385132e-01
3.881414830684661865e-01
9.303564429283142090e-01
2.768877446651458740e-01
7.984050363302230835e-02
1.155044361948966980e-01
4.690861105918884277e-01
4.548898339271545410e-01
8.299479484558105469e-01
5.832120180130004883e-01
9.885768294334411621e-01
8.402179479598999023e-01
3.102885484695434570e-01
8.026379942893981934e-01
9.650182723999023438e-01
4.736528396606445312e-01
3.296813368797302246e-01
5.701951384544372559e-01
1.955233067274093628e-01
6.831079125404357910e-01
9.080092310905456543e-01
5.730053409934043884e-02
9.351735115051269531e-01
3.354795277118682861e-01
6.581665277481079102e-01
7.119238376617431641e-01
3.369627594947814941e-01
4.106221497058868408e-01
6.563086509704589844e-01
6.730235219001770020e-01
4.448455199599266052e-02
4.696209430694580078e-01
5.858751758933067322e-02
2.024950683116912842e-01
4.546377956867218018e-01
1.841371506452560425e-01
1.996741890907287598e-01
3.295452147722244263e-02
1.886118389666080475e-02
5.488118529319763184e-01
5.473468899726867676e-01
7.500020861625671387e-01
2.979680895805358887e-01
7.203629016876220703e-01
5.398064255714416504e-01
7.616608142852783203e-01
1.939506232738494873e-01
7.478605508804321289e-01
8.793331384658813477e-01
5.889041423797607422e-01
1.077473536133766174e-01
1.105720102787017822e-01
4.783656895160675049e-01
3.359993174672126770e-02
8.315238356590270996e-01
2.470391690731048584e-01
8.551213145256042480e-02
7.578698992729187012e-01
7.266753315925598145e-01
7.341514825820922852e-01
7.402753829956054688e-01
8.246517181396484375e-01
9.201130867004394531e-01
5.854913592338562012e-01
1.666954308748245239e-01
5.669757723808288574e-01
4.899205267429351807e-01
3.842476308345794678e-01
2.552298903465270996e-01
7.704246640205383301e-01
6.757950186729431152e-01
6.265792846679687500e-01
4.420725107192993164e-01
4.035859704017639160e-01
8.635138273239135742e-01
8.671790361404418945e-01
9.672731757164001465e-01
3.938159346580505371e-01
8.824036717414855957e-01
9.933027625083923340e-01
6.442108750343322754e-01
-1.101808786392211914e+00
3.817518353462219238e-01
