8.164998054504394531e+00
6.802095890045166016e+00
1.537365913391113281e+01
8.711608886718750000e+00
1.571487903594970703e+01
1.548296642303466797e+01
-7.424615859985351562e+00
6.875329017639160156e+00
-6.630083560943603516e+00
-3.582743108272552490e-01
-6.306579589843750000e+00
-5.243898630142211914e-01
4.305978298187255859e+00
9.505894660949707031e+00
-1.565117597579956055e+00
-5.333490848541259766e+00
3.658245325088500977e+00
3.548634290695190430e+00
-1.002867460250854492e+00
-2.079021632671356201e-01
1.110692739486694336e+00
-1.320179080963134766e+01
-4.110780239105224609e+00
-2.209835052490234375e+00
5.791815280914306641e+00
3.267159461975097656e-01
2.813961982727050781e+00
3.620621919631958008e+00
4.414795398712158203e+00
3.940055131912231445e+00
-2.513166189193725586e+00
-3.180568456649780273e+00
8.922864794731140137e-01
-3.390664100646972656e+00
1.760800004005432129e+00
3.350018739700317383e+00
4.473124027252197266e+00
-1.886533617973327637e+00
-2.128548622131347656e+00
3.335090398788452148e+00
4.294937551021575928e-01
3.375179469585418701e-01
-3.672113895416259766e+00
4.170298099517822266e+00
1.244798779487609863e+00
-1.308953166007995605e+00
-4.215382933616638184e-01
-5.043762326240539551e-01
3.952980518341064453e+00
3.797943830490112305e+00
3.387089252471923828e+00
-2.422530889511108398e+00
-2.207529783248901367e+00
2.909706234931945801e-01
-2.782597064971923828e+00
1.305523991584777832e+00
2.240460395812988281e+00
3.877507448196411133e+00
-1.552319765090942383e+00
-7.376869320869445801e-01
4.094412326812744141e+00
-2.231616497039794922e+00
-6.356840729713439941e-01
-3.030883073806762695e+00
3.096947908401489258e+00
7.752542495727539062e-01
-1.402745246887207031e+00
8.354791998863220215e-01
-2.139813423156738281e+00
4.341357350349426270e-01
