1.281112384796142578e+01
1.548913002014160156e+01
1.544438457489013672e+01
5.408186912536621094e+00
1.607953453063964844e+01
1.782986259460449219e+01
7.702716350555419922e+00
1.250380611419677734e+01
-1.167107582092285156e+01
2.345719933509826660e-01
-1.064420890808105469e+01
1.076556968688964844e+01
1.087018847465515137e+00
1.666676163673400879e+00
-8.818649053573608398e-01
-1.694896459579467773e+00
1.333787083625793457e+00
1.325161695480346680e+00
-2.041780471801757812e+00
-1.113313317298889160e+00
-1.050606489181518555e+00
-2.908941745758056641e+00
-2.980824470520019531e+00
5.083234786987304688e+00
-1.048940062522888184e+00
5.135968685150146484e+00
5.050023078918457031e+00
6.428022384643554688e+00
4.882009029388427734e+00
5.930608272552490234e+00
6.455126762390136719e+00
-1.265423297882080078e-01
-2.202972650527954102e+00
-9.417294502258300781e+00
5.568187236785888672e+00
-2.419579982757568359e+00
-1.848883986473083496e+00
-5.286460399627685547e+00
-2.675703048706054688e+00
7.338787555694580078e+00
-1.224373626708984375e+01
-7.456655502319335938e+00
-3.701277017593383789e+00
9.536699295043945312e+00
-4.950685501098632812e+00
-8.471574783325195312e-01
5.666006088256835938e+00
-4.077761173248291016e+00
-2.649608373641967773e+00
4.212934970855712891e+00
4.635126113891601562e+00
-3.480951309204101562e+00
-2.868915796279907227e+00
9.477048516273498535e-01
1.634039402008056641e+00
1.992345213890075684e+00
2.303300350904464722e-01
-1.202580690383911133e+00
-1.084178090095520020e-01
-4.472205162048339844e+00
-2.432000637054443359e+00
-2.832748651504516602e+00
5.788721084594726562e+00
-4.098853111267089844e+00
2.160134315490722656e+00
-2.396261692047119141e+00
2.375971555709838867e+00
1.309314846992492676e+00
-6.282598525285720825e-02
1.221645236015319824e+00
-1.204819917678833008e+00
-8.161361813545227051e-01
8.264081954956054688e+00
5.168342590332031250e+00
-2.134745121002197266e+00
4.460276603698730469e+00
3.762512922286987305e+00
4.868541657924652100e-01
-3.941416740417480469e+00
2.380689620971679688e+00
-3.404523134231567383e+00
3.921975567936897278e-02
6.440710067749023438e+00
-4.890213012695312500e-01
-1.594907045364379883e+00
1.900275945663452148e+00
4.111610412597656250e+00
-3.028397560119628906e+00
3.304781317710876465e-01
5.377287864685058594e-01
8.968850970268249512e-01
2.684653699398040771e-01
2.512478828430175781e-01
4.413050115108489990e-01
-1.004356741905212402e+00
-1.358867526054382324e+00
-6.459955126047134399e-02
-4.411844253540039062e+00
1.544566273689270020e+00
-3.195165097713470459e-01
2.669949531555175781e+00
6.636206507682800293e-01
-3.942735791206359863e-01
-2.496622800827026367e+00
9.101431369781494141e-01
2.221610307693481445e+00
-3.095096588134765625e+00
1.887887358665466309e+00
4.274027824401855469e+00
2.621052503585815430e+00
-8.564817905426025391e-01
1.001522541046142578e+00
2.697055816650390625e+00
7.229920625686645508e-01
-3.195706129074096680e+00
2.360204935073852539e+00
1.385277628898620605e+00
