2.171156883239746094e+00
4.648489952087402344e+00
1.926924109458923340e+00
3.708004713058471680e+00
1.570644378662109375e+00
1.868765592575073242e+00
2.391505956649780273e+00
2.685343980789184570e+00
-1.231950759887695312e+00
-2.438902258872985840e-01
1.489235281944274902e+00
-9.474088996648788452e-02
3.926783502101898193e-01
-1.053799986839294434e-01
-7.126494646072387695e-01
8.614614605903625488e-02
-2.051799774169921875e+00
1.174500212073326111e-02
-1.561270207166671753e-01
-1.226527243852615356e-01
-2.735151946544647217e-01
-5.666379928588867188e-01
-1.117082089185714722e-01
2.042462229728698730e-01
8.246030211448669434e-01
1.327966976165771484e+01
1.333542633056640625e+01
1.539431762695312500e+01
1.507958793640136719e+01
1.723446083068847656e+01
1.921427154541015625e+01
1.897359275817871094e+01
2.081391143798828125e+01
5.023298859596252441e-01
-1.911158084869384766e+00
1.948815882205963135e-01
-9.982726722955703735e-02
4.030660688877105713e-01
-1.932802498340606689e-01
-4.210834801197052002e-01
2.648272991180419922e+00
1.935595989227294922e+00
-1.837483644485473633e-01
3.864229619503021240e-01
-6.070629358291625977e-01
-3.610813915729522705e-01
6.702691316604614258e-01
-3.923233747482299805e+00
4.092879593372344971e-02
-8.693888783454895020e-01
-1.471382528543472290e-01
-6.074062585830688477e-01
4.880910217761993408e-01
8.525618910789489746e-01
5.464500784873962402e-01
-1.372453212738037109e+00
-3.230320513248443604e-01
6.177107095718383789e-01
-1.539823889732360840e+00
1.322897195816040039e+00
2.525434494018554688e-01
-4.679645895957946777e-01
1.138556241989135742e+00
1.611781120300292969e+00
-8.623823523521423340e-01
8.875387310981750488e-01
3.673972189426422119e-01
-7.677509784698486328e-01
4.620841503143310547e+00
3.040629625320434570e-01
4.161895513534545898e-01
9.964426606893539429e-02
-2.778710126876831055e-01
5.128569602966308594e-01
4.115954339504241943e-01
-1.170153617858886719e-01
-9.159578680992126465e-01
-1.006743550300598145e+00
-1.011914536356925964e-01
5.587632656097412109e-01
-2.658187448978424072e-01
-6.694496870040893555e-01
1.906437613070011139e-02
3.353468656539916992e+00
4.234148561954498291e-01
1.612164527177810669e-01
2.056961655616760254e-01
1.212622970342636108e-01
1.761075854301452637e-01
4.672046303749084473e-01
4.762586355209350586e-01
2.714678347110748291e-01
-3.879509866237640381e-01
1.548366397619247437e-01
1.920989900827407837e-01
3.142806887626647949e-02
3.272797763347625732e-01
1.550504267215728760e-01
6.660167872905731201e-02
2.336633652448654175e-01
1.730942279100418091e-01
7.416393160820007324e-01
2.164557725191116333e-01
5.391398668289184570e-01
-2.505886256694793701e-01
-7.287948578596115112e-02
3.613438308238983154e-01
-1.421262789517641068e-02
-3.566902577877044678e-01
3.576605319976806641e-01
3.554565906524658203e-01
-4.724119305610656738e-01
3.797253370285034180e-01
5.853858590126037598e-01
-6.554839015007019043e-02
5.294892191886901855e-01
-3.846343159675598145e-01
3.253894299268722534e-02
3.540939092636108398e-01
-2.193535327911376953e+00
5.437006428837776184e-02
5.564239993691444397e-02
7.589838653802871704e-02
8.883822709321975708e-02
-2.237934619188308716e-01
-9.923061132431030273e-01
3.856303989887237549e-01
3.117604739964008331e-02
-1.287523657083511353e-01
2.851489186286926270e-01
-6.696813702583312988e-01
-3.819717764854431152e-01
-5.362791940569877625e-02
3.492187708616256714e-02
-2.290489226579666138e-01
-4.507078826427459717e-01
1.111689582467079163e-02
-3.957969844341278076e-01
3.135215044021606445e-01
-5.799305438995361328e-01
1.936208158731460571e-01
1.789207221008837223e-03
7.059095893055200577e-03
1.049296581186354160e-03
1.600876799784600735e-03
-4.350740637164562941e-04
3.063787240535020828e-03
-8.269909769296646118e-03
-7.864292711019515991e-03
-9.044654667377471924e-03
2.194670960307121277e-03
-8.767160587012767792e-03
4.760323558002710342e-03
5.412190221250057220e-03
-3.322285367175936699e-03
1.425443217158317566e-03
7.084158714860677719e-03
1.932238577865064144e-03
5.897783208638429642e-03
-9.215520694851875305e-03
-9.929787367582321167e-03
8.924918249249458313e-03
-5.776902660727500916e-03
8.636744692921638489e-03
-7.278607226908206940e-03
-7.305573672056198120e-03
6.779249291867017746e-03
4.830126650631427765e-03
-7.067655678838491440e-03
-7.156275212764739990e-03
3.821693360805511475e-03
-8.168702945113182068e-03
9.160362184047698975e-03
9.440123103559017181e-03
1.600996241904795170e-03
7.898714393377304077e-03
2.672239206731319427e-03
4.064867794513702393e-01
9.113952517509460449e-01
-1.937018036842346191e+00
7.788956165313720703e-01
