5.061214723593574494e-01
5.697157177303928677e-01
1.300628399981136774e+00
1.797478892246044513e+00
9.569401557347639864e-01
1.482736560479277710e+00
7.176513962350430376e-01
2.377557110320823064e+00
6.493049373220565634e+00
5.523356074841780927e-01
-1.004550722188847667e+00
1.242928323852272809e+00
1.530984904400306768e+00
8.684350773541973378e-01
-5.229137099058027260e+00
-6.484724135234463116e-01
7.612610311705506061e-02
4.114719436089133708e+00
-1.072400235193871065e+00
-3.233436008807331508e+00
8.607821086828616464e-01
7.129996680339261594e+00
-2.388719391772017531e+00
-1.866756915410313633e+00
5.346247009554156576e-02
9.955749897429164719e-01
-2.906216917846151659e+00
-1.674438393344678699e+00
5.069890969065686537e-02
1.747203615873272331e-01
1.153156908376913314e+00
2.443394060956678160e-01
-3.210864840448299784e-01
7.172178644523800051e-01
-1.162940559492363413e+00
1.098947442130335239e-01
3.975680152007094459e-01
-1.280767560635146241e-01
-9.296463158300826146e-01
2.670571331668393222e-01
-4.911890603307161526e-03
2.561369378592199056e-02
-3.394249996635309574e-01
5.001038966620482279e-02
7.403427882429231000e-02
1.937066283283601642e-01
-5.051141286520635654e-02
7.917023476173760954e-02
2.083745481398663058e-01
-4.665413093716227338e-02
-1.531607749085757142e-01
4.491225568027974041e-02
-2.175328222475600704e-01
-7.915121029289824417e-01
-9.590637262297253829e-02
6.771411825345008406e-02
-2.169635131831944841e-01
5.884778444033915701e-01
-6.266886455432048308e-02
-1.476890601581293538e-01
1.070834461091386691e-01
5.474069674845526423e-01
4.272862626474840247e-02
-6.968247194195341443e+00
1.307196672209123556e-01
2.494729821290267435e-01
-6.932916353670499632e-01
2.511294575337080559e+00
1.453647335089513493e-01
2.604562665293648771e-01
1.103225063283382434e+00
7.337357578139122039e-01
-1.344334265259183037e-01
-3.942129521160414596e-02
6.457330033634087196e-02
-2.726876788261320753e-02
3.198978147599866595e-02
-3.392387058264273447e-02
-7.857622497884894641e-02
2.798587647914958440e-02
1.929236793573166076e-01
-8.501574401252784408e-02
-2.297196421894068339e-03
1.154927187323149945e-01
-3.411120876628974674e-01
1.688975208505129610e-01
1.492145701302407812e-01
-3.650252911679396223e-02
-1.485666218517589232e-01
-1.622361117793078011e-02
-4.973988176498385094e-01
3.998753532660657695e-01
-2.367624382958399554e-01
-2.429188493441887878e-02
6.658062260981710834e-01
-4.602731797353712961e-01
-8.449761621706985970e-02
-8.716835122915458367e-01
-2.226643226120490413e-02
-3.411316290513490695e-02
-7.266147390380021109e-01
-9.516098839120976649e-01
2.958583441338649145e-01
-2.873887206515208792e-01
-9.528187763812054345e-02
1.520925348564284955e-02
3.190104275438889192e-01
-7.078384815727392643e-02
-3.362256358662583933e-02
3.306343475395540077e-01
1.085742365743468107e-01
8.897700255004740988e-02
-3.498514447746250977e-01
-1.299081001909867424e-02
1.493910438514025052e-01
-1.044344127014426915e+00
1.390748933253165842e-01
-2.070866314802630170e-02
4.100882101529335771e-02
-3.438117414201159738e-02
1.739579321698470626e-01
4.028379882861966854e-02
-1.435028337948806576e-01
2.037143064564494455e-01
1.616107627472058716e-01
6.109330694490188174e-01
3.004866138503983763e-01
1.212981774115274303e-01
1.106487888626896815e-01
-1.203883070528569549e-01
2.672446117757674988e-02
1.860877347155604156e+00
3.590629485575241309e-01
1.065288172780744780e-01
2.776079481567744200e-01
-4.052304017389077306e-01
-3.190911150667419260e-02
2.805164651258385877e+00
4.840060518007081591e-01
-3.829358416831266654e-01
-1.617048022302504384e-01
3.272852752920649699e-01
3.618304619735632915e-02
1.079259993675077300e+00
3.586192049381683455e-01
6.597342053851071864e-01
1.062542556531964749e-01
7.345074094016598165e-01
1.439139046088165674e+00
2.917178074095135298e-01
-3.908710051021834775e-01
2.792043913683470713e-01
5.493869345555034700e-01
2.133157567219956252e-01
3.843006090516578599e-01
5.065303754207917120e-01
7.273345620629998454e-01
2.080124812016864999e-01
9.944367753065659343e-01
3.780639778647809646e-01
9.365521149374866905e-01
-5.308679773995222950e-01
1.311704432783177832e-01
-3.346814938866945477e-01
9.777635270809569290e-01
3.878727418983878295e-01
-2.453149793439652129e-02
2.189479928772744000e+00
5.786844537331276711e-02
-6.551415818425623816e-02
5.485816349177957511e-03
4.960019931412466554e-01
-2.633785987852172994e-01
1.785982125357374328e-01
5.763736411072282184e-01
7.489537122978142669e-01
1.514533335806023673e-01
-4.314314126745989464e-01
3.085486035492757129e-01
-5.574381387594954385e-01
-7.195525435342106646e-02
9.475163141069722350e-01
1.280930598851141244e+00
-3.228265156616675347e-01
-8.944658443873326759e-01
6.276586456343666853e-01
4.027451102292687324e-01
3.418059298404359514e-01
5.499280953545986783e+00
4.128980634721546306e-01
3.124058793111061938e-01
4.029488340464553175e-01
4.976362048320133180e-01
8.064117851006831206e-01
1.122774066249297015e-01
-2.966815391848491301e-01
-2.650886547341107513e-01
2.642353454757031539e-01
1.008869498479710303e-01
5.596596039989438776e-01
-9.518590418171758716e-02
-1.477720805940593851e-01
1.287041226148796791e-01
8.526931659729306556e-01
1.965991416693398386e-01
4.967552724180799850e-01
6.384340428666088751e-01
-1.669774656356981246e-01
1.020366544370445022e-01
1.343309615604825757e-01
2.025054926107319828e-03
-3.074495154684392384e-01
