1.712905764579772949e+00
-4.430450499057769775e-01
-1.500561475753784180e+00
4.763765335083007812e+00
1.060350537300109863e+00
2.988833189010620117e+00
1.626403331756591797e+00
2.399973392486572266e+00
2.259597539901733398e+00
2.682994127273559570e+00
2.124063968658447266e+00
6.581719208043068647e-05
-1.477026104927062988e+00
4.729412198066711426e-01
1.209475636482238770e+00
6.838456988334655762e-01
6.609767675399780273e-01
-7.476054430007934570e-01
-1.452425569295883179e-01
1.216017723083496094e+00
-3.231285884976387024e-02
4.539363458752632141e-02
5.042910575866699219e-01
2.163055837154388428e-01
-7.415630817413330078e-01
-3.315238282084465027e-02
-1.105400800704956055e+00
-4.332517087459564209e-01
7.101666647940874100e-03
-2.093078047037124634e-01
-1.846714466810226440e-01
-3.898764401674270630e-02
3.119865655899047852e-01
-2.710393369197845459e-01
1.665579825639724731e-01
-5.179470404982566833e-02
-1.425379961729049683e-01
-1.267755389213562012e+00
-6.629879772663116455e-02
-1.117482900619506836e+00
9.931089401245117188e+00
1.013679218292236328e+01
1.326749038696289062e+01
1.327378273010253906e+01
1.521439456939697266e+01
1.462477874755859375e+01
1.581152534484863281e+01
1.755706024169921875e+01
1.903105545043945312e+01
1.958920288085937500e+01
2.341442489624023438e+01
2.450894546508789062e+01
2.001097488403320312e+01
1.199673175811767578e+00
-1.479820162057876587e-01
-4.843135830014944077e-04
-5.885720252990722656e-01
1.061984300613403320e-01
1.456244662404060364e-02
4.419634342193603516e-01
3.778834044933319092e-01
-2.137502908706665039e+00
3.575380146503448486e-01
-3.602112457156181335e-02
-1.789092183113098145e+00
-3.503809928894042969e+00
1.332944512367248535e+00
4.089428782463073730e-01
8.962643891572952271e-02
3.046777471899986267e-02
-8.878414630889892578e-01
9.102695584297180176e-01
-1.378988862037658691e+00
6.661804020404815674e-02
2.723568677902221680e+00
-1.022718071937561035e+00
9.079772830009460449e-01
1.265048623085021973e+00
-4.915230870246887207e-01
-1.781877130270004272e-01
3.640774011611938477e+00
-3.094190120697021484e+00
-2.734796047210693359e+00
-1.031055450439453125e+00
2.557658433914184570e+00
-2.892027199268341064e-01
-4.882960796356201172e+00
5.400318622589111328e+00
6.140984535217285156e+00
-5.063725113868713379e-01
-5.172584533691406250e+00
3.766562700271606445e+00
4.683164596557617188e+00
9.767365455627441406e-01
-5.254298686981201172e+00
3.839187324047088623e-01
7.118180274963378906e+00
-1.162602043151855469e+01
-1.084637641906738281e+01
3.403168544173240662e-02
-1.908181309700012207e+00
5.719948410987854004e-01
-4.290013909339904785e-01
9.176568984985351562e-01
7.778977751731872559e-01
-2.872606515884399414e+00
-3.367177486419677734e+00
-1.661703586578369141e+00
3.660614252090454102e+00
-6.452445387840270996e-01
-1.450739502906799316e+00
9.628784060478210449e-01
-2.614701986312866211e-01
3.369313478469848633e+00
3.865298032760620117e+00
3.434321880340576172e+00
-2.140233963727951050e-01
1.237794160842895508e-01
-1.902155399322509766e+00
5.982969999313354492e-01
8.043173551559448242e-01
5.280387401580810547e+00
1.668401509523391724e-01
1.290215373039245605e+00
7.617197036743164062e-01
-2.127517938613891602e+00
1.620645374059677124e-01
1.891326904296875000e+00
1.882654577493667603e-01
3.882744908332824707e-01
2.708636820316314697e-01
-2.925124883651733398e+00
-3.091179370880126953e+00
1.423091411590576172e+00
7.286951541900634766e-01
3.013608157634735107e-01
-6.047269701957702637e-01
4.826276898384094238e-01
-2.606960535049438477e+00
1.917926192283630371e+00
-4.434862613677978516e+00
-2.614816904067993164e+00
-2.942987918853759766e+00
2.607715129852294922e+00
-2.152091413736343384e-01
-8.447334915399551392e-02
-8.277756720781326294e-02
-1.791597753763198853e-01
-4.916869103908538818e-01
1.687476485967636108e-01
6.127863526344299316e-01
-2.493710517883300781e-01
1.755868345499038696e-01
-3.485392034053802490e-01
-7.044846415519714355e-01
-9.809052944183349609e-02
-1.828468441963195801e+00
2.420253753662109375e-01
-3.246516287326812744e-01
5.977289080619812012e-01
-2.334873676300048828e-01
-7.908947020769119263e-02
-4.827505052089691162e-01
7.044790685176849365e-02
4.034507274627685547e-01
8.592575192451477051e-01
2.629852294921875000e-01
8.618667125701904297e-01
6.722695827484130859e-01
-1.548457443714141846e-01
1.263381838798522949e+00
1.258906722068786621e+00
-1.572892427444458008e+00
-7.827147245407104492e-01
-2.152844965457916260e-01
-3.276559114456176758e-01
-1.845946013927459717e-01
3.802937030792236328e+00
1.192193269729614258e+00
5.615197181701660156e+00
-1.608491301536560059e+00
-1.982552886009216309e+00
2.372344255447387695e+00
1.329507946968078613e+00
5.708937644958496094e-01
2.013984769582748413e-01
1.195511579513549805e+00
-5.778350353240966797e+00
-3.171248197555541992e+00
-7.669560909271240234e+00
3.841647505760192871e-01
5.253869891166687012e-01
1.148024350404739380e-01
6.192997694015502930e-01
8.337818980216979980e-01
8.059700131416320801e-01
-3.221406340599060059e-01
-9.340978860855102539e-01
1.549011349678039551e+00
-8.923060297966003418e-01
3.453229665756225586e-01
-1.341566592454910278e-01
-5.198544263839721680e-01
-2.693919837474822998e-01
-4.224624633789062500e-01
1.249926328659057617e+00
-3.751306772232055664e+00
-7.404325008392333984e-01
-6.520175933837890625e-02
-9.429898113012313843e-02
-2.103200405836105347e-01
2.983251810073852539e-01
7.552503794431686401e-02
1.680211424827575684e+00
-7.890911102294921875e-01
3.025281429290771484e-01
3.157418966293334961e-01
3.479422330856323242e-01
4.079109132289886475e-01
2.558278441429138184e-01
5.626844763755798340e-01
-5.135210156440734863e-01
4.675302281975746155e-02
-6.313118934631347656e-01
-2.884304150938987732e-03
8.053750991821289062e-01
1.670742481946945190e-01
-6.909592151641845703e-01
4.879669845104217529e-01
2.008188009262084961e+00
-3.138158559799194336e+00
3.106590032577514648e+00
-1.067786812782287598e-01
1.998832225799560547e-01
5.990875244140625000e+00
-3.723804056644439697e-01
3.005740940570831299e-01
6.037042737007141113e-01
-8.441764116287231445e-01
-1.031531929969787598e+00
1.829428672790527344e+00
3.394218087196350098e-01
-7.680873274803161621e-01
1.045240521430969238e+00
-8.327463865280151367e-01
-3.544339895248413086e+00
-1.647515416145324707e+00
-7.286710739135742188e-01
-5.467039942741394043e-01
-2.746351659297943115e-01
-1.866474598646163940e-01
6.501929759979248047e-01
-1.685164868831634521e-02
3.747305646538734436e-02
-1.562628597021102905e-01
1.942542344331741333e-01
-1.238481283187866211e+00
6.599228382110595703e-01
-7.192900180816650391e-01
1.362202763557434082e+00
-1.177396252751350403e-01
6.760060787200927734e-01
9.244856834411621094e-01
-1.123876333236694336e+00
-5.391752123832702637e-01
1.966142952442169189e-01
4.394092857837677002e-01
4.099582787603139877e-03
3.377557039260864258e+00
1.405494928359985352e+00
4.980162143707275391e+00
-1.588712811470031738e+00
-2.295922756195068359e+00
2.470350027084350586e+00
1.066990375518798828e+00
-1.161855012178421021e-01
-2.249237746000289917e-01
2.028749585151672363e-01
-5.499169349670410156e+00
-1.878988742828369141e+00
-9.935093879699707031e+00
1.957767009735107422e-01
-1.377002298831939697e-01
1.172753646969795227e-01
2.388798892498016357e-01
-8.635309338569641113e-01
-2.140320688486099243e-01
5.318034887313842773e-01
-7.591468691825866699e-01
2.423489570617675781e+00
3.090645968914031982e-01
-1.640625298023223877e-01
1.404324322938919067e-01
5.659157037734985352e-01
-5.174339413642883301e-01
-2.683357596397399902e-01
5.247889459133148193e-02
-2.758109569549560547e+00
2.913600504398345947e-01
-7.543851733207702637e-01
1.120850920677185059e+00
-5.396451950073242188e-01
5.446778535842895508e-01
2.042066752910614014e-01
-3.648423552513122559e-01
4.235705137252807617e-01
-7.662634849548339844e-01
8.958572149276733398e-01
8.585990071296691895e-01
-3.178936541080474854e-01
1.358562946319580078e+00
7.141353487968444824e-01
-8.600310087203979492e-01
2.914331853389739990e-01
5.348732471466064453e-01
-8.551691472530364990e-02
1.044305920600891113e+00
1.077477097511291504e+00
1.159555077552795410e+00
2.999891936779022217e-01
6.732583045959472656e-01
4.514628350734710693e-01
9.688434004783630371e-01
1.245976984500885010e-01
-2.375926733016967773e+00
5.587387084960937500e+00
6.422133184969425201e-03
-9.243586100637912750e-03
-1.486764289438724518e-03
3.169489325955510139e-03
8.333763107657432556e-03
5.346201360225677490e-03
5.301693090586923063e-05
2.277523744851350784e-03
-9.529326111078262329e-03
-6.950992625206708908e-03
-3.796242875978350639e-03
-3.148458432406187057e-03
-4.128350410610437393e-03
-6.535867578350007534e-05
6.008741911500692368e-03
1.950884587131440639e-03
-7.883979938924312592e-03
-7.120952941477298737e-03
-1.716566970571875572e-03
9.251312352716922760e-03
5.721013061702251434e-03
-4.706488456577062607e-03
-4.723621532320976257e-03
2.440882613882422447e-03
-1.667076605372130871e-03
6.438381504267454147e-03
1.060450915247201920e-03
8.809677325189113617e-03
1.670958008617162704e-03
9.066094644367694855e-03
-5.925740581005811691e-03
-8.526695892214775085e-03
4.139019642025232315e-03
-2.008509822189807892e-03
8.183284662663936615e-03
9.341546334326267242e-03
-4.746999591588973999e-03
-1.637383247725665569e-03
-7.201959844678640366e-03
2.074331045150756836e-03
-6.170293781906366348e-03
5.190686322748661041e-03
3.256787545979022980e-03
-6.811302737332880497e-04
9.187453426420688629e-03
-2.949401037767529488e-03
-6.214581429958343506e-03
1.435351325199007988e-03
1.816349686123430729e-03
-8.965593762695789337e-03
-2.209720900282263756e-03
-5.346958059817552567e-03
3.004424739629030228e-03
-3.086395794525742531e-03
1.978355692699551582e-03
4.296261817216873169e-03
-4.702112637460231781e-03
-2.467015990987420082e-03
-5.289491266012191772e-03
-7.288920227438211441e-03
-8.889107033610343933e-03
-8.389379829168319702e-03
9.496582671999931335e-03
4.470745567232370377e-03
-4.484456439968198538e-04
-7.003807928413152695e-03
-9.861255064606666565e-03
4.266916308552026749e-03
-2.315211604582145810e-04
-4.390836693346500397e-03
-1.880471478216350079e-03
-6.120594684034585953e-03
8.348964154720306396e-03
1.641332346480339766e-04
9.609401226043701172e-03
-1.486078253947198391e-03
8.711335249245166779e-03
-7.587187457829713821e-03
-1.304229022935032845e-03
3.054148051887750626e-03
3.061369527131319046e-03
-8.498409297317266464e-04
-7.284600753337144852e-03
9.692957624793052673e-03
-2.105741295963525772e-04
6.214485038071870804e-04
-2.252321457490324974e-03
-5.653163418173789978e-03
2.238118322566151619e-03
-3.898603376001119614e-03
-4.867958836257457733e-03
1.198570728302001953e+00
1.022020816802978516e+00
-1.729815721511840820e+00
6.507721543312072754e-01
