1.764375925064086914e+00
-6.520621776580810547e-01
-1.409427881240844727e+00
4.781345367431640625e+00
1.258790135383605957e+00
3.057470560073852539e+00
1.850812554359436035e+00
2.120245933532714844e+00
2.211656808853149414e+00
2.440789699554443359e+00
2.345737457275390625e+00
-6.629391014575958252e-02
-1.307309746742248535e+00
5.513622760772705078e-01
1.466560602188110352e+00
1.040651082992553711e+00
6.447211503982543945e-01
-5.047225356101989746e-01
-3.148688673973083496e-01
7.964477539062500000e-01
2.176079005002975464e-01
1.612064801156520844e-02
1.342390418052673340e+00
-3.585151582956314087e-02
-7.869737744331359863e-01
5.156790018081665039e-01
-9.313808083534240723e-01
-5.672718957066535950e-02
-3.142829984426498413e-02
-2.011943310499191284e-01
-1.408926546573638916e-01
-1.040462702512741089e-01
4.108822047710418701e-01
-1.857015192508697510e-01
1.291074305772781372e-01
-2.601430416107177734e-01
-3.430354297161102295e-01
-1.003112673759460449e+00
-4.685154259204864502e-01
-5.791738033294677734e-01
9.791617393493652344e+00
1.015016365051269531e+01
1.326433849334716797e+01
1.337514019012451172e+01
1.521148777008056641e+01
1.510286045074462891e+01
1.593913841247558594e+01
1.761980628967285156e+01
1.906614303588867188e+01
1.943875503540039062e+01
2.412004852294921875e+01
2.310318183898925781e+01
1.979899215698242188e+01
1.701396703720092773e+00
-2.460079193115234375e-01
-5.143512487411499023e-01
-2.444067448377609253e-01
-2.353955432772636414e-02
6.371371746063232422e-01
6.607998013496398926e-01
6.158925294876098633e-01
-1.776531934738159180e+00
3.531605601310729980e-01
-7.190607190132141113e-01
-3.137481510639190674e-01
-2.920576810836791992e+00
1.258817076683044434e+00
6.773810982704162598e-01
-3.439344167709350586e-01
1.161453947424888611e-01
-5.863882899284362793e-01
9.977804422378540039e-01
-1.436444759368896484e+00
8.814481645822525024e-02
2.743447065353393555e+00
-7.957010865211486816e-01
5.601951479911804199e-01
1.156250596046447754e+00
-2.501524686813354492e-01
-1.420138955116271973e+00
3.218335866928100586e+00
-2.793848514556884766e+00
-1.844928979873657227e+00
-4.302810132503509521e-01
1.097981929779052734e+00
-2.357934564352035522e-01
-2.793306350708007812e+00
4.064360141754150391e+00
5.665555477142333984e+00
2.311850309371948242e+00
-4.387145996093750000e+00
4.012672901153564453e+00
2.830971240997314453e+00
3.897551596164703369e-01
-3.965049505233764648e+00
1.982718519866466522e-02
2.757989168167114258e+00
-7.309895992279052734e+00
-9.510772705078125000e+00
-1.554281450808048248e-03
-1.693663120269775391e+00
1.404759764671325684e+00
-7.029784321784973145e-01
7.520737051963806152e-01
8.035221099853515625e-01
-3.389882326126098633e+00
-2.434782028198242188e+00
-2.378907918930053711e+00
2.125703334808349609e+00
-1.515282630920410156e+00
-9.805881381034851074e-01
3.228968977928161621e-01
-4.915534853935241699e-01
3.451299667358398438e+00
2.814713239669799805e+00
4.320909023284912109e+00
3.503459095954895020e-01
1.429451853036880493e-01
-2.034169912338256836e+00
1.267479658126831055e+00
1.124351739883422852e+00
2.888449430465698242e+00
-6.243960261344909668e-01
1.537983417510986328e+00
8.701372146606445312e-01
-2.095207214355468750e+00
1.456667780876159668e-01
9.434929490089416504e-01
-9.091415256261825562e-02
-8.516021817922592163e-02
3.819276094436645508e-01
-3.045871496200561523e+00
-1.863396883010864258e+00
8.422123789787292480e-01
5.605370998382568359e-01
4.032588005065917969e-01
-6.585019826889038086e-01
8.391352891921997070e-01
-8.049206733703613281e-01
9.439595937728881836e-01
-3.497555255889892578e+00
-2.473429679870605469e+00
-2.181004762649536133e+00
2.320106029510498047e+00
-2.699941396713256836e-01
-4.445844329893589020e-03
-1.035361588001251221e-01
-4.288689494132995605e-01
-4.466251432895660400e-01
-3.816035762429237366e-02
7.823146581649780273e-01
-9.634929150342941284e-02
4.276689589023590088e-01
-5.272966623306274414e-01
5.055227875709533691e-02
-1.284839153289794922e+00
-2.395624399185180664e+00
1.947296559810638428e-01
-2.435029745101928711e-01
2.644585072994232178e-01
-4.295460879802703857e-01
-1.702190637588500977e-01
-6.176019906997680664e-01
1.101677939295768738e-01
5.595991015434265137e-01
1.070649266242980957e+00
1.663680076599121094e-01
5.880272388458251953e-01
6.417230367660522461e-01
-4.800673723220825195e-01
1.714647889137268066e+00
1.233149051666259766e+00
-1.493376493453979492e+00
-6.112542152404785156e-01
-1.445823907852172852e-01
-1.258142441511154175e-01
-9.886384755373001099e-02
1.594718337059020996e+00
2.045230150222778320e+00
4.239498615264892578e+00
-2.117680072784423828e+00
-1.916029095649719238e+00
1.988077044486999512e+00
1.189958453178405762e+00
3.750053942203521729e-01
-2.750651538372039795e-01
1.231361627578735352e+00
-3.004283189773559570e+00
-3.296413183212280273e+00
-5.952083110809326172e+00
3.845811188220977783e-01
4.029099047183990479e-01
2.154623866081237793e-01
3.244718909263610840e-01
4.783381223678588867e-01
6.570744514465332031e-01
-3.225750327110290527e-01
-1.327661871910095215e+00
2.197454214096069336e+00
-3.741175234317779541e-01
1.421539485454559326e-01
2.687166333198547363e-01
-5.650131106376647949e-01
1.502283513545989990e-01
-1.269682049751281738e-01
1.308672428131103516e+00
-3.157143115997314453e+00
-6.503521203994750977e-01
6.181962043046951294e-02
3.144843876361846924e-01
1.144923865795135498e-01
2.854407429695129395e-01
3.559160530567169189e-01
1.412104010581970215e+00
-6.075282692909240723e-01
5.374093055725097656e-01
5.393195152282714844e-01
-4.474522173404693604e-01
4.190413057804107666e-01
1.520864665508270264e-01
6.568769812583923340e-01
-8.699851632118225098e-01
6.663931608200073242e-01
-8.776809573173522949e-01
-6.150524616241455078e-01
8.970047235488891602e-01
3.279267847537994385e-01
-5.290113687515258789e-01
-7.902111113071441650e-02
3.725497722625732422e-01
-1.429414629936218262e+00
2.074371814727783203e+00
-1.046213746070861816e+00
1.553245335817337036e-01
5.289202213287353516e+00
-5.634406805038452148e-01
6.708833575248718262e-02
8.071435689926147461e-01
-3.866136968135833740e-01
-1.173211216926574707e+00
1.621740341186523438e+00
-1.708103157579898834e-02
-8.780691623687744141e-01
1.106271386146545410e+00
-2.744783163070678711e-01
-2.627426147460937500e+00
-6.214682459831237793e-01
-3.868338167667388916e-01
-5.127967596054077148e-01
-2.339444607496261597e-01
-5.343263223767280579e-02
8.163937926292419434e-01
2.252250164747238159e-01
3.682535141706466675e-02
1.473034918308258057e-01
-2.050320506095886230e-01
-1.223716259002685547e+00
2.990334331989288330e-01
-4.044651985168457031e-01
9.998596906661987305e-01
-3.740223348140716553e-01
9.587124586105346680e-01
9.007646441459655762e-01
-1.073614597320556641e+00
-3.632330000400543213e-01
-5.531312152743339539e-02
5.600370168685913086e-01
-9.139758348464965820e-02
1.725426197052001953e+00
1.533035874366760254e+00
3.865509271621704102e+00
-1.699847221374511719e+00
-1.995866417884826660e+00
2.047852516174316406e+00
9.460343122482299805e-01
-1.450401693582534790e-01
-9.080412238836288452e-02
1.571752727031707764e-01
-2.144782781600952148e+00
-2.466492414474487305e+00
-6.814718246459960938e+00
2.925457358360290527e-01
-1.866137683391571045e-01
-1.501144841313362122e-02
7.213016599416732788e-02
-3.378320336341857910e-01
-2.198784202337265015e-01
4.710971713066101074e-01
-8.329320549964904785e-01
1.810614585876464844e+00
6.560286283493041992e-01
-1.178756356239318848e-01
2.034645825624465942e-01
1.533015817403793335e-01
-1.696771979331970215e-01
5.807634592056274414e-01
5.518926978111267090e-01
-2.321240901947021484e+00
-1.673507839441299438e-01
-4.627837240695953369e-01
9.860590100288391113e-01
-6.900112032890319824e-01
-9.548040479421615601e-02
5.742288827896118164e-01
3.317985236644744873e-01
1.084130704402923584e-01
-8.831304311752319336e-01
4.542655944824218750e-01
9.738268256187438965e-01
-2.980601787567138672e-01
8.133437633514404297e-01
8.935453295707702637e-01
-5.721082091331481934e-01
2.518199086189270020e-01
5.837833285331726074e-01
8.114193081855773926e-01
7.105296254158020020e-01
4.472133815288543701e-01
1.219530940055847168e+00
1.181171238422393799e-01
9.755406379699707031e-01
8.289300650358200073e-02
1.734079718589782715e-01
7.173686623573303223e-01
-1.165933370590209961e+00
4.368716239929199219e+00
6.422133184969425201e-03
-9.243586100637912750e-03
-1.486764289438724518e-03
3.169489325955510139e-03
8.333763107657432556e-03
5.346201360225677490e-03
5.301693090586923063e-05
2.277523744851350784e-03
-9.529326111078262329e-03
-6.950992625206708908e-03
-3.796242875978350639e-03
-3.148458432406187057e-03
-4.128350410610437393e-03
-6.535867578350007534e-05
6.008741911500692368e-03
1.950884587131440639e-03
-7.883979938924312592e-03
-7.120952941477298737e-03
-1.716566970571875572e-03
9.251312352716922760e-03
5.721013061702251434e-03
-4.706488456577062607e-03
-4.723621532320976257e-03
2.440882613882422447e-03
-1.667076605372130871e-03
6.438381504267454147e-03
1.060450915247201920e-03
8.809677325189113617e-03
1.670958008617162704e-03
9.066094644367694855e-03
-5.925740581005811691e-03
-8.526695892214775085e-03
4.139019642025232315e-03
-2.008509822189807892e-03
8.183284662663936615e-03
9.341546334326267242e-03
-4.746999591588973999e-03
-1.637383247725665569e-03
-7.201959844678640366e-03
2.074331045150756836e-03
-6.170293781906366348e-03
5.190686322748661041e-03
3.256787545979022980e-03
-6.811302737332880497e-04
9.187453426420688629e-03
-2.949401037767529488e-03
-6.214581429958343506e-03
1.435351325199007988e-03
1.816349686123430729e-03
-8.965593762695789337e-03
-2.209720900282263756e-03
-5.346958059817552567e-03
3.004424739629030228e-03
-3.086395794525742531e-03
1.978355692699551582e-03
4.296261817216873169e-03
-4.702112637460231781e-03
-2.467015990987420082e-03
-5.289491266012191772e-03
-7.288920227438211441e-03
-8.889107033610343933e-03
-8.389379829168319702e-03
9.496582671999931335e-03
4.470745567232370377e-03
-4.484456439968198538e-04
-7.003807928413152695e-03
-9.861255064606666565e-03
4.266916308552026749e-03
-2.315211604582145810e-04
-4.390836693346500397e-03
-1.880471478216350079e-03
-6.120594684034585953e-03
8.348964154720306396e-03
1.641332346480339766e-04
9.609401226043701172e-03
-1.486078253947198391e-03
8.711335249245166779e-03
-7.587187457829713821e-03
-1.304229022935032845e-03
3.054148051887750626e-03
3.061369527131319046e-03
-8.498409297317266464e-04
-7.284600753337144852e-03
9.692957624793052673e-03
-2.105741295963525772e-04
6.214485038071870804e-04
-2.252321457490324974e-03
-5.653163418173789978e-03
2.238118322566151619e-03
-3.898603376001119614e-03
-4.867958836257457733e-03
1.117278337478637695e+00
1.054791569709777832e+00
-1.629423737525939941e+00
6.144762039184570312e-01
