1.724503159523010254e+00
1.603060245513916016e+00
3.266508817672729492e+00
3.903786420822143555e+00
3.474860906600952148e+00
2.202476739883422852e+00
2.392862081527709961e+00
2.478502988815307617e+00
-2.130902051925659180e+00
-2.067642062902450562e-01
1.816542625427246094e+00
6.348632574081420898e-01
-1.763167142868041992e+00
2.920898422598838806e-02
-9.702743887901306152e-01
4.020704925060272217e-01
1.218442201614379883e+00
-1.984557658433914185e-01
-1.182404085993766785e-01
-8.658977150917053223e-01
2.567582428455352783e-01
-7.674970477819442749e-02
-4.470967873930931091e-02
3.608708679676055908e-01
2.145155519247055054e-01
1.048065853118896484e+01
1.323694992065429688e+01
1.530771636962890625e+01
1.339507675170898438e+01
1.728694534301757812e+01
1.939109039306640625e+01
1.898676300048828125e+01
2.526294708251953125e+01
1.080952733755111694e-01
-1.220597047358751297e-02
-1.277816444635391235e-01
-5.485349297523498535e-01
1.223110079765319824e+00
2.903728485107421875e-01
-5.605968236923217773e-01
6.256957650184631348e-01
1.524970054626464844e+00
8.355445265769958496e-01
-3.188254356384277344e+00
8.650638163089752197e-02
-7.046545147895812988e-01
3.173582255840301514e-01
-3.819633007049560547e+00
-4.773294627666473389e-01
-1.219344973564147949e+00
-3.017923831939697266e-01
-8.340659737586975098e-01
-3.067496120929718018e-01
-1.385609745979309082e+00
3.550555944442749023e+00
4.536820650100708008e-01
1.143022552132606506e-01
-2.894980013370513916e-01
4.647085189819335938e+00
7.948467135429382324e-01
4.789208471775054932e-01
-4.305974245071411133e-01
-1.326728582382202148e+00
1.922420859336853027e+00
-7.652427554130554199e-01
2.667356014251708984e+00
1.027355492115020752e-01
4.717829227447509766e-01
-3.538402915000915527e-01
-2.258045673370361328e+00
-6.676270812749862671e-02
-6.733663380146026611e-02
1.325329184532165527e+00
5.895299911499023438e-01
-1.147310376167297363e+00
-1.940519064664840698e-01
-9.024035930633544922e-01
-9.235975146293640137e-01
-2.325236238539218903e-02
8.992885351181030273e-01
3.873918056488037109e-01
2.637254595756530762e-01
1.805377155542373657e-01
3.073119401931762695e+00
6.347402930259704590e-01
4.466363191604614258e-01
3.106688261032104492e-01
-4.438747167587280273e-01
-1.408382892608642578e+00
9.644060730934143066e-01
-1.510567188262939453e+00
-2.835393883287906647e-02
3.244618773460388184e-01
-5.676934719085693359e-01
-3.350329875946044922e+00
2.156561851501464844e+00
1.660514116287231445e+00
1.126622408628463745e-01
3.406705567613244057e-03
1.807242631912231445e+00
7.109723687171936035e-01
1.828911185264587402e+00
-8.331524133682250977e-01
1.445093154907226562e+00
-1.865280389785766602e+00
2.289176464080810547e+00
-7.061339914798736572e-02
3.347240090370178223e-01
-1.161092042922973633e+00
-1.160635113716125488e+00
9.862001538276672363e-01
1.740741133689880371e-01
4.740092158317565918e-01
8.474231958389282227e-01
-3.929109871387481689e-02
1.866453289985656738e-01
-5.361664295196533203e-01
-1.966973096132278442e-01
-2.247864454984664917e-01
-2.065525770187377930e+00
3.942271694540977478e-02
-2.425486920401453972e-03
1.345139294862747192e-01
5.308994650840759277e-01
1.356395721435546875e+00
-1.395653128623962402e+00
7.631238102912902832e-01
-2.224407047033309937e-01
-2.175437510013580322e-01
3.968506753444671631e-01
2.470537662506103516e+00
-2.210182189941406250e+00
-1.320665717124938965e+00
1.987686380743980408e-03
1.075435519218444824e+00
-2.245231866836547852e+00
-4.061463773250579834e-01
-1.107126116752624512e+00
1.257786870002746582e+00
-1.880946993827819824e+00
4.123620033264160156e+00
-7.889723405241966248e-03
9.448868222534656525e-03
-9.634898975491523743e-03
-9.886470623314380646e-03
-3.644350683316588402e-03
9.626387618482112885e-03
5.810313392430543900e-03
8.681319653987884521e-03
5.766650661826133728e-03
6.979071069508790970e-03
-4.899479448795318604e-03
7.826047949492931366e-03
9.387881495058536530e-03
-3.561660414561629295e-03
-5.615447182208299637e-03
-1.387346885167062283e-03
-3.056505927816033363e-03
7.794012781232595444e-03
5.388408433645963669e-03
9.170337580144405365e-03
-1.881420612335205078e-03
4.904606379568576813e-03
-9.185591712594032288e-03
5.186699563637375832e-04
8.280377835035324097e-03
-3.714178455993533134e-03
7.239981554448604584e-03
-4.109546076506376266e-03
6.836687214672565460e-03
6.479436066001653671e-03
-2.013514982536435127e-03
1.272886147489771247e-04
-7.845450192689895630e-03
-1.335939043201506138e-03
-9.963277727365493774e-03
2.328138332813978195e-03
3.296177983283996582e-01
1.123791933059692383e+00
-1.906332850456237793e+00
6.961247920989990234e-01
