2.018605041503906250e+01
1.116974163055419922e+01
7.324233055114746094e+00
1.558813571929931641e+01
1.032809448242187500e+01
1.657124519348144531e+01
9.127780914306640625e+00
1.108091831207275391e+01
4.438963413238525391e+00
1.672060585021972656e+01
1.173971080780029297e+01
1.590124511718750000e+01
1.558463859558105469e+01
1.337489223480224609e+01
1.625895118713378906e+01
1.544486522674560547e+01
2.272616624832153320e+00
7.796977519989013672e+00
1.170377159118652344e+01
7.142187356948852539e-01
-4.357568264007568359e+00
1.190304636955261230e+00
-2.418773174285888672e+00
1.870073080062866211e+00
-4.058698177337646484e+00
2.942235946655273438e+00
3.744176387786865234e+00
2.283634543418884277e-01
3.150992870330810547e+00
-1.111532449722290039e+00
5.028099060058593750e+00
-1.087393403053283691e+00
2.494598627090454102e+00
-3.250401735305786133e+00
-7.438980937004089355e-01
1.966041922569274902e+00
-1.132816123962402344e+01
-1.996220946311950684e+00
8.357281684875488281e+00
-1.224706530570983887e+00
-2.248162984848022461e+00
6.750726222991943359e+00
9.538866281509399414e-01
1.699230194091796875e+00
2.110876590013504028e-01
-5.453896999359130859e+00
-1.076388835906982422e+01
-2.930732488632202148e+00
1.232064723968505859e+00
-6.701588630676269531e+00
2.991539239883422852e+00
7.075649261474609375e+00
-2.703680992126464844e+00
-8.551513552665710449e-01
6.693176746368408203e+00
1.659186601638793945e+00
6.111131191253662109e+00
9.423786997795104980e-01
-9.144097328186035156e+00
-4.459328576922416687e-02
6.241136550903320312e+00
2.228301048278808594e+00
5.652332901954650879e-01
4.905250966548919678e-01
-1.331794142723083496e+00
1.487348318099975586e+00
-2.600171327590942383e+00
1.555047035217285156e+00
-2.291376739740371704e-01
-5.761462380178272724e-04
1.358494639396667480e+00
4.488934874534606934e-01
-2.067654609680175781e+00
-8.306171894073486328e-01
9.001253128051757812e+00
3.370895385742187500e+00
4.174021720886230469e+00
-3.920039415359497070e+00
6.793343067169189453e+00
1.329459667205810547e+01
8.036591529846191406e+00
-1.578991770744323730e+00
1.339805841445922852e+00
-2.522678375244140625e+00
-4.004962921142578125e+00
-5.359756946563720703e+00
5.315657138824462891e+00
4.419996261596679688e+00
7.319787979125976562e+00
4.218989372253417969e+00
-6.294606328010559082e-01
-8.653750419616699219e-01
3.372200727462768555e+00
3.317900180816650391e+00
5.344089508056640625e+00
-5.640290975570678711e-01
-5.963808059692382812e+00
7.867928981781005859e+00
-9.527040481567382812e+00
-1.666479825973510742e+00
6.814602017402648926e-01
5.689339160919189453e+00
6.497652530670166016e+00
-4.319379329681396484e+00
9.155654907226562500e+00
8.886191368103027344e+00
-1.736191511154174805e+00
6.910660266876220703e-01
2.830824851989746094e+00
-1.665006041526794434e+00
7.757435321807861328e+00
-6.761398315429687500e-01
-1.252402305603027344e+00
1.030242156982421875e+01
-6.296285629272460938e+00
3.741986751556396484e-01
-2.601192951202392578e+00
-1.645221114158630371e+00
-2.127163171768188477e+00
8.137285232543945312e+00
-2.469896078109741211e-01
-3.082062721252441406e+00
-5.746202468872070312e+00
9.549910545349121094e+00
-3.820943832397460938e+00
7.968728065490722656e+00
-2.827401399612426758e+00
-6.663281936198472977e-03
-2.736890316009521484e+00
-4.724742770195007324e-01
2.483121395111083984e+00
-7.135735988616943359e+00
-4.495220661163330078e+00
-4.036833286285400391e+00
1.203485298156738281e+01
-2.284592390060424805e+00
6.041515827178955078e+00
4.020956993103027344e+00
-3.153481960296630859e+00
-6.889993190765380859e+00
-6.457852363586425781e+00
-2.852968215942382812e+00
3.419160127639770508e+00
-2.109091281890869141e+00
-1.949863910675048828e+00
-1.874600887298583984e+00
-5.598579883575439453e+00
1.533904790878295898e+00
1.813870549201965332e+00
-2.296047925949096680e+00
-4.563523292541503906e+00
4.298438549041748047e+00
1.702173233032226562e+00
1.462738513946533203e+00
-2.343504905700683594e+00
-1.108285069465637207e+00
-1.041484951972961426e+00
4.063813686370849609e+00
-2.413179874420166016e+00
1.058879733085632324e+00
2.848774194717407227e+00
8.683654665946960449e-01
2.070700645446777344e+00
2.844719886779785156e+00
-2.596343755722045898e+00
4.851942062377929688e-01
2.173477888107299805e+00
-1.046103835105895996e+00
-2.281421422958374023e-01
-2.288274049758911133e+00
4.418265223503112793e-01
4.678129196166992188e+00
-2.408756501972675323e-02
-1.261987447738647461e+00
-4.009025096893310547e+00
4.495353698730468750e+00
-8.696537464857101440e-02
3.293832778930664062e+00
-1.637105941772460938e-01
2.378559261560440063e-01
3.305135011672973633e+00
-3.436914205551147461e+00
8.985728621482849121e-01
-3.355242490768432617e+00
-9.628242254257202148e-02
3.837540149688720703e+00
3.741680383682250977e-01
7.289181947708129883e-01
-8.831067942082881927e-03
3.737540960311889648e+00
1.530470609664916992e+00
2.176659345626831055e+00
-2.622342109680175781e-01
4.571187496185302734e-01
6.484184265136718750e-01
2.332399606704711914e+00
-1.517313241958618164e+00
-1.526590585708618164e+00
2.481308206915855408e-02
-5.355105400085449219e-01
1.139659047126770020e+00
9.255777001380920410e-01
1.188391327857971191e+00
-2.114214420318603516e+00
1.934544563293457031e+00
5.180423855781555176e-01
-7.718962733633816242e-04
1.358785510063171387e+00
-7.412438392639160156e-01
-7.252209186553955078e-01
3.238915681838989258e+00
2.748535156250000000e+00
-3.811795711517333984e-01
-1.567253470420837402e+00
1.024541616439819336e+00
1.667155176401138306e-01
-3.374177217483520508e+00
8.960791826248168945e-01
1.526052355766296387e+00
-4.147303104400634766e-01
1.470405101776123047e+00
-2.130148857831954956e-01
-5.404412269592285156e+00
-1.785123348236083984e+00
2.085729122161865234e+00
-1.065809607505798340e+00
1.433778166770935059e+00
4.017169177532196045e-01
1.300156414508819580e-01
2.070606470108032227e+00
-5.381360054016113281e+00
4.234899520874023438e+00
1.343775391578674316e+00
-2.913866281509399414e+00
3.814976453781127930e+00
3.972579002380371094e+00
2.614266872406005859e+00
-2.665397405624389648e+00
3.405354738235473633e+00
-1.138472557067871094e+00
4.668823719024658203e+00
6.191658973693847656e-01
3.601661682128906250e+00
-2.716140270233154297e+00
3.406732320785522461e+00
-3.858732461929321289e+00
1.750095963478088379e+00
2.227313041687011719e+00
2.934406042098999023e+00
-1.527606010437011719e+00
2.901242114603519440e-02
4.576323032379150391e+00
-1.274864912033081055e+00
-1.470166444778442383e+00
-6.218453645706176758e-01
1.489970564842224121e+00
-1.192262649536132812e+00
-9.377213716506958008e-01
-1.409731507301330566e+00
3.210935831069946289e+00
1.153409004211425781e+00
6.210832595825195312e-01
-4.005111694335937500e+00
-3.552210092544555664e+00
3.354668915271759033e-01
4.117331504821777344e+00
2.820679903030395508e+00
3.343204259872436523e+00
-3.160449266433715820e+00
3.899110078811645508e+00
1.874380350112915039e+00
1.525445222854614258e+00
3.329083919525146484e-01
-2.716916322708129883e+00
2.207463026046752930e+00
4.520833492279052734e+00
2.268527507781982422e+00
-2.146885871887207031e+00
-2.631653785705566406e+00
2.844153165817260742e+00
-1.951711893081665039e+00
-1.163213253021240234e-01
-8.655186891555786133e-01
-1.637648105621337891e+00
-4.011389732360839844e+00
7.575495839118957520e-01
-2.122965335845947266e+00
-1.237585425376892090e+00
1.225599050521850586e+00
5.015941858291625977e-01
-3.403415203094482422e+00
-6.852085143327713013e-02
-1.710963606834411621e+00
3.775829076766967773e+00
-2.878426313400268555e+00
4.629116356372833252e-01
3.004478693008422852e+00
8.232574462890625000e-01
1.221861720085144043e+00
2.648089408874511719e+00
-1.935322761535644531e+00
-7.046892642974853516e-01
3.281940460205078125e+00
-1.807922720909118652e+00
-1.922051906585693359e-01
-3.939573526382446289e+00
-7.643432021141052246e-01
4.941040515899658203e+00
1.343911767005920410e+00
-9.469487667083740234e-01
-4.405604839324951172e+00
2.684260845184326172e+00
6.883324384689331055e-01
3.235416412353515625e+00
3.592277169227600098e-01
3.049323558807373047e-01
4.427978992462158203e+00
-2.974503040313720703e+00
2.068615674972534180e+00
-3.255629539489746094e+00
1.798904776573181152e+00
3.236047267913818359e+00
7.972654104232788086e-01
-2.296424865722656250e+00
-2.173987388610839844e+00
1.341278433799743652e+00
2.956995010375976562e+00
2.348102778196334839e-01
1.636743247509002686e-01
3.653690516948699951e-01
-6.821669936180114746e-01
8.819246292114257812e-01
-2.348573684692382812e+00
-2.463314533233642578e+00
6.740179657936096191e-01
8.803524971008300781e-01
-1.493139028549194336e+00
1.196334958076477051e+00
-8.675316572189331055e-01
1.145497933030128479e-01
4.865586459636688232e-01
1.417331933975219727e+00
-2.477132320404052734e+00
3.017078340053558350e-01
-1.589701533317565918e+00
-4.241021573543548584e-01
3.387089490890502930e+00
3.132663726806640625e+00
-4.260917007923126221e-01
-8.765347003936767578e-01
1.591688632965087891e+00
-1.194316983222961426e+00
-2.970242977142333984e+00
-3.900121450424194336e-01
6.276503205299377441e-01
-6.596860885620117188e-01
6.499061584472656250e-01
-4.074338357895612717e-03
-5.569281101226806641e+00
2.164189144968986511e-02
4.196907043457031250e+00
6.610019803047180176e-01
-1.484471321105957031e+00
3.041964530944824219e+00
2.650708258152008057e-01
8.232367038726806641e-01
-3.296626806259155273e+00
3.434509515762329102e+00
1.168770074844360352e+00
-3.864023923873901367e+00
2.533208131790161133e+00
2.235355615615844727e+00
3.129989147186279297e+00
-3.664226293563842773e+00
3.607958793640136719e+00
-1.522085666656494141e+00
5.266157627105712891e+00
5.191242098808288574e-01
4.127564430236816406e+00
-3.179391622543334961e+00
4.756328836083412170e-02
-1.956803441047668457e+00
7.013885378837585449e-01
2.212574243545532227e+00
1.126784086227416992e+00
-1.063683867454528809e+00
2.912406623363494873e-01
4.850333213806152344e+00
-3.249496698379516602e+00
1.091061592102050781e+00
-4.048763275146484375e+00
9.060744643211364746e-01
-1.726512312889099121e+00
-2.621182918548583984e+00
-9.230119585990905762e-01
2.959292888641357422e+00
-6.746758222579956055e-01
2.723725318908691406e+00
-3.037732362747192383e+00
-2.415886402130126953e+00
-4.977782368659973145e-01
4.833961009979248047e+00
2.312412977218627930e+00
1.817332625389099121e+00
-2.438580274581909180e+00
2.762547969818115234e+00
2.615312576293945312e+00
7.238782644271850586e-01
1.799273967742919922e+00
-2.240847587585449219e+00
1.497027158737182617e+00
5.023741722106933594e+00
2.779157400131225586e+00
-6.358465552330017090e-01
-5.642756223678588867e-01
1.716759443283081055e+00
-1.969773292541503906e+00
-8.323296904563903809e-01
-3.531370162963867188e-01
-1.138978600502014160e+00
-1.692715644836425781e+00
-3.857216238975524902e-01
-2.475047826766967773e+00
-2.776891291141510010e-01
-6.583316922187805176e-01
