1.544574165344238281e+01
1.101517486572265625e+01
1.121480369567871094e+01
1.561905479431152344e+01
1.180420112609863281e+01
1.542861080169677734e+01
9.860966682434082031e+00
1.225877380371093750e+01
8.165674209594726562e+00
1.542850971221923828e+01
1.167533779144287109e+01
1.542854785919189453e+01
1.542852306365966797e+01
1.232203578948974609e+01
1.542910194396972656e+01
1.543846416473388672e+01
2.696047067642211914e+00
5.815657615661621094e+00
1.138504123687744141e+01
-5.516280606389045715e-02
-4.391123771667480469e+00
3.948210477828979492e-01
-1.888438701629638672e+00
3.118235826492309570e+00
-3.978157758712768555e+00
4.328585147857666016e+00
4.148489475250244141e+00
-4.798922240734100342e-01
1.782976984977722168e+00
-1.748120427131652832e+00
1.928779959678649902e+00
-1.875882625579833984e+00
1.887851595878601074e+00
-5.542918682098388672e+00
2.256471812725067139e-01
2.189225435256958008e+00
-9.745124816894531250e+00
-2.809557676315307617e+00
9.083611488342285156e+00
-2.342457056045532227e+00
-2.762678146362304688e+00
4.709615230560302734e+00
4.371285438537597656e+00
-8.968275785446166992e-01
-4.487434029579162598e-01
-3.869213819503784180e+00
-9.824482917785644531e+00
-3.125268697738647461e+00
1.165092587471008301e+00
-7.320412635803222656e+00
3.046127557754516602e+00
7.590538024902343750e+00
-2.372503042221069336e+00
3.503147363662719727e-01
5.899852752685546875e+00
2.391908168792724609e+00
5.943891048431396484e+00
1.022489905357360840e+00
-6.557507991790771484e+00
3.201178610324859619e-01
5.183009147644042969e+00
2.042962074279785156e+00
-3.519966602325439453e-01
4.331275522708892822e-01
-1.760013461112976074e+00
9.046081900596618652e-01
-3.756477117538452148e+00
1.991178154945373535e+00
-8.670459985733032227e-01
-1.225406676530838013e-01
1.401551008224487305e+00
-4.602064192295074463e-01
-8.067224621772766113e-01
-7.435380816459655762e-01
8.337924003601074219e+00
2.313721179962158203e+00
4.960475921630859375e+00
-4.328857898712158203e+00
6.820658206939697266e+00
1.154114723205566406e+01
7.932513713836669922e+00
-1.309652209281921387e+00
1.932505488395690918e+00
-3.020741462707519531e+00
-4.288745403289794922e+00
-4.902972698211669922e+00
6.406412601470947266e+00
3.313589572906494141e+00
6.679290294647216797e+00
4.025405883789062500e+00
-1.427345037460327148e+00
-6.968995928764343262e-01
1.317894816398620605e+00
2.870391130447387695e+00
4.405235290527343750e+00
8.412342071533203125e-01
-5.373568534851074219e+00
8.110525131225585938e+00
-8.687557220458984375e+00
-9.884929060935974121e-01
9.742069244384765625e-01
5.581145763397216797e+00
7.940016269683837891e+00
-2.788296461105346680e+00
8.790019989013671875e+00
7.897617340087890625e+00
-2.532876253128051758e+00
4.582462608814239502e-01
3.605594158172607422e+00
-3.410287380218505859e+00
7.873540878295898438e+00
3.348516523838043213e-01
-9.744708240032196045e-02
9.945628166198730469e+00
-7.150768756866455078e+00
6.826524436473846436e-02
-5.268093943595886230e-02
-3.588930130004882812e+00
-1.460870027542114258e+00
8.496236801147460938e+00
8.153105378150939941e-01
-3.849211931228637695e+00
-5.329366207122802734e+00
7.252009391784667969e+00
-2.409979820251464844e+00
6.822426319122314453e+00
-2.616321086883544922e+00
-1.467664092779159546e-01
-3.112571954727172852e+00
-3.670048475265502930e+00
1.734070539474487305e+00
-6.889622211456298828e+00
-4.762067794799804688e+00
-1.569869279861450195e+00
1.148708534240722656e+01
-2.971624374389648438e+00
4.878561019897460938e+00
3.243377447128295898e+00
-1.169643044471740723e+00
-6.211610317230224609e+00
-5.205572605133056641e+00
-2.316146612167358398e+00
3.337446689605712891e+00
-1.518717288970947266e+00
2.356000617146492004e-02
-1.588338732719421387e+00
-4.324561595916748047e+00
2.032709121704101562e+00
1.685303807258605957e+00
-2.643126964569091797e+00
-4.090405464172363281e+00
4.619212150573730469e+00
1.680334329605102539e+00
2.284898757934570312e+00
-1.274009346961975098e+00
-2.483717203140258789e-01
-1.985978245735168457e+00
1.991860270500183105e+00
-2.426910400390625000e+00
9.014730453491210938e-01
3.866837501525878906e+00
-1.495714187622070312e+00
1.840981245040893555e+00
3.047118186950683594e+00
-2.000651121139526367e+00
-1.331201672554016113e+00
3.072209835052490234e+00
-1.982733607292175293e+00
9.917155504226684570e-01
-2.105700492858886719e+00
1.037375554442405701e-01
3.900164842605590820e+00
-6.697429418563842773e-01
-8.769555687904357910e-01
-3.254277467727661133e+00
4.831892490386962891e+00
1.465627737343311310e-02
3.062942504882812500e+00
-6.721186637878417969e-01
-5.404070019721984863e-01
3.593064069747924805e+00
-2.650253057479858398e+00
2.008649110794067383e+00
-3.059110164642333984e+00
7.255192995071411133e-01
3.884102821350097656e+00
-8.970009684562683105e-01
2.634111344814300537e-01
-1.096765756607055664e+00
2.973212480545043945e+00
3.627252340316772461e+00
4.350453615188598633e-01
-5.396044850349426270e-01
5.807579755783081055e-01
-3.004477977752685547e+00
3.481979131698608398e+00
-1.208933234214782715e+00
-2.107605695724487305e+00
-3.570529818534851074e-02
-7.523110508918762207e-01
-3.518487215042114258e-01
9.169257283210754395e-01
4.760830998420715332e-01
-1.122900485992431641e+00
2.276321887969970703e+00
1.239492058753967285e+00
1.347221732139587402e-01
1.156045198440551758e+00
-1.407495498657226562e+00
-1.069777488708496094e+00
3.084295034408569336e+00
3.599759101867675781e+00
-1.583047151565551758e+00
-1.445996165275573730e+00
1.142536282539367676e+00
-1.528902053833007812e+00
-2.778720617294311523e+00
1.174300312995910645e+00
1.180259227752685547e+00
4.754492640495300293e-01
1.624929666519165039e+00
-5.991352200508117676e-01
-3.172276020050048828e+00
-2.039551496505737305e+00
2.881948232650756836e+00
-1.677319645881652832e+00
-1.604614108800888062e-01
3.989828824996948242e-01
7.989038825035095215e-01
1.202775955200195312e+00
-2.266694307327270508e+00
3.698869705200195312e+00
2.454264163970947266e+00
-3.030348062515258789e+00
2.512351989746093750e+00
3.483354806900024414e+00
3.032130718231201172e+00
-3.421794414520263672e+00
3.866456747055053711e+00
9.240894317626953125e-01
4.388066291809082031e+00
8.501296639442443848e-01
3.476082801818847656e+00
-2.889582395553588867e+00
1.827137112617492676e+00
-2.884980440139770508e+00
7.225863933563232422e-01
2.727813005447387695e+00
2.112414836883544922e+00
-2.104122400283813477e+00
5.725630000233650208e-02
4.451743602752685547e+00
-2.623605966567993164e+00
1.062050580978393555e+00
-2.454399585723876953e+00
1.262386560440063477e+00
-7.272776961326599121e-01
-3.170577764511108398e+00
-1.238204717636108398e+00
3.679861545562744141e+00
2.979145944118499756e-01
1.899640560150146484e+00
-2.079047679901123047e+00
-1.438267111778259277e+00
5.737122893333435059e-01
4.397963047027587891e+00
2.065184354782104492e+00
2.679462671279907227e+00
-2.226821660995483398e+00
2.740134716033935547e+00
1.592934012413024902e+00
1.479155898094177246e+00
1.180923581123352051e+00
-2.592880725860595703e+00
7.902143597602844238e-01
4.304713249206542969e+00
2.271789073944091797e+00
-1.634511590003967285e+00
-1.378766894340515137e+00
1.759442806243896484e+00
-5.144538283348083496e-01
6.426334381103515625e-01
7.216874957084655762e-01
5.459562540054321289e-01
-2.068153142929077148e+00
2.773724794387817383e-01
-1.345085501670837402e+00
-3.647550642490386963e-01
1.528402328491210938e+00
2.712404727935791016e+00
-1.515496134757995605e+00
3.018874302506446838e-02
-2.720643758773803711e+00
1.625217556953430176e+00
-2.603021383285522461e+00
6.908093094825744629e-01
3.985811471939086914e+00
-1.716620802879333496e+00
1.620000839233398438e+00
2.985418319702148438e+00
-1.435872077941894531e+00
-1.562637567520141602e+00
3.360600709915161133e+00
-1.969235539436340332e+00
7.205868959426879883e-01
-1.959941744804382324e+00
-1.008097529411315918e+00
4.162922859191894531e+00
-4.304440319538116455e-01
-4.258652925491333008e-01
-3.343757629394531250e+00
5.124605655670166016e+00
7.538139075040817261e-02
3.349820375442504883e+00
-8.858670592308044434e-01
-1.279694028198719025e-02
3.722317934036254883e+00
-2.358392238616943359e+00
2.149446010589599609e+00
-3.209697723388671875e+00
8.147953152656555176e-01
3.635605573654174805e+00
-8.318099975585937500e-01
-1.875896751880645752e-01
-1.652959346771240234e+00
2.705829143524169922e+00
4.364681243896484375e+00
-3.344323337078094482e-01
-8.442335128784179688e-01
2.354671359062194824e-01
-2.825157880783081055e+00
2.963371753692626953e+00
-1.726466178894042969e+00
-2.476106405258178711e+00
1.103015422821044922e+00
4.120076596736907959e-01
-8.225831389427185059e-01
1.420055627822875977e+00
-4.981769025325775146e-01
2.487540543079376221e-01
9.082900881767272949e-01
1.430989146232604980e+00
-2.295302152633666992e+00
5.385866761207580566e-01
-6.693064570426940918e-01
-6.997469067573547363e-01
3.031622171401977539e+00
3.749061584472656250e+00
-1.887269496917724609e+00
-1.018586158752441406e+00
1.540944695472717285e+00
-2.093552827835083008e+00
-2.413020372390747070e+00
3.249546587467193604e-01
4.033262729644775391e-01
2.612798810005187988e-01
8.443175554275512695e-01
-3.190029561519622803e-01
-3.144048929214477539e+00
-1.297268152236938477e+00
3.383920431137084961e+00
-1.351539492607116699e+00
-1.960819840431213379e+00
1.810390114784240723e+00
8.407840728759765625e-01
8.198303580284118652e-01
-1.527021288871765137e+00
3.049521446228027344e+00
2.040047407150268555e+00
-3.732043743133544922e+00
2.308159351348876953e+00
3.406687498092651367e+00
2.671716213226318359e+00
-3.357143402099609375e+00
3.785248517990112305e+00
-1.064118072390556335e-01
4.680510044097900391e+00
1.001012802124023438e+00
3.747600555419921875e+00
-2.899577617645263672e+00
7.319454550743103027e-01
-2.070879936218261719e+00
9.198046326637268066e-01
2.341882944107055664e+00
1.103395223617553711e+00
-1.561955809593200684e+00
4.754759967327117920e-01
4.341857910156250000e+00
-2.707262992858886719e+00
1.651837468147277832e+00
-3.130734920501708984e+00
5.438917875289916992e-01
-1.486995697021484375e+00
-3.606900453567504883e+00
-5.049175024032592773e-01
4.048766613006591797e+00
-7.977384924888610840e-01
3.112732172012329102e+00
-1.129233360290527344e+00
-2.079427987337112427e-01
5.260232090950012207e-01
4.072250843048095703e+00
1.527560472488403320e+00
1.841310024261474609e+00
-2.313087224960327148e+00
1.823511719703674316e+00
1.891749858856201172e+00
1.827823042869567871e+00
1.874191045761108398e+00
-2.214982986450195312e+00
7.991935610771179199e-01
4.487720489501953125e+00
2.863352298736572266e+00
-1.339057803153991699e+00
-6.720045804977416992e-01
1.071654319763183594e+00
-7.074659466743469238e-01
4.259056150913238525e-01
2.130487412214279175e-01
8.548195958137512207e-01
-1.331322908401489258e+00
-9.808673262596130371e-01
-1.203587532043457031e+00
-1.995933055877685547e-01
-7.921227216720581055e-01
