9.639077186584472656e+00
1.553118705749511719e+01
1.047193145751953125e+01
1.577716922760009766e+01
1.124943637847900391e+01
1.687925910949707031e+01
1.548401641845703125e+01
1.544442462921142578e+01
1.139214706420898438e+01
9.388150215148925781e+00
8.411890983581542969e+00
1.544600009918212891e+01
1.208194541931152344e+01
1.548942565917968750e+01
1.161592245101928711e+00
3.379009485244750977e+00
1.036546230316162109e+01
6.816630363464355469e+00
-8.081385612487792969e+00
-1.420580267906188965e+00
1.443524360656738281e+00
6.000368595123291016e+00
-1.042537879943847656e+01
-1.861383676528930664e+00
5.209449291229248047e+00
-4.294672012329101562e+00
9.488154053688049316e-01
-1.281225442886352539e+00
2.701415300369262695e+00
3.207616806030273438e-01
-5.703422069549560547e+00
3.811536133289337158e-01
-1.639971584081649780e-01
1.140941500663757324e+00
-7.272179126739501953e-01
-8.748912811279296875e+00
-3.078377723693847656e+00
5.403105258941650391e+00
7.140369415283203125e+00
-1.030209541320800781e+01
-3.600146532058715820e+00
-2.970114946365356445e+00
1.573814868927001953e+00
-9.553232192993164062e+00
-8.049554824829101562e+00
-1.969401389360427856e-01
6.628407478332519531e+00
3.036929607391357422e+00
-3.323676347732543945e+00
-2.722769021987915039e+00
3.358136892318725586e+00
7.838336944580078125e+00
-1.169368267059326172e+01
5.909420490264892578e+00
-2.240335702896118164e+00
-1.192679405212402344e+00
4.918510615825653076e-01
-1.363560438156127930e+00
6.629906177520751953e+00
-6.567850589752197266e+00
-9.668582916259765625e+00
3.247938156127929688e+00
-5.415121555328369141e+00
2.313378810882568359e+00
-4.159702301025390625e+00
-7.924283027648925781e+00
-2.713952362537384033e-01
6.993743419647216797e+00
1.138518047332763672e+01
8.285362243652343750e+00
1.011102676391601562e+01
7.502532005310058594e+00
-2.413873672485351562e+00
8.662302017211914062e+00
-3.776314020156860352e+00
1.153608322143554688e+00
-4.900634288787841797e+00
-1.031026744842529297e+01
9.084194183349609375e+00
-8.647284507751464844e+00
9.641901850700378418e-01
5.474664568901062012e-01
3.488065719604492188e+00
1.757901668548583984e+00
-4.009119868278503418e-01
2.536558151245117188e+00
1.149484157562255859e+00
-5.317672491073608398e-01
-5.966184139251708984e-01
1.281993389129638672e-01
8.234027028083801270e-01
9.064298629760742188e+00
-6.157947063446044922e+00
2.034339427947998047e+00
-1.740883588790893555e+00
4.764461517333984375e+00
5.667766094207763672e+00
7.098483562469482422e+00
3.901059389114379883e+00
1.817355155944824219e+00
6.732238292694091797e+00
3.360317468643188477e+00
1.720180273056030273e+00
-3.133056879043579102e+00
3.486212968826293945e+00
-5.117556571960449219e+00
7.917768001556396484e+00
1.302867698669433594e+01
-4.003332138061523438e+00
-1.833983302116394043e+00
-9.108491897583007812e+00
1.539883732795715332e+00
-1.619183570146560669e-01
7.221615314483642578e+00
-6.513246536254882812e+00
-4.947786331176757812e+00
-5.168140411376953125e+00
-2.490967750549316406e+00
2.843193531036376953e+00
-2.081171989440917969e+00
-3.113739252090454102e+00
3.814624547958374023e+00
-2.767497301101684570e+00
-4.699618339538574219e+00
2.571907758712768555e+00
-4.297294616699218750e-01
3.242710828781127930e+00
5.091243386268615723e-01
2.669998645782470703e+00
4.402385711669921875e+00
2.926066875457763672e+00
4.120716571807861328e+00
2.257647991180419922e+00
1.254177927970886230e+00
-3.648886680603027344e+00
4.017893314361572266e+00
-7.910053730010986328e-01
-2.793903350830078125e+00
-8.423040509223937988e-01
4.321253299713134766e+00
2.334564447402954102e+00
-1.380014538764953613e+00
3.651530265808105469e+00
3.125956773757934570e+00
-2.844950258731842041e-01
-8.001125454902648926e-01
-3.093039035797119141e+00
3.999585866928100586e+00
-1.799280762672424316e+00
-2.042766571044921875e+00
2.039602994918823242e-01
-2.750799655914306641e+00
1.679302453994750977e+00
1.900746226310729980e+00
-1.773348152637481689e-01
1.360213875770568848e+00
1.322629213333129883e+00
4.095672607421875000e+00
1.886382460594177246e+00
-1.951565146446228027e-01
6.760090589523315430e-02
-7.159433960914611816e-01
-3.057010412216186523e+00
-2.918450534343719482e-01
4.079335689544677734e+00
1.267306089401245117e+00
7.302400469779968262e-01
-2.694246768951416016e+00
2.424227952957153320e+00
2.202877283096313477e+00
3.489475250244140625e+00
-8.587046265602111816e-01
-2.823982000350952148e+00
4.659904956817626953e+00
1.118663311004638672e+00
-2.113832712173461914e+00
-2.179363250732421875e+00
4.299345493316650391e+00
-1.071211218833923340e+00
-2.991442203521728516e+00
1.478829979896545410e+00
1.431800127029418945e+00
-2.591198444366455078e+00
3.652658462524414062e+00
1.632349252700805664e+00
-5.342628955841064453e-01
-4.136297702789306641e+00
-4.439758360385894775e-01
-2.297409772872924805e+00
-4.763088524341583252e-01
2.482388466596603394e-01
-9.609614610671997070e-01
7.848516702651977539e-01
-1.833344936370849609e+00
1.536410212516784668e+00
-4.206222593784332275e-01
-1.295141577720642090e+00
3.600169420242309570e+00
-2.486520051956176758e+00
5.771590471267700195e-01
6.110928654670715332e-01
-2.206466913223266602e+00
3.979942560195922852e+00
-2.230378866195678711e+00
-2.543222188949584961e+00
-1.659676909446716309e+00
-1.246354222297668457e+00
3.177298784255981445e+00
5.185207843780517578e+00
-4.064207077026367188e+00
-9.831717014312744141e-01
1.392821907997131348e+00
7.909722924232482910e-01
2.094603478908538818e-01
-3.124791860580444336e+00
2.983752965927124023e+00
8.385540246963500977e-01
-1.761360049247741699e+00
-2.221730709075927734e+00
4.557948589324951172e+00
-2.548580884933471680e+00
-5.706749111413955688e-02
-2.401019334793090820e+00
-1.877840280532836914e+00
-5.982467532157897949e-01
-2.525531530380249023e+00
1.502466082572937012e+00
-2.079167366027832031e+00
-3.546314716339111328e+00
1.557677507400512695e+00
5.113587975502014160e-01
3.548297643661499023e+00
-4.785414040088653564e-01
3.432012319564819336e+00
2.068564891815185547e+00
3.707138776779174805e+00
2.474584817886352539e+00
2.251121282577514648e+00
8.096558451652526855e-01
-3.478648185729980469e+00
3.513180971145629883e+00
-4.200135171413421631e-01
-1.287485480308532715e+00
3.376560211181640625e-01
3.196453332901000977e+00
2.548379659652709961e+00
-2.070179283618927002e-01
3.114459037780761719e+00
2.989515781402587891e+00
5.818006396293640137e-01
4.196064174175262451e-02
4.422309994697570801e-01
3.603195667266845703e+00
-1.628447532653808594e+00
1.854815930128097534e-01
1.935451328754425049e-01
-2.951385498046875000e+00
2.008670568466186523e+00
-1.085763692855834961e+00
1.826851367950439453e+00
2.874698936939239502e-01
1.582317352294921875e+00
3.810682058334350586e+00
2.966713011264801025e-01
4.264451861381530762e-01
8.093196153640747070e-01
9.556521177291870117e-01
-2.055526256561279297e+00
-5.594596862792968750e-01
4.367038249969482422e+00
1.366751313209533691e+00
-2.093620449304580688e-01
-2.808682680130004883e+00
1.826323628425598145e+00
2.067229986190795898e+00
2.799882173538208008e+00
-1.124897897243499756e-01
-2.584772825241088867e+00
4.150219917297363281e+00
2.443013429641723633e+00
-1.857993841171264648e+00
-1.295306324958801270e+00
3.904686450958251953e+00
-1.031775116920471191e+00
-6.166436076164245605e-01
3.209015354514122009e-02
5.492435693740844727e-01
-1.849803686141967773e+00
1.028440594673156738e+00
2.891803503036499023e+00
-4.426105916500091553e-01
-2.448171138763427734e+00
3.592944890260696411e-02
5.623563006520271301e-02
7.349170446395874023e-01
-3.905715942382812500e-01
-3.999096155166625977e-01
-1.789047569036483765e-01
1.444081544876098633e+00
-7.218549251556396484e-01
3.142744898796081543e-01
-1.258560419082641602e+00
2.728355407714843750e+00
-1.750808715820312500e+00
5.797883868217468262e-01
6.253407001495361328e-01
-1.841625213623046875e+00
3.212869405746459961e+00
-2.425663471221923828e+00
-2.677321910858154297e+00
-1.903573751449584961e+00
-5.232158303260803223e-01
3.593939065933227539e+00
4.393977642059326172e+00
-5.849084854125976562e-01
-2.617321491241455078e+00
2.150752067565917969e+00
2.226794660091400146e-01
1.391104221343994141e+00
-2.568037748336791992e+00
1.788414835929870605e+00
1.778394222259521484e+00
-1.702042102813720703e+00
-2.849114894866943359e+00
4.183810234069824219e+00
-2.413755655288696289e+00
2.821837663650512695e-01
-1.619841337203979492e+00
-3.117388784885406494e-01
1.001120328903198242e+00
