1.722316384315490723e+00
-1.156025171279907227e+00
1.627069830894470215e+00
4.544728755950927734e+00
1.551636338233947754e+00
3.812821149826049805e+00
1.742731809616088867e+00
2.334535598754882812e+00
2.894674301147460938e+00
1.905743837356567383e+00
-3.426432907581329346e-01
-1.784961670637130737e-01
5.962340235710144043e-01
1.080272436141967773e+00
1.358875930309295654e-01
4.289212822914123535e-01
2.777445316314697266e-01
-4.397546406835317612e-03
2.317597717046737671e-01
-2.303793728351593018e-01
-1.496345102787017822e-01
4.411796331405639648e-01
1.431655287742614746e-01
3.203989863395690918e-01
-2.342742681503295898e-01
-1.236953139305114746e-01
-1.602911949157714844e-01
-2.173428684473037720e-01
-3.848654031753540039e-01
-2.725453674793243408e-02
4.883687496185302734e-01
1.079937592148780823e-01
-3.263127505779266357e-01
2.542710304260253906e-01
-6.944154500961303711e-01
-3.604099452495574951e-01
8.307482600212097168e-01
1.011992931365966797e+01
1.003600120544433594e+01
1.322813510894775391e+01
1.332121944427490234e+01
1.540375041961669922e+01
1.435382461547851562e+01
1.747551727294921875e+01
1.910333251953125000e+01
1.970322608947753906e+01
2.104620742797851562e+01
2.079869270324707031e+01
2.202735519409179688e+01
8.688039183616638184e-01
1.787395402789115906e-02
3.893694579601287842e-01
-4.379697144031524658e-01
2.404262721538543701e-01
-9.405965209007263184e-01
6.756334900856018066e-01
-2.901919841766357422e+00
1.989262580871582031e+00
5.459987521171569824e-01
8.733405470848083496e-01
1.026906728744506836e+00
1.495948076248168945e+00
8.288791179656982422e-01
-5.380707383155822754e-01
-1.742963671684265137e+00
3.683517873287200928e-01
-1.934261918067932129e+00
5.554092526435852051e-01
2.340129852294921875e+00
-9.913780093193054199e-01
-1.966377794742584229e-01
4.246156811714172363e-01
-1.043572783470153809e+00
7.168660163879394531e-01
8.789671659469604492e-01
-9.684659242630004883e-01
-1.902566432952880859e+00
1.572550415992736816e+00
-7.571070790290832520e-01
1.134776306152343750e+01
-5.504262447357177734e+00
5.383823871612548828e+00
-1.596047282218933105e+00
-3.883196711540222168e-01
-3.366567566990852356e-02
3.606675148010253906e+00
-2.586473941802978516e+00
1.401354670524597168e+00
-1.296130943298339844e+01
8.265430450439453125e+00
-9.532072067260742188e+00
2.508077025413513184e-01
-1.692404747009277344e+00
-4.409617930650711060e-02
-9.492811560630798340e-01
-8.542350530624389648e-01
4.999663531780242920e-01
-2.119948387145996094e+00
1.030519723892211914e+00
3.504840373992919922e+00
-2.054094076156616211e+00
2.572918415069580078e+00
-6.374584436416625977e-01
-3.060060739517211914e+00
5.189966559410095215e-01
1.453603148460388184e+00
7.714654207229614258e-01
6.156744956970214844e-01
-2.272941827774047852e+00
3.175926685333251953e+00
6.614590287208557129e-01
-2.048406600952148438e+00
-5.859234333038330078e-01
8.058539032936096191e-01
-8.627808690071105957e-01
5.760175734758377075e-02
2.874366044998168945e+00
5.641301274299621582e-01
9.652714729309082031e-01
-1.484143614768981934e+00
9.003976583480834961e-01
-6.959142088890075684e-01
2.499946832656860352e+00
2.067472696304321289e+00
5.932211279869079590e-01
-3.635733127593994141e+00
5.535342693328857422e+00
4.131068289279937744e-01
9.310802072286605835e-02
-8.733635395765304565e-02
1.001981973648071289e+00
1.443565338850021362e-01
-2.987869977951049805e-01
-1.867276906967163086e+00
1.877447962760925293e+00
-7.483726739883422852e-01
-1.461719632148742676e+00
-7.399663329124450684e-02
1.774244606494903564e-01
4.612654745578765869e-01
-2.681666314601898193e-01
5.783907771110534668e-01
-9.835619330406188965e-01
3.359697759151458740e-01
1.011729001998901367e+00
-3.211685717105865479e-01
6.868305206298828125e-01
4.316800236701965332e-01
-6.568327546119689941e-02
6.354538798332214355e-01
-1.252175271511077881e-01
1.644159436225891113e+00
6.137750577181577682e-03
-8.522906899452209473e-01
-1.174997240304946899e-01
-4.819810390472412109e-01
5.457642674446105957e-01
-1.856035113334655762e+00
7.246345043182373047e+00
2.588103055953979492e+00
-1.549118280410766602e+00
-1.519341915845870972e-01
6.260001659393310547e-01
-4.680880308151245117e-01
1.310690999031066895e+00
-3.053210377693176270e-01
3.591651201248168945e+00
-9.177536964416503906e+00
-5.677937984466552734e+00
2.899016439914703369e-01
4.086825847625732422e-01
1.544693261384963989e-01
3.835285604000091553e-01
1.383219212293624878e-01
8.383474946022033691e-01
-8.820668794214725494e-03
6.865826845169067383e-01
2.273890748620033264e-02
9.725786745548248291e-02
-3.474459648132324219e-01
-2.919030189514160156e-01
-1.094690486788749695e-01
-3.029063940048217773e-01
1.402840316295623779e-01
3.835611790418624878e-02
-5.428554415702819824e-01
1.177938580513000488e+00
-4.226671755313873291e-01
9.081718921661376953e-01
1.310834288597106934e+00
8.063296675682067871e-01
-1.259559869766235352e+00
5.999600291252136230e-01
1.129560589790344238e+00
-9.434838294982910156e-01
1.523517847061157227e+00
-8.629694581031799316e-01
5.257275700569152832e-01
1.388076186180114746e+00
1.485489964485168457e+00
-9.294481277465820312e-01
-1.749295949935913086e+00
6.781603693962097168e-01
2.808578729629516602e+00
8.372494697570800781e+00
-1.747162044048309326e-01
-1.986706405878067017e-01
-2.837576866149902344e-01
5.080844163894653320e-01
1.753181219100952148e-02
6.315572261810302734e-01
9.097637534141540527e-01
-1.514198035001754761e-01
-8.444193601608276367e-01
-4.213302135467529297e-01
9.654384851455688477e-01
4.312307238578796387e-01
-1.045358777046203613e+00
-3.822665810585021973e-01
5.384539365768432617e-01
1.064899086952209473e+00
-2.671190500259399414e-01
9.941197186708450317e-02
-5.476855635643005371e-01
-2.730154693126678467e-01
-2.491738647222518921e-01
7.059704065322875977e-01
-5.436741709709167480e-01
-6.506392359733581543e-01
7.444800138473510742e-01
3.646775707602500916e-02
-2.000261396169662476e-01
1.041161734610795975e-02
-5.408313274383544922e-01
4.910908937454223633e-01
-1.995597481727600098e+00
3.276715755462646484e+00
4.311730384826660156e+00
-1.640241026878356934e+00
-3.161442279815673828e-01
8.799368143081665039e-01
-1.398924291133880615e-01
1.339472174644470215e+00
-5.785307884216308594e-01
2.184424161911010742e+00
-5.807204246520996094e+00
-4.709830760955810547e+00
4.099960252642631531e-02
3.427361845970153809e-01
-2.316955104470252991e-02
1.552795916795730591e-01
3.223959356546401978e-02
-4.135177731513977051e-01
1.518148899078369141e+00
1.300392299890518188e-01
-1.117238283157348633e+00
3.034608960151672363e-01
-6.184021830558776855e-01
1.318834424018859863e-01
8.164615631103515625e-01
-4.328764230012893677e-02
-7.436535954475402832e-01
-2.747457027435302734e-01
-2.129998430609703064e-02
1.257518231868743896e-01
-6.207672953605651855e-01
-5.156739801168441772e-02
8.887146413326263428e-02
2.904483377933502197e-01
-6.839772313833236694e-02
-1.722009479999542236e-02
-1.140574336051940918e+00
-1.241226673126220703e+00
-6.138635426759719849e-02
5.523753538727760315e-02
1.984463214874267578e+00
1.713744997978210449e+00
-8.677695989608764648e-01
-6.301620006561279297e-01
-8.630134910345077515e-02
7.250816822052001953e-01
1.974658370018005371e+00
-6.218275427818298340e-01
9.797643870115280151e-03
-1.166572677902877331e-03
1.947132172062993050e-03
-4.218159883748739958e-04
-8.674373850226402283e-03
-6.227885838598012924e-03
2.339281607419252396e-03
-7.975037209689617157e-03
-8.856056258082389832e-03
-3.225273918360471725e-03
4.887139890342950821e-03
-4.691561043728142977e-04
5.473638884723186493e-03
-7.176098879426717758e-03
8.099284023046493530e-03
-2.313358709216117859e-03
-5.617809947580099106e-03
6.298458320088684559e-04
8.878996595740318298e-03
6.484581623226404190e-03
9.027546271681785583e-03
-3.197388025000691414e-03
9.303172118961811066e-03
-4.057281767018139362e-04
-8.878438733518123627e-03
-2.603565109893679619e-03
3.387745935469865799e-03
-4.236920736730098724e-03
-4.823750350624322891e-03
4.863488487899303436e-03
2.658704761415719986e-03
4.054998978972434998e-03
-4.581870976835489273e-03
7.323776371777057648e-03
-3.928751684725284576e-03
1.954115694388747215e-03
-2.994514361489564180e-04
4.040325060486793518e-03
4.662070423364639282e-03
9.674115106463432312e-03
3.775013843551278114e-03
4.233314655721187592e-03
6.776064168661832809e-03
-1.740170526318252087e-03
4.238505847752094269e-03
-5.679585970938205719e-03
-1.718644285574555397e-03
-6.289230659604072571e-03
-9.602646343410015106e-03
-2.578206127509474754e-03
5.720883607864379883e-03
4.467036109417676926e-03
5.490140058100223541e-03
6.627378985285758972e-03
-7.025272119790315628e-03
1.421958208084106445e-03
-2.680708188563585281e-03
-5.680509842932224274e-03
-4.747595638036727905e-03
-7.442268077284097672e-03
2.014643745496869087e-03
4.747333936393260956e-03
2.688444685190916061e-03
-5.868693115189671516e-04
-3.370222635567188263e-03
-2.368565648794174194e-03
5.200058221817016602e-03
-1.897217880468815565e-04
-1.168192829936742783e-03
5.301733501255512238e-03
-3.967936616390943527e-03
-4.295637365430593491e-03
-3.687958465889096260e-03
-3.471703035756945610e-03
-4.197381902486085892e-03
8.054662495851516724e-03
-1.222888473421335220e-03
3.785896813496947289e-03
9.342098832130432129e-01
1.025833368301391602e+00
-1.728681087493896484e+00
6.788328289985656738e-01
