2.196893215179443359e+00
-2.291768416762351990e-02
5.069620132446289062e+00
4.021104812622070312e+00
1.880225777626037598e+00
3.535317182540893555e+00
6.506752967834472656e-01
-7.564141750335693359e-01
1.874928772449493408e-01
-1.751181334257125854e-01
-8.730302006006240845e-02
-4.771838430315256119e-03
5.468611121177673340e-01
3.133037805557250977e+00
-1.718465566635131836e+00
2.215366959571838379e-01
-3.261246383190155029e-01
2.066828310489654541e-01
3.763597607612609863e-01
-4.268999397754669189e-01
-1.065991878509521484e+00
7.257470488548278809e-01
8.888936996459960938e+00
1.329396820068359375e+01
1.537255477905273438e+01
1.740975570678710938e+01
1.913121414184570312e+01
2.492720031738281250e+01
2.824559020996093750e+01
-3.752947568893432617e+00
2.629823446273803711e+00
-1.878345966339111328e+00
-1.386333703994750977e-01
2.041124820709228516e+00
3.646807432174682617e+00
-1.932073235511779785e-01
-8.152995109558105469e-01
3.021759986877441406e-01
-1.084024667739868164e+00
-2.764214873313903809e-01
-2.555896282196044922e+00
3.175828695297241211e+00
-8.414373993873596191e-01
-6.171268820762634277e-01
-3.686327040195465088e-01
3.737251758575439453e+00
-1.457917571067810059e+00
4.790154933929443359e+00
-1.570940852165222168e+00
-1.545478534698486328e+01
2.880621850490570068e-01
4.275322854518890381e-01
3.975549459457397461e+00
3.220636129379272461e+00
4.146149063110351562e+01
-1.022725939750671387e+00
1.934244394302368164e+00
5.531780794262886047e-02
-5.003648996353149414e-01
1.178705394268035889e-01
6.575213074684143066e-01
-7.610141485929489136e-02
1.895340681076049805e+00
5.938785076141357422e-01
4.753746986389160156e-01
-3.304550647735595703e-01
2.126187682151794434e-01
3.865749239921569824e-01
6.080600619316101074e-01
7.054033130407333374e-02
5.470878481864929199e-01
-4.691374301910400391e-02
1.584841310977935791e-01
-1.210344314575195312e+00
5.465408042073249817e-02
-4.004886373877525330e-02
4.299766123294830322e-01
1.175572514533996582e+00
1.318121910095214844e+00
3.151232376694679260e-02
-3.782758712768554688e-01
-9.761334657669067383e-01
-4.555965900421142578e+00
4.832404136657714844e+00
2.265379428863525391e+00
1.824125170707702637e+00
-4.354619979858398438e-01
8.929584622383117676e-01
-2.335868030786514282e-01
-4.148683547973632812e-01
-3.104313373565673828e+00
-2.689965724945068359e+00
2.490117251873016357e-01
-9.394141845405101776e-03
2.868262529373168945e-01
-1.441069096326828003e-01
3.334632515907287598e-01
-9.471963644027709961e-01
2.846967577934265137e-01
1.127409338951110840e-01
3.356970846652984619e-01
-6.479610204696655273e-01
-8.753612637519836426e-02
-1.701839923858642578e+00
3.024655878543853760e-01
4.260834217071533203e+00
-1.419618368148803711e+00
2.051346153020858765e-01
-1.153074622154235840e+00
-2.723684310913085938e-01
-8.298545837402343750e+00
-1.936916589736938477e+00
-8.983997702598571777e-01
3.625024575740098953e-03
-5.782478023320436478e-03
-6.695143412798643112e-03
-1.595269190147519112e-03
3.588944673538208008e-03
-2.243373543024063110e-03
2.613167045637965202e-03
-1.726861461065709591e-03
9.905024431645870209e-03
-5.607910454273223877e-03
6.415538955479860306e-03
3.345043514855206013e-04
7.306114770472049713e-03
5.828721448779106140e-03
7.688273675739765167e-03
2.837227424606680870e-03
7.668770849704742432e-03
7.835258729755878448e-03
-5.756277125328779221e-03
7.922385819256305695e-03
-4.402207676321268082e-03
3.595278132706880569e-03
-5.576700903475284576e-03
-3.941733390092849731e-03
-6.426639389246702194e-03
-4.972544964402914047e-03
-8.084721863269805908e-03
-8.674029260873794556e-03
9.384793639183044434e-01
1.006643056869506836e+00
-2.128741741180419922e+00
7.307487130165100098e-01
