2.218564033508300781e+00
-7.122510671615600586e-01
5.149430274963378906e+00
4.101391792297363281e+00
3.817063570022583008e+00
-1.202793002128601074e+00
-1.169458985328674316e+00
-9.854001551866531372e-02
-1.781150996685028076e-01
7.249419391155242920e-02
-1.887763261795043945e+00
1.406607031822204590e-01
1.496607996523380280e-02
1.227708999067544937e-02
-2.537301275879144669e-03
1.541199207305908203e+00
1.089435386657714844e+01
1.333581638336181641e+01
1.547889995574951172e+01
1.894978332519531250e+01
2.641323471069335938e+01
-1.059087276458740234e+00
-1.034476399421691895e+00
4.147729277610778809e-01
2.739873528480529785e-01
2.186016321182250977e+00
-9.020481109619140625e-01
3.429828882217407227e-01
-5.804948210716247559e-01
2.469866037368774414e+00
-9.615258574485778809e-01
-2.912210822105407715e-01
-2.133686304092407227e+00
-1.959055960178375244e-01
2.419017553329467773e+00
6.162332534790039062e+00
4.060958027839660645e-01
3.332059383392333984e-01
-2.185142189264297485e-01
9.742312133312225342e-02
-1.365589797496795654e-01
4.775404334068298340e-01
2.520480193197727203e-02
-1.372146010398864746e-01
-1.221294045448303223e+00
6.368259787559509277e-01
4.955195486545562744e-01
-2.938269972801208496e-01
2.606288790702819824e-01
-5.522437691688537598e-01
-8.611962795257568359e-01
5.692209005355834961e-01
2.129834890365600586e-01
4.174436926841735840e-01
-6.514992117881774902e-01
3.508502244949340820e-01
2.786938548088073730e-01
-1.442863494157791138e-01
1.981387585401535034e-01
-2.947207689285278320e-01
3.293942213058471680e-01
-2.792002633213996887e-02
6.406498551368713379e-01
3.133958578109741211e-01
-7.073283195495605469e-01
4.093325734138488770e-01
-6.493497174233198166e-03
2.685813233256340027e-03
6.118257995694875717e-03
-4.143708851188421249e-03
3.979593457188457251e-04
-8.796600624918937683e-03
-8.117515593767166138e-03
5.706737749278545380e-03
-2.932395087555050850e-03
1.784103922545909882e-03
1.675507402978837490e-03
-1.872064545750617981e-03
-6.881568580865859985e-03
-1.450625131838023663e-03
2.903797198086977005e-03
9.310128092765808105e-01
1.279221892356872559e+00
-2.582383394241333008e+00
9.744018912315368652e-01
