1.725414991378784180e+00
6.035761237144470215e-01
3.423470854759216309e-01
-7.208336591720581055e-01
3.872827291488647461e+00
2.798404693603515625e+00
3.712288379669189453e+00
2.038113594055175781e+00
5.657294988632202148e-01
2.238667964935302734e+00
2.185101270675659180e+00
2.572009086608886719e+00
-5.652770772576332092e-02
7.421550750732421875e-01
9.278452992439270020e-01
-1.975618153810501099e-01
-8.950722813606262207e-01
-1.510159820318222046e-01
-2.217401266098022461e+00
-2.474223822355270386e-01
1.132793426513671875e+00
-9.216267466545104980e-01
2.848935127258300781e+00
-5.172959566116333008e-01
-1.079641342163085938e+00
8.653914332389831543e-01
-6.378040909767150879e-01
-2.597823619842529297e+00
-1.145509123802185059e+00
-2.847174882888793945e+00
2.476657152175903320e+00
4.825839400291442871e-01
6.766103506088256836e-01
1.401539683341979980e+00
4.928703308105468750e-01
-6.592069268226623535e-01
3.454442918300628662e-01
-6.835348010063171387e-01
7.080116868019104004e-02
-5.606346130371093750e-01
-2.191326171159744263e-01
2.410653680562973022e-01
1.346854686737060547e+00
2.087353467941284180e-01
1.292249560356140137e+00
-4.914515018463134766e-01
9.636102676391601562e+00
8.880641937255859375e+00
1.006089019775390625e+01
1.298036956787109375e+01
1.353028964996337891e+01
1.543519115447998047e+01
1.430001831054687500e+01
2.088945388793945312e+01
1.749533081054687500e+01
1.889863777160644531e+01
1.943853569030761719e+01
2.221313095092773438e+01
2.427142524719238281e+01
2.868259811401367188e+01
2.719365119934082031e+01
1.462603449821472168e+00
4.401085972785949707e-01
-2.598834037780761719e-01
9.237715601921081543e-02
-1.018130302429199219e+00
1.779910683631896973e+00
2.735099792480468750e+00
-1.585897445678710938e+00
1.118620872497558594e+00
4.174645423889160156e+00
-5.402411937713623047e+00
2.059157848358154297e+00
5.340498447418212891e+00
3.129999876022338867e+00
-1.249252557754516602e+00
-2.561365127563476562e+00
-1.005788564682006836e+00
4.069236814975738525e-01
9.753373265266418457e-01
-6.354779601097106934e-01
2.268782615661621094e+00
2.925276517868041992e+00
-3.541154563426971436e-01
-9.862036705017089844e-01
2.483767032623291016e+00
-6.607699871063232422e+00
-4.864251136779785156e+00
-1.786208868026733398e+00
1.902851581573486328e+00
1.263857245445251465e+00
-1.588379383087158203e+00
2.055953264236450195e+00
-1.786230802536010742e-01
3.285784959793090820e+00
-1.211275458335876465e+00
-3.014503717422485352e-01
-8.749572634696960449e-01
1.267256617546081543e+00
-8.087584972381591797e-01
1.773544430732727051e+00
1.490253329277038574e+00
-1.122931480407714844e+00
-4.386211931705474854e-02
1.132522702217102051e+00
1.482182860374450684e+00
-8.316259384155273438e+00
8.145968437194824219e+00
5.369555950164794922e+00
-1.093739414215087891e+01
7.444853782653808594e+00
-1.138579654693603516e+01
-1.378004193305969238e+00
-3.165414333343505859e+00
-2.414728879928588867e+00
-3.526611566543579102e+00
-1.366985201835632324e+00
8.300554275512695312e+00
-9.187658309936523438e+00
-3.627214193344116211e+00
1.281032943725585938e+01
-8.458371162414550781e+00
1.102186393737792969e+01
4.697798252105712891e+00
3.550778865814208984e+00
5.079820156097412109e-01
3.253566622734069824e-01
-9.473937153816223145e-01
-1.165400147438049316e+00
-7.864743471145629883e-01
6.187350749969482422e-01
-1.478325843811035156e+00
-3.304381072521209717e-01
1.739870309829711914e+00
1.667621970176696777e+00
-2.150091886520385742e+00
-4.459781169891357422e+00
2.060080528259277344e+00
3.428754329681396484e+00
-1.407984733581542969e+01
1.091258144378662109e+01
-2.573975801467895508e+00
-1.456457996368408203e+01
-5.061478614807128906e+00
-2.872841358184814453e-01
4.211753845214843750e+00
2.148622512817382812e+00
-6.800428032875061035e-01
-1.546657085418701172e-01
-4.019301414489746094e+00
2.993731759488582611e-03
2.721588127315044403e-02
-4.704693317413330078e+00
1.104725599288940430e+00
1.371385574340820312e+00
-1.254781723022460938e+00
-2.566512823104858398e+00
1.053114056587219238e+00
2.901583015918731689e-01
-4.892158031463623047e+00
-3.122560083866119385e-01
-4.927743971347808838e-01
5.971477985382080078e+00
9.601711034774780273e-01
1.588685274124145508e+00
2.069148540496826172e+00
2.021170377731323242e+00
-3.957569360733032227e+00
-1.212368011474609375e+00
-2.510848641395568848e-01
-2.996189594268798828e+00
2.036952495574951172e+00
8.066985607147216797e-01
6.143929958343505859e-01
6.580700397491455078e+00
4.646619319915771484e+00
-1.718255281448364258e-01
5.396744608879089355e-01
-1.354360461235046387e+00
-1.648969650268554688e+00
-1.790628075599670410e+00
-1.442292630672454834e-01
1.883324086666107178e-01
-3.227530047297477722e-02
4.921745657920837402e-01
-3.241790831089019775e-01
6.163377165794372559e-01
-2.515031576156616211e+00
8.387612700462341309e-01
-7.430499196052551270e-01
8.082169294357299805e-01
-6.298779845237731934e-01
3.390448912978172302e-02
-2.502160370349884033e-01
9.453323483467102051e-02
3.428391814231872559e-01
2.131613969802856445e+00
4.448291957378387451e-01
6.344385445117950439e-02
-2.838469743728637695e-01
-4.190503358840942383e-01
-8.732551336288452148e-01
-3.462618961930274963e-02
8.155816793441772461e-01
-1.678118228912353516e+00
1.976383566856384277e+00
2.599789798259735107e-01
-7.181322574615478516e-02
2.076872587203979492e+00
5.236332863569259644e-02
2.230001091957092285e-01
1.206273660063743591e-01
-4.313488006591796875e-01
1.086374297738075256e-01
-9.360799938440322876e-02
-2.566560804843902588e-01
3.040836453437805176e-01
-1.231958031654357910e+00
-8.204670995473861694e-02
9.483649134635925293e-01
-9.166811704635620117e-01
-5.890057682991027832e-01
1.902569174766540527e+00
-7.611107826232910156e-01
5.132876634597778320e-01
-1.623379826545715332e+00
3.913969278335571289e+00
-2.601908206939697266e+00
7.448708415031433105e-01
-9.680945873260498047e-01
1.540988564491271973e+00
6.934275627136230469e-01
-1.151937007904052734e+00
8.217038512229919434e-01
1.504276394844055176e+00
1.113790392875671387e+00
1.364509820938110352e+00
-4.743278026580810547e+00
3.114884853363037109e+00
-3.840779960155487061e-01
1.394823551177978516e+00
-1.801143288612365723e+00
-4.397506415843963623e-01
3.321456313133239746e-01
-5.319569706916809082e-01
-6.669840812683105469e-01
7.069721221923828125e-01
-9.221981167793273926e-01
7.916378229856491089e-02
1.763161458075046539e-02
-1.983880698680877686e-01
6.110963821411132812e-01
-7.471169829368591309e-01
-1.756224393844604492e+00
-7.054649591445922852e-01
1.635257303714752197e-01
8.495645523071289062e+00
-2.068249464035034180e+00
1.315962374210357666e-01
7.324857115745544434e-01
3.894479572772979736e-01
-1.811060547828674316e+00
3.995187044143676758e+00
-1.128533408045768738e-01
-1.417829513549804688e+00
-9.635753929615020752e-03
7.129584550857543945e-01
7.045274972915649414e-01
-8.774693012237548828e-01
2.005545347929000854e-01
1.830635309219360352e+00
5.979870557785034180e-01
8.645550161600112915e-02
-7.498674392700195312e-01
8.977562785148620605e-01
-7.690067291259765625e-01
-6.658585667610168457e-01
5.642822980880737305e-01
7.555016875267028809e-01
-2.115526795387268066e-01
-1.074906706809997559e+00
8.425213098526000977e-01
-8.088344335556030273e-01
-1.521785497665405273e+00
-7.610753178596496582e-01
-6.245828792452812195e-02
-1.518228948116302490e-01
6.608384847640991211e-01
1.985733985900878906e+00
1.213329672813415527e+00
9.671659469604492188e-01
1.856785297393798828e+00
-3.259266018867492676e-01
-4.582036435604095459e-01
7.295592874288558960e-02
-3.815548658370971680e+00
-6.867673993110656738e-01
-1.055640220642089844e+00
1.240003824234008789e+00
3.106870651245117188e-01
-4.980524182319641113e-01
1.027554944157600403e-01
4.256120026111602783e-01
8.936086297035217285e-02
-2.119764685630798340e-02
6.114385128021240234e-01
5.028738453984260559e-02
-2.045754194259643555e+00
-2.390409857034683228e-01
-1.563364714384078979e-01
1.212299227714538574e+00
-6.113951802253723145e-01
1.221255302429199219e+00
-1.200907975435256958e-01
1.069013550877571106e-01
1.042536973953247070e+00
1.085520267486572266e+00
3.089116215705871582e-01
2.407946735620498657e-01
-2.176479250192642212e-01
5.133139491081237793e-01
2.167647480964660645e-01
-1.364367246627807617e+00
7.157438397407531738e-01
-7.221418619155883789e-01
2.742650210857391357e-01
2.772242546081542969e+00
2.074526786804199219e+00
-3.150667250156402588e-01
8.954532742500305176e-01
-4.982272982597351074e-01
9.141355156898498535e-01
-6.829228401184082031e-01
-1.181028187274932861e-01
-8.160837292671203613e-01
-4.957565069198608398e-01
-1.352171152830123901e-01
8.807826042175292969e-01
6.763198226690292358e-02
6.211668998003005981e-02
7.111688256263732910e-01
3.257810175418853760e-01
4.172090291976928711e-01
-8.032870292663574219e-01
4.201405942440032959e-01
-9.196072220802307129e-01
3.551485300064086914e+00
-1.086000084877014160e+00
1.805932372808456421e-01
-1.388923287391662598e+00
1.567689657211303711e+00
7.514641880989074707e-01
-6.657345890998840332e-01
6.265724897384643555e-01
1.208315968513488770e+00
-1.869462989270687103e-02
1.056539416313171387e+00
-3.946922302246093750e+00
1.477542400360107422e+00
-5.534786581993103027e-01
9.517365097999572754e-01
-8.176053166389465332e-01
-1.578489840030670166e-01
-1.485231518745422363e-01
-1.085213780403137207e+00
-7.026103734970092773e-01
-2.129290997982025146e-01
-4.444464743137359619e-01
1.178738996386528015e-01
5.050594210624694824e-01
5.306232348084449768e-02
-4.335980415344238281e-01
8.134654760360717773e-01
-1.338932514190673828e+00
-3.405631333589553833e-02
1.213751792907714844e+00
2.993247747421264648e+00
-8.911899924278259277e-01
5.643268227577209473e-01
-1.857644617557525635e-01
1.798408329486846924e-01
-1.380746126174926758e+00
6.099941253662109375e+00
7.360634207725524902e-01
-1.267748117446899414e+00
-1.356143593788146973e+00
-1.412007808685302734e+00
1.239786028861999512e+00
-5.235983133316040039e-01
-2.828577458858489990e-01
-6.397033482789993286e-02
1.085160851478576660e+00
8.592525124549865723e-01
4.576862752437591553e-01
-1.031207442283630371e+00
1.375839114189147949e+00
6.105611324310302734e-01
2.340737104415893555e+00
-4.954121261835098267e-02
1.247123003005981445e+00
6.658070087432861328e-01
-4.583704471588134766e-01
-1.765017360448837280e-01
-4.551365375518798828e+00
-6.106637120246887207e-01
8.883388042449951172e-01
2.007397562265396118e-01
3.754586875438690186e-01
2.851632356643676758e+00
7.854713499546051025e-02
-9.246374368667602539e-01
1.673224925994873047e+00
-2.269965410232543945e+00
-6.764816641807556152e-01
9.847201108932495117e-01
-3.676863908767700195e+00
-2.407637596130371094e+00
5.654490590095520020e-01
-1.857468366622924805e+00
6.011768579483032227e-01
-5.130630731582641602e-01
2.879169881343841553e-01
9.001700282096862793e-01
7.646938562393188477e-01
6.605124473571777344e-01
1.946675330400466919e-01
4.340731799602508545e-01
9.901650547981262207e-01
7.874769568443298340e-01
5.979512929916381836e-01
1.015667468309402466e-01
9.755917191505432129e-01
5.427946448326110840e-01
6.200615167617797852e-01
1.970689594745635986e-01
4.334805905818939209e-02
3.595358431339263916e-01
8.644522428512573242e-01
6.433824449777603149e-02
7.316885888576507568e-02
7.673543095588684082e-01
5.086711645126342773e-01
8.085550069808959961e-01
5.787811279296875000e-01
3.821922540664672852e-01
7.455736398696899414e-01
3.421660661697387695e-01
5.085546970367431641e-01
6.607348918914794922e-01
9.849493503570556641e-01
6.772989034652709961e-01
8.607725501060485840e-01
6.074756383895874023e-01
3.080635666847229004e-01
2.721806764602661133e-01
6.973217129707336426e-01
5.912044048309326172e-01
2.553727924823760986e-01
8.976777195930480957e-01
7.554686069488525391e-02
1.770752668380737305e-01
3.602472841739654541e-01
9.838415384292602539e-01
2.884843051433563232e-01
9.578528404235839844e-01
9.953331351280212402e-01
8.340578079223632812e-01
3.481499552726745605e-01
4.818866550922393799e-01
2.279973328113555908e-01
3.638215065002441406e-01
3.139866888523101807e-01
5.728753805160522461e-01
7.540617138147354126e-02
9.021464586257934570e-01
1.317643970251083374e-01
3.986028134822845459e-01
6.580747961997985840e-01
8.820405602455139160e-01
3.904356658458709717e-01
9.479397535324096680e-01
3.694230020046234131e-01
8.234370350837707520e-01
7.703627943992614746e-01
8.412458300590515137e-01
5.482960343360900879e-01
3.419367969036102295e-02
8.225336074829101562e-01
9.036222696304321289e-01
1.612990796566009521e-01
8.772934079170227051e-01
4.032335281372070312e-01
6.434196829795837402e-01
6.269683837890625000e-01
8.474623560905456543e-01
8.227252960205078125e-01
4.782415330410003662e-01
4.364575445652008057e-01
2.805533409118652344e-01
6.526382565498352051e-01
9.110277891159057617e-01
7.224795818328857422e-01
4.778853952884674072e-01
4.068135321140289307e-01
4.813620150089263916e-01
6.145243644714355469e-01
1.998141109943389893e-01
2.527630925178527832e-01
2.553234994411468506e-01
2.120785117149353027e-01
7.781919240951538086e-01
8.967942595481872559e-01
4.578296840190887451e-01
6.863779574632644653e-02
1.930802166461944580e-01
9.470007419586181641e-01
1.012752950191497803e-01
8.948395252227783203e-01
2.897086739540100098e-01
2.948450148105621338e-01
3.447609841823577881e-01
7.502976059913635254e-01
8.771511912345886230e-01
9.254488945007324219e-01
3.269247412681579590e-01
2.166535109281539917e-01
4.528908431529998779e-01
1.125534996390342712e-03
7.205076813697814941e-01
4.133158326148986816e-01
6.751763820648193359e-01
8.400713205337524414e-01
6.634352803230285645e-01
6.636009365320205688e-02
2.667759358882904053e-01
3.928354680538177490e-01
8.755934238433837891e-01
2.604806125164031982e-01
9.454771280288696289e-01
9.854195266962051392e-02
3.093699514865875244e-01
1.457202196121215820e+00
9.071304798126220703e-01
-1.508165359497070312e+00
5.826972723007202148e-01
