2.180813789367675781e+00
5.017115116119384766e+00
3.555882930755615234e+00
1.996568560600280762e+00
1.866455435752868652e+00
2.091418027877807617e+00
2.860339403152465820e+00
-2.373102353885769844e-03
3.413843512535095215e-01
4.409298300743103027e-01
-7.667168378829956055e-01
4.850282073020935059e-01
-3.357829749584197998e-01
8.155036717653274536e-02
1.219936728477478027e+00
-1.755645573139190674e-01
-2.730264365673065186e-01
-8.629415929317474365e-02
-8.594141155481338501e-02
-6.050152182579040527e-01
4.627173244953155518e-01
-5.915227532386779785e-01
1.328679656982421875e+01
1.532867431640625000e+01
1.531161403656005859e+01
1.740284156799316406e+01
1.904931259155273438e+01
1.908003234863281250e+01
2.197047996520996094e+01
-7.806386351585388184e-01
-1.134394034743309021e-01
3.257792592048645020e-01
8.475039154291152954e-02
-6.070877611637115479e-02
-2.894770503044128418e-01
7.799101620912551880e-02
-2.170325815677642822e-01
-1.651524782180786133e+00
-1.074428200721740723e+00
2.769804000854492188e-01
3.812579512596130371e-01
2.339950799942016602e+00
4.587916374206542969e+00
-3.044431805610656738e-01
-5.658445134758949280e-02
-3.368679583072662354e-01
-6.721034049987792969e+00
1.681985259056091309e+00
-1.403079509735107422e+00
1.570184156298637390e-02
3.400830328464508057e-01
3.856325745582580566e-01
2.400811165571212769e-01
-2.571617841720581055e+00
-3.386112749576568604e-01
1.761162519454956055e+00
5.059958934783935547e+00
5.945687294006347656e-01
-7.752212136983871460e-02
1.910765320062637329e-01
6.695723859593272209e-04
5.541699528694152832e-01
-1.783469468355178833e-01
-3.471085727214813232e-01
3.835583627223968506e-01
1.071670532226562500e+00
1.545415371656417847e-01
-1.569833457469940186e-01
-5.172291025519371033e-02
-2.482223987579345703e+00
-1.947149872779846191e+00
-2.663126587867736816e-01
8.173851966857910156e-01
5.066988468170166016e-01
5.785361766815185547e+00
-3.146749138832092285e-01
5.643078088760375977e-01
-7.730803638696670532e-02
2.387081384658813477e-01
2.443173825740814209e-01
1.385820331051945686e-03
-1.714709281921386719e+00
4.763714373111724854e-01
-7.660856842994689941e-01
-2.867611646652221680e+00
1.167753115296363831e-01
6.913112103939056396e-02
-3.439442217350006104e-01
1.111088544130325317e-01
4.090427979826927185e-02
6.526849418878555298e-02
6.093298643827438354e-02
-1.029629781842231750e-01
4.226644337177276611e-02
4.161906540393829346e-01
-1.752089560031890869e-01
3.971201926469802856e-02
2.335560798645019531e+00
-2.082391455769538879e-02
-2.017670124769210815e-01
4.084295630455017090e-01
-5.673290491104125977e-01
-3.243325233459472656e+00
-3.429790139198303223e-01
1.130930334329605103e-01
1.428609341382980347e-01
-5.599331855773925781e-01
9.469935297966003418e-02
-1.453203558921813965e-01
1.576750278472900391e+00
4.969435557723045349e-02
8.086665272712707520e-01
1.434220373630523682e-01
9.417283348739147186e-03
-4.999609664082527161e-03
9.072538465261459351e-03
-6.517694797366857529e-03
4.379541147500276566e-03
-8.973567746579647064e-03
5.999852437525987625e-03
-8.451741188764572144e-03
-1.673821709118783474e-03
-4.049240145832300186e-03
6.855111103504896164e-03
7.959134876728057861e-03
-4.454533569514751434e-03
-9.617070667445659637e-03
-9.624510072171688080e-03
9.298050776124000549e-03
-8.394191972911357880e-03
1.826634164899587631e-03
7.620134856551885605e-03
4.661850165575742722e-03
-2.707857172936201096e-03
9.253310970962047577e-03
6.025245413184165955e-03
2.853873593267053366e-04
-9.941375814378261566e-03
4.400578618515282869e-04
-9.261489845812320709e-03
5.907135084271430969e-03
1.116481423377990723e+00
9.910950064659118652e-01
-2.064704418182373047e+00
6.959762573242187500e-01
