1.651208496093750000e+01
1.269426822662353516e+01
1.674151992797851562e+01
8.779140472412109375e+00
1.186459732055664062e+01
1.560125160217285156e+01
6.429997920989990234e+00
1.545461940765380859e+01
1.674174880981445312e+01
6.010618686676025391e+00
5.903677940368652344e+00
-4.983905792236328125e+00
-1.302461624145507812e+00
9.998708724975585938e+00
2.073443651199340820e+00
4.775589942932128906e+00
-5.961945056915283203e+00
5.700363159179687500e+00
-1.647809147834777832e-01
6.750970363616943359e+00
-1.362809944152832031e+01
1.392214870452880859e+01
2.793490171432495117e+00
-2.701565265655517578e+00
4.153809070587158203e+00
-9.347129821777343750e+00
-4.749625205993652344e+00
-2.792628288269042969e+00
6.672785758972167969e+00
6.764510631561279297e+00
-4.837080478668212891e+00
6.767833232879638672e+00
3.964262485504150391e+00
1.278593391180038452e-01
1.171915912628173828e+01
-1.084431076049804688e+01
-3.487386703491210938e+00
8.077959060668945312e+00
5.015374660491943359e+00
1.084134340286254883e+00
-7.003587722778320312e+00
6.696315765380859375e+00
4.862266540527343750e+00
-5.503598213195800781e+00
8.538267135620117188e+00
6.938116073608398438e+00
7.968295097351074219e+00
-7.838699817657470703e+00
6.449535846710205078e+00
6.667701721191406250e+00
5.782605648040771484e+00
7.737682819366455078e+00
-3.034337520599365234e+00
1.799761414527893066e+00
-2.600339174270629883e+00
3.758981704711914062e+00
-3.054765760898590088e-01
-1.870098829269409180e+00
2.627103805541992188e+00
4.446474909782409668e-01
-4.133787155151367188e+00
3.177300691604614258e+00
2.194778442382812500e+00
2.313762664794921875e+00
-3.212041258811950684e-01
-1.650291204452514648e+00
5.743175745010375977e-01
2.218266487121582031e+00
2.347221612930297852e+00
-2.499518156051635742e+00
1.671210169792175293e+00
-4.721429347991943359e-01
-9.292520880699157715e-01
-8.222029805183410645e-01
3.055015206336975098e-01
-2.081620097160339355e-01
2.062028884887695312e+00
-1.558217555284500122e-01
-5.699349641799926758e-01
4.241845607757568359e+00
4.758517265319824219e+00
2.751715421676635742e+00
5.674407005310058594e+00
1.278759241104125977e+00
-7.100590229034423828e+00
-2.751998901367187500e+00
-7.087198257446289062e+00
-6.810166239738464355e-01
-1.149182200431823730e+00
-6.116393208503723145e-01
4.736600875854492188e+00
1.156461000442504883e+00
1.216136574745178223e+00
1.571041345596313477e+00
-2.726159095764160156e+00
6.419526338577270508e-01
-3.494337320327758789e+00
2.320803642272949219e+00
-4.086098194122314453e+00
1.021473407745361328e-01
2.603286743164062500e+00
1.358973741531372070e+00
1.161621138453483582e-01
-8.214092254638671875e-01
-2.631157934665679932e-01
-2.565787315368652344e+00
-1.967523455619812012e+00
1.627356767654418945e+00
5.144767284393310547e+00
-6.662039160728454590e-01
3.714375734329223633e+00
-4.650708198547363281e+00
-6.725888252258300781e-01
-2.897770643234252930e+00
-2.409718275070190430e+00
-4.877030551433563232e-01
-1.742680549621582031e+00
1.207133889198303223e+00
1.963457107543945312e+00
-1.493409395217895508e+00
1.221235513687133789e+00
-1.226014018058776855e+00
5.643001198768615723e-02
-6.090675830841064453e+00
4.479551315307617188e-01
3.620051383972167969e+00
7.688018798828125000e+00
-4.622428715229034424e-01
-1.334411859512329102e+00
1.115674734115600586e+00
-3.412533998489379883e-01
7.004815936088562012e-01
5.435863494873046875e+00
2.144523620605468750e+00
6.137965992093086243e-02
-2.798225581645965576e-01
-8.142566680908203125e-02
-1.383049011230468750e+00
1.110836386680603027e+00
-2.367122471332550049e-01
1.789914369583129883e+00
-2.562181711196899414e+00
5.262830257415771484e-01
1.847195148468017578e+00
3.714853525161743164e+00
