9.179374694824218750e+00
1.131516551971435547e+01
2.019652748107910156e+01
1.548603916168212891e+01
1.544419002532958984e+01
9.354325294494628906e+00
1.025163936614990234e+01
1.185416126251220703e+01
4.359303474426269531e+00
1.596569538116455078e+01
1.566205024719238281e+01
1.615906906127929688e+01
3.741381168365478516e+00
1.136108493804931641e+01
-1.144997119903564453e+01
5.732789635658264160e-01
7.472925186157226562e-01
-5.257869720458984375e+00
2.613518238067626953e-01
1.531780338287353516e+01
3.163427352905273438e+00
8.105126380920410156e+00
2.621658086776733398e+00
2.173405289649963379e-01
3.297956466674804688e+00
-1.616473197937011719e+00
7.982963323593139648e-01
-3.443049907684326172e+00
3.635349035263061523e+00
-8.808279037475585938e+00
-7.559520244598388672e+00
-1.590810108184814453e+01
1.873081803321838379e+00
1.326319575309753418e+00
-1.284372711181640625e+01
-5.857789993286132812e+00
1.060584664344787598e+00
6.231504440307617188e+00
2.423083782196044922e+00
6.243761539459228516e+00
-1.121807289123535156e+01
3.084448814392089844e+00
5.849074840545654297e+00
4.522337913513183594e+00
-2.531869888305664062e+00
2.080246210098266602e+00
-2.924503087997436523e-01
-1.489620327949523926e+00
-9.678994417190551758e-01
-1.495097756385803223e+00
1.299803256988525391e-01
2.327677488327026367e+00
2.852484285831451416e-01
-1.208073198795318604e-01
5.459508895874023438e+00
-5.040166854858398438e+00
-1.167330455780029297e+01
-2.696254968643188477e+00
1.157808303833007812e+01
5.385313034057617188e+00
-5.053962230682373047e+00
-6.470879912376403809e-01
1.468950629234313965e+00
6.088339805603027344e+00
8.021839141845703125e+00
-9.965283393859863281e+00
1.358212471008300781e+01
-8.863881111145019531e+00
-1.446414470672607422e+00
3.369271516799926758e+00
1.368276000022888184e+00
4.820202350616455078e+00
9.793177604675292969e+00
9.125960350036621094e+00
5.325150012969970703e+00
-3.295607805252075195e+00
4.129100799560546875e+00
-4.419661164283752441e-01
3.341086387634277344e+00
1.348176956176757812e+00
1.943092226982116699e+00
5.029054164886474609e+00
9.813111305236816406e+00
-6.352739930152893066e-01
2.197417974472045898e+00
-6.909653663635253906e+00
2.968264818191528320e+00
3.789777994155883789e+00
-8.058819770812988281e+00
-8.225727081298828125e-01
-3.146308898925781250e+00
2.254467964172363281e+00
-2.034129381179809570e+00
-1.723886013031005859e+00
-6.230583190917968750e+00
4.236442148685455322e-01
4.366238594055175781e+00
4.817323207855224609e+00
-4.821691036224365234e+00
-3.912982940673828125e+00
-2.883229970932006836e+00
4.742981910705566406e+00
1.796590447425842285e+00
-1.823931217193603516e+00
-5.940250158309936523e-01
3.875569105148315430e+00
-8.211067318916320801e-01
2.371122121810913086e+00
-2.468029022216796875e+00
-5.125691890716552734e-01
3.256838560104370117e+00
1.757273197174072266e+00
-4.471676647663116455e-01
1.696092933416366577e-01
-1.551809430122375488e+00
1.580204367637634277e+00
4.114493370056152344e+00
7.204920649528503418e-01
1.604822754859924316e+00
3.186169624328613281e+00
-1.192865967750549316e+00
8.127505183219909668e-01
-3.639908313751220703e+00
-1.722017884254455566e+00
-1.002181544899940491e-01
9.843134284019470215e-01
-1.029396653175354004e+00
1.429554075002670288e-01
1.512055397033691406e+00
-2.110183954238891602e+00
-1.075989156961441040e-01
1.519042968750000000e+00
-9.427223354578018188e-02
-7.955422997474670410e-01
1.504489569924771786e-03
5.848760604858398438e+00
1.499520421028137207e+00
1.271198749542236328e+00
5.239655971527099609e+00
-1.885480046272277832e+00
7.856522500514984131e-02
4.140515327453613281e+00
-2.871595382690429688e+00
-6.298140436410903931e-02
1.522234082221984863e+00
5.089450836181640625e+00
1.001465559005737305e+00
-5.470108509063720703e+00
1.873975157737731934e+00
-1.194320797920227051e+00
-4.934463024139404297e+00
3.332698583602905273e+00
3.402871266007423401e-02
4.538695335388183594e+00
1.898245215415954590e+00
-8.571562170982360840e-01
3.219620287418365479e-01
1.109541893005371094e+00
-1.052575111389160156e-01
-5.557867288589477539e-01
-1.676523208618164062e+00
-1.195833683013916016e+00
-2.100013196468353271e-02
-3.041916847229003906e+00
5.480979919433593750e+00
-1.261562585830688477e+00
-4.701918125152587891e+00
-3.124927282333374023e+00
-4.874333381652832031e+00
4.164865970611572266e+00
-3.811908364295959473e-01
1.200847983360290527e+00
-2.712557554244995117e+00
2.943643093109130859e+00
4.376442909240722656e+00
3.155049681663513184e-01
-6.763927340507507324e-01
-1.294494271278381348e+00
-1.146723866462707520e+00
3.933630704879760742e+00
2.240482568740844727e+00
-2.855726003646850586e+00
2.556997835636138916e-01
2.527202844619750977e+00
-2.991389513015747070e+00
6.612099647521972656e+00
-2.480861425399780273e+00
-1.515212774276733398e+00
2.945895910263061523e+00
1.067180633544921875e+00
4.176946640014648438e+00
-2.271241426467895508e+00
2.412972688674926758e+00
3.230885028839111328e+00
3.486189126968383789e+00
7.252655625343322754e-01
2.551747083663940430e+00
-1.694249629974365234e+00
2.445821523666381836e+00
5.292887687683105469e-01
1.524395465850830078e+00
-2.941954433917999268e-01
-4.743606150150299072e-01
-4.515791535377502441e-01
1.425923585891723633e+00
-5.431420728564262390e-02
5.029622316360473633e-01
1.201604962348937988e+00
3.449172154068946838e-02
-1.152294397354125977e+00
-1.245751142501831055e+00
-2.376050233840942383e+00
-7.819542884826660156e-01
5.159589767456054688e+00
5.032366514205932617e-01
-9.992124438285827637e-01
-7.832513004541397095e-02
-9.728901982307434082e-01
-2.053205728530883789e+00
4.005754470825195312e+00
-1.780014872550964355e+00
-1.377755522727966309e+00
-9.005174785852432251e-02
3.210260391235351562e+00
2.372308731079101562e+00
-4.236252784729003906e+00
-5.213112831115722656e-01
2.699700742959976196e-02
-4.184088230133056641e+00
3.141191482543945312e+00
1.227061867713928223e+00
4.510160923004150391e+00
2.182897806167602539e+00
-4.253788292407989502e-01
3.696021735668182373e-01
2.584097087383270264e-01
-3.441582679748535156e+00
4.633075296878814697e-01
-1.973943471908569336e+00
1.659422993659973145e+00
2.472811222076416016e+00
-7.891238331794738770e-01
4.768829822540283203e+00
-2.744286775588989258e+00
-3.189206123352050781e+00
-4.165638446807861328e+00
-8.184237480163574219e-01
