2.219987392425537109e+00
-1.063390374183654785e+00
5.154282569885253906e+00
4.078906059265136719e+00
3.835445642471313477e+00
9.488875865936279297e-01
1.836790800094604492e+00
-1.973969303071498871e-02
1.384831517934799194e-01
6.217122077941894531e-01
-4.265172779560089111e-01
-2.683963775634765625e+00
-1.382406651973724365e-01
-1.109842658042907715e-01
-4.200202524662017822e-01
5.888422131538391113e-01
1.097369480133056641e+01
1.334348106384277344e+01
1.546504116058349609e+01
1.892176628112792969e+01
2.445502853393554688e+01
-1.486481904983520508e+00
4.615694284439086914e-01
-7.237110137939453125e-01
-7.492433786392211914e-01
-1.024607539176940918e+00
-8.060033917427062988e-01
-3.164142742753028870e-02
-3.354225754737854004e-01
-1.721580982208251953e+00
-9.432716369628906250e-01
-5.102182626724243164e-01
1.215912461280822754e+00
-2.117033898830413818e-01
1.714571952819824219e+00
4.193571090698242188e+00
1.780827283859252930e+00
9.595488756895065308e-02
2.792175672948360443e-02
-2.270910590887069702e-01
3.419559597969055176e-01
5.033087730407714844e-01
-1.425235271453857422e-01
1.362223327159881592e-01
-1.183506131172180176e+00
2.576232850551605225e-01
4.799688607454299927e-02
-7.776843309402465820e-01
2.416822612285614014e-01
-1.017655014991760254e+00
1.095996737480163574e+00
-1.213925361633300781e+00
-1.833733171224594116e-01
1.440653353929519653e-01
2.544031143188476562e-01
-3.833549618721008301e-01
2.514018714427947998e-01
-7.014364749193191528e-02
4.316346347332000732e-01
1.419760465621948242e+00
6.721280217170715332e-01
1.493925452232360840e-01
-1.132919266819953918e-02
3.469995260238647461e-01
2.235385775566101074e-01
-1.419067144393920898e+00
-1.038949354551732540e-03
9.938447736203670502e-03
-1.771868672221899033e-03
3.095006395597010851e-04
-4.315369296818971634e-03
-5.922290030866861343e-03
5.090323276817798615e-03
-6.013677921146154404e-03
5.157492123544216156e-03
-2.376765478402376175e-03
-3.279287135228514671e-03
-2.942506922408938408e-03
4.216609522700309753e-03
-8.024152368307113647e-03
-9.780206717550754547e-03
6.379588246345520020e-01
1.280231952667236328e+00
-2.545120239257812500e+00
9.699970483779907227e-01
