2.219326972961425781e+00
1.230035662651062012e+00
5.130781173706054688e+00
4.115482807159423828e+00
3.826219081878662109e+00
1.950944542884826660e+00
2.881047487258911133e+00
-7.473103404045104980e-01
8.367836475372314453e-01
8.289961218833923340e-01
1.042933702468872070e+00
-3.629018068313598633e+00
-2.754607498645782471e-01
1.016484387218952179e-02
-5.191214680671691895e-01
2.650352716445922852e-01
8.622157096862792969e+00
1.333578300476074219e+01
1.545547199249267578e+01
1.893007850646972656e+01
2.893305969238281250e+01
-2.742430925369262695e+00
1.174979090690612793e+00
-1.385778665542602539e+00
-4.172916412353515625e-01
-1.881154775619506836e+00
-8.242346048355102539e-01
1.334789581596851349e-02
-4.973199069499969482e-01
-2.354732036590576172e+00
-9.651330113410949707e-01
-3.154507279396057129e-01
1.773505806922912598e+00
-2.177043259143829346e-01
2.154552936553955078e+00
9.460618019104003906e+00
3.235868692398071289e+00
2.366805523633956909e-01
-1.274655461311340332e-01
-6.854909472167491913e-03
4.210471510887145996e-01
6.570426225662231445e-01
-8.702280372381210327e-02
-4.821789264678955078e-01
-1.835647702217102051e+00
2.367381751537322998e-01
5.922713875770568848e-01
-5.018638372421264648e-01
2.694090008735656738e-01
-1.603499531745910645e+00
1.919505000114440918e+00
-1.880099534988403320e+00
-2.838857173919677734e-01
1.921109557151794434e-01
-1.267926841974258423e-01
-5.389834046363830566e-01
1.159177348017692566e-01
-1.581474989652633667e-01
9.337499141693115234e-01
1.554454445838928223e+00
6.921463608741760254e-01
-2.838015854358673096e-01
-1.565872281789779663e-01
3.268525898456573486e-01
4.640902578830718994e-01
-2.264964818954467773e+00
-1.038949354551732540e-03
9.938447736203670502e-03
-1.771868672221899033e-03
3.095006395597010851e-04
-4.315369296818971634e-03
-5.922290030866861343e-03
5.090323276817798615e-03
-6.013677921146154404e-03
5.157492123544216156e-03
-2.376765478402376175e-03
-3.279287135228514671e-03
-2.942506922408938408e-03
4.216609522700309753e-03
-8.024152368307113647e-03
-9.780206717550754547e-03
7.400614023208618164e-01
1.280499458312988281e+00
-2.572449445724487305e+00
9.679867029190063477e-01
