2.218800306320190430e+00
7.662967443466186523e-01
5.146505832672119141e+00
4.108851909637451172e+00
3.811811447143554688e+00
-1.749101281166076660e+00
1.122497439384460449e+00
-1.389262452721595764e-02
-3.698771595954895020e-01
7.565609365701675415e-02
-2.374100685119628906e+00
6.472254544496536255e-02
-4.522251430898904800e-03
-1.312938518822193146e-02
9.963669627904891968e-02
1.661198496818542480e+00
9.798727989196777344e+00
1.333537769317626953e+01
1.547822570800781250e+01
1.895251083374023438e+01
2.911264419555664062e+01
-1.612539172172546387e+00
1.400945067405700684e+00
-7.845730185508728027e-01
8.307602256536483765e-02
-2.826290607452392578e+00
-9.063238501548767090e-01
5.089423060417175293e-01
-7.673099040985107422e-01
2.690889596939086914e+00
-1.023948907852172852e+00
-1.844203919172286987e-01
-2.285983800888061523e+00
-2.644013762474060059e-01
2.668300390243530273e+00
9.137704849243164062e+00
8.404698371887207031e-01
-4.897121489048004150e-01
1.524773705750703812e-02
5.290175788104534149e-03
-1.767160594463348389e-01
6.448001265525817871e-01
4.591047763824462891e-02
-2.794430255889892578e-01
-1.337074518203735352e+00
7.091063857078552246e-01
7.100889682769775391e-01
-9.055400639772415161e-02
2.816965281963348389e-01
-1.136070966720581055e+00
-1.371897101402282715e+00
3.739882707595825195e-01
-1.249583661556243896e-01
-2.072221338748931885e-01
6.181148290634155273e-01
-2.038587629795074463e-01
1.157670095562934875e-01
-1.629715710878372192e-01
2.868422865867614746e-01
-2.630399465560913086e-01
2.517572343349456787e-01
-2.456171363592147827e-01
4.531693160533905029e-01
2.910715639591217041e-01
-3.332177400588989258e-01
3.039038479328155518e-01
9.429852478206157684e-03
-1.857626601122319698e-03
-3.508400404825806618e-03
-4.195254761725664139e-03
3.342083655297756195e-03
-7.218358572572469711e-03
4.218373913317918777e-03
-5.590949673205614090e-03
5.959702190011739731e-03
9.029128588736057281e-03
7.653451059013605118e-03
-3.293630899861454964e-03
6.841612514108419418e-03
2.851106226444244385e-03
-4.787379875779151917e-03
1.592461109161376953e+00
1.278661131858825684e+00
-2.587783813476562500e+00
9.718739390373229980e-01
