2.188180208206176758e+00
5.088059425354003906e+00
4.030881881713867188e+00
1.649468421936035156e+00
3.597684383392333984e+00
1.517943620681762695e+00
4.946645498275756836e-01
6.766529679298400879e-01
-1.803168058395385742e+00
-2.209952473640441895e-02
2.366015195846557617e+00
-3.175102174282073975e-01
7.578676939010620117e-02
3.738234192132949829e-02
-1.052840128540992737e-01
-1.305189013481140137e+00
1.330873203277587891e+01
1.536781597137451172e+01
1.731686401367187500e+01
1.901609992980957031e+01
2.186719322204589844e+01
-6.902769207954406738e-01
5.725317075848579407e-02
1.065417408943176270e+00
-5.151668190956115723e-01
-9.998822808265686035e-01
-5.555419325828552246e-01
-8.562108874320983887e-01
1.984085440635681152e-01
2.508382081985473633e+00
2.515429019927978516e+00
-5.524665117263793945e-01
-4.189000129699707031e+00
1.483149826526641846e-01
5.609208345413208008e-01
7.752277374267578125e+00
5.800386667251586914e-01
9.070066362619400024e-02
1.240475058555603027e+00
-4.739473164081573486e-01
-5.533705353736877441e-01
1.572620630264282227e+00
-4.818026125431060791e-01
-1.348770316690206528e-02
1.557342410087585449e+00
-3.015607893466949463e-01
5.355647206306457520e-01
3.724932372570037842e-01
5.116605162620544434e-01
-7.994117736816406250e-01
-6.534305810928344727e-01
1.382156610488891602e-01
-3.349010646343231201e-01
-1.256452441215515137e+00
9.751897454261779785e-01
1.057608246803283691e+00
-8.508760333061218262e-01
1.232198953628540039e+00
-2.798245549201965332e-01
-1.349925279617309570e+00
-6.378326416015625000e-01
-8.204676210880279541e-02
1.382159352302551270e+00
-9.256796538829803467e-02
1.109034344553947449e-01
-8.976570963859558105e-01
-6.205652840435504913e-03
-5.914966459386050701e-04
7.232211995869874954e-03
6.987743545323610306e-03
-9.523530490696430206e-03
-5.353308748453855515e-03
3.998255822807550430e-03
4.445960745215415955e-03
-1.821785699576139450e-03
-2.358062891289591789e-03
-4.630457144230604172e-03
2.331730909645557404e-03
-6.592280697077512741e-03
-7.566502783447504044e-03
-8.784883655607700348e-03
5.092512965202331543e-01
1.106068849563598633e+00
-2.209310531616210938e+00
7.746760249137878418e-01
