1.546784758567810059e+00
-5.398358702659606934e-01
-5.134071111679077148e-01
-2.195275127887725830e-01
1.171224832534790039e+00
4.257893085479736328e+00
-1.025179028511047363e+00
1.463159322738647461e+00
3.286117553710937500e+00
2.269776821136474609e+00
1.885308265686035156e+00
2.106812000274658203e+00
9.367581009864807129e-01
7.352610230445861816e-01
2.993424177169799805e+00
-1.521226912736892700e-01
3.832719027996063232e-01
1.631246358156204224e-01
5.850855708122253418e-01
7.841088175773620605e-01
2.468416094779968262e-01
5.520473718643188477e-01
7.842946052551269531e-02
9.594750404357910156e-02
1.623034179210662842e-01
4.526144862174987793e-01
5.544459819793701172e-01
1.215404987335205078e+00
-7.274615764617919922e-01
1.332252919673919678e-01
-3.934576213359832764e-01
4.301074743270874023e-01
-3.280479907989501953e-01
4.836243391036987305e-01
1.222187519073486328e+00
4.598577618598937988e-01
-7.241012454032897949e-01
4.350424706935882568e-01
8.342963457107543945e-01
4.833630025386810303e-01
9.828280806541442871e-01
-3.298695683479309082e-01
9.346289634704589844e-01
-6.974713802337646484e-01
4.684146866202354431e-02
-1.587874889373779297e-01
8.531231880187988281e-01
-1.426731050014495850e-01
1.029205098748207092e-01
2.053652331233024597e-02
-8.355971425771713257e-02
3.346059918403625488e-01
5.967063307762145996e-01
1.588536202907562256e-01
5.789176821708679199e-01
4.585771083831787109e+00
5.864054203033447266e+00
8.056864738464355469e+00
9.297780036926269531e+00
1.326610183715820312e+01
1.245296192169189453e+01
1.092235851287841797e+01
1.540143489837646484e+01
1.449065399169921875e+01
1.665841674804687500e+01
1.794308853149414062e+01
2.103279876708984375e+01
2.428432655334472656e+01
1.927414703369140625e+01
2.529536628723144531e+01
2.681518936157226562e+01
2.884797859191894531e+01
2.899631309509277344e+01
2.928838431835174561e-01
-1.119105935096740723e+00
3.915623128414154053e-01
-2.115674257278442383e+00
1.745784282684326172e+00
5.382094383239746094e+00
1.277123808860778809e+00
1.508447647094726562e+00
-7.518457174301147461e-01
8.336312770843505859e-01
3.997346460819244385e-01
2.226947307586669922e+00
-3.632937431335449219e+00
-1.190635800361633301e+00
-1.352256655693054199e+00
1.335504293441772461e+00
-1.499710798263549805e+00
1.312238812446594238e+00
6.139797568321228027e-01
7.697093486785888672e-01
-5.677350163459777832e-01
1.776834130287170410e+00
1.220206618309020996e+00
5.223558545112609863e-01
7.247570157051086426e-02
-9.383094310760498047e-01
-2.700100421905517578e+00
2.138531684875488281e+00
7.676343917846679688e-01
4.973231792449951172e+00
-1.628418117761611938e-01
2.589403629302978516e+00
1.217252969741821289e+00
-1.391052901744842529e-01
-2.774197235703468323e-02
-1.970113158226013184e+00
1.078265830874443054e-01
-1.204810142517089844e+00
-4.430880069732666016e+00
-1.818934381008148193e-01
7.875010967254638672e-01
2.056866168975830078e+00
-2.977737188339233398e+00
1.274544596672058105e+00
2.168470919132232666e-01
-1.417476773262023926e+00
-1.324439525604248047e+00
-1.863527417182922363e+00
1.019503116607666016e+00
8.786719292402267456e-02
2.235682964324951172e+00
1.248245000839233398e+00
7.938144803047180176e-01
-2.894607186317443848e-01
-2.858850359916687012e-01
-2.347471378743648529e-02
-1.613557577133178711e+00
-3.774924874305725098e-01
2.056357115507125854e-01
1.654400229454040527e-01
-3.145294189453125000e+00
1.273956537246704102e+00
-1.411185711622238159e-01
-2.274397313594818115e-01
-2.536417543888092041e-01
2.033914089202880859e+00
-1.305504202842712402e+00
-1.745360732078552246e+00
1.340019553899765015e-01
-4.457817375659942627e-01
7.787479758262634277e-01
3.621818721294403076e-01
5.968980789184570312e-01
-8.036613464355468750e-02
-1.969479024410247803e-01
-3.038502633571624756e-01
-1.626747131347656250e+00
1.874903678894042969e+00
1.200311303138732910e+00
-1.351885050535202026e-01
-2.661489963531494141e+00
2.664014697074890137e-01
3.414569795131683350e-01
3.312794685363769531e+00
-2.516898155212402344e+00
-3.077593147754669189e-01
-1.807808279991149902e+00
3.136730670928955078e+00
-9.771077036857604980e-01
-2.756020545959472656e+00
-2.287853509187698364e-01
5.087836265563964844e+00
-1.407913208007812500e+00
6.033713817596435547e-01
-1.041270494461059570e+00
8.528285026550292969e-01
5.647902488708496094e-01
-1.070014715194702148e+00
5.465378984808921814e-02
1.307533144950866699e+00
-1.555091738700866699e-01
-1.564455151557922363e+00
5.140542984008789062e-01
2.878567576408386230e-01
-2.421777993440628052e-01
-1.298126876354217529e-01
-1.916843205690383911e-01
1.117861014790832996e-03
-1.435272216796875000e+00
3.751989006996154785e-01
7.886981368064880371e-01
3.570883274078369141e-01
-7.265096902847290039e-01
9.993200302124023438e-01
-6.844129413366317749e-02
2.832993268966674805e-01
-4.470550417900085449e-01
1.505659669637680054e-01
-1.007937788963317871e+00
-1.987248659133911133e+00
1.969691395759582520e+00
4.514445960521697998e-01
2.633869886398315430e+00
-9.456785023212432861e-02
8.668928146362304688e-01
-2.038653373718261719e+00
-1.042070508003234863e+00
1.333392143249511719e+00
9.714130163192749023e-01
4.124392867088317871e-01
-6.491497755050659180e-01
-1.167114019393920898e+00
-1.327925175428390503e-01
-1.340365619398653507e-03
-4.363332390785217285e-01
1.150150597095489502e-01
-1.977934956550598145e+00
-1.172403812408447266e+00
-7.157669216394424438e-02
-2.409418106079101562e+00
-1.969948172569274902e+00
1.538168549537658691e+00
-2.544128417968750000e+00
-1.824770212173461914e+00
-2.091299533843994141e+00
9.832611083984375000e-01
-2.352660596370697021e-01
-1.308766007423400879e+00
1.349274277687072754e+00
2.614151239395141602e+00
-4.413228511810302734e+00
8.821507915854454041e-03
7.567491531372070312e-01
1.012734055519104004e+00
1.090158149600028992e-01
-3.224784731864929199e-01
1.429861318320035934e-02
-1.454479813575744629e+00
-3.615624308586120605e-01
-2.732039451599121094e+00
1.742191195487976074e+00
-1.713977456092834473e+00
1.395504176616668701e-01
-1.090017706155776978e-01
1.506498456001281738e-01
-7.581507563591003418e-01
-1.455825686454772949e+00
-1.003913730382919312e-01
1.782802820205688477e+00
-1.414487481117248535e+00
3.221090316772460938e+00
7.594095468521118164e-01
8.072488903999328613e-01
6.488804817199707031e-01
3.493619263172149658e-01
-4.644701778888702393e-01
-1.676584333181381226e-01
-1.143683910369873047e+00
-6.072581410408020020e-01
1.833588123321533203e+00
5.318586230278015137e-01
-1.542660117149353027e+00
-1.490723729133605957e+00
2.096158504486083984e+00
2.151100933551788330e-01
1.497931003570556641e+00
3.675602078437805176e-01
3.289014697074890137e-01
4.307765662670135498e-01
1.274628043174743652e+00
5.687994360923767090e-01
1.208696246147155762e+00
-2.635611593723297119e-01
8.958162665367126465e-01
-2.122694402933120728e-01
6.453652977943420410e-01
-1.732947491109371185e-02
1.869533538818359375e+00
-1.562827110290527344e+00
1.257813274860382080e-01
1.134599894285202026e-01
-2.725091278553009033e-01
6.989884376525878906e-01
9.409232735633850098e-01
1.383298993110656738e+00
1.126538276672363281e+00
1.017921209335327148e+00
-1.822400391101837158e-01
7.906029224395751953e-01
1.932401061058044434e+00
-2.157309055328369141e-01
-2.205187231302261353e-01
-1.020275235176086426e+00
1.462840080261230469e+00
-6.024513840675354004e-01
-2.838738262653350830e-01
2.997267544269561768e-01
5.092511773109436035e-01
1.498348951339721680e+00
6.021034121513366699e-01
-1.006505191326141357e-01
-1.463783830404281616e-01
-4.755166172981262207e-01
-3.787540197372436523e-01
-1.579666435718536377e-01
3.062590658664703369e-01
2.812728285789489746e-02
8.767390251159667969e-01
4.920392930507659912e-01
-3.479084074497222900e-01
6.653311252593994141e-01
5.490663051605224609e-01
5.529698729515075684e-01
4.058588147163391113e-01
3.003830611705780029e-01
-2.887313067913055420e-01
3.118979930877685547e-01
5.305854678153991699e-01
-6.098471283912658691e-01
-2.869545221328735352e-01
-3.264161646366119385e-01
-1.622345894575119019e-01
1.849542744457721710e-02
-3.819494545459747314e-01
-9.471202269196510315e-03
6.752271056175231934e-01
7.413260340690612793e-01
7.633499801158905029e-02
6.885059177875518799e-03
1.968244165182113647e-01
1.830057650804519653e-01
-1.198515415191650391e+00
-5.496850609779357910e-01
-2.540188133716583252e-01
-5.788519978523254395e-01
1.034909009933471680e+00
-1.001596227288246155e-01
-1.208034157752990723e+00
4.083507359027862549e-01
5.189242362976074219e-01
1.816541075706481934e+00
7.650236487388610840e-01
1.458745241165161133e+00
1.008958101272583008e+00
-7.307468056678771973e-01
6.469436287879943848e-01
-4.586093425750732422e-01
-6.492711305618286133e-01
3.872346282005310059e-01
2.670187950134277344e-01
-7.060325741767883301e-01
-1.220767796039581299e-01
9.781879186630249023e-02
-1.239749789237976074e+00
4.445078969001770020e-01
1.423525929450988770e+00
5.090194344520568848e-01
7.863137871026992798e-02
5.153084918856620789e-02
3.176308870315551758e-01
-4.164968729019165039e-01
-7.501758337020874023e-01
-6.795918941497802734e-02
-6.845869421958923340e-01
5.165900588035583496e-01
1.954689770936965942e-01
-6.332210614345967770e-04
4.171947240829467773e-01
-6.976031064987182617e-01
6.881223917007446289e-01
3.426213860511779785e-01
-1.329171776771545410e+00
1.918938905000686646e-01
-1.851408779621124268e-01
-1.488610655069351196e-01
8.410479426383972168e-01
-2.923563122749328613e-01
1.100729346275329590e+00
-1.558649837970733643e-01
-1.294262528419494629e+00
5.650524497032165527e-01
4.093196988105773926e-01
-5.370505154132843018e-02
5.493401288986206055e-01
7.384835481643676758e-01
8.338026404380798340e-01
5.892326831817626953e-01
4.186252653598785400e-01
-1.813196577131748199e-02
-1.609844863414764404e-01
-1.728478223085403442e-01
-5.903569459915161133e-01
-1.241594478487968445e-01
1.394456923007965088e-01
8.892514705657958984e-01
-6.254678964614868164e-01
2.397380620241165161e-01
-9.112878441810607910e-01
4.813881814479827881e-01
-1.561239957809448242e+00
-5.387752652168273926e-01
9.096190333366394043e-01
2.087323665618896484e-01
2.849182486534118652e-01
-4.327699840068817139e-01
7.382823228836059570e-01
1.209819316864013672e+00
4.960350692272186279e-01
-4.450818300247192383e-01
2.215015292167663574e-01
7.275898456573486328e-01
4.976806938648223877e-01
6.989805102348327637e-01
2.884608507156372070e-01
-4.035716652870178223e-01
4.052798748016357422e-01
2.297701239585876465e-01
7.151232957839965820e-01
5.586523413658142090e-01
5.648741126060485840e-01
1.976062506437301636e-01
-2.203776240348815918e-01
6.906240582466125488e-01
1.493055671453475952e-01
7.126802206039428711e-01
2.513702809810638428e-01
3.862493336200714111e-01
1.011586427688598633e+00
-1.185186147689819336e+00
-5.438466072082519531e-01
9.712644815444946289e-01
6.941791772842407227e-01
6.695020198822021484e-02
6.071830987930297852e-01
1.690999746322631836e+00
-3.516380786895751953e-01
2.274995297193527222e-01
3.111574053764343262e-01
9.578281044960021973e-01
1.569859266281127930e+00
7.803580164909362793e-01
1.035648226737976074e+00
6.993235945701599121e-01
1.724969297647476196e-01
1.275518536567687988e+00
1.052552938461303711e+00
-1.314626447856426239e-02
1.059816405177116394e-01
5.277544260025024414e-01
1.107392758131027222e-01
-8.425030708312988281e-01
-1.446842074394226074e+00
1.985182426869869232e-02
9.629421830177307129e-01
-1.506981998682022095e-01
8.157697319984436035e-01
6.270104646682739258e-01
1.305839776992797852e+00
-2.470141351222991943e-01
4.194116890430450439e-01
1.401434779167175293e+00
8.514769077301025391e-01
4.319472610950469971e-01
-6.090941429138183594e-01
1.031514406204223633e+00
-3.552743494510650635e-01
-5.551577210426330566e-01
-1.141205802559852600e-01
1.995517313480377197e-01
1.764631867408752441e+00
1.156244054436683655e-01
1.223463788628578186e-01
1.869786232709884644e-01
-1.027954462915658951e-02
-3.616348206996917725e-01
9.242446422576904297e-01
4.385156929492950439e-01
2.276752516627311707e-02
6.872600317001342773e-01
5.118783116340637207e-01
2.941666841506958008e-01
-5.065985023975372314e-02
1.094307065010070801e+00
1.926057189702987671e-01
1.259037137031555176e+00
9.831526875495910645e-02
4.110326766967773438e-01
4.843882620334625244e-01
2.343518584966659546e-01
5.869940519332885742e-01
1.807554662227630615e-01
6.793488562107086182e-02
-1.980927139520645142e-01
5.750450864434242249e-02
-6.576003879308700562e-02
-8.302522450685501099e-02
-2.579579055309295654e-01
-4.134039580821990967e-02
6.170593500137329102e-01
-5.462086796760559082e-01
-8.017634153366088867e-01
1.452994719147682190e-02
-1.691867038607597351e-02
-4.294770061969757080e-01
-1.363555938005447388e-01
-6.376065313816070557e-02
3.020307719707489014e-01
3.738288581371307373e-01
-2.886430621147155762e-01
-9.390596747398376465e-01
4.693783819675445557e-01
2.258757352828979492e+00
4.186151921749114990e-01
1.927399821579456329e-02
5.985154509544372559e-01
5.341213345527648926e-01
4.249819517135620117e-01
-3.280760049819946289e-01
-2.734748646616935730e-02
1.743725501000881195e-02
-8.801728487014770508e-01
-1.311952233314514160e+00
-4.532770514488220215e-01
9.062238931655883789e-01
-4.561465978622436523e-01
1.345446467399597168e+00
1.864017844200134277e-01
-3.180722007527947426e-03
-1.453177332878112793e-01
-1.254386268556118011e-03
-2.298088185489177704e-02
-2.522798478603363037e-01
-8.203385472297668457e-01
-7.849481701850891113e-02
4.691523015499114990e-01
-6.132262349128723145e-01
3.026996850967407227e-01
3.146507143974304199e-01
3.096416294574737549e-01
4.653547704219818115e-01
2.598863467574119568e-02
5.843429565429687500e-01
5.375445485115051270e-01
4.142774343490600586e-01
-3.369583189487457275e-01
1.183061003684997559e+00
1.734730154275894165e-01
4.082284122705459595e-02
-1.420612633228302002e-01
-2.461831718683242798e-01
-4.591176211833953857e-01
-2.299041599035263062e-01
2.231097966432571411e-01
9.725387096405029297e-01
4.795518517494201660e-01
-6.801183223724365234e-01
8.499548435211181641e-01
-2.183112502098083496e-01
2.628546655178070068e-01
6.875753402709960938e-01
2.159758359193801880e-01
-2.363103032112121582e-01
1.102592825889587402e+00
-6.881462931632995605e-01
2.630898356437683105e-01
1.035981297492980957e+00
4.776297807693481445e-01
-2.598556280136108398e-01
5.942396819591522217e-02
9.030014276504516602e-01
-1.244033932685852051e+00
-6.597797870635986328e-01
2.005768060684204102e+00
5.542905926704406738e-01
2.915321290493011475e-01
2.017464786767959595e-01
4.579201936721801758e-01
-5.575749874114990234e-01
-9.152938425540924072e-02
7.243091464042663574e-01
-5.093310400843620300e-02
1.576684594154357910e+00
4.141462445259094238e-01
1.296110510826110840e+00
4.860755205154418945e-01
1.017350435256958008e+00
5.392180681228637695e-01
6.792367100715637207e-01
8.974954485893249512e-01
5.712569952011108398e-01
-2.030216932296752930e+00
6.695742011070251465e-01
4.431590437889099121e-01
9.059705138206481934e-01
4.358603060245513916e-01
8.257535099983215332e-01
3.296698331832885742e-01
9.412033557891845703e-01
4.229812324047088623e-01
6.316689252853393555e-01
9.872742891311645508e-01
8.390216827392578125e-01
2.706492878496646881e-02
5.861496925354003906e-01
3.514384850859642029e-02
2.830293476581573486e-01
6.488208174705505371e-01
9.707515686750411987e-02
8.985865861177444458e-02
2.778637409210205078e-01
8.730129152536392212e-02
4.654011428356170654e-01
7.880207300186157227e-01
6.231613755226135254e-01
9.272487163543701172e-01
9.891694784164428711e-01
2.293333858251571655e-01
5.429583191871643066e-01
2.855220437049865723e-01
6.281803846359252930e-01
5.164757743477821350e-02
4.514308869838714600e-01
4.579018056392669678e-01
6.617457866668701172e-01
1.076708585023880005e-01
6.646665334701538086e-01
7.606735825538635254e-01
4.193056225776672363e-01
2.762106657028198242e-01
9.047560691833496094e-01
4.997136592864990234e-01
9.537631273269653320e-01
3.168022334575653076e-01
9.222047924995422363e-01
3.152775811031460762e-03
1.057176738977432251e-01
7.883878350257873535e-01
7.505448460578918457e-01
7.209056615829467773e-01
6.222613453865051270e-01
7.353177070617675781e-01
5.227689743041992188e-01
9.139353632926940918e-01
4.760851860046386719e-01
3.364009559154510498e-01
9.800336360931396484e-01
3.240046799182891846e-01
1.483385860919952393e-01
1.531680077314376831e-01
2.877745926380157471e-01
7.559434771537780762e-01
6.013955920934677124e-02
8.948145806789398193e-02
8.460305929183959961e-01
9.203481078147888184e-01
8.362217545509338379e-01
6.332960128784179688e-01
4.200393557548522949e-01
6.931986212730407715e-01
8.198412656784057617e-01
1.734347939491271973e-01
4.602984189987182617e-01
9.919703006744384766e-02
6.432402133941650391e-01
8.877560496330261230e-01
9.186252355575561523e-01
9.043585658073425293e-01
2.567390352487564087e-02
3.653231561183929443e-01
8.601624965667724609e-01
6.188815087080001831e-02
6.486489772796630859e-01
6.590393185615539551e-01
4.441458582878112793e-01
9.773427248001098633e-01
2.524558082222938538e-02
4.695194661617279053e-01
7.176768183708190918e-01
2.942858338356018066e-01
9.544621706008911133e-01
8.904534578323364258e-01
8.724563568830490112e-02
7.716202735900878906e-01
7.071428298950195312e-01
3.996711671352386475e-01
4.735494554042816162e-01
9.744512438774108887e-01
4.763060510158538818e-01
9.295918345451354980e-01
9.193439483642578125e-01
6.976864933967590332e-01
5.184330940246582031e-01
9.607643485069274902e-01
9.469413757324218750e-01
9.253153800964355469e-01
5.756722092628479004e-01
9.360222816467285156e-01
3.383067250251770020e-01
2.754316031932830811e-01
4.423514306545257568e-01
7.321504503488540649e-02
1.463629752397537231e-01
1.655344069004058838e-01
9.067918062210083008e-01
2.511631548404693604e-01
9.546675682067871094e-01
8.833497762680053711e-01
1.380730122327804565e-01
8.438477665185928345e-02
7.995650172233581543e-01
4.336394369602203369e-01
8.185299634933471680e-01
3.722492456436157227e-01
9.993542730808258057e-02
7.556908130645751953e-01
9.757900238037109375e-01
6.879335734993219376e-03
8.855185508728027344e-01
3.119133710861206055e-01
6.809484362602233887e-01
5.120083689689636230e-01
4.638167917728424072e-01
5.501306653022766113e-01
6.061691641807556152e-01
9.618905186653137207e-01
2.262496650218963623e-01
4.805482327938079834e-01
3.216944634914398193e-01
6.060318350791931152e-01
4.391818642616271973e-01
3.637332618236541748e-01
5.150120258331298828e-01
7.410961389541625977e-02
3.748334348201751709e-01
9.808886647224426270e-01
6.787527799606323242e-01
6.770598292350769043e-01
4.853645265102386475e-01
6.186939477920532227e-01
8.256934285163879395e-01
4.607889056205749512e-01
8.878470659255981445e-01
7.608941197395324707e-01
2.151408344507217407e-01
2.128068804740905762e-01
5.745244026184082031e-01
8.612270951271057129e-01
2.621886730194091797e-01
8.470162749290466309e-01
3.250569105148315430e-01
2.118921428918838501e-01
6.893661618232727051e-01
9.080167412757873535e-01
5.384859442710876465e-01
9.402728080749511719e-01
2.542869746685028076e-01
1.292820870876312256e-01
3.173155486583709717e-01
2.025325745344161987e-01
6.177368760108947754e-01
5.095887780189514160e-01
3.226206898689270020e-01
2.892222702503204346e-01
3.427057862281799316e-01
1.617491245269775391e+00
7.543320059776306152e-01
-1.165558457374572754e+00
4.905623495578765869e-01
