1.688729643821716309e+00
4.277136802673339844e+00
1.759192109107971191e+00
3.369771480560302734e+00
2.342072248458862305e+00
-1.612808585166931152e+00
2.214182138442993164e+00
1.109972834587097168e+00
3.165171623229980469e+00
-3.038305640220642090e-01
-3.357562050223350525e-02
1.297035694122314453e+00
6.364803910255432129e-01
-5.100739002227783203e-01
9.864407032728195190e-02
-3.066962063312530518e-01
4.999874904751777649e-02
-3.405498107895255089e-03
-1.061067342758178711e+00
-2.131578475236892700e-01
-2.894134223461151123e-01
-1.103905141353607178e-01
-1.321551948785781860e-01
1.951042115688323975e-01
-1.960219591856002808e-01
-5.676912665367126465e-01
4.340932071208953857e-01
5.249431729316711426e-01
1.324335670471191406e+01
1.333403491973876953e+01
1.550451660156250000e+01
1.472889804840087891e+01
1.015865516662597656e+01
1.743655395507812500e+01
1.977367591857910156e+01
1.913555335998535156e+01
2.512577247619628906e+01
1.407792210578918457e+00
-3.149095058441162109e+00
3.228582441806793213e-01
-8.137390613555908203e-01
3.022797703742980957e-01
-9.853034466505050659e-02
3.937653601169586182e-01
-1.287653297185897827e-01
1.255560994148254395e+00
3.834378480911254883e+00
-1.462696939706802368e-01
1.164049863815307617e+00
-2.438661009073257446e-01
-1.255093365907669067e-01
-2.012190967798233032e-01
-4.072632789611816406e-01
-2.673841476440429688e+00
1.171633481979370117e+00
-2.361573696136474609e+00
-1.221329331398010254e+00
-1.478973150253295898e+00
-8.944045901298522949e-01
7.767784595489501953e-01
-3.772576808929443359e+00
2.593591690063476562e+00
2.217566728591918945e+00
1.431325078010559082e+00
-1.316891193389892578e+00
-3.379547595977783203e-01
5.345397472381591797e+00
1.256843686103820801e+00
5.827506184577941895e-01
-8.535953611135482788e-02
-2.540868818759918213e-01
1.533319503068923950e-01
1.655461788177490234e+00
3.297239542007446289e-01
-7.415733337402343750e-01
3.177641630172729492e+00
2.320133686065673828e+00
1.050911322236061096e-01
6.793459653854370117e-01
6.456132978200912476e-03
-1.440647721290588379e+00
2.721955776214599609e+00
5.413620173931121826e-02
8.196396827697753906e-01
-1.447861343622207642e-01
-1.860299557447433472e-01
1.355860829353332520e-01
1.636277139186859131e-01
7.244041562080383301e-01
1.149127930402755737e-01
-1.532519817352294922e+00
-1.471374869346618652e+00
-5.085737258195877075e-02
-4.711008816957473755e-02
3.464029431343078613e-01
5.383347272872924805e-01
-1.611536294221878052e-01
-7.482715249061584473e-01
3.064016342163085938e+00
1.476227790117263794e-01
2.574451863765716553e-01
-8.103991858661174774e-04
-4.193254746496677399e-03
2.639791667461395264e-01
9.817934781312942505e-02
2.159304380416870117e+00
5.690256357192993164e-01
-4.718123674392700195e-01
-7.143123149871826172e-01
2.636382877826690674e-01
-6.196579709649085999e-02
5.779495239257812500e-01
3.189219832420349121e-01
1.043431982398033142e-01
4.159115552902221680e-01
-7.430159449577331543e-01
-2.895792126655578613e-01
1.307281970977783203e+00
9.890187382698059082e-01
-3.300183117389678955e-01
-1.081518158316612244e-01
2.349589586257934570e+00
-2.595673501491546631e-01
2.550516366958618164e+00
6.274339556694030762e-01
2.668677479960024357e-04
-3.007622003555297852e+00
-1.360383182764053345e-01
3.748499155044555664e-01
4.997495096176862717e-03
3.082722425460815430e-01
-2.357266843318939209e-01
-1.768650710582733154e-01
-1.489069163799285889e-01
-1.257079001516103745e-02
1.041497111320495605e+00
3.720890283584594727e-01
5.348771065473556519e-02
-3.113726675510406494e-01
-5.241779088973999023e-01
-8.596114814281463623e-02
-2.521975710988044739e-02
7.901286482810974121e-01
-2.454956531524658203e+00
-2.638184726238250732e-01
6.166689395904541016e-01
6.477116942405700684e-01
8.245655894279479980e-01
-3.093269169330596924e-01
-5.183596611022949219e-01
-1.216808676719665527e+00
-1.031692028045654297e+00
-5.294647440314292908e-02
2.448516339063644409e-01
2.666703164577484131e-01
2.020439654588699341e-01
-2.292498826980590820e+00
-6.705254316329956055e-01
-4.704556465148925781e-01
-3.020429313182830811e-01
8.059045076370239258e-01
-3.938466310501098633e-01
-1.757375121116638184e+00
-1.288044303655624390e-01
6.045120954513549805e-01
-4.976036548614501953e-01
-2.020155191421508789e+00
-1.859197393059730530e-02
-3.309301137924194336e+00
-1.926334649324417114e-01
3.018447011709213257e-02
-1.515428870916366577e-01
6.039429572410881519e-04
9.393127635121345520e-03
-4.784442484378814697e-03
4.462974146008491516e-03
-8.743195794522762299e-03
6.753719877451658249e-03
5.775371566414833069e-03
-5.941847484791651368e-05
7.494415156543254852e-03
-9.074220433831214905e-03
-5.246854852885007858e-03
7.824967615306377411e-03
1.007932936772704124e-03
-4.786287900060415268e-04
3.480044193565845490e-03
-6.923539098352193832e-03
1.344655989669263363e-03
-5.260466714389622211e-04
-4.791066981852054596e-03
-9.706757031381130219e-03
-3.915714100003242493e-03
9.781153872609138489e-03
-8.415438234806060791e-03
-3.590354695916175842e-03
4.768496844917535782e-03
-6.376474630087614059e-04
-7.733774371445178986e-03
-5.533856805413961411e-03
7.799235638231039047e-03
-8.070407435297966003e-03
-8.952138014137744904e-03
-4.303317051380872726e-03
-1.500848215073347092e-03
7.837362587451934814e-03
9.319474920630455017e-03
8.806094527244567871e-03
-2.942007849924266338e-04
3.670149249956011772e-03
6.486147642135620117e-03
8.406380191445350647e-03
-4.513624589890241623e-03
6.682148203253746033e-03
1.727539696730673313e-03
-7.088607177138328552e-03
4.703006707131862640e-03
6.900558471679687500e-01
1.032705068588256836e+00
-1.880982637405395508e+00
7.036218047142028809e-01
