1.567913341522216797e+01
2.153050041198730469e+01
1.614103126525878906e+01
1.394425201416015625e+01
1.544531440734863281e+01
1.828227043151855469e+00
5.425709724426269531e+00
-7.478856086730957031e+00
-6.905168533325195312e+00
-6.010054588317871094e+00
7.752039432525634766e+00
3.837077379226684570e+00
1.468288230895996094e+01
3.911494255065917969e+00
1.597811132669448853e-01
-4.026493549346923828e+00
-2.696347713470458984e+00
3.138103246688842773e+00
6.839537620544433594e+00
-7.831065058708190918e-01
-5.994212627410888672e-01
6.896284580230712891e+00
3.152753829956054688e+00
-7.816049575805664062e+00
7.568925857543945312e+00
1.138350582122802734e+01
-5.888939380645751953e+00
5.012647151947021484e+00
-2.358108282089233398e+00
7.423391938209533691e-01
-5.240537166595458984e+00
6.974856853485107422e-01
1.103022098541259766e+01
-3.160241127014160156e+00
-8.515966415405273438e+00
-3.228084802627563477e+00
-2.489286184310913086e+00
-6.187876462936401367e-01
8.684604644775390625e+00
-1.868736386299133301e+00
8.988685011863708496e-01
-1.794801473617553711e+00
-5.967886447906494141e-01
4.023035049438476562e+00
-1.628854513168334961e+00
3.052236437797546387e-01
-3.638685703277587891e+00
3.717797756195068359e+00
3.777440309524536133e+00
6.344321727752685547e+00
-1.981387376785278320e+00
-8.385681152343750000e+00
7.394155502319335938e+00
-4.716842174530029297e+00
-4.164884567260742188e+00
7.987979412078857422e+00
-1.447511768341064453e+01
-1.125611782073974609e+00
2.959389925003051758e+00
1.992470383644104004e+00
-5.292731761932373047e+00
1.765560150146484375e+00
-2.537010192871093750e+00
-1.045077800750732422e+00
2.912960767745971680e+00
1.024926304817199707e+00
-8.577166199684143066e-01
1.006652474403381348e+00
-7.975842803716659546e-02
6.700219511985778809e-01
-9.970198273658752441e-01
-1.041386365890502930e+00
-1.526996254920959473e+00
3.978605940937995911e-02
-1.438214540481567383e+00
1.364621520042419434e+00
2.181477546691894531e-01
1.967014431953430176e+00
-4.236932992935180664e-01
-3.886960983276367188e+00
1.830420255661010742e+00
9.956747055053710938e+00
-1.776698708534240723e+00
-2.220034122467041016e+00
1.779199242591857910e-01
8.944308161735534668e-01
7.638740539550781250e-01
4.497201442718505859e-01
-3.884554386138916016e+00
1.726835608482360840e+00
4.111023545265197754e-01
1.703790903091430664e+00
