2.181104660034179688e+00
1.152542352676391602e+00
2.823448181152343750e-01
5.021547317504882812e+00
3.494989395141601562e+00
2.006604194641113281e+00
2.019879579544067383e+00
3.533677101135253906e+00
6.949164718389511108e-02
2.810657210648059845e-02
7.533636093139648438e-01
-8.571950793266296387e-01
9.250704199075698853e-02
1.318356096744537354e-01
-1.213968321681022644e-01
2.349085360765457153e-01
1.017319271340966225e-03
-4.894323050975799561e-01
-1.148768663406372070e+00
8.054857254028320312e-01
3.484799265861511230e-01
-1.433422118425369263e-01
-1.464071124792098999e-01
-1.830437593162059784e-02
-1.496617943048477173e-01
-1.884322464466094971e-01
-8.413661271333694458e-02
1.077165007591247559e+00
9.036173820495605469e+00
1.032029056549072266e+01
1.329557609558105469e+01
1.532896804809570312e+01
1.533330345153808594e+01
1.742440032958984375e+01
1.914713668823242188e+01
2.015480804443359375e+01
2.387433433532714844e+01
6.237265467643737793e-01
-8.361220359802246094e-02
1.078441858291625977e+00
-1.091176152229309082e+00
1.510622948408126831e-01
8.574361801147460938e-01
-2.878047823905944824e-01
9.163861274719238281e-01
-9.272283315658569336e-01
1.632005870342254639e-01
3.556849062442779541e-01
-2.410080432891845703e-01
-2.934949696063995361e-01
-8.745056390762329102e-01
1.652516961097717285e+00
-1.718990445137023926e+00
8.681795597076416016e-01
-7.731437683105468750e-01
-6.693814694881439209e-02
9.858510643243789673e-02
3.533212468028068542e-03
1.310832798480987549e-01
1.975129961967468262e+00
8.517426252365112305e-01
5.300161242485046387e-02
-1.678110361099243164e+00
-1.399404406547546387e+00
5.410415679216384888e-02
-3.885814428329467773e+00
-7.548158764839172363e-01
3.457018375396728516e+00
6.406077742576599121e-01
-4.875782132148742676e-01
5.547192573547363281e+00
1.634742498397827148e+00
1.748268365859985352e+00
-9.415423870086669922e-01
2.748672962188720703e+00
-2.857226431369781494e-01
2.579093277454376221e-01
-8.767573833465576172e-01
2.058403491973876953e+00
5.849567890167236328e+00
1.911827921867370605e+00
9.330896735191345215e-01
1.414145827293395996e-01
3.246394395828247070e-01
1.853181235492229462e-02
2.406484186649322510e-01
-3.258324265480041504e-01
-3.197049498558044434e-01
-1.220322102308273315e-01
3.419558107852935791e-01
-1.133612170815467834e-01
1.240388825535774231e-01
-8.146928250789642334e-02
-1.968938261270523071e-01
3.563559353351593018e-01
3.167311549186706543e-01
-3.948707282543182373e-01
-2.133792638778686523e-01
-7.233788967132568359e-01
4.397522509098052979e-01
7.036209106445312500e-02
-1.273308992385864258e-01
1.587015241384506226e-01
2.940118014812469482e-01
-9.173407405614852905e-02
-1.330672949552536011e-01
2.297245711088180542e-02
1.041900753974914551e+00
2.420662343502044678e-01
-2.853159606456756592e-02
1.060995340347290039e+00
-2.930846214294433594e-01
-1.369680762290954590e+00
-1.263854056596755981e-01
1.113241314888000488e-01
-2.415107250213623047e+00
-1.521305441856384277e+00
-1.458780840039253235e-02
3.319618403911590576e-01
-7.744274139404296875e-01
7.688558101654052734e-01
-1.858527958393096924e-02
1.447016000747680664e-01
-8.999404311180114746e-01
-1.369897484779357910e+00
-4.883123040199279785e-01
3.734255433082580566e-01
-5.475591123104095459e-02
-6.940261125564575195e-01
7.046884298324584961e-02
-8.149374276399612427e-02
-4.799792170524597168e-02
-3.638747334480285645e-01
7.926885485649108887e-01
-3.036486506462097168e-01
-1.852695047855377197e-01
1.596747897565364838e-02
-1.669466793537139893e-01
-1.115109175443649292e-01
1.988921165466308594e-01
1.593230962753295898e-01
-5.980409979820251465e-01
3.275528848171234131e-01
-3.995681703090667725e-01
2.791428565979003906e-01
-1.660256683826446533e-01
-7.765097171068191528e-02
3.230783343315124512e-02
2.404705137014389038e-01
-4.106778204441070557e-01
-3.200273513793945312e-01
-1.062305271625518799e-01
7.631775140762329102e-01
2.653906941413879395e-01
1.009091734886169434e-01
1.455785751342773438e+00
3.018786609172821045e-01
-1.835625886917114258e+00
-1.978889703750610352e-01
-1.589786410331726074e-01
-2.042693853378295898e+00
-5.066204667091369629e-01
-5.675197243690490723e-01
7.960098236799240112e-02
-2.374840676784515381e-01
-4.169590771198272705e-01
3.520029485225677490e-01
2.686109207570552826e-02
-3.604788184165954590e-01
-1.880976557731628418e+00
-6.557659506797790527e-01
-3.915424942970275879e-01
-7.085221819579601288e-03
8.267306722700595856e-03
-1.052699284628033638e-03
-7.109458558261394501e-03
3.555551404133439064e-03
-4.542444832623004913e-03
2.317856065928936005e-03
-7.328977342694997787e-03
-4.242731258273124695e-03
-4.757515620440244675e-03
-7.987846620380878448e-03
-5.173799581825733185e-03
-4.681435413658618927e-03
1.686784322373569012e-03
-8.799919858574867249e-03
8.946345769800245762e-04
-9.644806385040283203e-03
-9.059415198862552643e-03
1.744668581523001194e-03
9.009250439703464508e-03
9.779757820069789886e-03
9.884214960038661957e-03
6.268162745982408524e-03
6.709570065140724182e-03
5.017688032239675522e-03
9.904405102133750916e-03
-8.761425502598285675e-03
-1.050163642503321171e-03
4.464753437787294388e-03
-3.734135534614324570e-03
-8.402513340115547180e-03
-8.331625722348690033e-03
8.665843866765499115e-03
-2.171783475205302238e-03
8.671533316373825073e-03
-4.961333237588405609e-03
-8.938273414969444275e-03
1.044258126057684422e-03
-5.394167266786098480e-03
4.004755057394504547e-03
-7.906481623649597168e-03
6.180322729051113129e-03
7.338555995374917984e-03
6.136343348771333694e-03
5.693973042070865631e-03
9.694765806198120117e-01
9.604632854461669922e-01
-2.168482542037963867e+00
6.570818424224853516e-01
