1.714159011840820312e+00
8.189707994461059570e-01
-1.467139959335327148e+00
4.276896953582763672e+00
1.949052929878234863e+00
3.840410709381103516e+00
1.900802850723266602e+00
2.359976291656494141e+00
2.525187015533447266e+00
2.350337028503417969e+00
-2.670417726039886475e-01
3.234052658081054688e-01
1.728420615196228027e+00
-3.593735769391059875e-02
-1.672556251287460327e-01
1.110669299960136414e-01
4.412469863891601562e-01
1.214015722274780273e+00
6.947761774063110352e-01
1.864272635430097580e-04
-4.150542318820953369e-01
1.135246038436889648e+00
7.087507843971252441e-01
-3.911892473697662354e-01
3.947847783565521240e-01
8.049952238798141479e-02
1.878062845207750797e-03
-4.464633464813232422e-01
-6.059188395738601685e-03
-2.452979832887649536e-01
-1.516527533531188965e-01
1.430687010288238525e-01
-8.099865317344665527e-01
4.160317778587341309e-01
9.809990882873535156e+00
1.007768821716308594e+01
1.311106204986572266e+01
1.358102035522460938e+01
1.536712837219238281e+01
1.414038276672363281e+01
1.747591018676757812e+01
1.907649612426757812e+01
1.941883277893066406e+01
2.038520622253417969e+01
2.107089233398437500e+01
2.775942683219909668e-01
2.961196564137935638e-02
2.739963829517364502e-01
-6.123759746551513672e-01
5.953136086463928223e-01
-2.599946737289428711e+00
1.202840685844421387e+00
-8.785983920097351074e-01
-7.596656084060668945e-01
-2.126286506652832031e+00
1.890401721000671387e+00
1.331318974494934082e+00
1.156435534358024597e-02
4.154113829135894775e-01
4.629583060741424561e-01
-6.867426037788391113e-01
2.569079399108886719e-01
1.591141223907470703e+00
-2.275017023086547852e+00
6.530215591192245483e-02
2.676143407821655273e+00
-8.967815637588500977e-01
1.080677032470703125e+00
7.740192413330078125e-01
-4.626835346221923828e+00
4.709215462207794189e-01
2.184615656733512878e-02
-1.836877912282943726e-01
-8.926051139831542969e+00
1.085087490081787109e+01
-3.323593854904174805e+00
-1.288437008857727051e+00
6.138261795043945312e+00
-6.926521062850952148e-01
2.028592396527528763e-03
1.009825706481933594e+00
1.572532176971435547e+01
-2.000381088256835938e+01
-3.979558870196342468e-02
-8.846088647842407227e-01
-7.620675563812255859e-01
-9.385087341070175171e-02
-2.796621322631835938e-01
-1.000709772109985352e+00
-1.480967402458190918e+00
-2.278139114379882812e+00
-1.407254815101623535e+00
1.062901854515075684e+00
3.671280145645141602e-01
-9.563710212707519531e+00
1.921050453186035156e+01
1.188524484634399414e+00
1.004931211471557617e+00
-1.995506644248962402e+00
-1.232253193855285645e+00
4.267387390136718750e+00
-4.846011102199554443e-01
2.201043814420700073e-01
-1.770846009254455566e+00
9.823505878448486328e-01
1.047002196311950684e+00
-6.969615221023559570e-01
-1.252305209636688232e-01
2.330696344375610352e+00
-4.496592044830322266e+00
5.754556655883789062e+00
1.488331407308578491e-01
2.777749001979827881e-01
-2.513327598571777344e-01
2.548650205135345459e-01
1.046647951006889343e-01
1.240615472197532654e-01
2.433571778237819672e-02
7.408447861671447754e-01
-1.273198246955871582e+00
-7.549257874488830566e-01
-1.932054996490478516e+00
2.990833520889282227e-01
-5.836068466305732727e-02
8.919044584035873413e-02
7.796792685985565186e-02
-4.250586628913879395e-01
1.284119486808776855e-01
-4.428459107875823975e-01
-3.907466828823089600e-01
-2.537003457546234131e-01
-1.756547987461090088e-01
-3.596646189689636230e-01
1.470322132110595703e+00
-3.095357418060302734e-01
-1.664542108774185181e-01
1.845559626817703247e-01
-9.492998942732810974e-03
-1.558631062507629395e-01
-3.409883022308349609e+00
-3.841607332229614258e+00
-1.191346049308776855e+00
6.470655798912048340e-01
-7.755358815193176270e-01
5.236343145370483398e-01
1.614845544099807739e-01
6.301640868186950684e-01
6.323689937591552734e+00
5.929033279418945312e+00
5.034052133560180664e-01
-4.602989852428436279e-01
2.408353984355926514e-02
-1.396957784891128540e-03
7.510057836771011353e-02
4.380478858947753906e-01
-4.236462414264678955e-01
2.147370576858520508e+00
-3.359220623970031738e-01
7.871533185243606567e-02
1.665585041046142578e-01
-4.210769176483154297e+00
-3.744901418685913086e+00
-4.605912268161773682e-01
2.460657805204391479e-01
6.296728849411010742e-01
-7.504044771194458008e-01
-4.964273273944854736e-01
7.282114028930664062e-01
-6.284278035163879395e-01
-1.587918758392333984e+00
-8.762880563735961914e-01
6.195337772369384766e-01
3.304455876350402832e-01
-5.986440181732177734e-01
3.210831165313720703e+00
-6.788318604230880737e-02
2.853082716464996338e-01
-6.207533925771713257e-02
-3.965415656566619873e-01
-3.606227636337280273e-01
9.243686795234680176e-01
-3.539979755878448486e-01
8.354904651641845703e-01
4.559030234813690186e-01
-3.469323217868804932e-01
1.941150724887847900e-01
-5.002692341804504395e-01
2.014906108379364014e-01
-7.315277457237243652e-01
-1.184463202953338623e-01
5.719126462936401367e-01
-5.377199649810791016e-01
4.074833393096923828e-01
1.988163776695728302e-02
9.115090966224670410e-02
3.196848928928375244e-01
-1.113963723182678223e+00
-6.075438261032104492e-01
-4.936119318008422852e-01
8.290445804595947266e-01
-3.204276263713836670e-01
6.045497059822082520e-01
-3.460341989994049072e-01
3.504892885684967041e-01
-2.139939814805984497e-01
-1.395280122756958008e+00
-3.445227622985839844e+00
-1.660047054290771484e+00
3.913693726062774658e-01
-2.263211160898208618e-01
-4.287517666816711426e-01
1.131546944379806519e-01
3.417319953441619873e-01
3.333568334579467773e+00
6.921577930450439453e+00
-5.404390767216682434e-02
2.156517952680587769e-01
1.990429311990737915e-01
1.222591176629066467e-01
-9.620971977710723877e-02
8.415793180465698242e-01
5.045684576034545898e-01
-1.203131279908120632e-03
1.526246309280395508e+00
-1.183216214179992676e+00
-2.397947907447814941e-01
-7.894680023193359375e+00
-8.021068572998046875e+00
3.234459161758422852e-01
-7.085005640983581543e-01
2.796077728271484375e-01
-1.298582196235656738e+00
-1.920025944709777832e+00
3.272745907306671143e-01
2.053893357515335083e-02
2.136349439620971680e+00
2.296818792819976807e-01
-1.818438023328781128e-01
-1.318522334098815918e+00
-3.171195089817047119e-01
-3.177164494991302490e-01
4.907059967517852783e-01
-3.116861104965209961e+00
-5.052153021097183228e-03
-4.609193187206983566e-03
-6.889214273542165756e-03
8.932825177907943726e-03
-6.057159975171089172e-03
-8.635146543383598328e-03
3.267031395807862282e-03
7.415019441395998001e-03
1.372436643578112125e-03
-5.229203961789608002e-04
-7.417810615152120590e-03
1.297128619626164436e-03
-9.108161553740501404e-03
4.664524458348751068e-03
-8.427723310887813568e-03
-6.820604321546852589e-04
-7.877724128775298595e-04
-5.575976334512233734e-03
5.568996071815490723e-03
-3.785945009440183640e-03
-5.267478991299867630e-03
1.458557788282632828e-03
9.622854180634021759e-03
-2.826436655595898628e-03
9.873779490590095520e-03
7.710427977144718170e-03
5.662984214723110199e-03
3.619838040322065353e-03
-8.930203504860401154e-03
1.358299632556736469e-03
3.996840212494134903e-03
9.253599680960178375e-03
-4.869998083449900150e-04
-5.527076777070760727e-03
1.859938260167837143e-03
5.451035685837268829e-03
7.706743199378252029e-03
-2.374420408159494400e-03
3.414359176531434059e-03
2.756576752290129662e-03
4.832310136407613754e-03
6.546362303197383881e-03
-6.785996723920106888e-03
-2.211605315096676350e-04
-6.129295798018574715e-04
-5.978730041533708572e-04
-2.930551068857312202e-03
4.983936669304966927e-04
-9.778684936463832855e-03
3.478409780655056238e-04
3.339743707329034805e-03
9.188842028379440308e-03
-7.902243174612522125e-03
-4.145076964050531387e-03
-2.708569401875138283e-03
-4.329316318035125732e-03
4.764241166412830353e-03
-3.038660797756165266e-04
-3.655066480860114098e-03
-5.115082021802663803e-04
-9.643164230510592461e-04
-6.859546992927789688e-03
4.752214998006820679e-03
-4.945989232510328293e-03
8.325179107487201691e-03
-2.225056523457169533e-03
1.248391270637512207e+00
1.040171265602111816e+00
-1.764966011047363281e+00
7.013885974884033203e-01
