1.909698963165283203e+00
4.780891895294189453e+00
3.930066585540771484e+00
1.550820350646972656e+00
2.150124073028564453e+00
3.423913478851318359e+00
-4.717743694782257080e-01
5.632737278938293457e-01
3.348512807860970497e-03
-7.741049528121948242e-01
1.267838120460510254e+00
-6.865871548652648926e-01
8.666079491376876831e-02
-3.345331847667694092e-01
-1.800759732723236084e-01
-4.729284942150115967e-01
3.128697723150253296e-02
1.610741019248962402e-01
-8.377783298492431641e-01
1.330587291717529297e+01
1.528913879394531250e+01
1.033388137817382812e+01
1.727887916564941406e+01
1.909285545349121094e+01
2.503136444091796875e+01
-7.556664943695068359e-01
1.919243186712265015e-01
-1.000893041491508484e-01
-3.699042797088623047e-01
-1.156105250120162964e-01
1.196413114666938782e-02
-6.079029440879821777e-01
-2.145724147558212280e-01
-6.838589310646057129e-01
3.869991004467010498e-01
1.113181591033935547e+00
3.533402681350708008e-01
-9.134012460708618164e-01
5.210591480135917664e-02
1.512671470642089844e+00
7.428423762321472168e-01
-2.502464950084686279e-01
-9.153404831886291504e-01
3.688056021928787231e-02
2.532416582107543945e-01
-8.299209594726562500e+00
5.640223622322082520e-01
1.448972225189208984e-01
-8.225213736295700073e-02
-5.252313017845153809e-01
-3.733989223837852478e-02
4.511944651603698730e-01
8.021842241287231445e-01
1.726446449756622314e-01
3.610023260116577148e-01
1.433185487985610962e-01
-4.154169186949729919e-02
2.386868894100189209e-01
-8.307759761810302734e-01
1.960742592811584473e+00
-4.486255645751953125e-01
1.905983537435531616e-01
1.771645694971084595e-01
1.330422163009643555e+00
4.302744567394256592e-01
-1.865813374519348145e+00
2.585957050323486328e+00
1.303038001060485840e-01
-2.351630032062530518e-01
3.330384613946080208e-03
2.537806332111358643e-01
3.026993274688720703e-01
9.285248070955276489e-02
-1.058385893702507019e-01
-3.928863406181335449e-01
8.492511510848999023e-02
-2.203057557344436646e-01
7.347502708435058594e-01
-2.975218296051025391e-01
8.746544718742370605e-01
-1.825187563896179199e+00
1.290432691574096680e+00
-3.599837720394134521e-01
1.246718913316726685e-01
-8.383193016052246094e-01
-2.977481298148632050e-02
1.748104929924011230e+00
-1.355178713798522949e+00
-2.980418270453810692e-03
3.249083878472447395e-03
1.006900682114064693e-03
4.239923320710659027e-03
4.478659480810165405e-03
-5.683064460754394531e-03
-5.846700514666736126e-04
2.418357646092772484e-03
9.656971320509910583e-03
4.309062380343675613e-03
4.689205437898635864e-03
-4.181500058621168137e-03
7.129869889467954636e-03
2.959321020171046257e-03
4.861246794462203979e-03
-6.343075074255466461e-03
4.045317415148019791e-03
6.369910668581724167e-03
5.764280911535024643e-03
3.106276271864771843e-03
2.447086153551936150e-03
1.150476694107055664e+00
9.680701494216918945e-01
-2.039939641952514648e+00
7.774886488914489746e-01
