1.532138586044311523e+00
1.203944802284240723e+00
1.493489503860473633e+00
3.940883636474609375e+00
9.095353484153747559e-01
2.364391803741455078e+00
2.914266824722290039e+00
2.064097166061401367e+00
1.873495578765869141e+00
2.089312314987182617e+00
2.717082500457763672e+00
1.487465381622314453e+00
8.852170705795288086e-01
7.248935699462890625e-01
2.193854093551635742e+00
-8.031135797500610352e-02
1.780487783253192902e-02
1.943659037351608276e-01
1.851525664329528809e+00
-1.238648146390914917e-01
-2.668697759509086609e-02
-8.672643452882766724e-02
-2.860365509986877441e-01
1.381085157394409180e+00
1.458242237567901611e-01
-6.953154206275939941e-01
5.350725650787353516e-01
-3.897445499897003174e-01
2.247020959854125977e+00
1.035929545760154724e-01
-7.389727979898452759e-02
-1.873332560062408447e-01
-3.918547332286834717e-01
6.943843513727188110e-02
-1.204463168978691101e-01
-7.586107403039932251e-02
3.668753430247306824e-02
8.193600177764892578e-02
-2.313560396432876587e-01
-8.265350013971328735e-03
-1.022068262100219727e-01
1.917212009429931641e-01
-9.494447708129882812e-01
9.347358703613281250e+00
1.095481872558593750e+01
1.314951229095458984e+01
1.329349327087402344e+01
1.400297832489013672e+01
1.542054271697998047e+01
1.501748085021972656e+01
1.660025787353515625e+01
1.786666679382324219e+01
1.917066383361816406e+01
1.970040130615234375e+01
2.228522682189941406e+01
2.823478889465332031e+01
3.052233505249023438e+01
1.297810554504394531e+00
-4.561983346939086914e-01
6.483927369117736816e-01
-5.755219459533691406e-01
7.921710014343261719e-01
-2.791698575019836426e-01
-5.414752364158630371e-01
2.085937708616256714e-01
-9.559469670057296753e-02
-5.262173414230346680e-01
-1.949421316385269165e-01
-7.917096018791198730e-01
-1.057663321495056152e+00
-8.646699190139770508e-01
5.489490032196044922e-01
-2.506066560745239258e-01
1.227028965950012207e-01
6.520209312438964844e-01
-5.441549420356750488e-01
5.091055631637573242e-01
-8.276546597480773926e-01
1.194918304681777954e-01
-8.932932615280151367e-01
-5.293932557106018066e-01
-6.096507906913757324e-01
-2.058318138122558594e+00
1.280440241098403931e-01
6.542249917984008789e-01
-8.682320117950439453e-01
-1.683928847312927246e+00
4.279190301895141602e-01
1.078989386558532715e+00
-6.441171765327453613e-01
4.731631278991699219e-02
-6.708092093467712402e-01
-3.754922449588775635e-01
7.962115406990051270e-01
4.069053530693054199e-01
-1.535748243331909180e+00
7.864993214607238770e-01
-5.920466966927051544e-03
2.603115439414978027e-01
-1.008650422096252441e+00
-6.953195929527282715e-01
2.949430607259273529e-02
1.107431411743164062e+00
-9.339140653610229492e-01
-3.736699745059013367e-02
-4.384785592555999756e-01
3.257589340209960938e+00
2.785948753356933594e+00
-3.890463411808013916e-01
-4.055358767509460449e-01
2.715200185775756836e-01
2.561399936676025391e-01
-5.392696261405944824e-01
1.343906402587890625e+00
3.896992802619934082e-01
-1.554264068603515625e+00
-5.716605186462402344e-01
-4.921746999025344849e-02
7.472953200340270996e-02
1.676386147737503052e-01
-2.536040246486663818e-01
-4.933960139751434326e-01
-1.107533097267150879e+00
3.278802037239074707e-01
-5.908626317977905273e-01
-3.224768936634063721e-01
-1.449984908103942871e+00
1.109311342239379883e+00
-6.623347401618957520e-01
7.808471322059631348e-01
-7.173133492469787598e-01
-7.591272592544555664e-01
-1.289969682693481445e+00
4.418566524982452393e-01
-3.009104914963245392e-02
3.989146649837493896e-01
8.073198199272155762e-01
5.797430127859115601e-02
-1.724593758583068848e+00
-3.682982921600341797e-01
-1.667013466358184814e-01
7.024667859077453613e-01
1.516918838024139404e-01
5.369268357753753662e-02
2.104374408721923828e+00
2.021522521972656250e+00
2.346191644668579102e+00
-3.734741806983947754e-01
3.953852355480194092e-01
-5.943847298622131348e-01
-3.863359689712524414e-01
1.674935340881347656e+00
1.445986866950988770e+00
-1.457101464271545410e+00
2.531901836395263672e+00
-3.738422691822052002e-01
1.988685846328735352e+00
-1.788733452558517456e-01
1.390977740287780762e+00
1.940060019493103027e+00
-1.850202828645706177e-01
1.014494061470031738e+00
-1.825385689735412598e-01
1.637795418500900269e-01
-9.896987676620483398e-02
2.050260454416275024e-01
1.578129082918167114e-02
9.964472055435180664e-02
8.912610411643981934e-01
-2.453632205724716187e-01
1.161609888076782227e-01
-2.649124264717102051e-01
-1.660807579755783081e-01
4.943108931183815002e-02
7.189839482307434082e-01
-1.136649549007415771e-01
-1.507032313384115696e-03
5.547611415386199951e-02
-1.368632465600967407e-01
3.938868045806884766e-01
3.569504320621490479e-01
-3.604049980640411377e-02
-3.085677921772003174e-01
-4.265819787979125977e-01
-9.636878967285156250e-03
3.629011809825897217e-01
-3.371679782867431641e-01
1.296464949846267700e-01
1.921153664588928223e-01
9.678292274475097656e-02
6.206008791923522949e-01
3.288491666316986084e-01
-3.623973950743675232e-02
-1.370304375886917114e-01
-5.759216845035552979e-03
4.722102358937263489e-02
3.274847939610481262e-02
4.355098009109497070e-01
1.825324743986129761e-01
-3.283602297306060791e-01
-4.326128959655761719e-01
-1.195908427238464355e+00
4.238025844097137451e-01
-2.994457185268402100e-01
1.013386249542236328e-01
5.523468852043151855e-01
-4.488265812397003174e-01
-8.320654928684234619e-02
-5.442808866500854492e-01
-8.405767679214477539e-01
-1.041870355606079102e+00
-5.902953147888183594e-01
-9.238791465759277344e-01
3.346828222274780273e-01
2.655958533287048340e-01
-1.626396626234054565e-01
-5.851625278592109680e-02
1.334732323884963989e-01
7.607421837747097015e-03
5.059784054756164551e-01
2.175191342830657959e-01
1.564862281084060669e-01
5.241617560386657715e-01
7.231872528791427612e-02
2.002927213907241821e-01
6.339476257562637329e-02
3.823413848876953125e-01
1.203307136893272400e-01
-3.654789924621582031e-02
-5.659272074699401855e-01
2.007239907979965210e-01
4.549557864665985107e-01
-1.787235289812088013e-01
2.694152295589447021e-01
3.785867393016815186e-01
3.121951222419738770e-01
3.515331447124481201e-01
-4.775234758853912354e-01
3.980891108512878418e-01
2.172365188598632812e-01
-1.672547310590744019e-01
1.551293283700942993e-01
2.004095353186130524e-02
-3.903433382511138916e-01
-1.163925528526306152e-01
-6.293503567576408386e-03
4.723099172115325928e-01
-1.354886442422866821e-01
-3.088697791099548340e-01
2.846016287803649902e-01
-1.986591145396232605e-02
3.585141301155090332e-01
8.790665864944458008e-01
9.536679089069366455e-02
-2.587546408176422119e-01
-1.009629964828491211e+00
1.346629261970520020e-01
1.230994984507560730e-01
4.850727915763854980e-01
-1.166499972343444824e+00
2.267279922962188721e-01
1.123117581009864807e-01
2.484467327594757080e-01
8.040633201599121094e-01
-2.163499295711517334e-01
1.482838094234466553e-01
8.036689162254333496e-01
-2.458292990922927856e-01
-9.357298910617828369e-02
1.145988106727600098e-01
1.778217554092407227e-01
-2.350437194108963013e-01
-5.064245313405990601e-02
-2.344224452972412109e-01
1.925883628427982330e-02
-1.065075695514678955e-01
2.196603417396545410e-01
1.130049005150794983e-01
1.684815287590026855e-01
-1.418901979923248291e-01
2.361644357442855835e-01
-3.406945243477821350e-02
-1.236302684992551804e-02
1.103953225538134575e-03
-3.946999907493591309e-01
-8.031971007585525513e-02
-2.962923943996429443e-01
5.708162188529968262e-01
2.449022531509399414e-01
2.647564411163330078e-01
-8.909155428409576416e-02
7.285553216934204102e-01
4.188249409198760986e-01
3.921929746866226196e-02
-5.821271613240242004e-02
-1.151435635983943939e-02
4.247312545776367188e-01
-7.098554819822311401e-02
-1.464930474758148193e-01
2.191719561815261841e-01
-2.057254463434219360e-01
7.468257099390029907e-02
8.820156008005142212e-02
-4.052238166332244873e-01
-4.677669703960418701e-01
4.954888224601745605e-01
4.436892271041870117e-01
-4.002494215965270996e-01
-9.477242827415466309e-02
4.283934533596038818e-01
-2.229784131050109863e-01
2.382389605045318604e-01
-4.480996727943420410e-02
6.251835823059082031e-01
9.329671859741210938e-01
8.732733130455017090e-01
3.768025338649749756e-01
-4.055046141147613525e-01
1.072982773184776306e-01
-1.024160087108612061e-01
-4.653116688132286072e-02
8.630575984716415405e-02
2.502022087574005127e-01
-1.339724659919738770e-01
-3.703090846538543701e-01
5.356944203376770020e-01
-3.292380273342132568e-01
-1.036319583654403687e-01
-2.295297086238861084e-01
5.785582959651947021e-02
-1.111543849110603333e-01
1.265722364187240601e-01
-6.761376559734344482e-02
2.161816507577896118e-01
4.805330336093902588e-01
3.863621056079864502e-01
5.928754806518554688e-01
-4.965226054191589355e-01
3.131490051746368408e-01
-3.432562351226806641e-01
1.130838878452777863e-02
-6.917350739240646362e-02
5.528118014335632324e-01
2.621993720531463623e-01
9.683652780950069427e-03
1.649724878370761871e-02
-3.861703276634216309e-01
2.000593990087509155e-01
1.228018403053283691e+00
-4.569992423057556152e-01
-3.784524798393249512e-01
-4.906294941902160645e-01
4.455541968345642090e-01
1.147700771689414978e-01
-1.152278184890747070e+00
1.486457139253616333e-01
-1.442386746406555176e+00
-3.582108020782470703e-01
-1.428892016410827637e-01
3.586497604846954346e-01
4.065897166728973389e-01
9.399140477180480957e-01
-4.453715085983276367e-01
-1.005140319466590881e-02
4.692021012306213379e-01
6.023198366165161133e-01
-9.468522667884826660e-01
3.500327467918395996e-01
-1.412611365318298340e+00
-5.468800663948059082e-01
-5.306916236877441406e-01
-1.254061460494995117e+00
-4.766934085637331009e-03
-6.690870970487594604e-03
2.329720184206962585e-03
9.644391946494579315e-03
8.178772404789924622e-03
-8.421187289059162140e-03
-6.078804377466440201e-03
-9.108318015933036804e-03
-9.991358034312725067e-03
-1.603974029421806335e-03
3.663182491436600685e-03
-5.107099190354347229e-03
-5.062682554125785828e-03
-3.275791881605982780e-03
-8.821743540465831757e-03
5.263703409582376480e-03
-2.189208986237645149e-03
6.667865440249443054e-03
2.037405647570267320e-04
3.935564775019884109e-03
3.412702586501836777e-03
-8.714045397937297821e-03
5.266517400741577148e-03
6.448199506849050522e-03
-8.038741536438465118e-03
-3.053434425964951515e-03
-5.145309027284383774e-03
6.729606073349714279e-03
3.200030419975519180e-03
-3.966664895415306091e-03
6.404663436114788055e-03
4.102810285985469818e-03
7.486622780561447144e-03
-5.367831327021121979e-04
-9.090018458664417267e-03
9.761536493897438049e-03
4.862552043050527573e-03
-5.580602679401636124e-03
9.057558141648769379e-03
3.426253329962491989e-03
9.653196670114994049e-03
6.175123620778322220e-03
-1.285692327655851841e-03
-2.634848002344369888e-03
6.989176850765943527e-03
-5.267539992928504944e-03
2.486611949279904366e-03
-7.772420533001422882e-03
-6.994020659476518631e-03
-3.876181726809591055e-04
6.083223968744277954e-03
-1.622348827368114144e-05
3.898359835147857666e-03
1.770896371454000473e-03
-9.683614596724510193e-03
-4.846755415201187134e-03
5.591206718236207962e-03
-1.328324200585484505e-03
-6.679716985672712326e-03
-8.064283058047294617e-03
-5.628566257655620575e-03
-4.825966898351907730e-03
4.072209820151329041e-03
-2.343077445402741432e-03
9.173855185508728027e-03
6.876477040350437164e-03
3.332423977553844452e-03
5.165345035493373871e-03
6.662781815975904465e-03
2.176824258640408516e-03
-7.867887616157531738e-03
6.523767951875925064e-03
-8.363619446754455566e-03
1.780364080332219601e-03
2.898942679166793823e-03
-5.532743874937295914e-03
2.708824351429939270e-03
3.851237008348107338e-03
-3.209721529856324196e-03
-4.924723412841558456e-03
2.140096621587872505e-03
-5.912273190915584564e-03
-9.141338057816028595e-03
3.368701145518571138e-04
6.140349898487329483e-03
-6.619408726692199707e-03
3.024961566552519798e-03
-8.574337698519229889e-03
9.226312977261841297e-05
-5.499691469594836235e-04
-9.539779275655746460e-03
2.377986384090036154e-04
8.021838766580913216e-06
-7.528064772486686707e-03
6.634899880737066269e-03
4.479985218495130539e-03
3.721292596310377121e-03
-5.656471475958824158e-03
6.477079354226589203e-03
8.593077771365642548e-03
-7.532730698585510254e-03
1.827374449931085110e-03
6.009748205542564392e-03
-3.408195683732628822e-03
2.755026333034038544e-03
1.115906000137329102e+00
7.317791581153869629e-01
-1.218733310699462891e+00
5.206887722015380859e-01
