1.651576280593872070e+00
1.680588603019714355e+00
4.155224323272705078e+00
9.825669527053833008e-01
2.027224302291870117e+00
3.155801057815551758e+00
2.163856506347656250e+00
1.861222147941589355e+00
1.956357598304748535e+00
1.942195892333984375e+00
2.398699283599853516e+00
6.721847653388977051e-01
1.461785882711410522e-01
4.267556369304656982e-01
2.014932595193386078e-02
-2.251146435737609863e-01
1.213135600090026855e+00
4.022119939327239990e-01
1.162492707371711731e-01
2.195832878351211548e-01
5.975019931793212891e-01
1.012967824935913086e+00
-5.855212807655334473e-01
-3.576347231864929199e-01
-5.432023406028747559e-01
4.277942478656768799e-01
1.571541428565979004e+00
8.386138826608657837e-03
-1.645407229661941528e-01
-3.967069387435913086e-01
-2.201950848102569580e-01
-2.393880300223827362e-02
-4.676595330238342285e-01
8.490856736898422241e-02
2.819433510303497314e-01
-5.551917850971221924e-02
-2.293722927570343018e-01
7.689785957336425781e-01
1.748798340559005737e-01
-3.476527929306030273e-01
1.021646213531494141e+01
1.318832778930664062e+01
1.322583007812500000e+01
1.390928077697753906e+01
1.548394966125488281e+01
1.494252395629882812e+01
1.697544288635253906e+01
1.812121772766113281e+01
1.914713096618652344e+01
1.945814323425292969e+01
2.195718955993652344e+01
2.074222373962402344e+01
2.759589385986328125e+01
1.505632877349853516e+00
-5.817472338676452637e-01
4.422955098561942577e-04
-8.522869944572448730e-01
4.706863164901733398e-01
5.558320879936218262e-01
7.535281777381896973e-01
-7.795042544603347778e-02
-3.713073730468750000e-01
1.939901471138000488e+00
-3.421197652816772461e+00
3.500902950763702393e-01
-1.192317679524421692e-01
4.095138013362884521e-01
-5.493579506874084473e-01
-1.928576469421386719e+00
7.065824419260025024e-02
7.398606538772583008e-01
-1.372191309928894043e-01
-1.140920758247375488e+00
4.827128946781158447e-01
-1.598431468009948730e-01
1.709937572479248047e+00
-1.186233401298522949e+00
1.275593228638172150e-02
9.539429098367691040e-02
5.357494354248046875e-01
-7.477696985006332397e-02
-9.432875514030456543e-01
-1.031578779220581055e-01
1.628487944602966309e+00
-9.819490313529968262e-01
-3.616493642330169678e-01
-5.264266014099121094e+00
8.043223619461059570e-01
1.746561884880065918e+00
2.333545923233032227e+00
-1.457864493131637573e-01
-3.196441531181335449e-01
9.847633242607116699e-01
-1.253726959228515625e+00
1.593782156705856323e-01
-1.810694932937622070e+00
1.564980387687683105e+00
-5.714987516403198242e-01
-1.042423211038112640e-02
1.367943733930587769e-01
-5.444973111152648926e-01
2.768376469612121582e-01
-2.348870337009429932e-01
-1.285331010818481445e+00
8.933845162391662598e-01
-8.200941085815429688e-01
2.499662637710571289e-01
-1.275288701057434082e+00
-5.743620395660400391e-01
-1.064646005630493164e+00
1.079485654830932617e+00
-1.122475042939186096e-01
1.696436703205108643e-01
-7.443208694458007812e-01
1.406542420387268066e+00
7.271411418914794922e-01
-1.434626936912536621e+00
1.949122428894042969e+00
1.744508892297744751e-01
-3.478631377220153809e-01
7.550568133592605591e-02
-1.018726825714111328e-01
-1.873133704066276550e-03
-7.977384924888610840e-01
-9.075830876827239990e-02
4.855114966630935669e-02
3.019873619079589844e+00
-9.812237620353698730e-01
2.569216251373291016e+00
3.353336095809936523e+00
-2.082647085189819336e+00
-1.615699648857116699e+00
-9.580461978912353516e-01
-2.151446938514709473e-01
1.633622884750366211e+00
9.678681381046772003e-03
3.313374757766723633e+00
1.045008078217506409e-01
-7.264038085937500000e+00
7.808743119239807129e-01
3.431340157985687256e-01
1.615389734506607056e-01
1.122914791107177734e+00
-1.050959706306457520e+00
2.850785851478576660e-01
9.487427026033401489e-02
-5.426365733146667480e-01
9.140034914016723633e-01
-2.535159587860107422e-01
-4.757763817906379700e-02
4.820922315120697021e-01
-1.802270412445068359e-01
5.222942307591438293e-02
7.950616478919982910e-01
2.425361126661300659e-01
-2.594478726387023926e-01
-2.465846091508865356e-01
1.856043934822082520e-01
1.086886405944824219e+00
-1.973421126604080200e-02
2.403781749308109283e-03
1.803966909646987915e-01
4.019488692283630371e-01
-4.755804836750030518e-01
9.189768135547637939e-02
2.857776582241058350e-01
-3.824640512466430664e-01
1.313463449478149414e-01
-1.435017138719558716e-01
-2.203902482986450195e+00
6.181983351707458496e-01
-1.142813786864280701e-01
-5.252541303634643555e-01
-1.484750807285308838e-01
-6.948746740818023682e-02
-6.154791116714477539e-01
-2.849458158016204834e-01
2.863910198211669922e-01
-2.582958340644836426e-01
-1.942771077156066895e+00
-8.187402486801147461e-01
-2.367665991187095642e-02
2.842946350574493408e-01
-3.079389929771423340e-01
3.303595781326293945e-01
7.111397981643676758e-01
2.651650309562683105e-01
-1.342021524906158447e-01
3.890751302242279053e-01
7.096002697944641113e-01
1.835578233003616333e-01
7.749196887016296387e-02
-6.722276657819747925e-02
-8.664757013320922852e-02
3.003864586353302002e-01
3.480661511421203613e-01
3.738139569759368896e-01
1.598735749721527100e-01
2.045861929655075073e-01
5.562389492988586426e-01
6.838373094797134399e-02
-2.653224468231201172e-01
1.083309054374694824e-01
1.243356317281723022e-01
2.187700718641281128e-01
6.120247840881347656e-01
-9.724453836679458618e-02
2.345950156450271606e-01
-1.677325665950775146e-01
-4.978804588317871094e-01
3.063984215259552002e-01
2.185956388711929321e-01
4.082240760326385498e-01
-2.335283756256103516e-01
8.406996130943298340e-01
-1.463800817728042603e-01
-3.827617764472961426e-01
6.562479734420776367e-01
1.666779220104217529e-01
-3.712550969794392586e-04
5.171675682067871094e-01
-2.649107575416564941e-01
-1.527498245239257812e+00
-1.893441081047058105e-01
4.742830246686935425e-02
1.000685095787048340e+00
2.492006719112396240e-01
-1.247542858123779297e+00
5.046253800392150879e-01
3.594374418258666992e+00
7.963300347328186035e-01
4.793203473091125488e-01
-8.078289031982421875e-02
-4.802682995796203613e-02
2.128571033477783203e+00
-7.659201622009277344e-01
5.417200177907943726e-02
-8.548772335052490234e-02
-8.337412774562835693e-02
-6.885010004043579102e-02
-1.086006835103034973e-01
-3.839927315711975098e-01
1.816005855798721313e-01
-2.188736498355865479e-01
-2.970840334892272949e-01
-4.339807331562042236e-01
5.061797499656677246e-01
3.838509321212768555e-01
-1.128140017390251160e-01
-2.348269373178482056e-01
4.415434002876281738e-01
-5.686085205525159836e-03
-2.054396420717239380e-01
1.490294486284255981e-01
2.342708706855773926e-01
-1.950154900550842285e-01
1.286999508738517761e-02
-1.871305257081985474e-01
1.204898282885551453e-01
3.104588091373443604e-01
8.103485107421875000e-01
-2.160198390483856201e-01
-3.622132539749145508e-02
4.685437381267547607e-01
-3.762075603008270264e-01
2.754761278629302979e-02
3.956626355648040771e-01
3.312299549579620361e-01
1.493732631206512451e-01
4.276850819587707520e-01
7.673973441123962402e-01
-2.204401940107345581e-01
-1.108717024326324463e-01
-1.301201134920120239e-01
-9.561842679977416992e-02
2.181659191846847534e-01
-8.770190179347991943e-02
9.371984750032424927e-02
1.148415654897689819e-01
-5.529144778847694397e-02
-1.204638779163360596e-01
1.771108657121658325e-01
8.402447402477264404e-02
-1.609953194856643677e-01
-9.771311283111572266e-02
1.947165429592132568e-01
-3.624272942543029785e-01
-1.657899096608161926e-02
-6.845505237579345703e-01
2.039993703365325928e-01
-4.271513596177101135e-02
2.931680716574192047e-02
2.138103172183036804e-02
2.119992822408676147e-01
2.193060368299484253e-01
2.740694954991340637e-02
-6.529384255409240723e-01
2.629325985908508301e-01
6.277465224266052246e-01
-4.520615637302398682e-01
-2.410632669925689697e-01
4.086429178714752197e-01
-2.190642505884170532e-01
-1.459433734416961670e-01
1.872646212577819824e-01
-2.754833698272705078e-01
6.487783789634704590e-01
-1.092836931347846985e-01
-4.371414780616760254e-01
4.831185936927795410e-01
-5.082095265388488770e-01
-4.874977171421051025e-01
1.337469071149826050e-01
-3.845780193805694580e-01
5.189403891563415527e-02
-6.189730167388916016e-01
-5.976987257599830627e-02
5.554751157760620117e-01
2.155004441738128662e-01
-4.033955633640289307e-01
1.093202829360961914e+00
1.626984715461730957e+00
8.268265128135681152e-01
-8.310368657112121582e-01
7.969394922256469727e-01
-1.456985712051391602e+00
-5.991086363792419434e-03
-9.484266862273216248e-03
4.542397335171699524e-03
4.303474910557270050e-03
1.504555460996925831e-03
-6.244329735636711121e-03
3.045883728191256523e-03
3.909959457814693451e-03
9.762475267052650452e-03
-4.965467844158411026e-03
4.380162805318832397e-03
1.819550758227705956e-03
3.848755499348044395e-03
-6.500904913991689682e-03
-3.326802048832178116e-03
6.452215369790792465e-03
9.303730912506580353e-03
1.338473404757678509e-03
-8.653272874653339386e-03
9.105357341468334198e-03
-1.778060919605195522e-03
-2.976939780637621880e-03
5.469686351716518402e-03
-9.507073089480400085e-03
9.570377878844738007e-03
7.767534814774990082e-03
8.671139366924762726e-03
6.697541102766990662e-03
-6.339815910905599594e-03
8.504635654389858246e-03
-1.233215793035924435e-03
-5.821266677230596542e-03
-5.425191484391689301e-03
-5.681058391928672791e-03
-2.706083701923489571e-03
8.877782151103019714e-03
-3.632985753938555717e-03
6.498282309621572495e-03
-7.793618831783533096e-03
4.849592223763465881e-03
6.052880082279443741e-03
-5.663681309670209885e-03
6.727242842316627502e-03
9.733799379318952560e-04
-8.974092081189155579e-03
6.230634171515703201e-03
-3.028343664482235909e-03
-3.316386137157678604e-03
7.219220511615276337e-03
-1.155110076069831848e-03
-8.286732481792569160e-04
8.726487867534160614e-03
6.243723910301923752e-03
6.900544743984937668e-03
-4.510389640927314758e-03
6.360866129398345947e-03
1.388003583997488022e-04
8.413713658228516579e-04
2.723967423662543297e-03
-9.264796972274780273e-03
-9.583591483533382416e-03
2.756878966465592384e-03
-9.783240966498851776e-03
1.792531547835096717e-04
-8.396419696509838104e-03
-8.461913093924522400e-03
2.881361637264490128e-03
-6.086867768317461014e-03
2.840196015313267708e-03
5.659969523549079895e-03
8.681673556566238403e-03
9.068716317415237427e-03
-8.679495193064212799e-03
5.509777925908565521e-03
-4.363279324024915695e-03
-9.523792192339897156e-03
-9.961298666894435883e-03
-3.116378793492913246e-03
8.147162385284900665e-03
7.944282144308090210e-03
-4.654453077819198370e-04
7.532993331551551819e-03
-7.432045880705118179e-03
5.181065760552883148e-03
4.226600285619497299e-03
-3.412300720810890198e-03
-7.502295076847076416e-03
2.334484888706356287e-04
7.448609918355941772e-03
8.299050852656364441e-03
-5.521701648831367493e-03
1.409677624702453613e+00
8.383185863494873047e-01
-1.316270589828491211e+00
3.877956271171569824e-01
