1.731530070304870605e+00
4.696522235870361328e+00
3.701972484588623047e+00
1.613884568214416504e+00
1.873008728027343750e+00
3.295504331588745117e+00
2.096292972564697266e+00
1.588940382003784180e+00
4.069451093673706055e-01
-3.293986320495605469e-01
9.376750141382217407e-02
7.203713757917284966e-04
-4.541826546192169189e-01
5.738691687583923340e-01
2.225839614868164062e+00
-1.018463522195816040e-01
-1.869776546955108643e-01
8.377311378717422485e-02
-2.945995628833770752e-01
8.438091725111007690e-02
5.665791407227516174e-02
-7.324340939521789551e-01
1.328442573547363281e+01
1.517947959899902344e+01
1.039442062377929688e+01
1.621912002563476562e+01
1.923195075988769531e+01
1.765539550781250000e+01
3.609531784057617188e+01
-7.476417422294616699e-01
1.998312622308731079e-01
-1.723016053438186646e-01
-4.378602206707000732e-01
1.050901114940643311e-01
-2.875670790672302246e-01
3.061842918395996094e-01
-9.464269280433654785e-01
1.041273027658462524e-01
4.542888998985290527e-01
6.265630573034286499e-02
-7.580332756042480469e-01
-1.189822793006896973e+00
3.507680594921112061e-01
8.380092382431030273e-01
8.425692319869995117e-01
-1.354995846748352051e+00
-1.893924713134765625e+00
-1.066055297851562500e+00
1.501669585704803467e-01
-1.065784692764282227e-01
-2.519884824752807617e+00
2.516689300537109375e-01
-1.077329993247985840e+00
-4.929639816284179688e+00
9.388653635978698730e-01
4.045026779174804688e+00
1.360196304321289062e+01
1.777229458093643188e-01
2.248792946338653564e-01
3.766495287418365479e-01
-1.950665712356567383e-01
-7.370871305465698242e-02
-6.584951877593994141e-01
2.316066473722457886e-01
3.058513402938842773e-01
1.973927259445190430e+00
6.282781958580017090e-01
-6.330024600028991699e-01
-4.124439880251884460e-02
5.374885797500610352e-01
-4.193207621574401855e-01
-2.570264339447021484e+00
7.615734934806823730e-01
-6.697962880134582520e-01
-2.193325757980346680e+00
-2.537466585636138916e-01
5.776979327201843262e-01
1.402283549308776855e+00
7.786443233489990234e-01
-7.909768074750900269e-02
3.763973116874694824e-01
1.034297943115234375e+00
-2.613610327243804932e-01
-4.366069316864013672e+00
-2.921557612717151642e-02
5.147330164909362793e-01
-2.976009249687194824e-01
-1.904247403144836426e-01
4.892222881317138672e-01
2.414195984601974487e-01
5.478956699371337891e-01
2.499551624059677124e-01
4.971615672111511230e-01
-1.876317024230957031e+00
-7.379494309425354004e-01
7.925899624824523926e-01
3.980700373649597168e-01
6.866709887981414795e-02
3.993883728981018066e-01
2.485484600067138672e+00
-1.016374111175537109e+00
9.055884480476379395e-01
2.684924125671386719e+00
9.330698251724243164e-01
-5.386140346527099609e-01
-1.329710841178894043e+00
5.989124178886413574e-01
3.355762660503387451e-01
1.740815341472625732e-01
1.012677431106567383e+00
-3.312699869275093079e-02
2.649139642715454102e+00
1.131131768226623535e+00
-5.462590139359235764e-03
-5.227098707109689713e-03
-5.084266304038465023e-04
-3.175404388457536697e-03
5.485195666551589966e-03
8.211812935769557953e-03
2.543007023632526398e-03
8.310596458613872528e-03
-4.037220962345600128e-03
8.936583995819091797e-03
-1.872841850854456425e-03
-4.098307341337203979e-03
1.400626846589148045e-03
9.039622731506824493e-03
7.149443845264613628e-04
6.910092663019895554e-03
-8.339829742908477783e-03
1.406356575898826122e-03
-2.859585219994187355e-03
-2.713553840294480324e-04
-1.138520659878849983e-03
8.656452409923076630e-03
8.586050011217594147e-03
5.795781500637531281e-03
9.638984687626361847e-03
7.098908536136150360e-03
4.660147707909345627e-03
-2.971740905195474625e-03
4.197735190391540527e-01
1.109579205513000488e+00
-2.031185626983642578e+00
8.054792284965515137e-01
