8.012182235717773438e+00
1.543090438842773438e+01
8.030867576599121094e+00
1.177442455291748047e+01
1.595305061340332031e+01
8.118853569030761719e+00
8.723518371582031250e+00
1.157225418090820312e+01
1.633098602294921875e+01
1.544458389282226562e+01
1.547729015350341797e+01
1.785800361633300781e+01
1.546870136260986328e+01
1.856780624389648438e+01
2.424810886383056641e+00
1.243445396423339844e+01
-9.784046173095703125e+00
1.675153732299804688e+01
-4.334525585174560547e+00
-1.314694762229919434e+00
8.451834678649902344e+00
1.204921722412109375e+01
6.690006732940673828e+00
-7.057071685791015625e+00
-2.391674928367137909e-02
-4.325829982757568359e+00
-1.177280664443969727e+00
3.321893215179443359e+00
6.985229969024658203e+00
-3.539283037185668945e+00
-5.009037017822265625e+00
-8.127870559692382812e+00
1.222090816497802734e+01
1.366610050201416016e+00
-2.846151828765869141e+00
-5.168206214904785156e+00
4.024912714958190918e-01
-1.140956282615661621e+00
7.252617359161376953e+00
-9.155499458312988281e+00
1.960364103317260742e+00
3.747345685958862305e+00
-6.879652976989746094e+00
-9.926529884338378906e+00
-1.956627011299133301e+00
-8.647036552429199219e+00
-2.170215129852294922e+00
3.802238464355468750e+00
4.236851692199707031e+00
1.383330225944519043e+00
-5.987150192260742188e+00
7.420796751976013184e-01
7.765634536743164062e+00
6.244642734527587891e+00
6.505808830261230469e+00
5.310220718383789062e+00
7.618944168090820312e+00
-9.281517028808593750e+00
8.905856132507324219e+00
2.254491329193115234e+00
1.027871966361999512e+00
-2.102965354919433594e+00
-2.766052186489105225e-01
-3.378877401351928711e+00
-1.328524112701416016e+00
6.954167485237121582e-01
1.755884885787963867e+00
-6.279463291168212891e+00
-6.767740249633789062e+00
-6.993734359741210938e+00
1.109650254249572754e+00
7.355976104736328125e-01
2.711861133575439453e+00
2.003136835992336273e-02
6.243355274200439453e+00
4.680446147918701172e+00
-1.090417957305908203e+01
4.305342435836791992e-01
8.467662811279296875e+00
-3.117403090000152588e-01
1.276887321472167969e+01
7.523296833038330078e+00
3.691194295883178711e+00
-7.571527004241943359e+00
-5.902897834777832031e+00
-3.801735639572143555e+00
5.365061283111572266e+00
3.124475479125976562e-01
-1.301041698455810547e+01
-6.883200258016586304e-02
1.197351551055908203e+01
-6.391481876373291016e+00
6.633263587951660156e+00
-2.838876962661743164e+00
-1.568414807319641113e+00
2.691979885101318359e+00
7.285186052322387695e-01
2.313531160354614258e+00
-1.406808495521545410e+00
5.195200443267822266e+00
-4.277801513671875000e-01
7.278091907501220703e-01
5.154353141784667969e+00
-5.512101650238037109e+00
2.180760383605957031e+00
-9.326226711273193359e-01
-8.680965423583984375e+00
-4.045326411724090576e-01
-6.861009597778320312e+00
2.313823461532592773e+00
5.112036466598510742e-01
1.005582436919212341e-01
-1.024156808853149414e+00
-2.392165184020996094e+00
5.763643741607666016e+00
-6.129141330718994141e+00
-6.180720925331115723e-01
8.158903121948242188e+00
7.294072151184082031e+00
-1.852143764495849609e+00
2.319109141826629639e-01
1.189367413520812988e+00
-3.187438488006591797e+00
-1.314602971076965332e+00
2.278485536575317383e+00
1.715237617492675781e+00
2.341634988784790039e+00
-7.365561723709106445e-01
1.583379864692687988e+00
1.379781365394592285e+00
2.321465253829956055e+00
6.267257928848266602e-01
-3.500149488449096680e+00
-2.398016691207885742e+00
6.245349645614624023e-01
-4.379861831665039062e+00
3.510888099670410156e+00
5.202988147735595703e+00
1.067848682403564453e+00
-3.433128356933593750e+00
1.077597886323928833e-01
-4.431475400924682617e-01
-6.520308256149291992e-01
-2.143003225326538086e+00
5.451169967651367188e+00
4.365246593952178955e-01
2.111969709396362305e+00
-1.817806124687194824e+00
-8.200135082006454468e-03
4.438650608062744141e+00
-1.784552812576293945e+00
-2.599837064743041992e+00
3.317044258117675781e+00
-2.568202018737792969e+00
-1.872384548187255859e+00
3.678238391876220703e+00
-5.703008770942687988e-01
4.702713012695312500e+00
-2.334111481904983521e-01
4.202487945556640625e+00
-2.325515985488891602e+00
-1.774736762046813965e+00
1.980710148811340332e+00
2.727194689214229584e-02
3.387375354766845703e+00
2.579455971717834473e-01
2.019440412521362305e+00
3.609078645706176758e+00
-6.234105825424194336e-01
-4.089479923248291016e+00
1.597502946853637695e+00
2.898680210113525391e+00
-2.202041625976562500e+00
-6.848989129066467285e-01
4.749833583831787109e+00
7.173971086740493774e-02
6.004166007041931152e-01
3.247209787368774414e+00
1.226131916046142578e+00
-3.332209110260009766e+00
-2.382660388946533203e+00
2.254592895507812500e+00
3.927980422973632812e+00
2.626426935195922852e+00
-8.548892140388488770e-01
-1.294485386461019516e-02
9.870783686637878418e-01
-2.289608955383300781e+00
1.433826565742492676e+00
5.283124446868896484e+00
-4.422257095575332642e-02
8.833675831556320190e-02
-6.455783732235431671e-03
-2.477767705917358398e+00
1.348448514938354492e+00
3.566751241683959961e+00
1.483206868171691895e+00
4.903813838958740234e+00
-6.082592606544494629e-01
5.100222229957580566e-01
2.685727596282958984e+00
5.919334292411804199e-01
-1.129806160926818848e+00
-2.051087141036987305e+00
1.596075057983398438e+00
1.352225065231323242e+00
-2.105762720108032227e+00
-2.062779188156127930e+00
2.574832677841186523e+00
2.782288789749145508e+00
-5.336772203445434570e-01
-1.650394678115844727e+00
-3.260652303695678711e+00
-2.657828569412231445e+00
-1.552266359329223633e+00
2.086353063583374023e+00
2.307765245437622070e+00
1.399374127388000488e+00
-1.015672802925109863e+00
4.292124748229980469e+00
4.925678968429565430e-01
-2.473666191101074219e+00
7.415685653686523438e-01
-1.653649330139160156e+00
8.901861906051635742e-01
1.390207767486572266e+00
1.175308716483414173e-03
-1.121033787727355957e+00
-1.143185496330261230e+00
1.921591520309448242e+00
4.217496812343597412e-01
-3.025021255016326904e-01
3.208393096923828125e+00
1.372876524925231934e+00
8.392384648323059082e-02
2.570674180984497070e+00
5.157108232378959656e-02
-1.737891077995300293e+00
-2.223867893218994141e+00
1.676926374435424805e+00
-5.128090381622314453e+00
2.880656957626342773e+00
3.724861621856689453e+00
3.634752035140991211e+00
-2.951123476028442383e+00
-2.038827419281005859e+00
-1.241864934563636780e-01
1.586198210716247559e-01
-1.602990746498107910e+00
4.327488422393798828e+00
-4.016990065574645996e-01
7.478895187377929688e-01
-2.487286567687988281e+00
-7.978884577751159668e-01
2.963444232940673828e+00
6.461156606674194336e-01
-1.895765542984008789e+00
2.423403263092041016e+00
2.300288677215576172e-01
1.264388442039489746e+00
3.258316993713378906e+00
6.428719758987426758e-01
3.607587337493896484e+00
-1.028759956359863281e+00
1.662243604660034180e+00
-4.236960887908935547e+00
1.086564421653747559e+00
1.115463733673095703e+00
-3.786734342575073242e-01
3.731618165969848633e+00
2.231595367193222046e-01
2.815680980682373047e+00
4.302859783172607422e+00
2.651922106742858887e-01
-4.366837978363037109e+00
1.237601637840270996e+00
4.104736804962158203e+00
-5.769779682159423828e-01
-1.007974147796630859e+00
4.409167289733886719e+00
4.579989314079284668e-01
1.437182307243347168e+00
3.164503335952758789e+00
2.196748256683349609e-01
-2.621295213699340820e+00
-5.608995556831359863e-01
3.590430259704589844e+00
1.839998662471771240e-01
3.777557611465454102e+00
8.761555701494216919e-02
1.179036736488342285e+00
2.210070133209228516e+00
-2.390299320220947266e+00
-1.632044792175292969e+00
4.686408996582031250e+00
4.612994194030761719e+00
-3.139657258987426758e+00
3.155686557292938232e-01
-4.283302783966064453e+00
2.027294158935546875e+00
3.908503055572509766e+00
4.360067367553710938e+00
5.316394329071044922e+00
-3.377297520637512207e-01
-6.280147433280944824e-01
1.398865699768066406e+00
1.322415113449096680e+00
-1.267984867095947266e+00
-3.724080085754394531e+00
3.322070598602294922e+00
-1.163979887962341309e+00
1.039343357086181641e+00
-3.823438405990600586e+00
6.962860226631164551e-01
-1.708588480949401855e+00
4.219805896282196045e-01
-2.090902566909790039e+00
-2.858757257461547852e+00
-3.838411867618560791e-01
-5.120845437049865723e-01
-1.364816784858703613e+00
-2.026199102401733398e+00
-5.752758383750915527e-01
-7.817930728197097778e-02
2.362488269805908203e+00
2.070834040641784668e-01
-2.743374824523925781e+00
-7.255110740661621094e-01
-3.375057697296142578e+00
-1.279585003852844238e+00
