7.064541339874267578e+00
1.534395122528076172e+01
7.702332973480224609e+00
1.158176803588867188e+01
1.568692111968994141e+01
7.196013450622558594e+00
8.366644859313964844e+00
1.140510463714599609e+01
1.670547294616699219e+01
1.544454765319824219e+01
1.547699069976806641e+01
2.105672454833984375e+01
1.586693382263183594e+01
1.966746711730957031e+01
2.232392311096191406e+00
1.323212051391601562e+01
-9.674436569213867188e+00
1.668262672424316406e+01
-4.053133010864257812e+00
-1.061336398124694824e+00
7.887223720550537109e+00
1.216684055328369141e+01
6.338272571563720703e+00
-7.271150112152099609e+00
2.251957803964614868e-01
-4.605282783508300781e+00
-1.190922617912292480e+00
3.183508157730102539e+00
5.264502525329589844e+00
-2.544408082962036133e+00
-4.691555976867675781e+00
-7.388224601745605469e+00
1.138707065582275391e+01
1.256354570388793945e+00
-4.825042724609375000e+00
-4.905790805816650391e+00
-8.740817308425903320e-01
-1.020527601242065430e+00
7.040000438690185547e+00
-9.269261360168457031e+00
2.787575244903564453e+00
3.293502569198608398e+00
-7.355974674224853516e+00
-9.737694740295410156e+00
-2.283768177032470703e+00
-8.352274894714355469e+00
-1.888313412666320801e+00
2.825151920318603516e+00
4.365607738494873047e+00
1.612423062324523926e+00
-4.859666824340820312e+00
8.202826380729675293e-01
7.391668319702148438e+00
5.886753082275390625e+00
6.832422256469726562e+00
5.066013813018798828e+00
7.917689323425292969e+00
-9.146537780761718750e+00
8.703922271728515625e+00
2.388451099395751953e+00
1.010611176490783691e+00
-1.230327606201171875e+00
-2.172939106822013855e-02
-3.729644775390625000e+00
-4.712158441543579102e-01
1.508063912391662598e+00
1.791532754898071289e+00
-6.821933746337890625e+00
-6.699561119079589844e+00
-7.221278667449951172e+00
8.564297556877136230e-01
4.722962379455566406e-01
2.433135032653808594e+00
-3.509010672569274902e-01
6.062499523162841797e+00
4.978715419769287109e+00
-1.093960762023925781e+01
5.062544345855712891e-01
8.757513999938964844e+00
-2.450435161590576172e-01
1.425259017944335938e+01
7.386225223541259766e+00
1.638443827629089355e+00
-7.887320041656494141e+00
-6.043954372406005859e+00
-2.317404985427856445e+00
5.339047431945800781e+00
3.498607501387596130e-02
-1.493864154815673828e+01
4.677421227097511292e-02
1.311203289031982422e+01
-6.510116577148437500e+00
7.668508052825927734e+00
-2.705210208892822266e+00
-1.336866497993469238e+00
2.911814928054809570e+00
1.331833839416503906e+00
2.121335029602050781e+00
-1.157397985458374023e+00
5.731949329376220703e+00
-1.968647688627243042e-01
-1.973820328712463379e-01
6.183837890625000000e+00
-7.814420700073242188e+00
2.440726757049560547e+00
-7.868893146514892578e-01
-9.330614089965820312e+00
-3.437923789024353027e-01
-6.865318298339843750e+00
2.224881172180175781e+00
3.591105341911315918e-01
-1.731874644756317139e-01
-1.099165081977844238e+00
-2.506970643997192383e+00
5.181618213653564453e+00
-8.179710388183593750e+00
-7.347438335418701172e-01
8.090096473693847656e+00
7.447041988372802734e+00
-2.149974822998046875e+00
4.792191386222839355e-01
1.062850713729858398e+00
-3.332798480987548828e+00
8.334957063198089600e-02
2.323367834091186523e+00
1.292482733726501465e+00
2.557243108749389648e+00
-1.296928524971008301e-01
1.363967299461364746e+00
1.481765627861022949e+00
1.795725464820861816e+00
1.093745827674865723e+00
-2.405270099639892578e+00
-3.028906822204589844e+00
5.161027312278747559e-01
-5.113471508026123047e+00
4.558496475219726562e+00
4.233608245849609375e+00
7.413120865821838379e-01
-3.909082174301147461e+00
3.372344672679901123e-01
-2.058546692132949829e-01
-6.354810595512390137e-01
-1.593704938888549805e+00
6.205410480499267578e+00
3.618673801422119141e+00
2.272506952285766602e+00
-1.787609577178955078e+00
-6.413651257753372192e-02
4.562555313110351562e+00
-1.871346473693847656e+00
-2.626108884811401367e+00
2.948778867721557617e+00
-2.405976295471191406e+00
-1.935159206390380859e+00
2.573211193084716797e+00
-6.148661971092224121e-01
4.056697845458984375e+00
-3.043045401573181152e-01
4.298240661621093750e+00
-2.295862913131713867e+00
-1.948253870010375977e+00
1.860808610916137695e+00
2.599806524813175201e-02
3.482366323471069336e+00
2.233999073505401611e-01
1.481410145759582520e+00
3.874446392059326172e+00
-9.021838307380676270e-01
-5.382513999938964844e+00
7.781035900115966797e-01
3.324990510940551758e+00
-2.224484443664550781e+00
-6.106202602386474609e-01
5.122891902923583984e+00
-5.894224718213081360e-02
-1.619994044303894043e-01
3.441748857498168945e+00
1.154233217239379883e+00
-3.060394763946533203e+00
-2.355231285095214844e+00
2.243357181549072266e+00
4.527342319488525391e+00
2.766562700271606445e+00
-7.769398689270019531e-01
-1.174892485141754150e-02
8.415139913558959961e-01
-2.443271636962890625e+00
1.639948487281799316e+00
6.112576961517333984e+00
-5.931727290153503418e-01
1.457191556692123413e-01
-2.790284343063831329e-02
-2.773436784744262695e+00
1.224996328353881836e+00
2.772345781326293945e+00
1.398848295211791992e+00
5.396680831909179688e+00
-2.440485507249832153e-01
4.442004263401031494e-01
3.009499549865722656e+00
4.225944876670837402e-01
-1.885077953338623047e+00
-2.283117294311523438e+00
1.676915526390075684e+00
1.436310052871704102e+00
-2.661118984222412109e+00
-1.676227569580078125e+00
2.639164686203002930e+00
2.688436985015869141e+00
-7.020378112792968750e-01
-4.891586601734161377e-01
-3.741130590438842773e+00
-3.452312707901000977e+00
-1.574660658836364746e+00
1.917554616928100586e+00
2.345280885696411133e+00
1.323673248291015625e+00
-1.158637762069702148e+00
4.002951145172119141e+00
2.715594053268432617e+00
-2.336940526962280273e+00
-1.057837009429931641e+00
-2.202184200286865234e+00
1.061775088310241699e+00
9.198898077011108398e-01
2.827832996845245361e-01
-8.868232965469360352e-01
-4.785161614418029785e-01
1.684202551841735840e+00
-2.069584280252456665e-01
-4.047156572341918945e-01
3.081507205963134766e+00
8.565142750740051270e-01
1.784252524375915527e-01
1.901528120040893555e+00
9.698032587766647339e-02
-4.483446776866912842e-01
-2.687602519989013672e+00
2.483619451522827148e+00
-5.957749843597412109e+00
4.039530277252197266e+00
3.805839300155639648e+00
3.281653165817260742e+00
-2.224574804306030273e+00
-2.224524736404418945e+00
-1.237523183226585388e-01
8.273158967494964600e-02
-9.039815068244934082e-01
4.834809303283691406e+00
4.293690323829650879e-01
6.060861349105834961e-01
-2.794560194015502930e+00
-1.077820777893066406e+00
2.908549785614013672e+00
6.913622617721557617e-01
-2.359576225280761719e+00
2.065768957138061523e+00
5.800563693046569824e-01
1.305986762046813965e+00
2.587358236312866211e+00
8.987185955047607422e-01
2.427297115325927734e+00
-1.426937580108642578e+00
1.271807312965393066e+00
-4.647077083587646484e+00
1.211548447608947754e+00
6.592630743980407715e-01
-5.147140026092529297e-01
4.049989223480224609e+00
-1.341215055435895920e-02
2.188843727111816406e+00
5.000564575195312500e+00
-5.864747166633605957e-01
-5.417321205139160156e+00
4.304154813289642334e-01
4.514268398284912109e+00
-6.656263023614883423e-02
-6.129382848739624023e-01
5.131932735443115234e+00
4.497124254703521729e-01
8.218972086906433105e-01
3.329919815063476562e+00
7.307044267654418945e-01
-2.266745328903198242e+00
-3.253240287303924561e-01
3.578663587570190430e+00
8.583027720451354980e-01
4.091781616210937500e+00
2.296130508184432983e-01
1.559483289718627930e+00
1.994395375251770020e+00
-1.997910380363464355e+00
-1.750667572021484375e+00
5.668108940124511719e+00
4.950578689575195312e+00
-3.290307283401489258e+00
6.361246854066848755e-02
-4.702939033508300781e+00
2.227777957916259766e+00
3.942506790161132812e+00
4.246706008911132812e+00
6.474085807800292969e+00
2.998557873070240021e-02
-8.006642460823059082e-01
2.209157228469848633e+00
1.263710856437683105e+00
-1.263467669486999512e+00
-3.831329345703125000e+00
3.750934600830078125e+00
-1.274127840995788574e+00
5.390115380287170410e-01
-4.517037391662597656e+00
-3.824643492698669434e-01
-1.726888418197631836e+00
2.342793345451354980e-01
-1.660027146339416504e+00
-3.390870571136474609e+00
4.108723700046539307e-01
-5.227277874946594238e-01
-1.493718147277832031e+00
-2.100625753402709961e+00
-6.951605677604675293e-01
-3.691785931587219238e-01
2.100043296813964844e+00
9.840715527534484863e-01
-2.662175416946411133e+00
-1.489031434059143066e+00
-5.209804534912109375e+00
-1.230700016021728516e+00
