8.044387817382812500e+00
1.543154239654541016e+01
2.307511520385742188e+01
6.361256122589111328e+00
1.560426521301269531e+01
4.514467716217041016e+00
6.892708301544189453e+00
-6.264386653900146484e+00
-4.857079029083251953e+00
1.873847007751464844e+01
2.376039743423461914e+00
-3.454188823699951172e+00
6.731449067592620850e-02
1.162941217422485352e+00
1.097720050811767578e+01
3.583848714828491211e+00
-5.433720588684082031e+00
-9.288193702697753906e+00
1.230490398406982422e+01
8.436710357666015625e+00
6.477579116821289062e+00
2.776526927947998047e+00
4.962024211883544922e+00
1.262622070312500000e+01
5.130249500274658203e+00
-2.323800325393676758e+00
6.876123696565628052e-02
2.034388065338134766e+00
-3.596051931381225586e+00
-6.164505958557128906e+00
3.004450798034667969e+00
6.618672013282775879e-01
4.156469821929931641e+00
-1.757925271987915039e+00
-1.273468971252441406e+01
1.941680550575256348e+00
-1.125520586967468262e+00
-1.394202113151550293e+00
3.826813459396362305e+00
7.622278213500976562e+00
-2.590884566307067871e-01
4.475352466106414795e-01
2.834525108337402344e-01
8.307962417602539062e-01
1.515413761138916016e+00
1.393843255937099457e-02
9.581982493400573730e-01
5.820192813873291016e+00
2.993335008621215820e+00
-4.136926174163818359e+00
1.609313368797302246e+00
