9.898836135864257812e+00
1.544523811340332031e+01
2.358111619949340820e+00
1.547336578369140625e+01
1.779065132141113281e+01
4.579417228698730469e+00
-6.396918773651123047e+00
-1.226527690887451172e+01
3.965148210525512695e+00
1.069842815399169922e+00
4.689715862274169922e+00
-5.559551715850830078e+00
1.270716190338134766e+00
1.404704093933105469e+01
-8.869500756263732910e-01
4.966249465942382812e+00
-1.298890113830566406e-01
-1.492554569244384766e+01
3.347129344940185547e+00
4.178240776062011719e+00
7.204345703125000000e+00
2.081614255905151367e+00
-5.691605806350708008e-01
-1.725373029708862305e+00
-5.171206474304199219e+00
1.302456283569335938e+01
6.262202262878417969e+00
-4.647754192352294922e+00
-1.064456939697265625e+00
8.044670104980468750e+00
8.832535743713378906e-01
-7.431396245956420898e-01
2.087137848138809204e-01
3.451666116714477539e+00
-1.575825691223144531e+00
-7.450326085090637207e-01
9.695464968681335449e-01
7.007224082946777344e+00
-3.224685192108154297e+00
-2.743216991424560547e+00
1.837695002555847168e+00
5.710948944091796875e+00
-2.208115577697753906e+00
-4.995826780796051025e-01
-1.837067127227783203e+00
-1.467465281486511230e+00
-4.394652843475341797e+00
-5.709820985794067383e-01
-1.167645454406738281e+01
2.465710401535034180e+00
5.504505634307861328e-01
-4.894403815269470215e-01
8.380407333374023438e+00
-1.269933700561523438e+01
5.591860771179199219e+00
1.117296099662780762e+00
3.396363556385040283e-01
1.215788125991821289e+00
4.337688922882080078e+00
-7.230160236358642578e+00
9.520770907402038574e-01
6.814502716064453125e+00
5.605052709579467773e-01
1.224199756979942322e-01
-6.634181141853332520e-01
3.062909841537475586e-02
-1.228579640388488770e+00
-1.402791738510131836e+00
-3.234217166900634766e-01
-8.823475241661071777e-01
