1.656519293785095215e+00
1.712587714195251465e+00
4.128592014312744141e+00
8.641967773437500000e-01
2.148233890533447266e+00
2.869295597076416016e+00
2.457650899887084961e+00
1.688441395759582520e+00
1.995317578315734863e+00
2.009387016296386719e+00
2.366733312606811523e+00
8.402141928672790527e-01
6.054149270057678223e-01
-2.793039679527282715e-01
-3.420135006308555603e-02
-4.709405899047851562e-01
1.007218480110168457e+00
9.062937498092651367e-01
2.074631303548812866e-01
2.687632339075207710e-03
2.296296954154968262e-01
9.030793309211730957e-01
7.021946460008621216e-02
-2.180109471082687378e-01
-1.848774850368499756e-01
-4.924525320529937744e-01
-1.241721749305725098e+00
1.418793201446533203e-01
1.897366344928741455e-02
-1.375446468591690063e-01
-1.743738055229187012e-01
-4.530867561697959900e-02
-2.251337319612503052e-01
-5.931463837623596191e-01
6.517273187637329102e-02
1.128007173538208008e-01
-4.353141188621520996e-01
1.338593959808349609e-01
4.303271174430847168e-01
6.201556921005249023e-01
1.026640892028808594e+01
1.317123317718505859e+01
1.316473102569580078e+01
1.396526241302490234e+01
1.553801155090332031e+01
1.500268554687500000e+01
1.681983757019042969e+01
1.902046203613281250e+01
1.791460800170898438e+01
1.945468521118164062e+01
2.283278465270996094e+01
1.998508644104003906e+01
2.775317764282226562e+01
1.417558550834655762e+00
-1.154044494032859802e-01
9.650266170501708984e-01
-1.381738781929016113e+00
-6.341882348060607910e-01
1.138338446617126465e+00
1.365946531295776367e+00
4.466164708137512207e-01
-1.481452941894531250e+00
-6.918157339096069336e-01
1.411522984504699707e+00
6.070381402969360352e-01
-1.478684902191162109e+00
4.887064099311828613e-01
-3.146772384643554688e-01
-2.090330362319946289e+00
-2.040621042251586914e-01
1.035632371902465820e+00
-3.958790004253387451e-01
-1.466788172721862793e+00
9.759703278541564941e-01
-2.931337058544158936e-01
-2.712260484695434570e-01
-3.112483322620391846e-01
6.218147277832031250e-01
-1.133692637085914612e-02
1.035510525107383728e-01
-5.462266132235527039e-02
-8.021840453147888184e-01
1.496021747589111328e+00
2.899252176284790039e+00
-2.287668943405151367e+00
-1.549230456352233887e+00
2.516063690185546875e+00
4.578382074832916260e-01
-1.996126174926757812e+00
3.178132295608520508e+00
7.755571603775024414e-02
-7.178921103477478027e-01
-9.106186032295227051e-01
-1.419348120689392090e+00
5.199239253997802734e-01
6.921914219856262207e-01
-1.175347805023193359e+00
-1.274991393089294434e+00
-2.699662148952484131e-01
2.824835479259490967e-01
-2.418424189090728760e-01
7.683745622634887695e-01
1.507028490304946899e-01
-9.268634319305419922e-01
-3.920033201575279236e-02
-5.768039822578430176e-01
1.557873040437698364e-01
1.452082157135009766e+00
-5.552014112472534180e-01
-1.305755823850631714e-01
5.546520352363586426e-01
-2.825205624103546143e-01
-7.717515230178833008e-01
-1.991722732782363892e-01
-7.398268580436706543e-02
-6.378813385963439941e-01
-1.138054847717285156e+00
-4.020328521728515625e-01
1.267873406410217285e+00
1.505393147468566895e+00
-1.986323833465576172e+00
-1.238836407661437988e+00
-1.352786272764205933e-01
8.981937766075134277e-01
1.358462721109390259e-01
-6.671654582023620605e-01
-9.513512253761291504e-01
-9.679985642433166504e-01
-2.246646642684936523e+00
3.733228519558906555e-02
-6.860878467559814453e-01
4.321092605590820312e+00
4.044269323348999023e-01
-1.120746970176696777e+00
1.510172337293624878e-01
-5.234599113464355469e-01
2.490610361099243164e+00
-6.804205477237701416e-02
8.480743169784545898e-01
-2.181106567382812500e+00
7.674198150634765625e-01
5.892020091414451599e-02
2.705540359020233154e-01
-1.318019509315490723e+00
-2.449163347482681274e-01
5.139394998550415039e-01
-8.925628662109375000e-01
8.098154067993164062e-01
4.429881274700164795e-02
-6.080347895622253418e-01
5.414645671844482422e-01
1.357204616069793701e-01
-4.931528866291046143e-01
9.226925671100616455e-02
3.632460236549377441e-01
-4.378027096390724182e-02
-1.165326595306396484e+00
1.623944379389286041e-02
9.375883936882019043e-01
5.045754313468933105e-01
7.282114773988723755e-02
1.163911893963813782e-01
-5.560799967497587204e-03
-6.392405629158020020e-01
1.455944180488586426e-01
4.265413582324981689e-01
-1.031354904174804688e+00
1.475445087999105453e-02
4.583147466182708740e-01
-2.055331468582153320e+00
7.028675675392150879e-01
3.596637770533561707e-02
-1.201440095901489258e-01
-4.705304205417633057e-01
6.073103547096252441e-01
-2.003442049026489258e-01
-5.535346269607543945e-01
-2.550732493400573730e-01
-3.478454947471618652e-01
5.689244270324707031e-01
-1.575429439544677734e+00
4.774886742234230042e-02
6.278508901596069336e-01
6.606412529945373535e-01
7.139790803194046021e-02
-2.265007793903350830e-01
-3.609444797039031982e-01
7.058438658714294434e-01
1.412945687770843506e-01
-6.748659908771514893e-02
3.433904647827148438e-01
5.592633411288261414e-02
1.217706799507141113e-01
2.356839627027511597e-01
1.158026233315467834e-01
4.033217728137969971e-01
9.506356716156005859e-01
-1.739804148674011230e-01
1.391004920005798340e-01
5.283726453781127930e-01
1.692261397838592529e-01
-1.455962657928466797e-01
5.180917382240295410e-01
2.730093002319335938e-01
-5.393902659416198730e-01
-3.662351667881011963e-01
-1.756611168384552002e-01
8.808075189590454102e-01
-1.062736362218856812e-01
-2.305996417999267578e-01
2.623968720436096191e-01
-9.026414155960083008e-01
4.886211082339286804e-02
-1.079854369163513184e+00
1.918829798698425293e+00
7.852571010589599609e-01
-2.592883586883544922e+00
1.287993550300598145e+00
1.146932840347290039e-01
-4.411379396915435791e-01
2.765479385852813721e-01
-1.492959633469581604e-02
1.189914107322692871e+00
-1.125396788120269775e-02
5.876182913780212402e-01
2.375834703445434570e+00
-1.000137567520141602e+00
-5.369820073246955872e-02
8.602827191352844238e-01
8.428472876548767090e-01
-9.886765480041503906e-01
4.889220893383026123e-01
2.902801632881164551e-01
-3.716633617877960205e-01
3.385462760925292969e+00
-2.382320463657379150e-01
-1.237148717045783997e-01
3.240416571497917175e-02
-2.434203773736953735e-01
2.122307941317558289e-02
3.625132888555526733e-02
-8.400712162256240845e-02
1.558536440134048462e-01
3.679351508617401123e-01
-1.532989293336868286e-01
-3.962222039699554443e-01
-1.447237879037857056e-01
6.364352703094482422e-01
-8.310800790786743164e-02
-5.765585973858833313e-02
3.179644644260406494e-01
4.336204438004642725e-05
-1.451099663972854614e-01
1.793313771486282349e-01
4.058192372322082520e-01
-1.199158430099487305e-01
-3.644284605979919434e-01
4.596832990646362305e-01
1.000775769352912903e-01
-4.254170060157775879e-01
2.276850044727325439e-01
-2.967162132263183594e-01
-3.344317898154258728e-02
-8.076366968452930450e-03
1.337684541940689087e-01
-2.333398610353469849e-01
4.570963978767395020e-01
4.402550458908081055e-01
-6.733511090278625488e-01
-1.402209103107452393e-01
2.379512488842010498e-01
-1.984919235110282898e-02
1.600829698145389557e-02
-2.091546803712844849e-01
1.507862359285354614e-01
8.526850938796997070e-01
-1.500857472419738770e-01
-4.133417904376983643e-01
2.715927176177501678e-02
3.685192167758941650e-01
8.487208187580108643e-02
5.061468482017517090e-02
4.785825312137603760e-02
-2.496560364961624146e-01
-3.244156241416931152e-01
5.482107996940612793e-01
-3.426168560981750488e-01
-1.170896217226982117e-01
2.542178146541118622e-02
-4.395535588264465332e-01
-3.863620571792125702e-03
-1.109151169657707214e-01
7.150112837553024292e-02
-1.744281053543090820e-01
2.502967119216918945e-01
1.446475237607955933e-01
-5.990030709654092789e-03
-1.133755501359701157e-02
1.257101446390151978e-01
4.426216483116149902e-01
-5.765135884284973145e-01
1.074610799551010132e-01
1.052639603614807129e+00
-1.116894036531448364e-01
-1.201186142861843109e-02
2.213360786437988281e+00
-6.401179432868957520e-01
-8.638741970062255859e-01
1.467269420623779297e+00
8.393131494522094727e-01
4.111744165420532227e-01
1.777370721101760864e-01
2.683110237121582031e-01
-2.106837511062622070e+00
4.024152085185050964e-02
-4.017177224159240723e-01
1.426385879516601562e+00
-7.475144267082214355e-01
-1.344033956527709961e+00
3.055025339126586914e-01
1.716158688068389893e-01
2.463509559631347656e+00
-1.135902047157287598e+00
-7.716018706560134888e-02
3.524530529975891113e-01
-3.068081617355346680e+00
5.663673859089612961e-03
-7.096534594893455505e-03
-8.826031349599361420e-03
-8.820108138024806976e-03
-8.960575796663761139e-03
3.197217592969536781e-04
-1.900075585581362247e-03
9.992991574108600616e-03
-7.828599773347377777e-03
-3.452314063906669617e-03
9.956598281860351562e-03
-1.977712148800492287e-03
7.666715420782566071e-03
1.382771646603941917e-03
9.064817801117897034e-03
7.707744836807250977e-03
5.585711915045976639e-03
-9.363838471472263336e-03
9.252370335161685944e-03
3.927088982891291380e-04
-5.844179540872573853e-03
7.501956075429916382e-03
-5.516970530152320862e-03
-7.226813584566116333e-03
4.504785872995853424e-03
9.475777857005596161e-03
7.096375338733196259e-04
-1.104040071368217468e-03
-9.557776153087615967e-03
2.119766781106591225e-03
9.295930154621601105e-03
9.351829998195171356e-03
8.600575849413871765e-03
-6.306403316557407379e-03
2.459243172779679298e-03
-1.740746549330651760e-03
-2.738775918260216713e-03
-9.267941117286682129e-03
7.362974341958761215e-03
3.456564154475927353e-03
-8.250568062067031860e-03
7.739319000393152237e-03
5.649290978908538818e-03
-3.653911873698234558e-03
6.366275716572999954e-03
1.511013688286766410e-04
-9.576134383678436279e-03
-1.329564838670194149e-03
-1.073738909326493740e-03
-5.223600193858146667e-03
6.604914553463459015e-03
4.895283374935388565e-03
1.729579991661012173e-03
-1.426429516868665814e-04
-2.528823970351368189e-04
-4.665186163038015366e-03
2.100222045555710793e-03
5.070874467492103577e-03
-4.588315263390541077e-03
4.460656491573899984e-04
-8.033429272472858429e-03
4.272733349353075027e-03
7.680811919271945953e-03
1.341088442131876945e-03
9.889631532132625580e-03
-6.425204686820507050e-03
-9.755997918546199799e-03
-8.600304136052727699e-04
8.635038509964942932e-03
6.920493673533201218e-03
-5.334024899639189243e-04
8.051100187003612518e-03
-5.480089690536260605e-03
-3.916925285011529922e-03
4.299877677112817764e-03
4.481829702854156494e-03
-9.626471437513828278e-03
-4.283737856894731522e-03
1.609726692549884319e-03
8.615732192993164062e-03
-3.220062004402279854e-03
-7.598337717354297638e-03
3.254541661590337753e-04
3.984141163527965546e-03
-4.027186427265405655e-03
7.232192438095808029e-03
8.116143755614757538e-03
5.371665116399526596e-03
-4.775367211550474167e-03
8.769111707806587219e-03
8.772849105298519135e-03
1.405149102210998535e+00
7.505143284797668457e-01
-1.390548229217529297e+00
4.171955883502960205e-01
