1.588498234748840332e+00
1.256214380264282227e+00
4.186246395111083984e+00
-1.424933910369873047e+00
2.158316135406494141e+00
2.106042861938476562e+00
3.289546489715576172e+00
2.282350540161132812e+00
2.482599496841430664e+00
1.965548515319824219e+00
8.050604462623596191e-01
9.914643764495849609e-01
-3.547933101654052734e-01
3.117832355201244354e-02
5.049521327018737793e-01
1.898606061935424805e+00
3.524039089679718018e-01
-3.787796497344970703e-01
5.721785426139831543e-01
-2.675440609455108643e-01
1.095210313796997070e-01
-5.343990325927734375e-01
1.827000379562377930e+00
-8.153625763952732086e-03
-1.443506628274917603e-01
4.903905838727951050e-02
-2.586005330085754395e-01
1.963630504906177521e-02
-8.445949107408523560e-02
-2.470789998769760132e-01
2.071681171655654907e-01
1.577305421233177185e-02
-3.826191127300262451e-01
-9.905768632888793945e-01
9.405399322509765625e+00
1.319750022888183594e+01
1.102815532684326172e+01
1.402442264556884766e+01
1.603345489501953125e+01
1.520026683807373047e+01
1.767426109313964844e+01
1.933874893188476562e+01
1.916611671447753906e+01
2.296310424804687500e+01
2.854649543762207031e+01
1.254479646682739258e+00
-7.638191338628530502e-03
-2.483765929937362671e-01
-6.100693941116333008e-01
-7.344341874122619629e-01
3.145558238029479980e-01
4.551514387130737305e-01
-1.930879592895507812e+00
8.933576941490173340e-01
-1.321113586425781250e+00
-7.816368937492370605e-01
-2.101555764675140381e-01
6.331105232238769531e-01
-1.291988372802734375e+00
-6.172341108322143555e-01
8.654877543449401855e-01
-6.028655171394348145e-01
-3.098003864288330078e-01
-9.237332940101623535e-01
4.724173247814178467e-02
-1.000712752342224121e+00
1.425518393516540527e-01
-3.442402482032775879e-01
3.029839992523193359e-01
-5.939061045646667480e-01
-2.443420588970184326e-01
-8.972776532173156738e-01
6.405732035636901855e-01
4.959073066711425781e-01
-7.261400669813156128e-02
2.393287897109985352e+00
1.025268197059631348e+00
-9.955635666847229004e-01
-5.499807000160217285e-01
-5.280084609985351562e-01
1.504857659339904785e+00
7.971158027648925781e-01
3.202514886856079102e+00
1.319510936737060547e+00
-1.191685274243354797e-01
1.106638073921203613e+00
-1.210656523704528809e+00
-6.341340020298957825e-03
-7.916085720062255859e-01
2.329899966716766357e-01
-1.267006397247314453e-01
-9.452488422393798828e-01
4.842861369252204895e-02
3.704522848129272461e-01
7.120663523674011230e-01
-2.382072687149047852e+00
1.666519761085510254e+00
1.310100436210632324e+00
-1.432142376899719238e+00
-1.427841186523437500e+00
2.196690559387207031e+00
-9.031955003738403320e-01
5.142422914505004883e-01
6.006606221199035645e-01
1.136889100074768066e+00
6.798782348632812500e-01
1.361474752426147461e+00
6.518119573593139648e-01
-5.909502506256103516e+00
9.515463560819625854e-02
1.119389757513999939e-01
-1.279470920562744141e-01
7.947547733783721924e-02
-4.003923237323760986e-01
-1.014612838625907898e-01
9.792845845222473145e-01
1.330072432756423950e-01
-6.010367274284362793e-01
5.200605988502502441e-01
-8.728402256965637207e-01
1.732419729232788086e-01
-1.065205454826354980e+00
3.904855549335479736e-01
-2.320320717990398407e-02
2.814546525478363037e-01
-1.112162768840789795e-01
4.050821810960769653e-02
-1.414579618722200394e-02
-2.417175322771072388e-01
1.165159568190574646e-01
1.596513539552688599e-01
2.432962656021118164e-01
3.202842175960540771e-02
4.285737276077270508e-01
-3.305333256721496582e-01
2.026004344224929810e-01
-5.355871915817260742e-01
-4.549982547760009766e-01
-1.181662440299987793e+00
3.803604245185852051e-01
-1.464586853981018066e+00
-2.041760087013244629e-01
-3.613625168800354004e-01
3.497854173183441162e-01
4.246248006820678711e-01
-4.432276189327239990e-01
3.123114109039306641e-01
-4.837090969085693359e-01
-1.725889205932617188e+00
4.702973067760467529e-01
1.202566698193550110e-01
4.934941604733467102e-02
6.137430071830749512e-01
-7.058181762695312500e-01
-9.758937358856201172e-02
1.324422508478164673e-01
5.896860361099243164e-01
1.336161047220230103e-01
-3.744732216000556946e-02
2.871116101741790771e-01
5.931552052497863770e-01
1.077992796897888184e+00
9.321634173393249512e-01
3.314392566680908203e-01
4.169495701789855957e-01
-4.373829662799835205e-01
-1.140449047088623047e-01
1.570750594139099121e+00
-1.422057747840881348e+00
-7.786883115768432617e-01
6.440863609313964844e-01
1.447774648666381836e+00
1.124954104423522949e+00
-2.085661590099334717e-01
2.195134878158569336e+00
-1.103226900100708008e+00
2.153559178113937378e-01
-3.289827108383178711e-01
1.165632978081703186e-01
4.609530866146087646e-01
-8.428337424993515015e-02
-5.730892419815063477e-01
-5.097547918558120728e-02
4.355958104133605957e-01
-3.597661852836608887e-01
3.402012586593627930e-01
7.643076181411743164e-01
6.420941352844238281e-01
1.382128000259399414e-01
1.307860761880874634e-02
1.465327590703964233e-01
3.140078485012054443e-01
-2.642880976200103760e-01
1.815819442272186279e-01
5.412765312939882278e-04
2.055301815271377563e-01
1.375582069158554077e-01
3.064559213817119598e-02
8.003015071153640747e-02
-3.119201660156250000e-01
3.141693770885467529e-01
-1.600975543260574341e-01
3.795060813426971436e-01
4.222134947776794434e-01
1.001804471015930176e+00
-2.697132527828216553e-02
1.460908353328704834e-01
-7.286172509193420410e-01
-3.688961640000343323e-02
2.009090632200241089e-01
1.450881659984588623e-01
2.059577852487564087e-01
-5.227054357528686523e-01
8.763653784990310669e-02
7.608457803726196289e-01
-7.895492911338806152e-01
1.191581711173057556e-01
-2.902911901473999023e-01
6.752250343561172485e-02
8.477051258087158203e-01
8.162152171134948730e-01
-4.460557401180267334e-01
-2.673330903053283691e-01
4.365812540054321289e-01
2.554643154144287109e-01
-5.592952966690063477e-01
-1.289519071578979492e-01
-2.484730333089828491e-01
-1.427494764328002930e+00
-5.112205743789672852e-01
4.010044336318969727e-01
3.326247036457061768e-01
1.257649183273315430e+00
-5.359622836112976074e-01
9.907227754592895508e-01
1.088114380836486816e+00
-1.012245535850524902e+00
-1.380977869033813477e+00
-1.304928064346313477e+00
3.693984448909759521e-01
-2.026916593313217163e-01
1.455613613128662109e+00
-1.421883463859558105e+00
-4.296247381716966629e-03
-2.568549010902643204e-03
1.325376215390861034e-03
-8.564406074583530426e-03
-8.582288399338722229e-03
-6.997757591307163239e-03
-7.494166493415832520e-03
-3.104467643424868584e-03
-6.645513232797384262e-03
6.821055896580219269e-03
-3.788959875237196684e-04
-8.484561927616596222e-03
9.647561237215995789e-03
-1.127353025367483497e-04
2.322506159543991089e-03
2.920582192018628120e-03
-1.667462784098461270e-04
-4.258207511156797409e-03
5.907987244427204132e-03
1.935767359100282192e-03
1.518417149782180786e-03
7.961422204971313477e-03
-6.589233409613370895e-03
9.280760772526264191e-03
1.189879112644121051e-04
1.918016700074076653e-03
-3.493397496640682220e-03
-8.087507449090480804e-03
-6.243172683753073215e-04
-8.904992602765560150e-03
5.970921833068132401e-03
-7.661038078367710114e-03
5.928073078393936157e-03
8.451886475086212158e-03
-2.284803660586476326e-03
7.345592021010816097e-04
6.878884043544530869e-03
4.890623968094587326e-03
-1.780393882654607296e-03
-9.380808100104331970e-03
-3.743740497156977654e-03
-2.011363627389073372e-03
-4.841420333832502365e-03
-7.039729040116071701e-03
-6.580256856977939606e-03
2.549454104155302048e-03
-4.150258377194404602e-03
9.123747237026691437e-03
-2.743302844464778900e-03
7.938084891065955162e-04
9.199235937558114529e-04
9.605650790035724640e-03
-6.142565980553627014e-03
9.115824475884437561e-03
8.375764824450016022e-03
-5.049239378422498703e-03
9.040801785886287689e-03
-8.588329888880252838e-03
1.922482857480645180e-03
4.470624495297670364e-03
-8.287282660603523254e-03
-6.340831052511930466e-03
3.341943724080920219e-03
5.187956150621175766e-03
2.088079461827874184e-03
-1.209378824569284916e-03
9.997749924659729004e-01
7.982171773910522461e-01
-1.571568250656127930e+00
6.459792256355285645e-01
