1.704676985740661621e+00
1.205966398119926453e-01
2.645979225635528564e-01
2.644566297531127930e-01
1.653622984886169434e+00
4.539024353027343750e+00
4.868610501289367676e-01
1.486065506935119629e+00
3.144906520843505859e+00
2.109194517135620117e+00
1.817563891410827637e+00
1.987732410430908203e+00
1.948125004768371582e+00
2.419200897216796875e+00
4.375108182430267334e-01
2.116369456052780151e-01
4.459468722343444824e-01
7.767422795295715332e-01
-8.277038931846618652e-01
5.625266432762145996e-01
5.029283836483955383e-02
6.790596991777420044e-02
5.915616154670715332e-01
6.709907948970794678e-02
3.538640961050987244e-02
4.713632911443710327e-02
1.351487338542938232e-01
8.504439890384674072e-02
7.684300094842910767e-02
-3.744839504361152649e-02
-4.576101601123809814e-01
1.136385321617126465e+00
2.603635489940643311e-01
3.872064948081970215e-01
3.697707056999206543e-01
1.650237292051315308e-02
-7.393611222505569458e-02
-7.985164225101470947e-02
-7.646696269512176514e-02
-9.541784226894378662e-02
-6.282988935708999634e-02
-4.076059162616729736e-02
-2.082074731588363647e-01
-1.598531007766723633e-01
-1.411225050687789917e-01
-4.999074153602123260e-03
8.328143954277038574e-01
6.760876625776290894e-02
-6.417195200920104980e-01
4.995166778564453125e+00
6.786238193511962891e+00
8.075663566589355469e+00
1.023979377746582031e+01
1.324596214294433594e+01
1.350218868255615234e+01
1.437533664703369141e+01
1.546947860717773438e+01
1.501566982269287109e+01
1.699250984191894531e+01
1.812618637084960938e+01
1.944018745422363281e+01
1.926361656188964844e+01
2.355912208557128906e+01
2.677277374267578125e+01
2.632701110839843750e+01
-1.391406536102294922e+00
-3.579894065856933594e+00
1.473967909812927246e+00
9.361743927001953125e-01
2.804839313030242920e-01
5.781961083412170410e-01
-6.141682267189025879e-01
4.129355251789093018e-01
1.509872794151306152e+00
-1.744068861007690430e-01
1.142166018486022949e+00
5.182920023798942566e-02
-4.665021300315856934e-01
-8.350713849067687988e-01
2.969493627548217773e+00
-3.366224840283393860e-02
-5.501422286033630371e-01
9.083987474441528320e-01
-1.150279283523559570e+00
8.788392543792724609e-01
2.923419713973999023e+00
-6.783011555671691895e-01
5.264940857887268066e-01
1.127267703413963318e-01
-4.409751892089843750e+00
4.527474403381347656e+00
1.874796271324157715e+00
-2.674846887588500977e+00
1.770292997360229492e+00
1.576821327209472656e+00
-6.659144163131713867e-01
-6.495844721794128418e-01
1.173629984259605408e-01
8.321811556816101074e-01
-1.754776120185852051e+00
2.789503633975982666e-01
3.406071066856384277e-01
8.954159617424011230e-01
7.606149315834045410e-01
-1.804706215858459473e+00
-1.865225076675415039e+00
4.649421215057373047e+00
-1.482299089431762695e+00
4.669395387172698975e-01
-1.590825438499450684e+00
1.217103004455566406e+00
-2.938601076602935791e-01
2.563892841339111328e+00
2.963460981845855713e-01
7.086852937936782837e-02
-5.250850915908813477e-01
-2.939082682132720947e-01
1.295957118272781372e-01
-1.868499666452407837e-01
-2.872652709484100342e-01
1.983768343925476074e+00
-4.597667694091796875e+00
-9.286782145500183105e-01
-1.943954229354858398e-01
-2.074546813964843750e+00
-1.958004981279373169e-01
-2.252287417650222778e-01
1.340233832597732544e-01
5.369140952825546265e-02
-1.544380187988281250e-01
-4.337528049945831299e-01
-9.323177486658096313e-02
-4.279443323612213135e-01
4.471223056316375732e-01
-6.189396381378173828e-01
5.759822845458984375e+00
5.363181233406066895e-01
4.130464494228363037e-01
4.977162480354309082e-01
1.033540129661560059e+00
-3.784377127885818481e-02
-3.775324299931526184e-02
-2.265421867370605469e+00
5.121322154998779297e+00
-3.720505237579345703e-01
2.549716711044311523e+00
1.566202759742736816e+00
2.987348940223455429e-03
-2.483921498060226440e-01
1.152507513761520386e-01
5.837760400027036667e-03
1.407139599323272705e-01
-7.317017018795013428e-02
2.125548839569091797e+00
8.648027777671813965e-01
-1.342162251472473145e+00
1.404936145991086960e-02
-2.643306851387023926e-01
-6.117071211338043213e-02
-2.408727854490280151e-01
1.571399867534637451e-01
-1.460201293230056763e-01
1.373731493949890137e+00
-2.315656900405883789e+00
7.933516055345535278e-02
-9.241763353347778320e-01
-5.268293023109436035e-01
-1.746227145195007324e-01
5.306378006935119629e-01
-4.358830451965332031e-01
4.625326693058013916e-01
-1.048063158988952637e+00
-5.166041851043701172e-01
-2.001961946487426758e+00
2.087458133697509766e+00
-1.100555896759033203e+00
-1.865956783294677734e-01
-1.401459813117980957e+00
1.622387528419494629e+00
-1.510720372200012207e+00
-1.446683168411254883e+00
-1.477818012237548828e+00
1.606992840766906738e+00
-5.679208636283874512e-01
1.298603534698486328e+00
-1.708775281906127930e+00
1.665666818618774414e+00
6.821004748344421387e-01
2.853362858295440674e-01
-1.729850172996520996e+00
2.927673049271106720e-02
-2.077545404434204102e+00
-4.637543261051177979e-01
-9.083545804023742676e-01
-4.252543151378631592e-01
-7.676037549972534180e-01
-1.616231799125671387e+00
8.282938599586486816e-01
1.391922116279602051e+00
-4.468432664871215820e-01
4.977638721466064453e-01
-1.838742047548294067e-01
7.886363863945007324e-01
-6.330337524414062500e-01
-1.852142512798309326e-01
-8.680727332830429077e-03
5.447872877120971680e-01
2.630677521228790283e-01
-2.959379255771636963e-01
-6.565300226211547852e-01
4.241288006305694580e-01
-4.265994131565093994e-01
2.526784241199493408e-01
-1.283419579267501831e-01
6.405856609344482422e-01
-8.544870615005493164e-01
-4.096582233905792236e-01
5.748297572135925293e-01
-4.569294154644012451e-01
1.663486510515213013e-01
-2.793297171592712402e-01
-7.335718274116516113e-01
-7.305841445922851562e-01
-8.219335228204727173e-02
6.202241778373718262e-01
1.214282989501953125e+00
-1.469180226325988770e+00
-1.063092589378356934e+00
9.937503337860107422e-01
-1.080281138420104980e+00
4.132127165794372559e-01
-1.334843337535858154e-01
4.935624599456787109e-01
2.469998784363269806e-02
1.449221968650817871e-01
3.800469040870666504e-01
-2.707213759422302246e-01
3.651947081089019775e-01
-7.339289784431457520e-01
-2.845322191715240479e-01
8.750474452972412109e-02
1.021333932876586914e+00
-1.357511520385742188e+00
-9.002517908811569214e-02
3.009936809539794922e-01
1.233945131301879883e+00
1.139273270964622498e-01
1.130762621760368347e-01
-5.129179954528808594e-01
7.831678539514541626e-02
6.426489353179931641e-02
1.138372272253036499e-01
3.302726894617080688e-02
9.715862572193145752e-02
5.982973054051399231e-02
2.490635961294174194e-01
-6.403587460517883301e-01
4.854073822498321533e-01
2.067622989416122437e-01
2.824490666389465332e-01
5.520578026771545410e-01
-2.071214616298675537e-01
9.133400022983551025e-02
-4.366717301309108734e-03
-6.382872816175222397e-03
-2.706480026245117188e-02
1.794247180223464966e-01
1.014553308486938477e-01
9.320083260536193848e-01
-6.719710230827331543e-01
-9.989140927791595459e-02
-1.803124427795410156e+00
1.380634009838104248e-01
-2.566956877708435059e-01
-4.589659273624420166e-01
-9.122262895107269287e-02
4.154452681541442871e-01
-6.334301233291625977e-01
4.827477335929870605e-01
-1.583534955978393555e+00
-2.076914533972740173e-03
-5.478960275650024414e-01
-6.378566473722457886e-02
1.016629412770271301e-01
1.900715529918670654e-01
9.410739690065383911e-02
4.100622236728668213e-02
2.230829559266567230e-02
-1.153649166226387024e-01
1.728926599025726318e-01
6.064133644104003906e-01
4.760766625404357910e-01
2.480822056531906128e-01
8.897065371274948120e-02
1.147403419017791748e-01
2.445474863052368164e-01
6.554602179676294327e-03
1.157883629202842712e-01
-5.634127855300903320e-01
1.584553420543670654e-01
4.862924516201019287e-01
4.114547967910766602e-01
1.321785748004913330e-01
1.706222295761108398e-01
-6.236032396554946899e-02
9.816917777061462402e-02
-7.922593355178833008e-01
2.760941386222839355e-01
1.166783198714256287e-01
8.229506015777587891e-01
-3.140751123428344727e-01
2.645070850849151611e-01
1.363542079925537109e-01
-2.601390480995178223e-01
-4.711076319217681885e-01
-6.991642713546752930e-01
5.112470984458923340e-01
2.420058548450469971e-01
-1.241750270128250122e-01
2.521396875381469727e-01
-1.202983021736145020e+00
5.830146074295043945e-01
2.036074846982955933e-01
-3.053982257843017578e-01
-1.963282823562622070e-01
8.509119153022766113e-01
3.959411680698394775e-01
7.001410722732543945e-01
6.798800230026245117e-01
-6.933333724737167358e-02
5.929601192474365234e-01
8.533344268798828125e-01
6.055014953017234802e-02
-5.924748778343200684e-01
6.488107442855834961e-01
2.221308946609497070e-01
5.907866358757019043e-01
1.200511157512664795e-01
1.159233093261718750e+00
-2.751923203468322754e-01
-7.291758060455322266e-02
5.245590209960937500e-01
5.074223279953002930e-01
2.203835695981979370e-01
1.110042631626129150e-01
-3.478155434131622314e-01
5.578548833727836609e-02
-3.692819178104400635e-01
1.562623865902423859e-02
2.804092764854431152e-01
-1.346039772033691406e+00
5.835296511650085449e-01
1.699823290109634399e-01
4.338410198688507080e-01
-1.109911277890205383e-01
2.648965120315551758e-01
1.320711821317672729e-01
-8.378832936286926270e-01
2.852106839418411255e-02
-3.601945042610168457e-01
1.577467918395996094e-01
1.508087754249572754e+00
-1.463101744651794434e+00
-8.230174779891967773e-01
1.515821695327758789e+00
7.656402587890625000e-01
-5.832977294921875000e-01
5.652372241020202637e-01
6.028100252151489258e-01
-1.631481051445007324e-01
8.282099850475788116e-03
7.737753391265869141e-01
-1.319243758916854858e-01
1.434736698865890503e-01
-4.626565575599670410e-01
-2.024324685335159302e-01
8.297200202941894531e-01
6.707363724708557129e-01
-1.208578228950500488e+00
7.353956997394561768e-02
-5.291567444801330566e-01
2.105921357870101929e-01
-3.835637271404266357e-01
2.847075462341308594e-02
-6.330674886703491211e-01
-2.228094451129436493e-02
-1.371700409799814224e-02
-4.608038812875747681e-02
-2.380406707525253296e-01
1.911827921867370605e-02
5.898700561374425888e-03
2.055227905511856079e-01
-2.693641483783721924e-01
3.083249032497406006e-01
-3.447064161300659180e-01
2.307697087526321411e-01
3.561612367630004883e-01
2.065854892134666443e-02
7.108122855424880981e-02
-3.176501393318176270e-02
3.694463148713111877e-02
-1.315805763006210327e-01
2.836239337921142578e-01
1.683734357357025146e-01
-4.481973052024841309e-01
3.647135794162750244e-01
1.356474608182907104e-01
-1.550413250923156738e+00
1.328785717487335205e-01
2.031553983688354492e-01
-2.872485816478729248e-01
-6.029065847396850586e-01
-4.184787347912788391e-02
2.297626286745071411e-01
7.732669115066528320e-01
-1.786332607269287109e+00
7.102452516555786133e-01
-1.102818965911865234e+00
-3.725349903106689453e-01
3.699108958244323730e-02
1.772958412766456604e-02
-2.379187494516372681e-01
5.704404786229133606e-02
4.156913608312606812e-02
-9.883272647857666016e-02
-3.017207607626914978e-02
-3.997702002525329590e-01
4.199576377868652344e-01
1.338127702474594116e-01
-1.254887599498033524e-02
2.244977513328194618e-03
7.274045050144195557e-02
1.008121483027935028e-02
1.066732034087181091e-01
-9.604560583829879761e-02
5.422655344009399414e-01
-3.664076924324035645e-01
1.911460757255554199e-01
7.072845101356506348e-02
-5.140901543200016022e-03
-1.898202896118164062e-01
1.102116480469703674e-01
-1.238147243857383728e-01
-3.854418545961380005e-02
1.393479108810424805e-01
5.229939818382263184e-01
-8.518999218940734863e-01
1.479235440492630005e-01
1.389668583869934082e-01
4.797630310058593750e-01
-1.185450792312622070e+00
1.719923019409179688e+00
6.996970772743225098e-01
2.788491249084472656e-01
-5.506828427314758301e-01
-2.926282882690429688e-01
1.414747536182403564e-01
-1.714149862527847290e-01
-2.244960367679595947e-01
-3.118301630020141602e-01
4.891574978828430176e-01
5.444602668285369873e-02
2.310955077409744263e-01
1.019207715988159180e+00
-3.553006052970886230e-01
7.847837209701538086e-01
-5.941188931465148926e-01
1.355139851570129395e+00
4.795513749122619629e-01
-6.806809902191162109e-01
-1.525099754333496094e+00
2.994889318943023682e-01
-7.878190875053405762e-01
6.050764583051204681e-03
-8.048477582633495331e-03
-1.069601974450051785e-03
9.374015033245086670e-03
-1.478073187172412872e-03
9.014321491122245789e-03
-6.434332113713026047e-03
2.322324784472584724e-03
-2.257931744679808617e-03
-5.057979840785264969e-03
-2.636952558532357216e-03
-9.445213712751865387e-03
5.535944830626249313e-03
-6.737844087183475494e-03
9.795399382710456848e-03
-3.984595648944377899e-03
-7.934895344078540802e-03
-7.292829104699194431e-05
3.612449625506997108e-03
1.048577250912785530e-03
9.129838086664676666e-03
9.036177769303321838e-03
-6.670201197266578674e-03
1.289002248086035252e-03
-5.384545307606458664e-03
5.710199009627103806e-03
-9.167498908936977386e-03
-9.962048381567001343e-03
7.209957111626863480e-04
-7.847033441066741943e-03
-4.141051322221755981e-04
-8.040648885071277618e-03
-8.187288418412208557e-03
2.348111243918538094e-03
-9.026312269270420074e-03
-7.467607501894235611e-03
-5.307990591973066330e-03
4.125409759581089020e-03
-8.308667689561843872e-03
2.811545738950371742e-03
-3.079795045778155327e-03
-3.680639900267124176e-03
3.771141171455383301e-03
9.353119879961013794e-03
2.496974077075719833e-03
4.846572410315275192e-03
9.306163527071475983e-03
-4.959690850228071213e-03
-3.327505663037300110e-03
4.526490345597267151e-03
9.030356071889400482e-03
7.616419810801744461e-03
3.789641195908188820e-03
-8.214887930080294609e-04
5.648446269333362579e-03
-3.013646346516907215e-04
9.029944427311420441e-03
-4.136016068514436483e-04
3.983862698078155518e-03
-3.927010111510753632e-03
2.246554475277662277e-03
-2.427808241918683052e-03
-2.999394433572888374e-03
2.112591871991753578e-03
8.021689020097255707e-03
1.031916908686980605e-04
-1.774654607288539410e-03
-9.855592623353004456e-03
9.417877532541751862e-03
1.213479205034673214e-03
-8.967827074229717255e-03
9.814581833779811859e-03
9.103404358029365540e-03
-1.413171528838574886e-03
7.630001753568649292e-03
3.394917584955692291e-03
3.617560258135199547e-03
-9.278227575123310089e-03
5.921931006014347076e-03
-9.917108342051506042e-03
-9.895060211420059204e-03
5.373065825551748276e-03
1.640191301703453064e-03
9.922550991177558899e-03
6.694769952446222305e-03
5.545814055949449539e-03
-5.052277352660894394e-03
3.013383829966187477e-04
-9.645775891840457916e-03
-2.700771903619170189e-03
-7.571932394057512283e-03
8.947880007326602936e-03
-4.715532530099153519e-03
2.177943242713809013e-03
-3.407086944207549095e-03
-2.349635353311896324e-03
-1.655372034292668104e-04
-4.993355367332696915e-03
-6.853267550468444824e-03
-6.849037483334541321e-03
-8.048428222537040710e-03
3.183749504387378693e-03
8.283581701107323170e-04
-5.153571721166372299e-03
2.020535757765173912e-03
6.611910182982683182e-03
7.538159843534231186e-03
6.965229287743568420e-03
-2.202844712883234024e-03
-2.481027739122509956e-03
-4.732768982648849487e-03
6.312859244644641876e-03
-3.060924354940652847e-03
-1.700477558188140392e-03
4.297452687751501799e-04
-9.459596127271652222e-03
1.087475800886750221e-03
-5.473636090755462646e-03
-3.701313631609082222e-03
-2.903753193095326424e-04
1.345811760984361172e-03
-2.854538615792989731e-03
3.555429866537451744e-03
1.785712433047592640e-03
6.361971143633127213e-03
-6.480679381638765335e-03
2.173930872231721878e-03
6.172231398522853851e-03
-5.143708083778619766e-03
1.333855325356125832e-03
-6.899121217429637909e-03
1.400165638187900186e-04
-7.909921929240226746e-03
8.987114764750003815e-03
-6.295192986726760864e-03
-1.285370672121644020e-03
1.403549671173095703e+00
8.754225969314575195e-01
-1.435624480247497559e+00
5.593101382255554199e-01
