1.690489888191223145e+00
-4.068288952112197876e-02
9.219908118247985840e-01
4.901343882083892822e-01
1.700424432754516602e+00
4.414352893829345703e+00
4.610138237476348877e-01
1.705076575279235840e+00
2.972660779953002930e+00
2.464400291442871094e+00
2.149435997009277344e+00
2.156360387802124023e+00
1.176573157310485840e+00
2.435588121414184570e+00
4.031489193439483643e-01
4.762549102306365967e-01
2.758826315402984619e-01
4.595521390438079834e-01
-2.068232893943786621e-01
3.598600924015045166e-01
-1.041127741336822510e-02
6.092150509357452393e-02
2.893835306167602539e-01
1.658117473125457764e-01
1.675231158733367920e-01
2.151598036289215088e-01
1.582285314798355103e-01
2.058905363082885742e-01
3.895141184329986572e-01
-5.103818178176879883e-01
-1.298717021942138672e+00
7.352542877197265625e-01
7.300431132316589355e-01
6.086933016777038574e-01
5.229983329772949219e-01
-1.897520273923873901e-01
-2.509585320949554443e-01
-2.803779020905494690e-02
3.233738988637924194e-02
-1.357709430158138275e-02
-1.224777325987815857e-01
-5.257699266076087952e-02
-8.046287298202514648e-02
-1.915951669216156006e-01
-2.643944919109344482e-01
3.419168293476104736e-02
8.628820180892944336e-01
-7.148195803165435791e-02
-4.912396967411041260e-01
5.906015396118164062e+00
7.262983322143554688e+00
8.014334678649902344e+00
1.026054477691650391e+01
1.321904563903808594e+01
1.373167419433593750e+01
1.415307235717773438e+01
1.557149696350097656e+01
1.501446342468261719e+01
1.732992744445800781e+01
1.872106552124023438e+01
1.989749526977539062e+01
1.939773559570312500e+01
2.480811691284179688e+01
3.048448181152343750e+01
2.623897361755371094e+01
-1.245484232902526855e+00
-4.003281116485595703e+00
1.921903252601623535e+00
1.710600733757019043e+00
1.298262029886245728e-01
7.776846885681152344e-01
-6.163980960845947266e-01
-4.174078106880187988e-01
1.794247031211853027e+00
-1.035322070121765137e+00
2.065330743789672852e+00
-1.497308909893035889e-01
-2.174870729446411133e+00
-2.825052261352539062e+00
1.889186143875122070e+00
7.632986903190612793e-01
-2.486916780471801758e+00
1.230738401412963867e+00
-1.902431130409240723e+00
3.190047740936279297e-01
4.265217304229736328e+00
6.025695204734802246e-01
1.180099844932556152e+00
-9.300711154937744141e-01
-5.420942783355712891e+00
7.903234958648681641e+00
1.539847850799560547e+00
-4.479985713958740234e+00
2.441694498062133789e+00
1.618085026741027832e+00
-3.061269521713256836e+00
-7.132754325866699219e-01
-1.621898710727691650e-01
1.263940811157226562e+00
-1.544428586959838867e+00
8.649494647979736328e-01
-1.460336565971374512e+00
1.486302733421325684e+00
5.515367388725280762e-01
-3.249606132507324219e+00
-2.762056827545166016e+00
6.838726997375488281e+00
-1.000844717025756836e+00
1.485781550407409668e+00
-8.463956117630004883e-01
1.029082894325256348e+00
-4.101569950580596924e-01
2.370976448059082031e+00
8.963504433631896973e-01
6.869844198226928711e-01
-2.150928258895874023e+00
4.926663041114807129e-01
-5.673224925994873047e-01
5.978721007704734802e-02
-8.297784328460693359e-01
3.603026390075683594e+00
-4.578299522399902344e+00
-2.004945993423461914e+00
-1.864631660282611847e-02
-2.399516820907592773e+00
-1.104369401931762695e+00
-3.233819603919982910e-01
7.475032210350036621e-01
1.306078583002090454e-01
-3.870628476142883301e-01
-1.059315443038940430e+00
-2.166783213615417480e-01
-1.148546099662780762e+00
9.140565991401672363e-01
-1.122313216328620911e-01
6.479071617126464844e+00
3.016191959381103516e+00
9.327078461647033691e-01
-1.431753754615783691e+00
2.456279844045639038e-01
-1.799769997596740723e-01
7.161270976066589355e-01
-2.284404993057250977e+00
4.723415851593017578e+00
-7.492792606353759766e-01
2.619001388549804688e+00
1.513287782669067383e+00
-6.227073073387145996e-01
4.748244583606719971e-01
3.897947072982788086e-01
7.243412733078002930e-01
3.772202968597412109e+00
-2.410334348678588867e+00
4.035502910614013672e+00
-3.564936816692352295e-01
-5.738761425018310547e-01
-1.798468679189682007e-01
3.231870532035827637e-01
-3.193521872162818909e-02
-1.253516435623168945e+00
4.540332406759262085e-02
6.115980744361877441e-01
1.488742113113403320e+00
-1.315607190132141113e+00
1.303980231285095215e+00
-1.892917871475219727e+00
-5.525717139244079590e-01
4.042227566242218018e-01
-3.467073142528533936e-01
5.993866324424743652e-01
3.902131617069244385e-01
-1.575075507164001465e+00
-8.415625691413879395e-01
-9.897696971893310547e-01
3.073633909225463867e+00
-2.046085119247436523e+00
-1.574408888816833496e+00
-2.901933789253234863e-01
3.959453105926513672e+00
-1.795208811759948730e+00
-5.989320755004882812e+00
7.993860840797424316e-01
4.052221775054931641e+00
-4.435780942440032959e-01
3.287201523780822754e-01
-8.863636851310729980e-01
-1.033726334571838379e-02
1.256842136383056641e+00
-2.749725580215454102e-01
-2.439049005508422852e+00
-3.621831655502319336e+00
-4.403155326843261719e+00
-1.536253213882446289e+00
-3.368264198303222656e+00
8.511666655540466309e-01
-2.062433004379272461e+00
-3.119169771671295166e-01
2.076148539781570435e-01
6.704836845397949219e+00
-3.754391074180603027e-01
4.240616261959075928e-01
5.640029907226562500e-01
1.647601485252380371e+00
-3.698310554027557373e-01
-3.227227032184600830e-01
-5.970558896660804749e-02
1.351566195487976074e+00
2.700683474540710449e-01
2.175635397434234619e-01
-7.148816585540771484e-01
3.626395761966705322e-01
-1.498146057128906250e+00
3.705796003341674805e-01
1.531642377376556396e-01
1.120631575584411621e+00
-9.217640161514282227e-01
-6.842423677444458008e-01
2.208311319351196289e+00
-1.731460839509963989e-01
1.503038853406906128e-01
3.463134169578552246e-01
-2.109105825424194336e+00
-8.823273181915283203e-01
-2.945485711097717285e-01
3.077706396579742432e-01
2.307414293289184570e+00
-3.616199731826782227e+00
1.327670931816101074e+00
1.466380119323730469e+00
-2.522023618221282959e-01
1.442715805023908615e-02
-8.947649002075195312e-01
9.463484883308410645e-01
4.466072022914886475e-01
-5.489563941955566406e-01
3.818637847900390625e+00
-1.548385262489318848e+00
7.821590304374694824e-01
-5.712910890579223633e-01
-3.209579288959503174e-01
4.217492043972015381e-01
2.660343647003173828e+00
-2.422151565551757812e+00
2.222759246826171875e+00
3.357728198170661926e-02
3.217568635940551758e+00
1.754228472709655762e-01
1.219588369131088257e-01
-1.575473666191101074e+00
-1.114716827869415283e-01
-8.294611424207687378e-02
5.027211904525756836e-01
1.748036742210388184e-01
1.943363696336746216e-01
-5.159810781478881836e-01
1.210433021187782288e-01
-1.208188295364379883e+00
-6.515046954154968262e-02
1.226501911878585815e-01
1.469399183988571167e-01
1.016276359558105469e+00
-3.690326511859893799e-01
2.389432489871978760e-01
4.360684379935264587e-02
-2.663798630237579346e-01
1.532658636569976807e-01
2.236888855695724487e-01
2.246789485216140747e-01
1.875308156013488770e+00
-4.035190045833587646e-01
-2.168462723493576050e-01
-7.305806159973144531e+00
1.768311023712158203e+00
-5.241363644599914551e-01
-6.802140474319458008e-01
-1.931979954242706299e-01
6.849467754364013672e-01
-3.252604007720947266e+00
1.336104750633239746e+00
-2.835509061813354492e+00
-8.641977310180664062e-01
-1.267173767089843750e+00
-5.207438468933105469e-01
3.127285540103912354e-01
1.628597080707550049e-01
-2.733069658279418945e-01
5.215082764625549316e-01
3.102998435497283936e-01
-2.184068858623504639e-01
8.811181783676147461e-02
9.887371063232421875e-01
4.753909707069396973e-01
5.085640549659729004e-01
-2.745830118656158447e-01
-1.989887505769729614e-01
6.623564362525939941e-01
1.099542826414108276e-01
-1.941808909177780151e-01
1.468447595834732056e-01
-5.189379453659057617e-01
4.740975424647331238e-02
7.495128512382507324e-01
5.126051902770996094e-01
-1.445166319608688354e-01
-4.937032163143157959e-01
3.883291482925415039e-01
-1.718856930732727051e+00
5.606857538223266602e-01
2.590313255786895752e-01
1.206321954727172852e+00
-1.709621548652648926e+00
1.312242746353149414e+00
7.154128551483154297e-01
-2.749219536781311035e-01
-4.944395720958709717e-01
-1.077868103981018066e+00
2.839728116989135742e+00
-1.190358757972717285e+00
-1.231453061103820801e+00
-3.319797515869140625e-01
-7.168715596199035645e-01
7.875728011131286621e-01
1.342900633811950684e+00
-6.598075032234191895e-01
-1.946420073509216309e+00
6.245425343513488770e-01
3.509767949581146240e-01
1.952988386154174805e+00
3.480702638626098633e-01
4.182839095592498779e-01
3.779565095901489258e-01
-6.024909019470214844e-01
-6.651065349578857422e-01
-1.254348635673522949e+00
-5.123652219772338867e-01
4.429524838924407959e-01
2.318233251571655273e+00
3.388841748237609863e-01
1.129116177558898926e+00
-2.876012921333312988e-01
-5.824387073516845703e-01
1.084745526313781738e+00
4.383195340633392334e-01
-5.331393331289291382e-02
4.958179593086242676e-01
-1.014973640441894531e+00
8.079499006271362305e-02
-7.182029485702514648e-01
3.773619234561920166e-01
5.769721269607543945e-01
-9.261006116867065430e-01
5.379558205604553223e-01
3.424654603004455566e-01
1.621147871017456055e+00
1.157504767179489136e-01
5.236726403236389160e-01
-5.500604510307312012e-01
-1.928177595138549805e+00
4.348869621753692627e-01
-4.998984336853027344e-01
1.032889112830162048e-01
2.278099775314331055e+00
-3.321314811706542969e+00
4.025061726570129395e-01
2.089923858642578125e+00
-5.042986273765563965e-01
-7.471101880073547363e-01
2.851521670818328857e-01
6.497111916542053223e-01
-5.336502194404602051e-01
-2.132452279329299927e-01
-1.318114846944808960e-01
9.413541555404663086e-01
1.198231935501098633e+00
-1.453922629356384277e+00
-1.941850185394287109e-01
9.123014211654663086e-01
1.377302706241607666e-01
-1.021810770034790039e+00
1.541688919067382812e+00
1.422432661056518555e-01
5.497830510139465332e-01
-5.871379971504211426e-01
5.677394196391105652e-02
-1.557940602302551270e+00
1.470293253660202026e-01
-1.151534542441368103e-01
1.584095805883407593e-01
1.432540565729141235e-01
-4.198512434959411621e-02
2.422086149454116821e-01
1.052204966545104980e-01
-1.375424146652221680e+00
1.478024125099182129e-01
-5.578854084014892578e-01
2.096277773380279541e-01
8.897110819816589355e-01
3.480707705020904541e-01
4.400674998760223389e-02
-1.858502477407455444e-01
-2.210306003689765930e-02
-2.605533897876739502e-01
6.204590201377868652e-01
2.706603705883026123e-01
-5.035462379455566406e-01
8.050098419189453125e-01
1.279104351997375488e-01
-4.246320724487304688e+00
-3.438803926110267639e-02
1.006447434425354004e+00
-1.230993151664733887e+00
-1.212617754936218262e-01
-9.021908640861511230e-01
-3.518908619880676270e-01
1.336362242698669434e+00
-4.675576686859130859e+00
-5.779375433921813965e-01
-3.273105382919311523e+00
-1.150846719741821289e+00
4.636172205209732056e-02
1.483311504125595093e-01
-5.716761350631713867e-01
4.212649166584014893e-01
-3.536043763160705566e-01
-1.953100264072418213e-01
-2.648607492446899414e-01
-3.530933558940887451e-01
3.349946737289428711e-01
6.263970732688903809e-01
-4.783006906509399414e-01
-1.081180199980735779e-01
2.844475507736206055e-01
-6.756303459405899048e-02
3.265503048896789551e-02
6.964133679866790771e-02
1.482637166976928711e+00
-3.739436343312263489e-02
5.439141392707824707e-01
2.680494487285614014e-01
-1.722530573606491089e-01
-4.076202511787414551e-01
-3.241120651364326477e-02
-4.677116572856903076e-01
-1.304602622985839844e+00
-3.276600539684295654e-01
3.072733581066131592e-01
-8.056825399398803711e-01
8.500149250030517578e-01
3.621389269828796387e-01
3.485302031040191650e-01
-1.217201352119445801e+00
2.426514625549316406e+00
2.059815645217895508e+00
-8.354837298393249512e-01
-1.302763104438781738e+00
2.704655528068542480e-01
-4.605571925640106201e-02
-2.279602587223052979e-01
5.869137644767761230e-01
2.691937685012817383e-01
1.561027288436889648e+00
-7.671920657157897949e-01
1.136396646499633789e+00
1.122634053230285645e+00
3.968254029750823975e-01
1.464708328247070312e+00
-1.038294672966003418e+00
1.980097651481628418e+00
1.873136847279965878e-03
-9.298232197761535645e-01
-3.161738395690917969e+00
3.086681067943572998e-01
-2.068930149078369141e+00
6.050764583051204681e-03
-8.048477582633495331e-03
-1.069601974450051785e-03
9.374015033245086670e-03
-1.478073187172412872e-03
9.014321491122245789e-03
-6.434332113713026047e-03
2.322324784472584724e-03
-2.257931744679808617e-03
-5.057979840785264969e-03
-2.636952558532357216e-03
-9.445213712751865387e-03
5.535944830626249313e-03
-6.737844087183475494e-03
9.795399382710456848e-03
-3.984595648944377899e-03
-7.934895344078540802e-03
-7.292829104699194431e-05
3.612449625506997108e-03
1.048577250912785530e-03
9.129838086664676666e-03
9.036177769303321838e-03
-6.670201197266578674e-03
1.289002248086035252e-03
-5.384545307606458664e-03
5.710199009627103806e-03
-9.167498908936977386e-03
-9.962048381567001343e-03
7.209957111626863480e-04
-7.847033441066741943e-03
-4.141051322221755981e-04
-8.040648885071277618e-03
-8.187288418412208557e-03
2.348111243918538094e-03
-9.026312269270420074e-03
-7.467607501894235611e-03
-5.307990591973066330e-03
4.125409759581089020e-03
-8.308667689561843872e-03
2.811545738950371742e-03
-3.079795045778155327e-03
-3.680639900267124176e-03
3.771141171455383301e-03
9.353119879961013794e-03
2.496974077075719833e-03
4.846572410315275192e-03
9.306163527071475983e-03
-4.959690850228071213e-03
-3.327505663037300110e-03
4.526490345597267151e-03
9.030356071889400482e-03
7.616419810801744461e-03
3.789641195908188820e-03
-8.214887930080294609e-04
5.648446269333362579e-03
-3.013646346516907215e-04
9.029944427311420441e-03
-4.136016068514436483e-04
3.983862698078155518e-03
-3.927010111510753632e-03
2.246554475277662277e-03
-2.427808241918683052e-03
-2.999394433572888374e-03
2.112591871991753578e-03
8.021689020097255707e-03
1.031916908686980605e-04
-1.774654607288539410e-03
-9.855592623353004456e-03
9.417877532541751862e-03
1.213479205034673214e-03
-8.967827074229717255e-03
9.814581833779811859e-03
9.103404358029365540e-03
-1.413171528838574886e-03
7.630001753568649292e-03
3.394917584955692291e-03
3.617560258135199547e-03
-9.278227575123310089e-03
5.921931006014347076e-03
-9.917108342051506042e-03
-9.895060211420059204e-03
5.373065825551748276e-03
1.640191301703453064e-03
9.922550991177558899e-03
6.694769952446222305e-03
5.545814055949449539e-03
-5.052277352660894394e-03
3.013383829966187477e-04
-9.645775891840457916e-03
-2.700771903619170189e-03
-7.571932394057512283e-03
8.947880007326602936e-03
-4.715532530099153519e-03
2.177943242713809013e-03
-3.407086944207549095e-03
-2.349635353311896324e-03
-1.655372034292668104e-04
-4.993355367332696915e-03
-6.853267550468444824e-03
-6.849037483334541321e-03
-8.048428222537040710e-03
3.183749504387378693e-03
8.283581701107323170e-04
-5.153571721166372299e-03
2.020535757765173912e-03
6.611910182982683182e-03
7.538159843534231186e-03
6.965229287743568420e-03
-2.202844712883234024e-03
-2.481027739122509956e-03
-4.732768982648849487e-03
6.312859244644641876e-03
-3.060924354940652847e-03
-1.700477558188140392e-03
4.297452687751501799e-04
-9.459596127271652222e-03
1.087475800886750221e-03
-5.473636090755462646e-03
-3.701313631609082222e-03
-2.903753193095326424e-04
1.345811760984361172e-03
-2.854538615792989731e-03
3.555429866537451744e-03
1.785712433047592640e-03
6.361971143633127213e-03
-6.480679381638765335e-03
2.173930872231721878e-03
6.172231398522853851e-03
-5.143708083778619766e-03
1.333855325356125832e-03
-6.899121217429637909e-03
1.400165638187900186e-04
-7.909921929240226746e-03
8.987114764750003815e-03
-6.295192986726760864e-03
-1.285370672121644020e-03
1.080391168594360352e+00
7.912232279777526855e-01
-1.507027029991149902e+00
4.612461328506469727e-01
