1.539340972900390625e+01
1.544150257110595703e+01
1.384671783447265625e+01
1.544258594512939453e+01
1.544266986846923828e+01
5.992740154266357422e+00
7.627060890197753906e+00
1.736970901489257812e+01
1.682839584350585938e+01
1.222587394714355469e+01
1.598104953765869141e+01
1.611650085449218750e+01
6.461330413818359375e+00
3.498345613479614258e+00
4.752483367919921875e+00
6.885322093963623047e+00
-3.421885490417480469e+00
1.336093425750732422e+00
-8.509939193725585938e+00
8.460544586181640625e+00
-1.725036054849624634e-01
2.548551857471466064e-01
2.234601736068725586e+00
-2.100454568862915039e-01
2.428965091705322266e+00
-3.761210441589355469e+00
5.348176479339599609e+00
6.773783683776855469e+00
4.299944400787353516e+00
2.450152158737182617e+00
-4.168163299560546875e+00
4.764223098754882812e+00
3.108937978744506836e+00
-4.156460285186767578e+00
-6.317281246185302734e+00
2.987098217010498047e+00
-4.354001998901367188e+00
1.226456737518310547e+01
7.794634819030761719e+00
6.439935207366943359e+00
4.484985351562500000e+00
-1.374846696853637695e+00
2.593911170959472656e+00
4.017868041992187500e+00
-8.155039787292480469e+00
-5.671876907348632812e+00
7.098071575164794922e+00
-6.809504985809326172e+00
-1.208144474029541016e+01
-6.431028842926025391e+00
-4.892662525177001953e+00
2.073663234710693359e+00
-7.346776485443115234e+00
5.841386318206787109e+00
4.728974819183349609e+00
4.390660762786865234e+00
8.823965191841125488e-01
-6.913785934448242188e+00
3.621833562850952148e+00
5.117970466613769531e+00
-6.118697643280029297e+00
-1.083063793182373047e+01
4.190391674637794495e-02
-3.909795284271240234e-01
2.076631784439086914e-01
-3.150554895401000977e+00
4.673862934112548828e+00
-7.055906057357788086e-01
3.966009140014648438e+00
8.759452104568481445e-01
-1.565536260604858398e+00
-8.303023338317871094e+00
-5.579087257385253906e+00
5.344738960266113281e+00
9.825968742370605469e+00
6.853044509887695312e+00
8.085019111633300781e+00
2.848712921142578125e+00
-1.705946207046508789e+00
5.034397125244140625e+00
-5.064476013183593750e+00
-1.710191965103149414e+00
-5.287145137786865234e+00
3.316503286361694336e+00
-6.155788898468017578e+00
-4.130003452301025391e+00
5.537322998046875000e+00
8.242693543434143066e-01
-1.462778329849243164e+00
-1.995560765266418457e+00
3.495078802108764648e+00
4.730436801910400391e+00
2.062891483306884766e+00
5.231551170349121094e+00
7.393388748168945312e+00
4.867154121398925781e+00
5.861882209777832031e+00
4.108308315277099609e+00
5.884889125823974609e+00
-2.764017581939697266e+00
-3.883044004440307617e+00
8.113987922668457031e+00
4.281445503234863281e+00
4.858264029026031494e-01
-3.136014223098754883e+00
-9.333645701408386230e-01
-3.539568483829498291e-01
-8.605023026466369629e-01
-1.104089856147766113e+00
1.231588602066040039e+00
-9.350968599319458008e-01
-2.774060666561126709e-01
3.755767107009887695e+00
-1.140246629714965820e+00
3.837472200393676758e-01
1.448125392198562622e-01
2.616234779357910156e+00
-2.040452718734741211e+00
5.193249702453613281e+00
-3.946151494979858398e+00
1.741402387619018555e+00
3.129687547683715820e+00
-3.385109424591064453e+00
1.926035761833190918e+00
2.313450336456298828e+00
-2.228818416595458984e+00
-7.859750390052795410e-01
-2.634906291961669922e+00
4.946353912353515625e+00
-1.532842312008142471e-02
-7.089612483978271484e-01
-1.457643985748291016e+00
-2.094633132219314575e-01
2.665621280670166016e+00
2.382383584976196289e+00
1.132704496383666992e+00
6.359841823577880859e+00
-5.573349475860595703e+00
-3.260558843612670898e+00
-3.872706890106201172e+00
2.015935182571411133e+00
-6.299945712089538574e-01
3.078576326370239258e+00
-2.753296375274658203e+00
-6.239897608757019043e-01
-2.915405750274658203e+00
2.179719924926757812e+00
4.720373630523681641e+00
2.726861715316772461e+00
-3.924222230911254883e+00
-4.408625125885009766e+00
3.821244001388549805e+00
-1.273288011550903320e+00
4.161891937255859375e+00
6.048937797546386719e+00
-6.990908384323120117e-01
1.745926022529602051e+00
5.145152568817138672e+00
-5.780273437500000000e+00
-1.293180108070373535e+00
2.472591876983642578e+00
-2.845543622970581055e+00
-6.322336673736572266e+00
4.791112899780273438e+00
7.052814006805419922e+00
-8.003891110420227051e-01
2.854412555694580078e+00
-1.077833533287048340e+00
3.707498788833618164e+00
-1.056592345237731934e+00
1.077079963684082031e+01
-2.806384801864624023e+00
6.417870044708251953e+00
8.068494796752929688e+00
-1.265440583229064941e+00
-1.909786164760589600e-01
8.904948830604553223e-01
2.820650577545166016e+00
1.478480815887451172e+00
-1.070951819419860840e-01
-2.550456285476684570e+00
-1.132437944412231445e+00
-7.566926479339599609e-01
2.690946102142333984e+00
-1.845765590667724609e+00
-6.370489120483398438e+00
-1.541319608688354492e+00
-1.231422781944274902e+00
1.640020251274108887e+00
-3.165501594543457031e+00
3.308007717132568359e+00
8.285655975341796875e-01
-1.219796180725097656e+00
-2.313493728637695312e+00
5.483973979949951172e+00
5.549540743231773376e-02
4.357625544071197510e-01
8.005695939064025879e-01
6.867586374282836914e-01
-3.508512675762176514e-02
1.503478765487670898e+00
-3.564871549606323242e-01
2.115857303142547607e-01
-9.212452173233032227e-01
3.953923583030700684e-01
1.658524036407470703e+00
1.487873911857604980e+00
1.456936597824096680e-01
1.270756363868713379e+00
4.652366042137145996e-01
1.965482085943222046e-01
1.495147585868835449e+00
8.534827828407287598e-01
-8.829944133758544922e-01
-2.536134958267211914e+00
2.722438097000122070e+00
9.779295921325683594e-01
2.549976587295532227e+00
1.692215442657470703e+00
-2.264922559261322021e-01
8.620754233561456203e-04
4.110845088958740234e+00
-5.330958962440490723e-01
1.265197515487670898e+00
6.696891784667968750e-01
-1.354656696319580078e+00
-2.460979938507080078e+00
2.542940378189086914e+00
6.538476347923278809e-01
7.121195793151855469e-01
-4.375313758850097656e+00
-4.218657910823822021e-01
1.770817339420318604e-01
-1.188825607299804688e+00
1.709418654441833496e+00
2.277073860168457031e+00
-3.746920824050903320e-01
1.804480701684951782e-01
1.563883721828460693e-01
-5.992673039436340332e-01
-1.343560099601745605e+00
5.718249082565307617e-01
-4.065096080303192139e-01
1.849998950958251953e+00
-2.559758663177490234e+00
3.005393445491790771e-01
-9.871516823768615723e-01
2.698428392410278320e+00
2.310113668441772461e+00
-4.585856199264526367e-01
3.523192167282104492e+00
3.277757406234741211e+00
4.232413768768310547e+00
-2.531176805496215820e+00
1.739339828491210938e+00
4.046227931976318359e+00
-2.383912563323974609e+00
-7.450427412986755371e-01
-3.069598436355590820e+00
-3.688662528991699219e+00
1.045266866683959961e+00
6.554474830627441406e+00
1.368349432945251465e+00
2.714690208435058594e+00
6.574908256530761719e+00
1.087850332260131836e+00
1.210084557533264160e+00
4.413569569587707520e-01
3.470958471298217773e-01
5.697175860404968262e-01
-3.533372640609741211e+00
-7.614600062370300293e-01
-4.763197600841522217e-01
2.951298058032989502e-01
5.288143634796142578e+00
6.847279667854309082e-01
-2.260451555252075195e+00
-1.250873208045959473e+00
3.107895374298095703e+00
1.953926086425781250e+00
-1.590510845184326172e+00
-9.599474668502807617e-01
1.223160266876220703e+00
1.376210451126098633e+00
5.712512731552124023e-01
6.041372299194335938e+00
3.153872966766357422e+00
