2.232237625122070312e+01
2.192944765090942383e+00
1.544886207580566406e+01
1.869760704040527344e+01
6.201294422149658203e+00
9.876160025596618652e-01
-6.037043571472167969e+00
-1.860442757606506348e+00
3.694789648056030273e+00
3.251759529113769531e+00
-5.315917491912841797e+00
4.063004970550537109e+00
5.208955764770507812e+00
1.090115451812744141e+01
2.139661312103271484e+00
3.124562025070190430e+00
5.375654220581054688e+00
-5.904355049133300781e+00
-4.111207962036132812e+00
1.328942108154296875e+01
4.320493340492248535e-01
-1.237436771392822266e+00
-3.335627913475036621e-02
1.154918432235717773e+00
5.856526374816894531e+00
-4.253278732299804688e+00
3.170083284378051758e+00
-9.840388298034667969e-01
3.841228723526000977e+00
-4.889291286468505859e+00
5.926334857940673828e-01
-1.834332227706909180e+00
3.306638717651367188e+00
2.392706155776977539e+00
-1.139652156829833984e+01
8.043198585510253906e-01
1.423709988594055176e+00
2.661431133747100830e-01
-2.210896760225296021e-01
-2.698668718338012695e+00
-1.320321440696716309e+00
-1.061258435249328613e+00
1.398425102233886719e+00
9.053979516029357910e-01
2.798558950424194336e+00
1.101116184145212173e-02
3.395574331283569336e+00
-1.041286468505859375e+00
-8.703798055648803711e-01
1.244156241416931152e+00
9.424722194671630859e-01
