1.075153064727783203e+01
1.993034362792968750e+01
5.871394872665405273e-01
2.690836715698242188e+01
1.545302486419677734e+01
1.936738395690917969e+01
9.565186500549316406e+00
-1.541296863555908203e+01
5.602362632751464844e+00
7.195099592208862305e-01
-1.940366172790527344e+01
-8.824698448181152344e+00
9.806885719299316406e+00
-9.728755354881286621e-01
4.199024200439453125e+00
-3.224231243133544922e+00
4.322246074676513672e+00
3.942218542098999023e+00
-1.909659624099731445e+00
2.105630874633789062e+00
-1.075914764404296875e+01
1.545507144927978516e+01
3.196605443954467773e+00
-4.962183952331542969e+00
2.533092498779296875e+00
-6.621124267578125000e+00
-1.883029580116271973e+00
-2.056356966495513916e-01
-8.678792715072631836e-01
-4.087719440460205078e+00
2.041135787963867188e+00
1.834162354469299316e+00
-6.418439388275146484e+00
8.720570206642150879e-01
-3.739828348159790039e+00
-1.531969785690307617e+00
-4.017347395420074463e-01
6.677215695381164551e-01
2.443862915039062500e+00
-1.829533219337463379e+00
-9.545257687568664551e-01
1.477705121040344238e+00
3.754511177539825439e-01
6.118210405111312866e-02
-3.717342913150787354e-01
-1.954502105712890625e+00
6.181149482727050781e-01
7.241750955581665039e-01
-6.115437150001525879e-01
1.623054981231689453e+00
1.358185410499572754e+00
