1.560989093780517578e+01
2.727591753005981445e+00
2.525832891464233398e+00
2.362134456634521484e+00
2.081289291381835938e+01
1.545110034942626953e+01
3.560734748840332031e+00
-7.098910212516784668e-01
-3.474933147430419922e+00
7.732438564300537109e+00
-2.028679847717285156e+00
-4.363691806793212891e-02
-1.097314739227294922e+01
1.465459585189819336e+00
2.404482364654541016e+00
-9.276278495788574219e+00
2.636130750179290771e-01
-6.852952957153320312e+00
-9.385416030883789062e+00
1.046068954467773438e+01
-3.529184103012084961e+00
6.221280097961425781e+00
-3.386508464813232422e+00
-1.708541393280029297e+00
1.457268357276916504e+00
5.333322882652282715e-01
2.114060163497924805e+00
-1.984279155731201172e+00
3.734337091445922852e+00
1.662106871604919434e+00
-5.107466697692871094e+00
-7.639131546020507812e-01
-1.009366631507873535e+00
1.023002386093139648e+00
3.401685953140258789e-01
4.999922752380371094e+00
8.838080167770385742e-01
-5.626502037048339844e-01
2.134620189666748047e+00
-1.944307923316955566e+00
-7.649592757225036621e-01
4.888803362846374512e-01
4.574402332305908203e+00
1.525442838668823242e+00
2.900556564331054688e+00
-2.529341459274291992e+00
1.032746061682701111e-01
-2.194723606109619141e+00
-2.096855640411376953e+00
-3.457943677902221680e+00
7.587600231170654297e+00
4.587811470031738281e+00
3.661643505096435547e+00
9.825411438941955566e-01
7.075739502906799316e-01
-6.482418537139892578e+00
3.035899400711059570e+00
8.493187427520751953e-01
-1.169298171997070312e+00
1.379569411277770996e+00
-5.318677902221679688e+00
-3.650079369544982910e-01
1.938420683145523071e-01
5.245373845100402832e-01
-1.726755350828170776e-01
-1.263287305831909180e+00
-7.362899929285049438e-02
-1.992584615945816040e-01
1.332587748765945435e-01
-9.671655893325805664e-01
