5.687420845031738281e+00
1.578505802154541016e+01
1.759220314025878906e+01
2.762833595275878906e+00
1.544491767883300781e+01
1.548429298400878906e+01
1.743080520629882812e+01
6.428646087646484375e+00
9.034089088439941406e+00
1.178655052185058594e+01
-2.939770221710205078e+00
3.014056682586669922e+00
6.714296817779541016e+00
-7.484468460083007812e+00
9.348632812500000000e+00
1.732421875000000000e+00
-1.007308959960937500e+01
5.363767147064208984e+00
2.868130922317504883e+00
5.096202850341796875e+00
1.524709224700927734e+00
-3.095140755176544189e-01
-9.883113861083984375e+00
-3.249900579452514648e+00
1.937470734119415283e-01
-1.001420974731445312e+01
-1.857466936111450195e+00
-7.866874694824218750e+00
-8.249212265014648438e+00
2.000110149383544922e+00
1.135164356231689453e+01
5.620067119598388672e+00
5.538953840732574463e-02
5.007638454437255859e+00
4.263704299926757812e+00
-7.062262058258056641e+00
1.239601254463195801e+00
1.520602852106094360e-01
6.131078600883483887e-01
-2.668171644210815430e+00
-8.169043064117431641e-01
6.158037662506103516e+00
3.901199102401733398e+00
7.936892032623291016e+00
5.440035343170166016e+00
-4.212479293346405029e-01
-1.109529137611389160e+00
-1.207358646392822266e+01
7.864566147327423096e-02
3.712121009826660156e+00
2.138698339462280273e+00
2.230747342109680176e-01
1.010151624679565430e+00
-7.835685014724731445e-01
-1.151783466339111328e+00
3.127420425415039062e+00
-8.328458786010742188e+00
-9.006987571716308594e+00
4.267009735107421875e+00
7.379714488983154297e+00
3.925981521606445312e+00
6.197014808654785156e+00
-1.764879226684570312e+00
1.635841751098632812e+01
-1.524597740173339844e+01
-3.459124326705932617e+00
3.949874877929687500e+00
-3.879447460174560547e+00
-4.311336040496826172e+00
-3.271466255187988281e+00
3.532037138938903809e-01
1.526690840721130371e+00
2.920145511627197266e+00
5.979026556015014648e-01
-5.887296676635742188e+00
2.025174140930175781e+00
4.198240280151367188e+00
1.307959675788879395e+00
-8.064937591552734375e-01
-5.196469426155090332e-01
1.002584695816040039e+00
1.671364426612854004e+00
5.337244510650634766e+00
8.405039906501770020e-01
-7.070247650146484375e+00
5.579751968383789062e+00
-7.229641675949096680e-01
-2.096578598022460938e+00
-1.806801199913024902e+00
-4.093970775604248047e+00
8.576442599296569824e-01
2.043290436267852783e-01
4.295264244079589844e+00
5.560629367828369141e-01
1.376144886016845703e+00
1.277502894401550293e+00
-1.955259218811988831e-02
-4.145572185516357422e+00
6.956802010536193848e-01
2.325844049453735352e+00
-1.200190186500549316e+00
2.595899343490600586e+00
-1.276629209518432617e+00
5.762634873390197754e-01
-7.855129241943359375e-01
-1.938341736793518066e+00
-8.453726768493652344e-01
9.656638503074645996e-01
1.615239381790161133e+00
-4.405327737331390381e-01
1.029772311449050903e-01
1.527020335197448730e-01
-3.887403249740600586e+00
-2.401270151138305664e+00
-5.324177742004394531e+00
4.937559604644775391e+00
5.120481491088867188e+00
-1.239714622497558594e+00
2.436027050018310547e+00
1.731502652168273926e+00
-1.689309120178222656e+00
2.532490968704223633e+00
-5.910434722900390625e-01
-5.602899551391601562e+00
-1.098849415779113770e+00
7.143712043762207031e-01
2.556971788406372070e+00
3.449988365173339844e+00
-1.162389159202575684e+00
-6.822146892547607422e+00
2.169408082962036133e+00
5.809230804443359375e-01
-6.111928462982177734e+00
-2.699076890945434570e+00
1.098623514175415039e+00
-1.880967497825622559e+00
6.220580339431762695e-01
7.938577651977539062e+00
3.750962257385253906e+00
-2.475791931152343750e+00
-4.437205195426940918e-01
1.239211857318878174e-01
1.494901180267333984e+00
-2.186723709106445312e+00
-1.262546181678771973e+00
4.429844021797180176e-01
-3.447956085205078125e+00
-1.610524356365203857e-01
-3.307715654373168945e-01
2.695364058017730713e-01
-5.450135707855224609e+00
1.227245330810546875e+00
2.412991285324096680e+00
2.556696414947509766e+00
2.218049526214599609e+00
7.560001611709594727e-01
-1.678608208894729614e-01
-5.361860394477844238e-01
1.606808423995971680e+00
-6.521749973297119141e+00
-8.686526864767074585e-02
9.235219955444335938e-01
3.244908899068832397e-02
-8.904463648796081543e-01
5.015506148338317871e-01
2.327325195074081421e-01
-4.623475968837738037e-01
-2.079148292541503906e+00
-3.400594234466552734e+00
-4.566881656646728516e+00
2.747953414916992188e+00
3.411895990371704102e+00
-3.565063953399658203e+00
4.789374828338623047e+00
6.649929285049438477e-01
-7.517071366310119629e-01
