8.782453536987304688e+00
1.552369594573974609e+01
1.558821582794189453e+01
7.949693202972412109e+00
1.544454383850097656e+01
1.551813602447509766e+01
1.544465637207031250e+01
9.009819984436035156e+00
1.129035091400146484e+01
1.325229835510253906e+01
-1.744268774986267090e+00
4.519778251647949219e+00
8.058326721191406250e+00
-6.264873981475830078e+00
7.611267089843750000e+00
6.753150224685668945e-01
-1.065503501892089844e+01
6.685638427734375000e+00
2.674648523330688477e+00
5.370447635650634766e+00
-1.620982170104980469e+00
3.177921175956726074e-01
-8.245558738708496094e+00
3.040531575679779053e-01
6.497627496719360352e-01
-5.597905158996582031e+00
-2.159665822982788086e+00
-9.247546195983886719e+00
-6.161363124847412109e+00
7.520208835601806641e+00
9.286960601806640625e+00
1.333206415176391602e+00
4.257976114749908447e-01
3.699413061141967773e+00
4.920549869537353516e+00
-8.419054985046386719e+00
3.215029537677764893e-01
3.079372406005859375e+00
5.531748533248901367e-01
-2.061262130737304688e+00
-1.862333178520202637e+00
3.974995613098144531e+00
5.806894779205322266e+00
5.864441394805908203e+00
1.697669863700866699e+00
-1.110059618949890137e+00
-1.491173386573791504e+00
-1.069845008850097656e+01
2.243789434432983398e+00
2.406834840774536133e+00
2.330299615859985352e+00
8.092067837715148926e-01
1.548735857009887695e+00
3.374058008193969727e-01
-4.124064445495605469e-01
4.694960594177246094e+00
-8.865590095520019531e+00
-7.986987590789794922e+00
1.899121522903442383e+00
8.923326492309570312e+00
4.302954196929931641e+00
5.399816513061523438e+00
-1.903389811515808105e+00
1.277608203887939453e+01
-1.260447025299072266e+01
-2.469820976257324219e+00
3.820746421813964844e+00
-1.894976019859313965e+00
-5.197958946228027344e+00
-2.561480045318603516e+00
4.183700084686279297e-01
2.086336374282836914e+00
4.440218448638916016e+00
6.079893708229064941e-01
-5.181999683380126953e+00
-1.282880902290344238e+00
3.090340614318847656e+00
6.990923285484313965e-01
-1.117247939109802246e+00
5.030493736267089844e-01
-1.722484469413757324e+00
1.932175278663635254e+00
5.446076393127441406e+00
-1.064343571662902832e+00
-3.285373926162719727e+00
4.057188987731933594e+00
2.926715649664402008e-03
-8.840487003326416016e-01
-4.091696262359619141e+00
-2.806943893432617188e+00
2.251844406127929688e-01
-2.123690843582153320e+00
2.438899040222167969e+00
-4.925616085529327393e-01
3.452475368976593018e-01
-9.255260229110717773e-01
2.772145509719848633e+00
-2.966707468032836914e+00
2.599207401275634766e+00
2.311699390411376953e+00
-1.574225544929504395e+00
1.294877082109451294e-01
8.875118494033813477e-01
2.782586574554443359e+00
-2.579891204833984375e+00
-1.929588079452514648e+00
2.205280810594558716e-01
1.499065011739730835e-01
6.294053792953491211e-01
-8.503648042678833008e-01
-3.059789896011352539e+00
2.730744600296020508e+00
-1.969060659408569336e+00
-5.980013012886047363e-01
-3.361829996109008789e+00
3.684088230133056641e+00
5.344071865081787109e+00
-2.638378620147705078e+00
2.361742496490478516e+00
1.710656166076660156e+00
-2.047615528106689453e+00
3.450133562088012695e+00
-1.375775218009948730e+00
-5.676018714904785156e+00
-2.571031332015991211e+00
9.765703082084655762e-01
1.974408268928527832e+00
3.980717658996582031e+00
1.981488317251205444e-01
-4.081579208374023438e+00
-8.633096814155578613e-01
2.709763050079345703e+00
-1.357948064804077148e+00
-2.073416709899902344e+00
8.743585944175720215e-01
-2.149481534957885742e+00
1.908122062683105469e+00
5.020143985748291016e+00
-5.638265609741210938e-01
-1.641053676605224609e+00
3.670649528503417969e+00
3.609602451324462891e-01
3.285095691680908203e-01
-2.982744932174682617e+00
-2.225098609924316406e+00
1.195608451962471008e-01
-1.489633083343505859e+00
8.123912811279296875e-01
-1.116457581520080566e+00
6.010868549346923828e-01
-1.610316872596740723e+00
2.416584491729736328e+00
-1.612383961677551270e+00
3.790262222290039062e+00
1.959666252136230469e+00
5.871313214302062988e-01
-3.724526166915893555e-01
-1.645869165658950806e-01
2.340325593948364258e+00
-3.111905455589294434e-01
-9.288824349641799927e-02
1.029090046882629395e+00
2.715625464916229248e-01
-1.120791912078857422e+00
3.437665402889251709e-01
-2.242790699005126953e+00
2.288284540176391602e+00
-1.769255161285400391e+00
9.868514537811279297e-01
-3.428838968276977539e+00
3.332963943481445312e+00
5.388030052185058594e+00
-2.437513113021850586e+00
1.960346817970275879e+00
1.168957233428955078e+00
-6.027754545211791992e-01
