2.194902420043945312e+00
2.547677516937255859e+00
5.076623916625976562e+00
4.008715629577636719e+00
1.819732189178466797e+00
3.586360454559326172e+00
4.145943820476531982e-01
2.304194927215576172e+00
-2.265866398811340332e-01
1.232714176177978516e+00
4.646764099597930908e-01
-5.011948943138122559e-01
1.953461647033691406e+00
1.736810684204101562e+00
-4.730587825179100037e-02
-2.339758723974227905e-01
-6.091265678405761719e-01
-6.221081689000129700e-02
-3.042256832122802734e-01
4.620069980621337891e+00
1.331594181060791016e+01
1.537627124786376953e+01
1.730995178222656250e+01
1.912731742858886719e+01
2.551786804199218750e+01
-1.794247925281524658e-01
-8.775521516799926758e-01
-3.845798671245574951e-01
9.887675642967224121e-01
-2.549310028553009033e-01
3.843353509902954102e+00
-8.492784500122070312e-01
-3.935723304748535156e-01
-1.654099971055984497e-01
2.466784864664077759e-01
-6.026256680488586426e-01
-8.386595845222473145e-01
-8.592569231986999512e-01
6.600829958915710449e-02
-1.824873208999633789e+00
3.568267822265625000e+00
-1.921501755714416504e+00
8.779801368713378906e+00
4.655220806598663330e-01
-4.803946495056152344e+00
1.611846160888671875e+01
-1.384156823158264160e+00
2.889389097690582275e-01
2.472218722105026245e-01
5.978252738714218140e-04
-3.924497961997985840e-01
-7.070976495742797852e-01
6.904084086418151855e-01
2.567697502672672272e-02
4.264612495899200439e-01
8.739879727363586426e-02
-5.120618343353271484e-01
6.595495939254760742e-01
4.823707938194274902e-01
2.726196348667144775e-01
5.413491129875183105e-01
-1.378219604492187500e+00
1.122356891632080078e+00
-4.424506664276123047e+00
1.969577558338642120e-02
2.801271200180053711e+00
-6.124053478240966797e+00
1.227381110191345215e+00
-1.505191773176193237e-01
6.199836134910583496e-01
-3.034890294075012207e-01
2.458661943674087524e-01
1.559855937957763672e+00
5.465554818511009216e-02
-8.500393480062484741e-03
2.831939421594142914e-02
-1.324634253978729248e-01
-1.345419287681579590e-01
1.585444360971450806e-01
6.002880260348320007e-02
1.399603486061096191e-01
3.189445734024047852e-01
-1.073729246854782104e-01
-6.994176656007766724e-02
1.046681165695190430e+00
1.811821758747100830e-01
-5.387029647827148438e-01
2.090637445449829102e+00
2.863958179950714111e-01
7.051718235015869141e-01
4.288082122802734375e-01
8.200923204421997070e-01
8.694195747375488281e-01
7.803478240966796875e-01
2.064836472272872925e-01
8.515170812606811523e-01
3.683347105979919434e-01
9.002562165260314941e-01
2.939110696315765381e-01
6.381282806396484375e-01
7.894105911254882812e-01
2.291298955678939819e-01
7.225714325904846191e-01
2.757910788059234619e-01
5.043075233697891235e-02
3.106672503054141998e-02
6.969814896583557129e-01
7.723276615142822266e-01
8.597553372383117676e-01
2.493533372879028320e+00
1.078976511955261230e+00
-2.199988126754760742e+00
7.681232094764709473e-01
