1.545204830169677734e+01
8.454916954040527344e+00
1.187830257415771484e+01
5.669933795928955078e+00
1.544176101684570312e+01
1.544681358337402344e+01
1.551447296142578125e+01
1.692319679260253906e+01
8.258448600769042969e+00
1.476523780822753906e+01
6.885104656219482422e+00
1.544171810150146484e+01
1.550628376007080078e+01
6.341294288635253906e+00
1.550377464294433594e+01
-5.241137742996215820e-01
-3.100571870803833008e+00
8.215730667114257812e+00
8.219292640686035156e+00
-3.438835859298706055e+00
6.602937221527099609e+00
2.995248079299926758e+00
-3.093780994415283203e+00
-9.514551162719726562e+00
-4.392725944519042969e+00
-3.061010241508483887e-01
2.102979660034179688e+00
-5.374582290649414062e+00
4.316007137298583984e+00
3.821413278579711914e+00
5.010097980499267578e+00
2.728815935552120209e-02
-2.110562324523925781e+00
1.268394374847412109e+01
6.856920719146728516e+00
2.511703014373779297e+00
-4.749895095825195312e+00
1.015316772460937500e+01
-8.256911635398864746e-01
-6.579167842864990234e-01
-2.408087730407714844e+00
-7.356099128723144531e+00
6.553075790405273438e+00
8.422517776489257812e+00
2.482957601547241211e+00
-6.472387313842773438e+00
-9.144231796264648438e+00
3.947667598724365234e+00
4.521315097808837891e+00
-7.958460807800292969e+00
-4.887297630310058594e+00
6.374965667724609375e+00
-6.366761684417724609e+00
5.111882686614990234e+00
-5.389772415161132812e+00
-6.198911666870117188e+00
5.975116729736328125e+00
8.432347178459167480e-01
-2.192239999771118164e+00
1.164505577087402344e+01
-6.424535512924194336e-01
4.514026641845703125e+00
1.477972269058227539e+00
-7.796276569366455078e+00
1.398000955581665039e+00
-7.025358200073242188e+00
1.033885765075683594e+01
7.521795749664306641e+00
-1.369744658470153809e+00
7.211894035339355469e+00
3.679995238780975342e-01
-2.297492325305938721e-01
-5.238670349121093750e+00
-6.649000167846679688e+00
-5.314321041107177734e+00
-3.785510778427124023e+00
8.340247869491577148e-01
-1.519597649574279785e+00
4.480429649353027344e+00
-6.335762739181518555e-01
-1.502606034278869629e+00
-1.936247110366821289e+00
5.494279861450195312e+00
6.095429420471191406e+00
5.348912239074707031e+00
-8.102125167846679688e+00
-4.489365577697753906e+00
3.905635833740234375e+00
-4.514265060424804688e+00
-4.697628021240234375e+00
9.936809539794921875e-01
7.605908513069152832e-01
8.740706443786621094e-01
2.680829524993896484e+00
2.478773117065429688e+00
-4.192232489585876465e-01
4.279393196105957031e+00
1.576140403747558594e+00
8.585108518600463867e-01
5.118237018585205078e+00
1.248939037322998047e+00
-4.543316364288330078e+00
-5.457167625427246094e+00
-4.481459617614746094e+00
-6.781198978424072266e+00
2.161419153213500977e+00
-5.766541957855224609e+00
4.404373168945312500e+00
9.067836761474609375e+00
3.627922296524047852e+00
-6.373750209808349609e+00
2.673229694366455078e+00
-6.434239387512207031e+00
4.465733051300048828e+00
-3.772621750831604004e-01
-1.073591899871826172e+01
2.109108686447143555e+00
-3.399002552032470703e+00
6.447527885437011719e+00
2.307482957839965820e+00
1.732720494270324707e+00
-7.589873313903808594e+00
2.192829549312591553e-01
8.263450622558593750e+00
1.001953506469726562e+01
9.508798599243164062e+00
8.317237854003906250e+00
-3.484765052795410156e+00
5.241940498352050781e+00
3.970919609069824219e+00
2.415531635284423828e+00
6.660025119781494141e+00
-2.650948286056518555e+00
-4.569427967071533203e+00
9.687221527099609375e+00
4.566422104835510254e-01
-8.905094861984252930e-01
-4.560881614685058594e+00
-4.746332645416259766e+00
3.740251302719116211e+00
2.373517513275146484e+00
4.419216215610504150e-01
-2.528966963291168213e-01
-9.781481325626373291e-02
3.320648431777954102e+00
6.933926105499267578e+00
1.443732261657714844e+00
-6.099003791809082031e+00
5.963869094848632812e+00
-2.206877708435058594e+00
-5.746525287628173828e+00
-2.297607660293579102e+00
2.636176824569702148e+00
6.125632286071777344e+00
-6.560812473297119141e+00
2.344983220100402832e-01
1.372076630592346191e+00
-1.244100093841552734e+00
3.049259901046752930e+00
1.747134804725646973e+00
2.794851541519165039e+00
2.919057846069335938e+00
6.981414556503295898e-01
-6.184687614440917969e+00
-2.445983886718750000e+00
-2.602356672286987305e-01
6.902050018310546875e+00
4.411207199096679688e+00
1.939319133758544922e+00
-2.370748519897460938e+00
9.316869378089904785e-01
3.223646402359008789e+00
-2.840781688690185547e+00
-8.419829010963439941e-01
4.899578094482421875e+00
-1.011401295661926270e+00
4.606656551361083984e+00
4.507666826248168945e-01
3.275650739669799805e+00
-4.797950267791748047e+00
1.887716889381408691e+00
-2.634005248546600342e-01
8.789218902587890625e+00
-3.458163976669311523e+00
4.595236301422119141e+00
2.278141736984252930e+00
-3.888025522232055664e+00
4.620644092559814453e+00
4.688965320587158203e+00
-1.170013666152954102e+00
-2.593158721923828125e+00
-1.075413450598716736e-01
1.644336462020874023e+00
3.395279169082641602e+00
5.764023780822753906e+00
4.320173263549804688e+00
-2.098699331283569336e+00
3.163900136947631836e+00
-5.916422367095947266e+00
-9.321135282516479492e-01
-3.062838077545166016e+00
-2.250321149826049805e+00
-2.624215185642242432e-01
6.637595295906066895e-01
-2.848536729812622070e+00
3.059398889541625977e+00
-1.029303789138793945e+00
3.483176946640014648e+00
1.395982742309570312e+00
-1.507466584444046021e-01
-2.479318380355834961e+00
-5.732133984565734863e-01
9.044037461280822754e-01
-1.380893707275390625e+00
-3.245042324066162109e+00
-1.716646552085876465e+00
2.020965337753295898e+00
-1.564745903015136719e+00
7.168655395507812500e-01
-2.793493032455444336e+00
-3.299302577972412109e+00
2.911630868911743164e+00
4.806303977966308594e-02
1.182791963219642639e-01
-8.309233188629150391e-01
4.774960517883300781e+00
-6.399208903312683105e-01
5.278173923492431641e+00
-4.526079654693603516e+00
-8.259226679801940918e-01
-4.943077564239501953e+00
-1.280191540718078613e+00
-3.949589133262634277e-01
3.828086256980895996e-01
-4.236925840377807617e-01
-1.335073709487915039e+00
-1.083275914192199707e+00
-2.750086307525634766e+00
1.554078608751296997e-01
5.902779698371887207e-01
-1.117523312568664551e+00
6.073324680328369141e+00
1.969391256570816040e-01
5.284724712371826172e+00
-2.234471321105957031e+00
-5.115281581878662109e+00
3.387068986892700195e+00
7.295630455017089844e+00
-1.688309550285339355e+00
-5.380249023437500000e+00
3.994878053665161133e+00
-2.786434888839721680e+00
-2.301103591918945312e+00
3.588716506958007812e+00
1.754429340362548828e+00
5.147798359394073486e-02
-3.982737064361572266e-01
-1.046793103218078613e+00
-3.502777814865112305e+00
-1.911279678344726562e+00
3.082176148891448975e-01
-1.274445652961730957e+00
9.383738785982131958e-02
3.564307689666748047e+00
1.169240236282348633e+00
3.147533178329467773e+00
-1.833894252777099609e+00
7.514354586601257324e-01
-1.741375088691711426e+00
2.020127296447753906e+00
-4.052392005920410156e+00
1.486858725547790527e-01
8.830860853195190430e-01
1.266163289546966553e-01
-5.157703161239624023e-01
1.446501851081848145e+00
-1.898209333419799805e+00
-3.057822704315185547e+00
2.585173606872558594e+00
5.394421815872192383e-01
1.359776258468627930e+00
2.097517490386962891e+00
4.784008979797363281e+00
-1.249935030937194824e+00
-6.998277306556701660e-01
5.643019676208496094e-01
2.737345933914184570e+00
1.775452375411987305e+00
-2.062820196151733398e-01
1.851634621620178223e+00
-4.769938886165618896e-01
1.891971468925476074e+00
-3.813099861145019531e-01
-1.210838034749031067e-01
1.648455619812011719e+00
1.761139631271362305e+00
3.450019657611846924e-01
2.107040882110595703e+00
8.275673389434814453e-01
-3.127793788909912109e+00
-1.414337903261184692e-01
9.216892719268798828e-01
6.331688404083251953e+00
-2.064614057540893555e+00
3.544322252273559570e+00
-1.040497794747352600e-01
-1.835072278976440430e+00
3.177462577819824219e+00
7.690189480781555176e-01
7.602035403251647949e-01
1.539204597473144531e+00
1.964828610420227051e+00
-1.824030399322509766e+00
6.955901384353637695e-01
1.856866329908370972e-01
7.563881278038024902e-01
-1.922571420669555664e+00
-1.991584420204162598e+00
2.556589603424072266e+00
1.956643939018249512e+00
4.659591317176818848e-01
1.243794560432434082e+00
-4.178042113780975342e-01
3.778947591781616211e+00
9.636873006820678711e-02
4.808845818042755127e-01
2.560156583786010742e+00
1.474060773849487305e+00
-2.004950284957885742e+00
1.946532726287841797e+00
1.023996591567993164e+00
2.375870943069458008e-01
-6.801026314496994019e-02
1.335699677467346191e+00
-2.411746025085449219e+00
3.969415426254272461e-01
1.347201347351074219e+00
5.470511317253112793e-01
-3.327319920063018799e-01
-1.043547913432121277e-01
2.908415794372558594e+00
-2.233531475067138672e+00
-9.810245037078857422e-01
-8.193280696868896484e-01
1.662928342819213867e+00
-4.234941482543945312e+00
1.217964053153991699e+00
-1.075907111167907715e+00
-2.149593114852905273e+00
3.141142845153808594e+00
-1.874119043350219727e+00
1.349818468093872070e+00
2.173203945159912109e+00
-5.457924365997314453e+00
1.652830839157104492e-01
-1.359900355339050293e+00
-7.528651952743530273e-01
-3.718770146369934082e-01
5.253983974456787109e+00
1.800143599510192871e+00
-1.792877554893493652e+00
3.276364088058471680e+00
3.863022625446319580e-01
2.176228523254394531e+00
1.621995925903320312e+00
8.224909901618957520e-01
2.427496433258056641e+00
2.808602333068847656e+00
1.779242992401123047e+00
8.231587409973144531e-01
-1.421983718872070312e+00
-9.278125762939453125e-01
-1.018925905227661133e+00
1.550461888313293457e+00
-1.064090430736541748e-02
3.187586069107055664e+00
