2.182449579238891602e+00
-6.496647000312805176e-02
5.019594669342041016e+00
3.322103977203369141e+00
2.322056770324707031e+00
1.914906620979309082e+00
3.559808015823364258e+00
1.168809384107589722e-01
-4.268938302993774414e-01
2.067340135574340820e+00
1.384647041559219360e-01
3.771553933620452881e-01
-4.905707836151123047e-01
2.129574269056320190e-01
4.740037918090820312e-01
-2.310899972915649414e+00
1.228894591331481934e+00
-9.220122545957565308e-02
-1.769505888223648071e-01
-3.802428245544433594e-01
-1.888487674295902252e-02
1.640496551990509033e-01
-2.218099832534790039e-01
2.171983420848846436e-01
-9.531244039535522461e-01
9.253665924072265625e+00
1.328693485260009766e+01
1.538101863861083984e+01
1.524147891998291016e+01
1.739619255065917969e+01
1.914374923706054688e+01
2.104473495483398438e+01
2.357851600646972656e+01
1.143542289733886719e+00
-2.245736122131347656e-02
3.575784265995025635e-01
-2.569313943386077881e-01
-1.102279186248779297e+00
-6.160519719123840332e-01
1.154237866401672363e+00
1.522991180419921875e+00
-7.595773339271545410e-01
-2.733379900455474854e-01
2.422325313091278076e-01
-2.895690202713012695e-01
2.392436750233173370e-02
6.832768917083740234e-01
3.483482003211975098e-01
1.000830054283142090e+00
-2.954376220703125000e+00
2.738089263439178467e-01
-4.954480826854705811e-01
-4.435069084167480469e+00
5.967679619789123535e-01
4.339364528656005859e+00
-1.884753823280334473e+00
7.024365067481994629e-01
4.613957405090332031e+00
-3.140258550643920898e+00
9.347110986709594727e-01
-1.166057586669921875e+00
1.445296406745910645e+00
1.683740139007568359e+00
2.159342169761657715e-01
4.192814696580171585e-03
-2.643124341964721680e+00
4.015091419219970703e+00
1.255502343177795410e+00
2.903029918670654297e+00
-3.819936886429786682e-02
1.124149858951568604e-01
3.048565089702606201e-01
1.734142303466796875e-01
-1.373220235109329224e-01
1.938618719577789307e-01
1.182444840669631958e-01
5.529109239578247070e-01
6.433944702148437500e-01
1.880307495594024658e-02
-2.322402596473693848e-01
-2.723474800586700439e-01
4.591184854507446289e-01
5.993027091026306152e-01
7.915549278259277344e-01
-4.166970849037170410e-01
1.458080768585205078e+00
-4.406357109546661377e-01
-1.561280637979507446e-01
1.195527434349060059e+00
-6.827219128608703613e-01
-1.470758676528930664e+00
8.855011463165283203e-01
-6.006573438644409180e-01
-2.416939735412597656e+00
1.504159569740295410e+00
4.969913363456726074e-01
6.343160271644592285e-01
1.772234439849853516e-01
-1.052821278572082520e+00
-1.154775619506835938e-01
-1.858116835355758667e-01
1.058610558509826660e+00
-2.124852091073989868e-01
3.010618686676025391e-01
1.593204855918884277e+00
1.254127383232116699e+00
1.633307337760925293e-01
-1.860400848090648651e-02
-5.254133939743041992e-01
-3.687818348407745361e-01
8.281616568565368652e-01
-7.057053502649068832e-03
-1.376441121101379395e+00
8.164446800947189331e-02
-1.131748333573341370e-01
9.139555692672729492e-02
2.948702573776245117e-01
8.476756513118743896e-02
-8.461798429489135742e-01
-3.316583633422851562e-01
1.443198621273040771e-01
2.671195864677429199e-01
1.716653704643249512e-01
2.260191291570663452e-01
5.290145277976989746e-01
6.348856091499328613e-01
-5.952482223510742188e-01
1.568586230278015137e-01
2.428361177444458008e-01
-7.319529354572296143e-02
3.059263229370117188e-01
-9.201865196228027344e-01
-3.508989885449409485e-02
4.561915248632431030e-02
-2.250406742095947266e-01
4.064950644969940186e-01
6.573194265365600586e-02
3.598672449588775635e-01
-1.077380537986755371e+00
1.922584176063537598e-01
-1.757208824157714844e+00
-7.889723405241966248e-03
9.448868222534656525e-03
-9.634898975491523743e-03
-9.886470623314380646e-03
-3.644350683316588402e-03
9.626387618482112885e-03
5.810313392430543900e-03
8.681319653987884521e-03
5.766650661826133728e-03
6.979071069508790970e-03
-4.899479448795318604e-03
7.826047949492931366e-03
9.387881495058536530e-03
-3.561660414561629295e-03
-5.615447182208299637e-03
-1.387346885167062283e-03
-3.056505927816033363e-03
7.794012781232595444e-03
5.388408433645963669e-03
9.170337580144405365e-03
-1.881420612335205078e-03
4.904606379568576813e-03
-9.185591712594032288e-03
5.186699563637375832e-04
8.280377835035324097e-03
-3.714178455993533134e-03
7.239981554448604584e-03
-4.109546076506376266e-03
6.836687214672565460e-03
6.479436066001653671e-03
-2.013514982536435127e-03
1.272886147489771247e-04
-7.845450192689895630e-03
-1.335939043201506138e-03
-9.963277727365493774e-03
2.328138332813978195e-03
8.660421371459960938e-01
9.776172041893005371e-01
-2.104126453399658203e+00
6.900369524955749512e-01
