1.705903649330139160e+00
-2.477069795131683350e-01
-4.835579693317413330e-01
-8.677386492490768433e-02
1.665900468826293945e+00
4.526207923889160156e+00
5.705258846282958984e-01
1.469730138778686523e+00
3.169553041458129883e+00
2.060072422027587891e+00
1.913352847099304199e+00
1.968707919120788574e+00
1.920084953308105469e+00
2.400751829147338867e+00
-7.482835650444030762e-02
2.578884363174438477e-01
6.255317330360412598e-01
1.246925354003906250e+00
1.892868429422378540e-01
-5.287150740623474121e-01
-9.495292790234088898e-03
1.042028665542602539e-01
1.462797671556472778e-01
1.614586263895034790e-01
9.152662754058837891e-02
2.436774410307407379e-02
-1.899337023496627808e-02
2.331928312778472900e-01
1.017824560403823853e-01
-1.051432639360427856e-01
-1.333023905754089355e-01
5.588713884353637695e-01
6.131555438041687012e-01
-2.728510089218616486e-02
-7.037971168756484985e-02
1.065188050270080566e-01
-1.262471228837966919e-01
-6.042270734906196594e-02
9.889332205057144165e-02
-8.160106092691421509e-02
-6.180741265416145325e-02
-1.175265833735466003e-01
-3.602438420057296753e-02
3.697269782423973083e-02
-2.138659209012985229e-01
-6.172931194305419922e-02
-7.232719659805297852e-01
-4.770276546478271484e-01
-5.295295715332031250e-01
6.270151615142822266e+00
7.004443168640136719e+00
7.849294185638427734e+00
1.023290348052978516e+01
1.325255203247070312e+01
1.344444465637207031e+01
1.430960655212402344e+01
1.545154094696044922e+01
1.500223350524902344e+01
1.703076362609863281e+01
1.817857742309570312e+01
1.949144554138183594e+01
1.926193237304687500e+01
2.287682914733886719e+01
2.405177116394042969e+01
2.711932945251464844e+01
-3.599124193191528320e+00
6.607977747917175293e-01
-5.965513586997985840e-01
-4.110295772552490234e-01
2.316214591264724731e-01
2.925538301467895508e+00
-1.464098811149597168e+00
6.796983480453491211e-01
1.504495859146118164e+00
-3.238083124160766602e+00
2.337084770202636719e+00
-6.802898645401000977e-01
1.449580192565917969e+00
3.738427877426147461e+00
-3.501729667186737061e-01
-1.558869797736406326e-02
-3.479790985584259033e-01
7.744971662759780884e-02
4.071624875068664551e-01
-2.505003809928894043e-01
-2.038079738616943359e+00
8.389730453491210938e-01
-3.601118028163909912e-01
-1.780985355377197266e+00
-6.681235134601593018e-02
1.010630577802658081e-01
-9.432150423526763916e-02
5.728656053543090820e-01
-7.439553737640380859e-01
-2.866465806961059570e+00
-1.479789018630981445e+00
6.446473002433776855e-01
-7.521935105323791504e-01
2.217864841222763062e-01
2.463516950607299805e+00
-6.840931177139282227e-01
9.696516394615173340e-02
-4.686933755874633789e-01
-5.415875911712646484e-01
3.894815966486930847e-02
5.774536728858947754e-01
1.278265237808227539e+00
7.361099720001220703e-01
-1.430654644966125488e+00
-1.623749136924743652e+00
1.227029919624328613e+00
-1.356921941041946411e-01
1.490721702575683594e+00
-1.929394006729125977e-01
8.586288988590240479e-02
-4.415032565593719482e-01
-2.650457918643951416e-01
2.103132009506225586e-01
-1.382506787776947021e-01
5.165995955467224121e-01
5.927295088768005371e-01
-4.650456428527832031e+00
-2.939385175704956055e+00
-2.504340112209320068e-01
-1.852128624916076660e+00
-2.429377436637878418e-01
-6.314302980899810791e-02
3.322691097855567932e-02
1.497567296028137207e-01
-1.677102148532867432e-01
-3.177289068698883057e-01
-1.707673519849777222e-01
-1.680522859096527100e-01
1.572159767150878906e+00
1.339390873908996582e+00
5.128076553344726562e+00
1.585288196802139282e-01
3.012953996658325195e-01
1.236482858657836914e-01
-3.964661657810211182e-01
1.432650446891784668e+00
-2.419852912425994873e-01
-2.327615261077880859e+00
-2.267069101333618164e+00
-3.619535684585571289e+00
-8.830990195274353027e-01
1.564627647399902344e+00
-6.383914500474929810e-02
-6.186165288090705872e-02
-5.523984432220458984e-01
-4.609701633453369141e-01
-5.592763423919677734e-01
1.115885853767395020e+00
-1.518796443939208984e+00
1.465190052986145020e+00
-2.347069025039672852e+00
6.251460872590541840e-03
-3.818324208259582520e-01
7.195031642913818359e-02
-3.527610301971435547e-01
1.603930070996284485e-02
2.121602371335029602e-02
-7.400441169738769531e-01
-1.981007933616638184e+00
-2.058147788047790527e-01
-1.060609102249145508e+00
-3.756813108921051025e-01
-2.168960720300674438e-01
3.062539100646972656e-01
-1.375900506973266602e-01
1.772396415472030640e-01
-2.081661701202392578e+00
-9.552720189094543457e-01
-1.595276236534118652e+00
1.974760174751281738e+00
-2.943410873413085938e-01
-1.330747246742248535e+00
5.468116402626037598e-01
2.262637615203857422e+00
-1.003886014223098755e-01
-1.275516867637634277e+00
-1.989395022392272949e+00
1.988616228103637695e+00
-1.583807319402694702e-01
1.562268733978271484e+00
-6.945375204086303711e-01
1.820766687393188477e+00
5.872686505317687988e-01
1.981428265571594238e-01
-3.099577665328979492e+00
-1.009742498397827148e+00
-1.975569844245910645e+00
9.828011691570281982e-02
3.342733085155487061e-01
-1.175349354743957520e+00
-7.409197092056274414e-01
6.781120300292968750e-01
-5.268187522888183594e-01
2.622418403625488281e+00
2.671185255050659180e+00
4.698166847229003906e-01
2.768301963806152344e+00
-5.360416769981384277e-01
8.452847599983215332e-01
3.697838485240936279e-01
-3.306777477264404297e-01
-5.634533762931823730e-01
2.109968960285186768e-01
-3.540525436401367188e-01
3.173086047172546387e-01
1.336780905723571777e+00
-1.157742977142333984e+00
6.452351808547973633e-01
-4.321150183677673340e-01
-4.690954089164733887e-01
1.535703241825103760e-01
-6.858885288238525391e-01
7.884240746498107910e-01
-2.184446901082992554e-02
2.268514782190322876e-01
-4.798255104105919600e-04
2.602364718914031982e-01
3.051270544528961182e-01
2.519707009196281433e-02
7.793514132499694824e-01
-3.035809993743896484e-01
-3.394435644149780273e-01
-3.905664086341857910e-01
2.074535042047500610e-01
-1.663700342178344727e+00
6.284568309783935547e-01
-4.531670212745666504e-01
3.137969672679901123e-01
2.704074680805206299e-01
-1.473703533411026001e-01
-7.212385535240173340e-02
1.479482352733612061e-01
-3.289689123630523682e-02
9.285818040370941162e-02
9.831477887928485870e-03
1.571606993675231934e-01
1.766266107559204102e+00
-1.655430793762207031e+00
1.007460832595825195e+00
1.766427993774414062e+00
1.819878101348876953e+00
-5.047056451439857483e-02
-9.244652837514877319e-02
-1.255568116903305054e-01
7.759012281894683838e-02
5.402264744043350220e-02
1.251916140317916870e-01
-1.185257062315940857e-01
1.054778620600700378e-01
2.190525382757186890e-01
-1.305449903011322021e-01
1.789491772651672363e-01
1.653966665267944336e+00
-6.167549267411231995e-02
3.354723453521728516e-01
6.808502674102783203e-01
-7.815671712160110474e-02
8.189233392477035522e-02
-1.869096606969833374e-02
-1.048082485795021057e-02
5.157214403152465820e-02
3.537282347679138184e-02
4.958275705575942993e-02
4.109525978565216064e-01
-6.337259411811828613e-01
1.732794642448425293e-01
-1.470276594161987305e+00
-1.124121323227882385e-01
-1.085035130381584167e-01
-1.825185269117355347e-01
-1.344230473041534424e-01
1.721163839101791382e-01
-6.257970631122589111e-02
4.216033518314361572e-01
7.078257799148559570e-01
1.375397086143493652e+00
-1.162457466125488281e+00
-2.370429486036300659e-01
1.706227064132690430e-01
4.831164330244064331e-02
1.807362288236618042e-01
4.090117216110229492e-01
-1.198874879628419876e-02
-2.456906437873840332e-01
-5.504605174064636230e-02
4.538898468017578125e-01
1.293397665023803711e+00
2.049881219863891602e-01
1.802936494350433350e-01
-1.248877421021461487e-01
2.369493842124938965e-01
7.095386832952499390e-02
1.140995919704437256e-01
4.499756544828414917e-02
3.796472549438476562e-01
1.891637146472930908e-01
4.393759667873382568e-01
4.354902356863021851e-02
2.220918834209442139e-01
-3.489565476775169373e-02
1.655647009611129761e-01
2.263201624155044556e-01
1.979376077651977539e-01
6.968636065721511841e-02
3.368737399578094482e-01
-3.680765926837921143e-01
4.724477231502532959e-02
3.632999062538146973e-01
-1.538171619176864624e-02
-4.894398748874664307e-01
-1.620260715484619141e+00
1.174152269959449768e-01
6.726245284080505371e-01
-1.583648473024368286e-01
-2.830989360809326172e-01
-1.592876017093658447e-01
9.874256253242492676e-01
6.332837939262390137e-01
-5.259307622909545898e-01
-3.045985475182533264e-02
7.373473048210144043e-01
-1.533395517617464066e-02
6.125171184539794922e-01
-1.273598372936248779e-01
5.857572555541992188e-01
1.057434320449829102e+00
6.447183489799499512e-01
3.827619254589080811e-01
6.598125696182250977e-01
-1.797281026840209961e+00
-7.868176102638244629e-01
1.011960506439208984e+00
1.478623390197753906e+00
2.891002595424652100e-01
1.898753941059112549e-01
2.889449298381805420e-01
4.497212171554565430e-01
-7.585120797157287598e-01
-1.173934563994407654e-01
-3.329092264175415039e-01
8.417222648859024048e-02
1.531921386718750000e+00
-1.216932773590087891e+00
2.155434489250183105e-01
1.160229668021202087e-01
-8.816875815391540527e-01
1.313972473144531250e+00
8.834813237190246582e-01
3.568908274173736572e-01
1.202092915773391724e-01
-3.159857690334320068e-01
-1.759659349918365479e-01
8.669648766517639160e-01
-4.090726971626281738e-01
-1.666489057242870331e-02
7.910764813423156738e-01
-1.042772606015205383e-01
6.878057867288589478e-02
3.749129362404346466e-03
4.464655742049217224e-02
7.390803694725036621e-01
3.584548234939575195e-01
2.454672604799270630e-01
1.145868897438049316e+00
2.552542388439178467e-01
-2.494159191846847534e-01
-7.007666826248168945e-01
1.031446233391761780e-01
-9.835991263389587402e-02
3.120235167443752289e-02
-3.845334053039550781e-01
-4.628497175872325897e-03
5.689648389816284180e-01
-1.506155014038085938e+00
-5.814923644065856934e-01
2.340437024831771851e-01
-2.200983911752700806e-01
-2.644937038421630859e-01
5.034518241882324219e-02
-6.231161355972290039e-01
8.274964243173599243e-02
3.349684923887252808e-02
6.293855607509613037e-02
9.765379875898361206e-02
-1.836666911840438843e-01
2.139517068862915039e-01
-1.247116830199956894e-02
9.474245458841323853e-02
6.015476584434509277e-01
-1.462753564119338989e-01
1.733533442020416260e-01
1.985079050064086914e-01
6.453535705804824829e-02
-6.730291992425918579e-02
-5.612552538514137268e-02
2.177186310291290283e-01
-1.725203692913055420e-01
9.292965382337570190e-02
1.375137865543365479e-01
-1.565829664468765259e-01
-1.998586952686309814e-01
7.890052348375320435e-02
-1.781464576721191406e+00
1.929066777229309082e-01
-1.607880840310826898e-04
1.995155811309814453e-01
-5.328245833516120911e-02
-3.881219327449798584e-01
-1.451904028654098511e-01
7.178010344505310059e-01
1.220217466354370117e+00
7.453338503837585449e-01
-1.236508965492248535e+00
-3.336527645587921143e-01
5.615267157554626465e-02
-5.169259384274482727e-02
5.910775437951087952e-02
1.147580668330192566e-01
1.132742390036582947e-01
-1.201887875795364380e-01
-1.687182784080505371e-01
-8.291586637496948242e-01
-1.203066036105155945e-01
1.344875246286392212e-01
-6.234848126769065857e-02
-7.360985619015991688e-04
1.137979030609130859e-01
4.009743034839630127e-02
1.472377777099609375e-01
3.074824213981628418e-01
1.119123548269271851e-01
-8.778455108404159546e-02
3.493801951408386230e-01
1.202514022588729858e-02
9.768943302333354950e-03
-2.768224477767944336e-01
1.279717087745666504e-01
1.476583182811737061e-01
5.220941901206970215e-01
4.524047970771789551e-01
6.599011421203613281e-01
-7.787038087844848633e-01
4.094093665480613708e-02
4.966654181480407715e-01
-5.265563726425170898e-01
3.990449607372283936e-01
1.155100703239440918e+00
8.497182130813598633e-01
3.556671142578125000e-01
-8.106092810630798340e-01
1.265652179718017578e-01
-9.009867310523986816e-01
-1.617001444101333618e-01
-1.409007012844085693e-01
-4.843367040157318115e-01
-6.499371677637100220e-02
7.830607295036315918e-01
3.823459744453430176e-01
1.338287830352783203e+00
3.726072907447814941e-01
-5.686460733413696289e-01
-1.604810506105422974e-01
1.707253754138946533e-01
5.248902440071105957e-01
1.711827665567398071e-01
-4.144026637077331543e-01
8.718436956405639648e-01
-1.303057432174682617e+00
5.389430094510316849e-03
-9.660814888775348663e-03
-3.855553455650806427e-03
1.769599388353526592e-03
4.139427561312913895e-03
5.310391541570425034e-03
-5.675509572029113770e-03
3.115269122645258904e-03
-7.372546941041946411e-03
-1.060444163158535957e-03
5.746059119701385498e-03
5.033074412494897842e-03
-4.607518669217824936e-03
9.852595627307891846e-03
9.375041350722312927e-03
5.317090544849634171e-04
-2.555047627538442612e-03
-7.226194720715284348e-04
2.785553457215428352e-03
2.724348101764917374e-03
7.515790872275829315e-03
8.350619114935398102e-03
5.870437715202569962e-03
6.496745161712169647e-03
-8.026599884033203125e-03
-5.969489924609661102e-03
9.876398369669914246e-03
-3.392915008589625359e-03
-1.947867218405008316e-03
4.838657099753618240e-03
-7.082884199917316437e-03
-6.285295821726322174e-03
-6.214457098394632339e-04
-2.612224081531167030e-03
-4.336368758231401443e-03
5.020537879317998886e-03
-3.045542689505964518e-04
5.940847564488649368e-03
1.987401861697435379e-03
-7.292107678949832916e-03
-6.703129503875970840e-03
4.025162663310766220e-03
-6.012409925460815430e-03
6.459920667111873627e-03
-3.616322937887161970e-04
-1.015615300275385380e-03
2.596954815089702606e-03
7.954599335789680481e-03
-3.939898160751909018e-04
-6.579127628356218338e-03
-7.288939319550991058e-03
6.928587099537253380e-04
2.251276513561606407e-03
-6.467454601079225540e-03
3.959099296480417252e-03
-6.812963169068098068e-03
-3.035717178136110306e-03
8.721617981791496277e-03
-3.853217058349400759e-04
9.611088898964226246e-04
3.382471622899174690e-03
-6.883539725095033646e-03
-6.721895653754472733e-03
9.036438423208892345e-04
6.492992397397756577e-03
6.659539649263024330e-04
-3.611164866015315056e-03
-7.032756227999925613e-03
6.212832871824502945e-03
4.224814474582672119e-03
1.458328915759921074e-03
9.283266845159232616e-04
-4.288432188332080841e-03
7.082104682922363281e-03
-2.442151773720979691e-03
8.847121149301528931e-03
1.880136085674166679e-03
-2.418788848444819450e-03
-9.710859507322311401e-03
-3.759367624297738075e-03
-5.704362411051988602e-03
1.149702351540327072e-03
-4.878113977611064911e-03
6.839297711849212646e-03
5.460738670080900192e-03
7.697221357375383377e-03
5.417893175035715103e-03
1.617389149032533169e-03
-2.330609364435076714e-03
-9.555928409099578857e-03
-4.363230895251035690e-03
4.729572217911481857e-03
-3.137907013297080994e-03
-4.886253736913204193e-03
-3.023679833859205246e-03
-4.080393351614475250e-03
-3.377626184374094009e-03
-8.216733112931251526e-03
5.042411852627992630e-03
-7.436251617036759853e-04
-1.832392532378435135e-03
-7.344514597207307816e-03
4.025882109999656677e-03
-3.311714623123407364e-03
5.215950310230255127e-03
6.881084293127059937e-03
9.392620995640754700e-03
8.328801952302455902e-03
-8.156530559062957764e-03
-2.268427051603794098e-03
3.142693545669317245e-03
-3.679208690300583839e-03
4.237410146743059158e-03
-9.309199638664722443e-03
3.890202147886157036e-03
5.758500192314386368e-03
8.869104203768074512e-04
-5.421160254627466202e-03
-6.749130785465240479e-03
-9.432740509510040283e-03
9.111271356232464314e-04
5.149744451045989990e-03
3.222489962354302406e-03
1.283834339119493961e-03
-4.435535520315170288e-03
-6.407612003386020660e-03
-1.779800397343933582e-03
1.176137942820787430e-03
8.805341785773634911e-04
-6.041273940354585648e-03
6.940363440662622452e-03
7.358276634477078915e-04
-4.037312231957912445e-03
-4.425399936735630035e-03
-8.170335786417126656e-04
-9.690223261713981628e-03
1.583012580871582031e+00
8.716309070587158203e-01
-1.448568224906921387e+00
5.486478209495544434e-01
