1.624467849731445312e+00
-4.791711568832397461e-01
-8.396972417831420898e-01
1.552079468965530396e-01
1.748483538627624512e+00
4.371942996978759766e+00
-1.202911809086799622e-01
1.733324170112609863e+00
3.094701766967773438e+00
2.280667066574096680e+00
1.926998972892761230e+00
1.990507125854492188e+00
1.361607193946838379e+00
2.714391708374023438e+00
-3.488861620426177979e-01
4.505746960639953613e-01
7.458435297012329102e-01
4.864644110202789307e-01
4.837388098239898682e-01
-7.317019701004028320e-01
-4.585887491703033447e-01
1.203598231077194214e-01
-8.170359730720520020e-01
7.479138970375061035e-01
5.034144851379096508e-04
1.744595915079116821e-01
-4.935990571975708008e-01
6.201040744781494141e-01
3.274880945682525635e-01
-5.108034014701843262e-01
-1.729352772235870361e-01
8.947222679853439331e-02
8.001685738563537598e-01
2.511553280055522919e-02
7.716035842895507812e-02
2.341213822364807129e-01
-1.668601930141448975e-01
-6.529013812541961670e-02
4.209351539611816406e-01
1.407637596130371094e-01
-1.923939883708953857e-01
-4.017998278141021729e-02
3.055574297904968262e-01
-7.043019682168960571e-02
-3.856307268142700195e-01
-6.670563481748104095e-03
-2.631908953189849854e-01
-4.995151162147521973e-01
-6.607406139373779297e-01
7.441300392150878906e+00
7.009126186370849609e+00
8.447260856628417969e+00
1.031612491607666016e+01
1.322228050231933594e+01
1.216756057739257812e+01
1.404467105865478516e+01
1.550925922393798828e+01
1.491779899597167969e+01
1.707134056091308594e+01
1.823161315917968750e+01
1.969651222229003906e+01
1.929986190795898438e+01
2.495550155639648438e+01
2.615103530883789062e+01
2.855319404602050781e+01
-4.339081764221191406e+00
2.182824373245239258e+00
-2.787616729736328125e+00
-1.010956883430480957e+00
1.282283782958984375e+00
5.225611686706542969e+00
-1.360900044441223145e+00
1.721686124801635742e+00
3.458744585514068604e-01
-6.009256839752197266e+00
4.261305809020996094e+00
-8.316017985343933105e-01
2.399009168148040771e-01
5.311925888061523438e+00
-2.299659252166748047e+00
-8.687446713447570801e-01
-4.092742204666137695e-01
-6.136292219161987305e-01
-7.518975734710693359e-01
-4.757753312587738037e-01
-2.243918895721435547e+00
2.078117132186889648e+00
-2.843953669071197510e-01
-2.321336746215820312e+00
9.745756983757019043e-01
1.974442228674888611e-02
-1.269978433847427368e-01
2.733395695686340332e-01
-2.522706508636474609e+00
-3.412600755691528320e+00
-4.105634689331054688e-01
5.521897673606872559e-01
-3.501841723918914795e-01
-2.919122278690338135e-01
5.430932521820068359e+00
9.954493045806884766e-01
2.187821567058563232e-01
-4.254572689533233643e-01
-6.944691538810729980e-01
-1.338738083839416504e+00
-3.398896008729934692e-02
3.575012207031250000e+00
6.361250877380371094e-01
-1.143293619155883789e+00
-4.628194808959960938e+00
7.233954668045043945e-01
-2.826961874961853027e-01
4.528099298477172852e-01
1.684862852096557617e+00
1.633273124694824219e+00
-3.151915311813354492e+00
-8.552470207214355469e-01
2.202459573745727539e+00
-6.066672801971435547e-01
-6.139732599258422852e-01
-1.071370124816894531e+00
-5.176519870758056641e+00
-2.900353908538818359e+00
-2.454189062118530273e-01
-1.249646306037902832e+00
-1.483123540878295898e+00
-6.867442280054092407e-02
2.473198771476745605e-01
1.162523388862609863e+00
-9.516766071319580078e-01
-6.544522047042846680e-01
9.170778095722198486e-02
2.804454565048217773e-01
1.985655307769775391e+00
1.153997302055358887e+00
-5.793015360832214355e-01
3.859956264495849609e+00
1.353648185729980469e+00
-3.093829154968261719e+00
-1.975728869438171387e+00
7.177506923675537109e+00
5.044858455657958984e+00
-8.472929954528808594e+00
-4.407813072204589844e+00
-6.503862857818603516e+00
-1.302371740341186523e+00
2.610229730606079102e+00
-4.905647039413452148e-01
8.361173272132873535e-01
-1.330731868743896484e+00
-1.271715760231018066e+00
-1.296595811843872070e+00
1.850501656532287598e+00
-3.179768800735473633e+00
2.835482656955718994e-01
-2.578245401382446289e+00
-6.924619078636169434e-01
7.747940421104431152e-01
1.282000899314880371e+00
-1.716910958290100098e+00
7.670915126800537109e-01
3.786905705928802490e-01
-5.714596509933471680e-01
-6.858564019203186035e-01
9.301046729087829590e-01
-2.721772909164428711e+00
-1.165362954139709473e+00
1.241559743881225586e+00
1.859536051750183105e+00
-2.745668172836303711e+00
1.040399372577667236e-01
-1.730174541473388672e+00
-3.490032553672790527e-01
-2.990216255187988281e+00
4.447790145874023438e+00
-1.030994534492492676e+00
-1.702829957008361816e+00
2.501341581344604492e+00
1.698852777481079102e+00
-2.364678382873535156e-01
-5.121626377105712891e+00
-3.226269245147705078e+00
4.204080104827880859e+00
-2.339620351791381836e+00
-1.231606364250183105e+00
-1.630333542823791504e+00
1.031689763069152832e+00
2.325649023056030273e+00
2.582684755325317383e+00
-4.137339591979980469e+00
-1.793535798788070679e-02
-3.886025667190551758e+00
2.466483712196350098e-01
1.599403262138366699e+00
-1.903369784355163574e+00
-1.637478232383728027e+00
-3.390392661094665527e-01
1.195489764213562012e+00
-8.581106662750244141e-01
3.227385282516479492e+00
1.290978312492370605e+00
5.190715789794921875e+00
-1.696985125541687012e+00
4.907458424568176270e-01
3.502784073352813721e-01
-5.885714888572692871e-01
-1.656503200531005859e+00
6.095954775810241699e-01
-8.938187956809997559e-01
-7.908875346183776855e-01
3.326355457305908203e+00
-1.980586171150207520e+00
2.743795633316040039e+00
-9.749038219451904297e-01
9.048007726669311523e-01
8.539937436580657959e-03
-1.654198408126831055e+00
1.180451154708862305e+00
6.257178187370300293e-01
5.301748514175415039e-01
-1.487677246332168579e-01
4.741758704185485840e-01
1.597022861242294312e-01
-6.371884346008300781e-01
1.458683013916015625e+00
-2.478582859039306641e-01
6.079068183898925781e-01
-8.586340546607971191e-01
-2.577039301395416260e-01
-3.953477367758750916e-02
3.086048603057861328e+00
7.626693844795227051e-01
7.704740762710571289e-02
-4.804127514362335205e-01
6.306155025959014893e-02
3.280808031558990479e-01
1.689107157289981842e-02
-1.775798350572586060e-01
4.951083064079284668e-01
-7.393495738506317139e-02
4.220996499061584473e-01
3.665750741958618164e+00
-3.169027805328369141e+00
2.467603236436843872e-02
6.361094117164611816e-02
4.175817966461181641e+00
-6.687896251678466797e-01
-1.173326522111892700e-01
-2.127862215042114258e+00
-4.642240107059478760e-01
-5.073621869087219238e-01
4.083736538887023926e-01
4.582660794258117676e-01
9.083817154169082642e-02
7.768577337265014648e-01
-4.835277497768402100e-01
6.307618021965026855e-01
2.226305484771728516e+00
5.202746018767356873e-02
4.679456353187561035e-01
7.064434289932250977e-01
2.885289490222930908e-01
2.307325899600982666e-01
-3.626658022403717041e-01
-3.841990828514099121e-01
3.238008320331573486e-01
1.866747289896011353e-01
2.038173973560333252e-01
3.246597647666931152e-01
-2.080859988927841187e-01
2.982153892517089844e-01
-5.729064941406250000e+00
-1.501013159751892090e+00
-7.212534546852111816e-01
9.929098486900329590e-01
-9.282795786857604980e-01
3.710156381130218506e-01
-2.469408273696899414e+00
2.517530441284179688e+00
5.493068218231201172e+00
3.699029207229614258e+00
-1.521801233291625977e+00
-3.246830701828002930e-01
5.198985338211059570e-01
-1.506730020046234131e-01
-1.827959269285202026e-01
1.522865444421768188e-01
6.018410325050354004e-01
-6.521978378295898438e-01
-4.870684444904327393e-01
3.267175853252410889e-01
1.333087921142578125e+00
5.048593282699584961e-01
-4.628325104713439941e-01
-5.369623899459838867e-01
4.545107483863830566e-01
1.070131808519363403e-01
8.351283520460128784e-02
2.853754721581935883e-02
1.322064846754074097e-01
2.709753811359405518e-01
1.364157080650329590e+00
5.668754577636718750e-01
3.401331603527069092e-02
-6.367358565330505371e-01
2.299546599388122559e-01
8.521307706832885742e-01
3.634815514087677002e-01
1.153616458177566528e-01
1.131012320518493652e+00
-5.971685051918029785e-01
7.477131485939025879e-01
-9.430681914091110229e-02
-6.630847454071044922e-01
-1.968706250190734863e-01
-1.715696573257446289e+00
1.265834331512451172e+00
6.890491843223571777e-01
-6.024556159973144531e-01
-2.109184674918651581e-02
2.187532335519790649e-01
1.086316466331481934e+00
2.154983043670654297e+00
-1.426817536354064941e+00
-9.386299848556518555e-01
8.049210309982299805e-01
-4.983089268207550049e-01
1.057816743850708008e+00
-1.401890069246292114e-01
5.846199393272399902e-01
1.462024927139282227e+00
-2.768153190612792969e+00
1.201890036463737488e-01
1.013102769851684570e+00
-1.259733080863952637e+00
-8.789778351783752441e-01
-3.781495392322540283e-01
1.522439718246459961e+00
3.812119066715240479e-01
3.613234162330627441e-01
8.641869425773620605e-01
6.561875343322753906e-02
-1.916769623756408691e+00
-1.830185204744338989e-01
-3.119474649429321289e-01
2.590217888355255127e-01
2.357670783996582031e+00
-2.609829187393188477e+00
4.012520611286163330e-01
9.210484027862548828e-01
-2.670848369598388672e-01
8.597137331962585449e-01
5.580964684486389160e-01
2.332689285278320312e+00
6.420109272003173828e-01
-4.019095301628112793e-01
-1.985478550195693970e-01
1.218645691871643066e+00
-7.836701273918151855e-01
-6.608102917671203613e-01
1.265402078628540039e+00
-2.062510102987289429e-01
9.701570868492126465e-01
1.057968258857727051e+00
-3.096748590469360352e-01
-1.297073721885681152e+00
4.466007649898529053e-01
-1.589529633522033691e+00
1.491723656654357910e+00
8.082616925239562988e-01
-3.334648907184600830e-01
-1.042702436447143555e+00
-5.398772954940795898e-01
-3.729716539382934570e-01
1.491336077451705933e-01
1.352384686470031738e-01
1.128834009170532227e+00
7.708148956298828125e-01
-1.953332424163818359e+00
-1.444898128509521484e+00
1.129849031567573547e-01
-1.652663588523864746e+00
2.238154858350753784e-01
1.043768301606178284e-01
-2.579188048839569092e-01
-5.262306332588195801e-02
-5.440915226936340332e-01
6.102185249328613281e-01
3.415249884128570557e-01
-5.077368021011352539e-01
2.533728480339050293e-01
2.340677231550216675e-01
8.966999650001525879e-01
1.210533618927001953e+00
-6.528389453887939453e-01
7.271285355091094971e-02
-1.229340769350528717e-02
2.898123860359191895e-01
-1.050685625523328781e-02
-6.935033202171325684e-02
1.636761277914047241e-01
-8.113665133714675903e-02
8.160721510648727417e-02
1.005935743451118469e-01
-7.303735241293907166e-03
-4.740707278251647949e-01
-5.990391597151756287e-02
-1.512639284133911133e+00
-1.868509650230407715e-01
-4.766843616962432861e-01
1.447265863418579102e+00
7.272749543190002441e-01
-1.538035392761230469e+00
-4.255551695823669434e-01
8.861448764801025391e-01
2.618603706359863281e+00
1.006451010704040527e+00
-3.203372478485107422e+00
-8.534805774688720703e-01
1.546533703804016113e-01
-3.148380219936370850e-01
3.546089529991149902e-01
5.247732400894165039e-01
9.089443832635879517e-02
-6.108741508796811104e-04
-1.966123431921005249e-01
-1.133033514022827148e+00
5.418953299522399902e-02
7.968851327896118164e-01
-6.307149529457092285e-01
-3.027360141277313232e-01
3.149269223213195801e-01
-3.691532909870147705e-01
6.192487478256225586e-02
7.535074651241302490e-02
-3.640542328357696533e-01
9.159234911203384399e-02
9.749203324317932129e-01
1.229093298316001892e-01
-1.170140132308006287e-01
-3.835496902465820312e-01
3.326334059238433838e-01
-3.213031589984893799e-01
8.344531059265136719e-01
3.672701120376586914e-01
1.324088931083679199e+00
-1.880159497261047363e+00
5.036566257476806641e-01
8.519169092178344727e-01
-5.455769896507263184e-01
8.768563270568847656e-01
8.478724956512451172e-01
1.844454765319824219e+00
-5.793447792530059814e-02
-8.160622119903564453e-01
4.443097412586212158e-01
-9.001083970069885254e-01
-1.062314987182617188e+00
-2.822631597518920898e-01
-4.412510693073272705e-01
2.151115536689758301e-01
1.060331940650939941e+00
4.398738145828247070e-01
1.529178023338317871e+00
1.218335926532745361e-01
-1.167921781539916992e+00
7.492858767509460449e-01
-9.344904422760009766e-01
7.096275687217712402e-01
8.728433251380920410e-01
-1.367609858512878418e+00
1.596338272094726562e+00
-2.082097053527832031e+00
5.389430094510316849e-03
-9.660814888775348663e-03
-3.855553455650806427e-03
1.769599388353526592e-03
4.139427561312913895e-03
5.310391541570425034e-03
-5.675509572029113770e-03
3.115269122645258904e-03
-7.372546941041946411e-03
-1.060444163158535957e-03
5.746059119701385498e-03
5.033074412494897842e-03
-4.607518669217824936e-03
9.852595627307891846e-03
9.375041350722312927e-03
5.317090544849634171e-04
-2.555047627538442612e-03
-7.226194720715284348e-04
2.785553457215428352e-03
2.724348101764917374e-03
7.515790872275829315e-03
8.350619114935398102e-03
5.870437715202569962e-03
6.496745161712169647e-03
-8.026599884033203125e-03
-5.969489924609661102e-03
9.876398369669914246e-03
-3.392915008589625359e-03
-1.947867218405008316e-03
4.838657099753618240e-03
-7.082884199917316437e-03
-6.285295821726322174e-03
-6.214457098394632339e-04
-2.612224081531167030e-03
-4.336368758231401443e-03
5.020537879317998886e-03
-3.045542689505964518e-04
5.940847564488649368e-03
1.987401861697435379e-03
-7.292107678949832916e-03
-6.703129503875970840e-03
4.025162663310766220e-03
-6.012409925460815430e-03
6.459920667111873627e-03
-3.616322937887161970e-04
-1.015615300275385380e-03
2.596954815089702606e-03
7.954599335789680481e-03
-3.939898160751909018e-04
-6.579127628356218338e-03
-7.288939319550991058e-03
6.928587099537253380e-04
2.251276513561606407e-03
-6.467454601079225540e-03
3.959099296480417252e-03
-6.812963169068098068e-03
-3.035717178136110306e-03
8.721617981791496277e-03
-3.853217058349400759e-04
9.611088898964226246e-04
3.382471622899174690e-03
-6.883539725095033646e-03
-6.721895653754472733e-03
9.036438423208892345e-04
6.492992397397756577e-03
6.659539649263024330e-04
-3.611164866015315056e-03
-7.032756227999925613e-03
6.212832871824502945e-03
4.224814474582672119e-03
1.458328915759921074e-03
9.283266845159232616e-04
-4.288432188332080841e-03
7.082104682922363281e-03
-2.442151773720979691e-03
8.847121149301528931e-03
1.880136085674166679e-03
-2.418788848444819450e-03
-9.710859507322311401e-03
-3.759367624297738075e-03
-5.704362411051988602e-03
1.149702351540327072e-03
-4.878113977611064911e-03
6.839297711849212646e-03
5.460738670080900192e-03
7.697221357375383377e-03
5.417893175035715103e-03
1.617389149032533169e-03
-2.330609364435076714e-03
-9.555928409099578857e-03
-4.363230895251035690e-03
4.729572217911481857e-03
-3.137907013297080994e-03
-4.886253736913204193e-03
-3.023679833859205246e-03
-4.080393351614475250e-03
-3.377626184374094009e-03
-8.216733112931251526e-03
5.042411852627992630e-03
-7.436251617036759853e-04
-1.832392532378435135e-03
-7.344514597207307816e-03
4.025882109999656677e-03
-3.311714623123407364e-03
5.215950310230255127e-03
6.881084293127059937e-03
9.392620995640754700e-03
8.328801952302455902e-03
-8.156530559062957764e-03
-2.268427051603794098e-03
3.142693545669317245e-03
-3.679208690300583839e-03
4.237410146743059158e-03
-9.309199638664722443e-03
3.890202147886157036e-03
5.758500192314386368e-03
8.869104203768074512e-04
-5.421160254627466202e-03
-6.749130785465240479e-03
-9.432740509510040283e-03
9.111271356232464314e-04
5.149744451045989990e-03
3.222489962354302406e-03
1.283834339119493961e-03
-4.435535520315170288e-03
-6.407612003386020660e-03
-1.779800397343933582e-03
1.176137942820787430e-03
8.805341785773634911e-04
-6.041273940354585648e-03
6.940363440662622452e-03
7.358276634477078915e-04
-4.037312231957912445e-03
-4.425399936735630035e-03
-8.170335786417126656e-04
-9.690223261713981628e-03
1.223653912544250488e+00
8.568395376205444336e-01
-1.526331186294555664e+00
5.230060219764709473e-01
