1.101659202575683594e+01
1.541165447235107422e+01
1.541167831420898438e+01
9.227673530578613281e+00
1.542474842071533203e+01
1.025815963745117188e+01
2.919169187545776367e+00
1.114477729797363281e+01
-1.134044742584228516e+01
6.709946155548095703e+00
-1.190582633018493652e+00
1.344809246063232422e+01
8.449374198913574219e+00
2.854407072067260742e+00
2.463106632232666016e+00
-1.262878537178039551e+00
-7.859170436859130859e+00
-1.806774020195007324e+00
-4.713928699493408203e+00
8.882545679807662964e-02
-1.078575992584228516e+01
-8.341225624084472656e+00
2.233501434326171875e+00
-9.352667808532714844e+00
2.310302019119262695e+00
4.670913219451904297e-01
6.932682991027832031e-01
-1.511494755744934082e+00
2.412137508392333984e+00
5.738156318664550781e+00
-4.296103954315185547e+00
3.143561631441116333e-02
5.063558578491210938e+00
-3.005631685256958008e+00
2.438613891601562500e+00
4.967792034149169922e+00
1.125865355134010315e-01
2.992957115173339844e+00
-6.452758908271789551e-01
2.270888805389404297e+00
9.364354610443115234e-02
-8.748763799667358398e-01
4.159350872039794922e+00
-1.098055616021156311e-01
-3.913308382034301758e+00
-6.148207783699035645e-01
1.220638751983642578e+00
-1.250967621803283691e+00
-2.629323482513427734e+00
1.984733343124389648e+00
4.562194347381591797e+00
-3.796391248703002930e+00
-3.931452929973602295e-01
5.151854038238525391e+00
-3.228650569915771484e+00
2.719275951385498047e+00
5.647760868072509766e+00
-3.267332166433334351e-02
3.252258777618408203e+00
-5.314670801162719727e-01
1.965412020683288574e+00
2.636477351188659668e-01
-1.732597947120666504e-01
4.582478046417236328e+00
9.371750950813293457e-01
-3.476314306259155273e+00
-1.551998019218444824e+00
7.237939834594726562e-01
-1.424670338630676270e+00
-2.627381682395935059e-01
