1.589258193969726562e+01
1.513804912567138672e+01
1.775722885131835938e+01
1.075183105468750000e+01
3.598393440246582031e+00
1.550122737884521484e+01
8.394269943237304688e+00
1.544539642333984375e+01
1.649683761596679688e+01
1.014474678039550781e+01
1.639055061340332031e+01
1.667485237121582031e+01
9.601864814758300781e+00
1.143704700469970703e+01
1.696405220031738281e+01
1.849429512023925781e+01
1.338076019287109375e+01
6.631661891937255859e+00
9.314647674560546875e+00
7.959475517272949219e+00
1.980731391906738281e+01
1.625108528137207031e+01
-1.690509319305419922e+00
-2.738874673843383789e+00
4.147506237030029297e+00
7.482740879058837891e+00
-1.384526610374450684e+00
-1.393483996391296387e+00
4.227075874805450439e-01
-9.901536703109741211e-01
5.632191181182861328e+00
-9.272785186767578125e+00
-3.058082461357116699e-01
2.775904178619384766e+00
6.231226921081542969e+00
4.806112766265869141e+00
1.636204481124877930e+00
2.765943288803100586e+00
2.410470247268676758e+00
-7.342675209045410156e+00
-2.414082288742065430e+00
-2.500498533248901367e+00
-5.298458933830261230e-01
-3.336258888244628906e+00
-5.390078425407409668e-01
-1.324540734291076660e+00
4.787228584289550781e+00
1.870782256126403809e+00
3.322866261005401611e-01
9.773478507995605469e+00
1.460236310958862305e+00
-7.832075357437133789e-01
-2.864125013351440430e+00
1.232823133468627930e+00
-3.005468606948852539e+00
-5.512720108032226562e+00
-1.447740364074707031e+01
-2.788561820983886719e+00
-1.061213731765747070e+00
1.232590579986572266e+01
-6.005596637725830078e+00
-4.606431007385253906e+00
9.914954185485839844e+00
7.361135482788085938e+00
5.240621566772460938e+00
5.828198909759521484e+00
7.969305038452148438e+00
2.874244451522827148e+00
-9.651010036468505859e-01
6.129889488220214844e+00
-2.509104967117309570e+00
4.439113616943359375e+00
9.104969024658203125e+00
1.651263952255249023e+00
-3.853130578994750977e+00
-8.476880192756652832e-01
4.768839836120605469e+00
-5.920716375112533569e-02
-3.254377543926239014e-01
8.080259323120117188e+00
7.721114158630371094e-01
6.845333427190780640e-02
4.952097892761230469e+00
-5.654228687286376953e+00
-4.168241977691650391e+00
-4.133619308471679688e+00
2.251197576522827148e+00
1.191516518592834473e+00
-6.822735309600830078e+00
5.953616619110107422e+00
2.007647037506103516e+00
-4.872284889221191406e+00
-7.584636807441711426e-01
7.529923915863037109e+00
-7.986814498901367188e+00
-7.684280872344970703e-01
-1.674350142478942871e+00
5.447272300720214844e+00
1.156917476654052734e+01
5.059236526489257812e+00
-5.101248741149902344e+00
1.087458229064941406e+01
-1.547611832618713379e+00
-8.297050476074218750e+00
-4.895739555358886719e+00
1.042744636535644531e+00
2.047367572784423828e+00
-1.263679409027099609e+01
-7.476654052734375000e+00
-2.263437509536743164e+00
-1.195024847984313965e+00
4.579331874847412109e+00
-2.074472010135650635e-01
3.328830718994140625e+00
1.001170063018798828e+01
-1.180017143487930298e-01
-5.215065002441406250e+00
8.889566421508789062e+00
-2.979716062545776367e+00
1.649598836898803711e+00
6.491086959838867188e+00
-1.915092587471008301e+00
1.919190287590026855e+00
-3.026144802570343018e-01
-1.976925611495971680e+00
-3.785971999168395996e-01
6.666504591703414917e-02
-5.575445890426635742e-01
-2.818118333816528320e+00
6.022129654884338379e-01
-6.161172389984130859e-01
6.857258677482604980e-01
1.221809625625610352e+00
4.483808875083923340e-01
-5.661583542823791504e-01
1.589852213859558105e+00
1.625397920608520508e+00
-3.210300207138061523e-01
-3.801057115197181702e-02
4.618360519409179688e+00
-1.794301390647888184e+00
2.135625630617141724e-01
-4.456347465515136719e+00
6.449975013732910156e+00
-6.743321895599365234e+00
1.588444232940673828e+00
1.120916652679443359e+01
1.244958400726318359e+00
1.651257753372192383e+00
1.843606591224670410e+00
-1.832361668348312378e-01
5.735240578651428223e-01
-3.750821590423583984e+00
3.276301383972167969e+00
6.773764133453369141e+00
3.271248340606689453e+00
-1.373799324035644531e+00
-4.397344112396240234e+00
-4.449195861816406250e+00
2.614858627319335938e+00
-3.630438327789306641e+00
6.521205902099609375e+00
3.622483730316162109e+00
1.877046823501586914e-01
3.024681568145751953e+00
5.026638507843017578e+00
4.951772212982177734e+00
4.792677879333496094e+00
-2.948114633560180664e+00
5.720560550689697266e+00
2.444113969802856445e+00
7.699987888336181641e+00
-4.297629892826080322e-01
8.468494415283203125e-01
2.167003870010375977e+00
9.887751340866088867e-01
-2.257785320281982422e+00
3.654093980789184570e+00
-3.943121910095214844e+00
-6.236890316009521484e+00
6.152450561523437500e+00
-4.826048374176025391e+00
7.215429306030273438e+00
3.766254425048828125e+00
2.048092603683471680e+00
-4.177081108093261719e+00
4.422403812408447266e+00
-8.122951507568359375e+00
-7.878108024597167969e+00
4.726746082305908203e+00
3.979445219039916992e+00
2.537774801254272461e+00
5.543365001678466797e+00
1.095956611633300781e+01
-2.178851366043090820e-01
2.191340446472167969e+00
4.156155586242675781e+00
-1.810910344123840332e+00
-8.891004562377929688e+00
4.031158685684204102e-01
-2.253640413284301758e+00
-1.814702868461608887e+00
6.559733867645263672e+00
2.899260044097900391e+00
-8.937433362007141113e-01
5.206936836242675781e+00
-3.613389492034912109e+00
-6.438467502593994141e+00
-6.305639266967773438e+00
-7.632020950317382812e+00
6.440291404724121094e+00
-5.315706253051757812e+00
4.150645256042480469e+00
-6.340624094009399414e-01
7.475371360778808594e+00
-8.129139542579650879e-01
-3.877881288528442383e+00
-5.152636051177978516e+00
-2.661797046661376953e+00
3.504379749298095703e+00
3.063646554946899414e+00
1.299168109893798828e+00
2.436517238616943359e+00
8.138991355895996094e+00
-1.664514183998107910e+00
5.510077953338623047e+00
-5.600767135620117188e+00
-8.607600927352905273e-01
-5.179778575897216797e+00
8.811290740966796875e+00
-2.103554248809814453e+00
-2.702812671661376953e+00
3.239056587219238281e+00
-1.005840873718261719e+01
2.705498933792114258e+00
-7.458140850067138672e-01
5.939053893089294434e-01
4.539740562438964844e+00
3.470182895660400391e+00
6.378696441650390625e+00
5.454531311988830566e-01
3.152890920639038086e+00
-2.049117803573608398e+00
1.573266792297363281e+01
-7.530714988708496094e+00
5.825896739959716797e+00
4.415114402770996094e+00
8.368977904319763184e-01
3.441478013992309570e-01
7.054306030273437500e+00
5.688940048217773438e+00
6.808903217315673828e+00
5.696723937988281250e+00
-1.576751351356506348e+00
-7.125884056091308594e+00
-5.474110126495361328e+00
1.446692705154418945e+00
5.047091960906982422e+00
1.036335110664367676e+00
5.839931488037109375e+00
6.768494129180908203e+00
2.217298269271850586e+00
7.022027492523193359e+00
3.736249208450317383e-01
-1.132384419441223145e+00
4.506241798400878906e+00
8.656901717185974121e-01
2.528233766555786133e+00
-2.993981540203094482e-01
6.877346038818359375e+00
-5.435634851455688477e-01
3.048978805541992188e+00
7.986274719238281250e+00
-4.516670227050781250e+00
1.008265018463134766e+00
5.595910176634788513e-02
-1.496699452400207520e+00
2.168048620223999023e-01
4.742812633514404297e+00
2.419011354446411133e+00
-5.038208961486816406e-01
1.607934474945068359e+00
1.221337080001831055e+00
-8.902422189712524414e-01
5.641694068908691406e+00
8.651817440986633301e-01
2.520683050155639648e+00
1.921400785446166992e+00
4.266320228576660156e+00
-2.041436910629272461e+00
-2.066369771957397461e+00
-6.021959185600280762e-01
-3.680278301239013672e+00
-5.127040147781372070e-01
-2.326988935470581055e+00
9.395695328712463379e-01
4.186471939086914062e+00
-1.713049888610839844e+00
-1.253268241882324219e+00
-2.096110820770263672e+00
2.662328720092773438e+00
1.211584806442260742e+00
2.397900819778442383e+00
1.996958017349243164e+00
9.712385386228561401e-02
1.208502173423767090e+00
4.937119960784912109e+00
8.163673877716064453e-01
-4.921011447906494141e+00
5.737641334533691406e+00
-1.413289643824100494e-02
1.918788433074951172e+00
4.151288509368896484e+00
1.869319915771484375e+00
2.136947154998779297e+00
2.175239324569702148e+00
1.884009242057800293e+00
2.529069900512695312e+00
4.982555806636810303e-01
1.522446513175964355e+00
-1.974433183670043945e+00
-1.088790059089660645e+00
-1.563662409782409668e+00
-1.199240803718566895e+00
-1.833885669708251953e+00
3.762442588806152344e+00
1.178844422101974487e-01
7.896062850952148438e+00
-3.129523038864135742e+00
4.088708400726318359e+00
1.769754409790039062e+00
-1.054447054862976074e+00
6.489336490631103516e-01
-7.826539129018783569e-02
2.675641775131225586e+00
-8.124684095382690430e-01
5.234816074371337891e-01
4.433053493499755859e+00
2.590099573135375977e+00
-1.800935268402099609e+00
9.069948196411132812e-01
-2.328591942787170410e-01
4.154305458068847656e+00
1.813825488090515137e+00
2.845860242843627930e+00
1.687509417533874512e+00
-1.448094010353088379e+00
2.715142488479614258e+00
5.627350330352783203e+00
-2.224535465240478516e+00
4.773847103118896484e+00
1.993629097938537598e+00
-2.325066566467285156e+00
-4.759367704391479492e-01
2.086032629013061523e-01
1.390612959861755371e+00
1.187218666076660156e+00
2.757111310958862305e+00
-1.316173911094665527e+00
2.964842081069946289e+00
1.580223590135574341e-01
7.927027344703674316e-01
1.764245510101318359e+00
1.242809653282165527e+00
2.809273481369018555e+00
6.654247045516967773e-01
5.386743545532226562e-01
1.936605691909790039e+00
1.543020606040954590e+00
-2.022452116012573242e+00
7.122333049774169922e-01
7.742249220609664917e-02
4.232541084289550781e+00
2.106390237808227539e+00
1.028688073158264160e+00
-1.769784331321716309e+00
1.148859143257141113e+00
8.297275900840759277e-01
1.608472585678100586e+00
5.709927082061767578e-01
1.009390354156494141e+00
4.037138819694519043e-01
-4.258200824260711670e-01
1.183872699737548828e+00
-4.819040000438690186e-01
2.394329607486724854e-01
-2.152230888605117798e-01
1.270813703536987305e+00
-1.749295592308044434e-01
-5.661633983254432678e-02
4.954135715961456299e-01
-4.262140691280364990e-01
-1.787714719772338867e+00
8.497340083122253418e-01
4.301564216613769531e+00
-6.812479496002197266e-01
8.001134395599365234e-01
5.742496490478515625e+00
1.793225884437561035e+00
5.728789329528808594e+00
-1.183850094676017761e-01
7.078610420227050781e+00
-1.053848028182983398e+00
4.802776813507080078e+00
2.411151409149169922e+00
9.659118056297302246e-01
2.062229394912719727e+00
1.073848128318786621e+00
-2.507826983928680420e-01
-1.164849638938903809e+00
2.025267124176025391e+00
3.183467149734497070e+00
-1.214345574378967285e+00
6.492270469665527344e+00
1.745308279991149902e+00
1.718888044357299805e+00
-1.433751583099365234e+00
2.266349792480468750e+00
-6.802288889884948730e-01
6.253328323364257812e+00
-4.315046787261962891e+00
1.981069326400756836e+00
-9.239787459373474121e-01
-4.588417112827301025e-01
2.811833620071411133e+00
3.836526632308959961e+00
-6.140783429145812988e-01
1.239669322967529297e+00
-1.458600401878356934e+00
6.412423133850097656e+00
4.418231010437011719e+00
-1.700958907604217529e-01
4.000010013580322266e+00
8.558092117309570312e-01
1.873146176338195801e+00
-2.598597705364227295e-01
1.345382571220397949e+00
1.049980878829956055e+00
8.084896802902221680e-01
-2.110836654901504517e-01
6.649657487869262695e-01
2.523761510848999023e+00
3.196562290191650391e+00
3.520353555679321289e+00
3.455481529235839844e+00
6.454784393310546875e+00
-4.529885768890380859e+00
5.213015079498291016e+00
2.399798631668090820e+00
-1.709789991378784180e+00
8.387997746467590332e-02
2.741492271423339844e+00
-1.704332351684570312e+00
1.405250549316406250e+00
2.707552194595336914e+00
-3.361388146877288818e-01
8.387306332588195801e-01
-1.747125506401062012e+00
2.903638839721679688e+00
-7.078528404235839844e-01
4.909577846527099609e+00
2.246963024139404297e+00
-2.959529161453247070e-01
4.471808433532714844e+00
5.642516613006591797e-01
4.831526756286621094e+00
1.445546269416809082e+00
-2.726472914218902588e-01
-1.646642565727233887e+00
1.148457407951354980e+00
1.981422901153564453e+00
4.384724140167236328e+00
3.617213964462280273e+00
7.582217454910278320e-01
-2.664283037185668945e+00
1.569482564926147461e+00
-2.136072397232055664e+00
-1.779883027076721191e+00
2.828157901763916016e+00
4.016757965087890625e+00
3.716446399688720703e+00
7.944343686103820801e-01
2.505012750625610352e+00
1.019682168960571289e+00
-2.117151498794555664e+00
1.786979585886001587e-01
4.221003055572509766e+00
-1.978560447692871094e+00
1.961277246475219727e+00
2.478650093078613281e+00
4.509212374687194824e-01
-2.246549129486083984e+00
-1.517596125602722168e+00
5.227707862854003906e+00
-4.368941783905029297e-01
-3.459638357162475586e-01
-8.800157308578491211e-01
3.279376745223999023e+00
1.839823961257934570e+00
-4.092389583587646484e+00
4.725931584835052490e-01
-3.765140533447265625e+00
2.640588045120239258e+00
3.400990247726440430e+00
-2.140669107437133789e+00
4.615505218505859375e+00
-2.547424137592315674e-01
1.822921037673950195e+00
2.021567344665527344e+00
-8.761857151985168457e-01
2.002810239791870117e+00
4.137015819549560547e+00
4.296515941619873047e+00
-1.058338358998298645e-01
4.167693138122558594e+00
4.703462123870849609e+00
-7.071056962013244629e-01
2.341419607400894165e-01
-1.635503888130187988e+00
-6.054898500442504883e-01
-5.437543392181396484e-01
-2.087988853454589844e+00
2.098229408264160156e+00
6.966549754142761230e-01
-1.167105674743652344e+00
-1.441527247428894043e+00
2.440614938735961914e+00
2.668772220611572266e+00
-3.005729913711547852e-01
8.942405581474304199e-01
3.066378355026245117e+00
5.076923847198486328e+00
-5.545451641082763672e-01
1.519102811813354492e+00
3.702001333236694336e+00
4.032508432865142822e-01
1.142640471458435059e+00
6.171918392181396484e+00
1.462007164955139160e+00
3.202238798141479492e+00
3.806695938110351562e+00
7.022154331207275391e+00
2.032997131347656250e+00
-3.304263651371002197e-01
8.649230003356933594e-01
1.219256520271301270e+00
8.370235562324523926e-01
-2.228333950042724609e+00
2.314808607101440430e+00
5.489896297454833984e+00
-1.921697616577148438e+00
-1.674128055572509766e+00
3.477163314819335938e+00
2.790313243865966797e+00
-3.022851347923278809e-01
2.285997152328491211e+00
2.592499494552612305e+00
2.784225642681121826e-01
-4.012363851070404053e-01
5.608561038970947266e+00
2.011469602584838867e+00
-3.734557628631591797e+00
5.945216178894042969e+00
-1.359022557735443115e-01
1.665404081344604492e+00
3.956863403320312500e+00
4.161235690116882324e-01
2.511001586914062500e+00
4.416686058044433594e+00
2.338083505630493164e+00
3.299542903900146484e+00
-1.690508127212524414e+00
3.978771865367889404e-01
1.485743403434753418e+00
1.217333197593688965e+00
-1.299341082572937012e+00
1.269960403442382812e+00
-1.569778561592102051e+00
4.331623554229736328e+00
3.347127914428710938e+00
1.910833239555358887e+00
1.026451811194419861e-01
-1.276581287384033203e+00
2.197172164916992188e+00
2.180464118719100952e-01
8.473871350288391113e-01
-6.648453325033187866e-02
7.766177654266357422e-01
-4.225461483001708984e+00
1.599596887826919556e-01
4.955245971679687500e+00
4.110136032104492188e+00
-1.451244592666625977e+00
1.849233210086822510e-01
-6.345306038856506348e-01
5.464243888854980469e+00
2.013666868209838867e+00
4.628339707851409912e-01
5.574938774108886719e+00
2.280828058719635010e-01
-5.687481723725795746e-03
5.918728828430175781e+00
-3.154659748077392578e+00
3.413139820098876953e+00
1.898989558219909668e+00
-2.983742952346801758e+00
-2.968379259109497070e+00
-1.355758786201477051e+00
-2.069011688232421875e+00
-1.028745770454406738e+00
7.028569579124450684e-01
-4.268490672111511230e-01
3.886832475662231445e+00
-2.656536340713500977e+00
4.077742099761962891e+00
2.528725862503051758e+00
-1.486562013626098633e+00
2.137516021728515625e+00
1.467266201972961426e+00
1.522843956947326660e+00
1.256404399871826172e+00
2.500330448150634766e+00
2.545560598373413086e+00
3.414690017700195312e+00
5.689123272895812988e-01
3.686512470245361328e+00
1.096268773078918457e+00
5.713742971420288086e-01
-9.192539006471633911e-02
-1.571474783122539520e-02
1.518922001123428345e-01
-1.402724623680114746e+00
2.558262944221496582e-01
1.514762789011001587e-01
3.373467028141021729e-01
1.379546999931335449e+00
1.320573240518569946e-01
5.032282695174217224e-02
6.144321560859680176e-01
2.355512678623199463e-01
-5.981552600860595703e-01
1.301666498184204102e+00
5.828830003738403320e-01
4.097344875335693359e-01
1.353945493698120117e+00
-2.555367708206176758e+00
2.230410337448120117e+00
1.422176480293273926e+00
-7.672611474990844727e-01
2.370142936706542969e+00
4.388695240020751953e+00
3.953729152679443359e+00
4.775203704833984375e+00
-9.106808900833129883e-01
4.087174892425537109e+00
-1.370764732360839844e+00
2.959378957748413086e+00
2.165555000305175781e+00
1.676266789436340332e+00
3.937774419784545898e+00
3.765226364135742188e+00
-1.760461181402206421e-01
-7.945924997329711914e-02
2.310777664184570312e+00
3.105183362960815430e+00
2.800925076007843018e-01
3.840439796447753906e+00
2.528918981552124023e+00
1.601382970809936523e+00
-3.695702850818634033e-01
3.841006994247436523e+00
3.891408681869506836e+00
6.507727622985839844e+00
-3.808812141418457031e+00
3.398671150207519531e+00
1.527487516403198242e+00
-2.904310703277587891e+00
1.199442863464355469e+00
4.520480155944824219e+00
1.009620547294616699e+00
2.052814960479736328e+00
-6.212228536605834961e-01
2.765910148620605469e+00
3.892989635467529297e+00
-1.335595130920410156e+00
-8.268192410469055176e-01
7.142130732536315918e-01
3.667859315872192383e+00
-2.540962696075439453e-01
6.991292238235473633e-01
-3.445671871304512024e-02
-6.453990340232849121e-01
-8.164904117584228516e-01
-1.099667787551879883e+00
1.058333635330200195e+00
3.087558984756469727e+00
2.586525440216064453e+00
-6.548111885786056519e-02
5.131969928741455078e+00
-4.590913772583007812e+00
4.252686977386474609e+00
3.283865213394165039e+00
2.020474910736083984e+00
4.598091915249824524e-02
2.658445596694946289e+00
-2.162680625915527344e+00
6.942114830017089844e-01
1.809165596961975098e+00
4.622814655303955078e+00
2.941434144973754883e+00
3.457038402557373047e-01
2.451862573623657227e+00
-1.970984816551208496e+00
3.743929386138916016e+00
3.913714885711669922e+00
-3.293846249580383301e-01
3.549575567245483398e+00
9.861504435539245605e-01
5.162103652954101562e+00
1.083574414253234863e+00
-7.321493029594421387e-01
-2.262954950332641602e+00
3.308497071266174316e-01
4.394724369049072266e+00
4.876365661621093750e+00
3.883607864379882812e+00
5.948039144277572632e-02
-1.482028484344482422e+00
2.741198062896728516e+00
-6.108806133270263672e-01
1.689553618431091309e+00
3.891663312911987305e+00
3.069809675216674805e+00
3.074952661991119385e-01
-3.473682165145874023e+00
1.045640349388122559e+00
1.512165546417236328e+00
-2.237651824951171875e+00
-1.260333776473999023e+00
1.062892317771911621e+00
-2.669712066650390625e+00
2.834235668182373047e+00
2.276811838150024414e+00
3.176113843917846680e+00
-1.336857080459594727e+00
2.729099094867706299e-01
3.569533348083496094e+00
1.707978606224060059e+00
-1.722466945648193359e+00
-9.564026594161987305e-01
3.106597661972045898e+00
2.761775732040405273e+00
-2.404847383499145508e+00
-1.748631000518798828e+00
-5.981416702270507812e+00
1.449848413467407227e+00
-1.012772679328918457e+00
-9.415403008460998535e-01
-1.971776008605957031e+00
-1.688241243362426758e+00
1.319545269012451172e+00
1.809877753257751465e-01
-2.572834014892578125e+00
2.814741134643554688e+00
9.682767391204833984e-01
3.893889665603637695e+00
-2.181137561798095703e+00
3.982497215270996094e+00
3.806433200836181641e+00
-4.986065253615379333e-02
2.712104558944702148e+00
-2.254733324050903320e+00
1.447044759988784790e-01
-1.487558960914611816e+00
-2.566308021545410156e+00
1.538816928863525391e+00
1.541224837303161621e+00
-1.838494658470153809e+00
-1.119778633117675781e+00
2.003522872924804688e+00
2.202628612518310547e+00
-8.858883976936340332e-01
