1.570033073425292969e+01
1.460307312011718750e+01
1.788896369934082031e+01
1.087042140960693359e+01
3.676685810089111328e+00
1.550464916229248047e+01
8.581881523132324219e+00
1.544496822357177734e+01
1.646327590942382812e+01
1.019418907165527344e+01
1.621942520141601562e+01
1.642150497436523438e+01
9.471955299377441406e+00
1.144789123535156250e+01
1.693657302856445312e+01
1.824678993225097656e+01
1.336178493499755859e+01
6.661714553833007812e+00
9.571107864379882812e+00
8.058891296386718750e+00
1.954803466796875000e+01
1.595870208740234375e+01
-1.685110330581665039e+00
-2.708045959472656250e+00
3.922962427139282227e+00
7.459584712982177734e+00
-1.516970276832580566e+00
-1.422371625900268555e+00
6.126740574836730957e-01
-1.010365366935729980e+00
5.158031463623046875e+00
-9.260202407836914062e+00
-3.748539090156555176e-01
2.752556800842285156e+00
6.416886806488037109e+00
4.789228916168212891e+00
2.251765966415405273e+00
2.940731763839721680e+00
2.592567920684814453e+00
-7.267333030700683594e+00
-2.641740798950195312e+00
-2.745942115783691406e+00
-6.343380808830261230e-01
-3.402278900146484375e+00
-4.908900856971740723e-01
-1.852470159530639648e+00
4.495088100433349609e+00
1.815429210662841797e+00
3.601380884647369385e-01
9.619038581848144531e+00
9.999166727066040039e-01
-8.177658319473266602e-01
-2.930379390716552734e+00
1.236633777618408203e+00
-2.845400094985961914e+00
-4.957897663116455078e+00
-1.413829326629638672e+01
-2.279660940170288086e+00
-1.188243985176086426e+00
1.207225990295410156e+01
-6.346034526824951172e+00
-4.619462013244628906e+00
1.008456516265869141e+01
7.344887733459472656e+00
5.200971126556396484e+00
5.854668140411376953e+00
8.018834114074707031e+00
2.973104476928710938e+00
-1.068651556968688965e+00
6.306252956390380859e+00
-2.344299316406250000e+00
4.408089637756347656e+00
9.178976058959960938e+00
1.801315546035766602e+00
-3.719475269317626953e+00
-1.267346382141113281e+00
4.938073635101318359e+00
-6.972752213478088379e-01
-5.736903548240661621e-01
7.265435218811035156e+00
6.906595826148986816e-01
2.424276322126388550e-01
4.927832603454589844e+00
-5.449811935424804688e+00
-3.994979381561279297e+00
-4.045743942260742188e+00
2.354564905166625977e+00
1.297674179077148438e+00
-7.012020111083984375e+00
5.876022815704345703e+00
2.083347320556640625e+00
-4.770270824432373047e+00
-7.357563972473144531e-01
7.161827564239501953e+00
-7.733869075775146484e+00
-8.644723892211914062e-01
-1.888811349868774414e+00
5.443779468536376953e+00
1.154551982879638672e+01
4.964572906494140625e+00
-5.043900966644287109e+00
1.085965347290039062e+01
-1.515112400054931641e+00
-8.234548568725585938e+00
-4.879974365234375000e+00
1.026248812675476074e+00
2.052358150482177734e+00
-1.257102584838867188e+01
-7.471786022186279297e+00
-2.292195081710815430e+00
-1.164324760437011719e+00
4.677858829498291016e+00
6.843341141939163208e-02
3.254860639572143555e+00
1.007579135894775391e+01
-1.122446805238723755e-01
-5.288501262664794922e+00
8.859367370605468750e+00
-2.894132614135742188e+00
1.597298741340637207e+00
6.461411952972412109e+00
-1.978432178497314453e+00
1.904283642768859863e+00
-2.694605886936187744e-01
-2.025021553039550781e+00
-3.790303468704223633e-01
5.948270112276077271e-02
-5.633457303047180176e-01
-2.926957368850708008e+00
4.746660590171813965e-01
-6.114566326141357422e-01
5.890697836875915527e-01
1.288717746734619141e+00
4.466856420040130615e-01
-5.461196303367614746e-01
1.669670581817626953e+00
1.637130618095397949e+00
-3.565576970577239990e-01
6.763219367712736130e-03
4.701392650604248047e+00
-1.683095693588256836e+00
1.212798357009887695e-01
-4.487493991851806641e+00
6.427399158477783203e+00
-6.666857242584228516e+00
1.418353676795959473e+00
1.123872852325439453e+01
1.279413819313049316e+00
1.383648991584777832e+00
1.959665179252624512e+00
-1.144353225827217102e-01
5.130148530006408691e-01
-3.926311016082763672e+00
3.357983589172363281e+00
6.821401119232177734e+00
3.454283952713012695e+00
-1.330690026283264160e+00
-4.517774581909179688e+00
-4.390445709228515625e+00
2.580504894256591797e+00
-3.913502931594848633e+00
6.076752185821533203e+00
3.591779470443725586e+00
2.038376182317733765e-01
2.761431455612182617e+00
5.052698135375976562e+00
4.811719417572021484e+00
4.617671966552734375e+00
-2.835893869400024414e+00
5.407456398010253906e+00
2.521867990493774414e+00
7.563639640808105469e+00
-6.276031732559204102e-01
6.828816533088684082e-01
2.088000774383544922e+00
9.343367218971252441e-01
-2.089952230453491211e+00
3.770505189895629883e+00
-3.550410747528076172e+00
-6.217726707458496094e+00
5.772415161132812500e+00
-4.839726448059082031e+00
7.072739124298095703e+00
3.654721975326538086e+00
2.242476701736450195e+00
-4.025353431701660156e+00
4.430217742919921875e+00
-7.356890201568603516e+00
-8.058674812316894531e+00
4.140065193176269531e+00
4.059682846069335938e+00
2.778043508529663086e+00
5.558889389038085938e+00
1.114072704315185547e+01
-1.400486081838607788e-01
2.253710031509399414e+00
4.283415317535400391e+00
-1.909455299377441406e+00
-8.607639312744140625e+00
4.949677884578704834e-01
-2.063647747039794922e+00
-1.730443120002746582e+00
6.431494235992431641e+00
2.871480464935302734e+00
-9.486219882965087891e-01
5.160398483276367188e+00
-3.609570264816284180e+00
-6.350658893585205078e+00
-6.278767108917236328e+00
-7.434861183166503906e+00
6.707587242126464844e+00
-5.065055847167968750e+00
4.193449497222900391e+00
-8.321579098701477051e-01
7.054414749145507812e+00
-8.488306403160095215e-01
-3.753214120864868164e+00
-4.955554962158203125e+00
-2.639535665512084961e+00
3.329517364501953125e+00
3.351613759994506836e+00
1.678957819938659668e+00
2.574811458587646484e+00
8.113095283508300781e+00
-1.500866532325744629e+00
5.601858139038085938e+00
-5.490012168884277344e+00
-9.286743402481079102e-01
-4.863050937652587891e+00
8.870751380920410156e+00
-2.170511007308959961e+00
-2.022912979125976562e+00
3.287317752838134766e+00
-1.008342933654785156e+01
2.689739465713500977e+00
-5.428979396820068359e-01
6.078195571899414062e-01
4.577214241027832031e+00
3.804447174072265625e+00
6.736965656280517578e+00
-2.445734888315200806e-01
3.133459091186523438e+00
-2.087756633758544922e+00
1.570466232299804688e+01
-7.371115684509277344e+00
5.498725891113281250e+00
4.195280075073242188e+00
6.978715062141418457e-01
2.232681959867477417e-01
7.140932559967041016e+00
5.614294528961181641e+00
6.776796340942382812e+00
5.589692592620849609e+00
-1.231307268142700195e+00
-7.109261989593505859e+00
-5.464801788330078125e+00
1.283019185066223145e+00
5.087055206298828125e+00
1.018595099449157715e+00
6.048597812652587891e+00
6.804039955139160156e+00
2.156719207763671875e+00
7.026334762573242188e+00
4.225209951400756836e-01
-1.349218010902404785e+00
4.441636562347412109e+00
8.699925541877746582e-01
2.570508480072021484e+00
-3.370958939194679260e-02
6.905190467834472656e+00
-4.301343262195587158e-01
3.059638977050781250e+00
8.066045761108398438e+00
-4.550383090972900391e+00
1.338224053382873535e+00
-4.671946540474891663e-02
-1.686478376388549805e+00
5.811708420515060425e-02
4.680310726165771484e+00
2.219223022460937500e+00
-4.364232122898101807e-01
1.627817630767822266e+00
1.131535887718200684e+00
-8.113099336624145508e-01
5.495121955871582031e+00
7.035971283912658691e-01
2.637145042419433594e+00
2.012825012207031250e+00
4.391421318054199219e+00
-1.193367958068847656e+00
-2.057645797729492188e+00
-3.581659197807312012e-01
-3.686361551284790039e+00
-6.913137435913085938e-01
-2.267960309982299805e+00
9.891092181205749512e-01
3.997311353683471680e+00
-1.093894124031066895e+00
-9.738928675651550293e-01
-1.842879056930541992e+00
2.669279813766479492e+00
1.256330490112304688e+00
2.237263202667236328e+00
1.617825508117675781e+00
2.225514203310012817e-01
1.037201046943664551e+00
4.888463020324707031e+00
5.853528976440429688e-01
-4.874412536621093750e+00
5.741252899169921875e+00
-6.664010286331176758e-01
2.878514051437377930e+00
3.783309459686279297e+00
1.870673537254333496e+00
2.836823225021362305e+00
2.428148508071899414e+00
1.833516955375671387e+00
2.598055601119995117e+00
8.595127463340759277e-01
1.368979692459106445e+00
-1.472751498222351074e+00
-1.035527467727661133e+00
-1.650946497917175293e+00
-9.520744085311889648e-01
-1.822940945625305176e+00
3.900720119476318359e+00
5.062595605850219727e-01
7.514463901519775391e+00
-3.124173879623413086e+00
3.843641519546508789e+00
1.509391427040100098e+00
-1.039557099342346191e+00
5.725212693214416504e-01
-2.059632679447531700e-03
3.549794435501098633e+00
-8.275123238563537598e-01
9.300308674573898315e-02
4.520342350006103516e+00
2.642422437667846680e+00
-1.827990651130676270e+00
9.935989975929260254e-01
-4.026629924774169922e-01
4.079544544219970703e+00
1.826855778694152832e+00
2.966400861740112305e+00
2.154993057250976562e+00
-1.511667251586914062e+00
2.998354911804199219e+00
5.356276035308837891e+00
-2.231936454772949219e+00
4.706204414367675781e+00
2.403805732727050781e+00
-2.281032085418701172e+00
-6.367257237434387207e-01
1.990378051996231079e-01
1.020318150520324707e+00
1.142754793167114258e+00
2.803819179534912109e+00
-1.299212694168090820e+00
2.942688226699829102e+00
1.197394505143165588e-01
8.016962409019470215e-01
1.723009347915649414e+00
1.298941016197204590e+00
2.806110382080078125e+00
6.333895921707153320e-01
5.078426599502563477e-01
2.003495216369628906e+00
1.513622760772705078e+00
-2.068137884140014648e+00
7.177748680114746094e-01
4.914138019084930420e-01
4.298604011535644531e+00
2.048491239547729492e+00
9.525278806686401367e-01
-1.741471886634826660e+00
1.190220832824707031e+00
8.431531190872192383e-01
1.591561555862426758e+00
6.329864859580993652e-01
1.059636831283569336e+00
4.191900491714477539e-01
-3.920187950134277344e-01
1.210300803184509277e+00
-4.543701112270355225e-01
2.530812323093414307e-01
-1.987932473421096802e-01
1.254046082496643066e+00
-1.127438470721244812e-01
-6.086110696196556091e-02
5.260818600654602051e-01
-4.641654789447784424e-01
-1.839420080184936523e+00
6.907461285591125488e-01
4.180233955383300781e+00
-7.165087461471557617e-01
7.446070313453674316e-01
5.744307994842529297e+00
1.681179761886596680e+00
5.688955307006835938e+00
-2.575263082981109619e-01
7.026728153228759766e+00
-1.190406441688537598e+00
4.808286190032958984e+00
2.316112756729125977e+00
8.588408231735229492e-01
2.071385145187377930e+00
1.234577417373657227e+00
-3.280718028545379639e-01
-9.821186661720275879e-01
2.024836301803588867e+00
3.148377895355224609e+00
-1.077426671981811523e+00
6.373674869537353516e+00
1.554692625999450684e+00
1.744516253471374512e+00
-1.365006804466247559e+00
2.080541372299194336e+00
-5.763427019119262695e-01
6.089645862579345703e+00
-4.243954181671142578e+00
2.069087743759155273e+00
-6.771395206451416016e-01
-4.156969189643859863e-01
2.677625417709350586e+00
3.967316150665283203e+00
-7.139884829521179199e-01
5.711743235588073730e-01
-1.492625355720520020e+00
6.003144741058349609e+00
4.447578430175781250e+00
2.575520193204283714e-03
4.004951477050781250e+00
8.786938190460205078e-01
1.852948307991027832e+00
-3.683395087718963623e-01
1.553768634796142578e+00
1.139738321304321289e+00
7.493885159492492676e-01
-1.517908126115798950e-01
-3.519789576530456543e-01
1.736029982566833496e+00
2.946166038513183594e+00
3.529175996780395508e+00
3.012213706970214844e+00
6.315508842468261719e+00
-5.107638359069824219e+00
5.107834339141845703e+00
2.482814788818359375e+00
-1.701845169067382812e+00
-7.566918153315782547e-03
2.736056327819824219e+00
-1.588217496871948242e+00
1.354326367378234863e+00
2.365924835205078125e+00
-3.582170009613037109e-01
8.701243400573730469e-01
-1.678485989570617676e+00
3.344983100891113281e+00
-6.730278134346008301e-01
4.617094993591308594e+00
2.403776645660400391e+00
-3.594046235084533691e-01
4.577274322509765625e+00
5.125100612640380859e-01
4.952781677246093750e+00
1.400689244270324707e+00
-1.394606530666351318e-01
-1.584389567375183105e+00
5.942420363426208496e-01
1.833591580390930176e+00
4.582787990570068359e+00
3.150048732757568359e+00
2.526365816593170166e-01
-2.759409904479980469e+00
9.387689232826232910e-01
-1.960137367248535156e+00
-1.823390841484069824e+00
2.911522865295410156e+00
4.035687446594238281e+00
3.598293542861938477e+00
1.213576436042785645e+00
2.570926666259765625e+00
1.045879483222961426e+00
-2.086450815200805664e+00
4.586310684680938721e-01
4.033317565917968750e+00
-2.020921230316162109e+00
1.980498671531677246e+00
2.503294706344604492e+00
4.432244002819061279e-01
-2.138460636138916016e+00
-1.281066536903381348e+00
5.136628150939941406e+00
-3.409531712532043457e-01
-1.742171347141265869e-01
-5.740925073623657227e-01
3.234796762466430664e+00
2.572173357009887695e+00
-4.397355079650878906e+00
4.789150655269622803e-01
-3.641849040985107422e+00
2.639624357223510742e+00
2.945228338241577148e+00
-2.185600757598876953e+00
4.561120986938476562e+00
-1.461132913827896118e-01
1.659991860389709473e+00
1.941600441932678223e+00
-7.444185614585876465e-01
2.102998018264770508e+00
3.979833126068115234e+00
4.500021934509277344e+00
-1.361318528652191162e-01
3.892217874526977539e+00
4.541475296020507812e+00
-7.337175011634826660e-01
8.940347284078598022e-02
-1.328458189964294434e+00
-4.460137188434600830e-01
-1.155987501144409180e+00
-2.251599311828613281e+00
2.087049007415771484e+00
6.137492656707763672e-01
-1.203945636749267578e+00
-1.304591298103332520e+00
2.151923418045043945e+00
2.702136993408203125e+00
-3.746843039989471436e-01
6.497704386711120605e-01
2.856631040573120117e+00
5.131063938140869141e+00
-4.926864802837371826e-01
1.590019464492797852e+00
3.502601146697998047e+00
3.844166994094848633e-01
1.364964723587036133e+00
6.092977523803710938e+00
1.388050198554992676e+00
3.211639881134033203e+00
3.583537340164184570e+00
6.829030990600585938e+00
2.822434425354003906e+00
-4.509652554988861084e-01
9.609241485595703125e-01
1.059086561203002930e+00
5.546330213546752930e-01
-2.177472591400146484e+00
2.260331869125366211e+00
5.362469673156738281e+00
-1.589092731475830078e+00
-1.536131381988525391e+00
3.433353424072265625e+00
2.901279926300048828e+00
-1.967982649803161621e-01
2.111895561218261719e+00
2.307951688766479492e+00
2.735318243503570557e-01
-4.304370582103729248e-01
5.547724723815917969e+00
1.821652293205261230e+00
-3.943305969238281250e+00
6.013370513916015625e+00
-9.818198680877685547e-01
2.460391521453857422e+00
3.270477294921875000e+00
3.324720263481140137e-01
3.100949525833129883e+00
4.642791271209716797e+00
2.378025054931640625e+00
3.381633043289184570e+00
-1.416188597679138184e+00
2.178833484649658203e-01
1.085785865783691406e+00
1.193299889564514160e+00
-1.093319773674011230e+00
1.498302817344665527e+00
-1.474338889122009277e+00
4.604383468627929688e+00
3.308085680007934570e+00
1.764214515686035156e+00
5.821416378021240234e-01
-1.310694336891174316e+00
1.951320886611938477e+00
6.487301588058471680e-01
6.751553416252136230e-01
2.115046083927154541e-01
9.230919480323791504e-01
-4.141130924224853516e+00
3.507928550243377686e-02
5.307650089263916016e+00
4.105810165405273438e+00
-1.633619189262390137e+00
2.619561851024627686e-01
-7.254697084426879883e-01
5.182812690734863281e+00
2.035274267196655273e+00
6.882344484329223633e-01
5.857850074768066406e+00
9.458959847688674927e-02
8.156040310859680176e-01
5.594142913818359375e+00
-2.722635746002197266e+00
3.260150909423828125e+00
2.331779479980468750e+00
-3.011476993560791016e+00
-2.860525608062744141e+00
-1.273626923561096191e+00
-2.069549322128295898e+00
-8.786123991012573242e-01
7.522707581520080566e-01
-4.128838181495666504e-01
3.896270275115966797e+00
-2.621179580688476562e+00
4.090342998504638672e+00
2.463976621627807617e+00
-1.569126725196838379e+00
2.139966011047363281e+00
1.342821598052978516e+00
1.482109904289245605e+00
1.435081362724304199e+00
2.536751031875610352e+00
2.531938076019287109e+00
3.405817270278930664e+00
2.699269950389862061e-01
3.727523803710937500e+00
1.150415420532226562e+00
5.211103558540344238e-01
-7.561353594064712524e-02
2.672391012310981750e-02
1.807206422090530396e-01
-1.395651459693908691e+00
2.497193813323974609e-01
1.892651915550231934e-01
3.652587831020355225e-01
1.293726921081542969e+00
1.860941052436828613e-01
2.318372018635272980e-03
6.401680111885070801e-01
3.143136501312255859e-01
-6.022271513938903809e-01
1.256472468376159668e+00
6.155413985252380371e-01
4.179884195327758789e-01
1.352819561958312988e+00
-2.630958318710327148e+00
2.085072040557861328e+00
1.333978891372680664e+00
-7.807120084762573242e-01
2.312543630599975586e+00
4.364264965057373047e+00
3.793889760971069336e+00
4.716702461242675781e+00
-1.257415175437927246e+00
4.063567161560058594e+00
-1.656135678291320801e+00
2.933466196060180664e+00
2.276983499526977539e+00
1.569006323814392090e+00
3.892889499664306641e+00
3.791350603103637695e+00
-2.345385104417800903e-01
-5.320266261696815491e-02
2.191487789154052734e+00
3.107519626617431641e+00
2.779867351055145264e-01
3.586322546005249023e+00
2.329728126525878906e+00
1.743976354598999023e+00
-2.602394521236419678e-01
3.897276639938354492e+00
3.790040254592895508e+00
6.562490940093994141e+00
-3.836654901504516602e+00
3.438942432403564453e+00
1.428218603134155273e+00
-2.898455619812011719e+00
1.155527949333190918e+00
4.695212364196777344e+00
9.576759934425354004e-01
1.832462430000305176e+00
-7.027111053466796875e-01
2.532957315444946289e+00
3.853397130966186523e+00
-1.083594799041748047e+00
-8.008850216865539551e-01
7.430670857429504395e-01
3.625258207321166992e+00
-2.833025455474853516e-01
1.071393013000488281e+00
-4.220569506287574768e-02
-6.816727519035339355e-01
-8.279924988746643066e-01
-1.849646568298339844e+00
4.956524670124053955e-01
3.350279092788696289e+00
2.651704549789428711e+00
9.973077774047851562e-01
5.068501472473144531e+00
-4.090446949005126953e+00
4.169885635375976562e+00
3.217664718627929688e+00
1.906498193740844727e+00
-1.079499647021293640e-01
2.683083057403564453e+00
-2.333256721496582031e+00
6.978294253349304199e-01
1.468762755393981934e+00
4.554469108581542969e+00
2.747804403305053711e+00
4.008610546588897705e-01
2.843133211135864258e+00
-1.789868831634521484e+00
3.654663085937500000e+00
4.084299087524414062e+00
-3.655056953430175781e-01
3.552006721496582031e+00
1.044458866119384766e+00
5.445675373077392578e+00
1.062489271163940430e+00
-7.531166672706604004e-01
-2.262023448944091797e+00
3.528638184070587158e-01
4.352561950683593750e+00
4.942330837249755859e+00
3.524414777755737305e+00
-2.048952430486679077e-01
-1.295176625251770020e+00
2.337650299072265625e+00
-8.388143181800842285e-01
1.722759127616882324e+00
3.879185676574707031e+00
3.177324771881103516e+00
6.566962003707885742e-01
-3.577208757400512695e+00
1.516364932060241699e+00
1.488282322883605957e+00
-2.258445024490356445e+00
-8.099350929260253906e-01
7.501978278160095215e-01
-2.676089286804199219e+00
2.618449687957763672e+00
2.269057273864746094e+00
3.190038204193115234e+00
-1.272652745246887207e+00
3.289137184619903564e-01
3.456293344497680664e+00
1.466131687164306641e+00
-1.578475594520568848e+00
-1.020566940307617188e+00
3.028846979141235352e+00
3.138811826705932617e+00
-2.465461254119873047e+00
-1.697761893272399902e+00
-5.846738338470458984e+00
1.438471198081970215e+00
-8.220464587211608887e-01
-1.019427418708801270e+00
-1.996625185012817383e+00
-1.970643877983093262e+00
1.227907776832580566e+00
5.431551113724708557e-02
-2.602895736694335938e+00
2.961701393127441406e+00
1.154963970184326172e+00
4.222215652465820312e+00
-2.220038414001464844e+00
4.060475349426269531e+00
3.725628614425659180e+00
-1.079758629202842712e-01
2.537861347198486328e+00
-2.294062137603759766e+00
1.642328649759292603e-01
-1.647503733634948730e+00
-2.258219480514526367e+00
1.491559505462646484e+00
1.392703771591186523e+00
-1.719539880752563477e+00
-1.130100011825561523e+00
1.666108608245849609e+00
2.245201110839843750e+00
-8.910971283912658691e-01
