1.535828590393066406e+01
1.236461639404296875e+01
1.535790348052978516e+01
1.063311672210693359e+01
7.735798835754394531e+00
1.552017688751220703e+01
1.140771579742431641e+01
1.535778617858886719e+01
1.535787677764892578e+01
1.094966793060302734e+01
1.535770320892333984e+01
1.535811519622802734e+01
1.057263660430908203e+01
1.189608001708984375e+01
1.535799121856689453e+01
1.535799121856689453e+01
1.267787075042724609e+01
9.300095558166503906e+00
1.042955493927001953e+01
9.840888023376464844e+00
1.535794639587402344e+01
1.535967826843261719e+01
-2.007878065109252930e+00
-8.051518201828002930e-01
1.452129125595092773e+00
8.084434509277343750e+00
-2.146546125411987305e+00
4.094536304473876953e-01
2.011615753173828125e+00
1.249256968498229980e+00
2.505882740020751953e+00
-8.284883499145507812e+00
-1.861671358346939087e-01
2.844488620758056641e+00
5.470930576324462891e+00
4.363971233367919922e+00
3.207067728042602539e+00
3.311362266540527344e+00
3.476051568984985352e+00
-5.784828186035156250e+00
-3.331257581710815430e+00
-3.938236474990844727e+00
5.206927657127380371e-01
-2.383135318756103516e+00
3.075305819511413574e-01
-3.904773712158203125e+00
1.969464659690856934e+00
1.518978238105773926e+00
-1.604897826910018921e-01
8.666728973388671875e+00
-1.015361189842224121e+00
-1.143503427505493164e+00
-3.972385883331298828e+00
2.423660755157470703e+00
-1.157316684722900391e+00
-2.855719566345214844e+00
-1.070588684082031250e+01
7.496023178100585938e-01
-5.844277739524841309e-01
1.021303176879882812e+01
-6.834908485412597656e+00
-5.131613731384277344e+00
1.083608341217041016e+01
5.087131023406982422e+00
4.577205181121826172e+00
7.630241394042968750e+00
7.250391960144042969e+00
5.133042335510253906e+00
4.596534967422485352e-01
6.875590801239013672e+00
-2.556741237640380859e+00
5.688202381134033203e-01
7.373023033142089844e+00
1.485961228609085083e-01
1.989176750183105469e+00
-3.866184234619140625e+00
6.463729381561279297e+00
-7.590170949697494507e-02
-7.697053551673889160e-01
2.609152793884277344e+00
-3.859044313430786133e+00
8.833153843879699707e-01
3.301340818405151367e+00
-4.699061393737792969e+00
1.643340349197387695e+00
-4.160515308380126953e+00
2.650877952575683594e+00
1.319583415985107422e+00
-4.298036098480224609e+00
2.653647184371948242e+00
1.229582548141479492e+00
-1.368817567825317383e+00
-2.166802644729614258e+00
4.732716560363769531e+00
-6.538888931274414062e+00
-1.125236630439758301e+00
1.659652709960937500e+00
6.021527767181396484e+00
1.141909503936767578e+01
3.818651437759399414e+00
-4.894165515899658203e+00
1.058390331268310547e+01
1.894641399383544922e+00
-7.346555233001708984e+00
-4.921213150024414062e+00
-3.698461055755615234e-01
2.677228450775146484e+00
-1.122693347930908203e+01
-6.453298091888427734e+00
-1.194569110870361328e+00
-2.253589630126953125e+00
4.093709945678710938e+00
1.209345817565917969e+00
1.751399397850036621e+00
1.061874961853027344e+01
-1.329670429229736328e+00
-5.614648342132568359e+00
8.548191070556640625e+00
-7.411467432975769043e-01
-1.678220033645629883e-01
7.410018920898437500e+00
-2.251373291015625000e+00
1.818618059158325195e+00
-8.607818186283111572e-02
-1.101615428924560547e+00
2.501589655876159668e-01
-4.550121352076530457e-02
-1.332686901092529297e+00
-2.310269832611083984e+00
6.911011338233947754e-01
-7.434994727373123169e-02
5.420385003089904785e-01
1.874360680580139160e+00
7.190046310424804688e-01
-9.011752009391784668e-01
1.732754588127136230e+00
1.517698317766189575e-01
8.807290792465209961e-01
1.569057703018188477e-01
2.948529005050659180e+00
-1.481149077415466309e+00
6.445572376251220703e-01
-6.159362792968750000e+00
7.220793724060058594e+00
-5.477353572845458984e+00
1.691549777984619141e+00
1.052734851837158203e+01
1.136810898780822754e+00
1.671031713485717773e+00
1.467739105224609375e+00
-1.366310715675354004e-01
-1.980002045631408691e+00
-3.565265893936157227e+00
2.244024276733398438e+00
5.987511634826660156e+00
4.415533065795898438e+00
-8.751121163368225098e-01
-3.998431444168090820e+00
-4.139621257781982422e+00
-1.059502601623535156e+00
-5.213270664215087891e+00
4.649627208709716797e+00
3.552132368087768555e+00
-2.842634916305541992e+00
2.322677373886108398e+00
4.040321350097656250e+00
5.095878601074218750e+00
3.991442680358886719e+00
-1.612969398498535156e+00
2.748209476470947266e+00
3.031342744827270508e+00
5.146328449249267578e+00
-2.246152311563491821e-01
4.220313727855682373e-01
1.186832308769226074e+00
8.584992885589599609e-01
-8.557997345924377441e-01
3.666553258895874023e+00
1.302757024765014648e+00
-5.027593612670898438e+00
3.291476726531982422e+00
-4.551429271697998047e+00
4.331438064575195312e+00
1.300766825675964355e+00
2.675087213516235352e+00
-1.830321311950683594e+00
4.812617778778076172e+00
-5.005447864532470703e+00
-6.962039947509765625e+00
-1.647996783256530762e+00
2.822417020797729492e+00
2.341101646423339844e+00
4.975130558013916016e+00
8.900956153869628906e+00
4.702107608318328857e-01
2.587847948074340820e+00
5.497959136962890625e+00
7.347257137298583984e-01
-5.530905723571777344e+00
-9.259107112884521484e-01
-5.362577438354492188e+00
4.834108054637908936e-01
4.486800670623779297e+00
1.399477243423461914e+00
1.715419627726078033e-02
6.424857139587402344e+00
-3.474893093109130859e+00
-5.808301448822021484e+00
-4.758872032165527344e+00
-4.324407100677490234e+00
6.564783573150634766e+00
-3.756493091583251953e+00
4.928816795349121094e+00
-4.072983264923095703e-01
4.831136226654052734e+00
7.886685729026794434e-01
-3.703865051269531250e+00
-3.830980539321899414e+00
-2.463083744049072266e+00
3.466281414031982422e+00
3.166734695434570312e+00
4.421461105346679688e+00
1.563701272010803223e+00
8.879543304443359375e+00
6.046841740608215332e-01
5.034524917602539062e+00
-6.575413703918457031e+00
-1.774729609489440918e+00
-5.007558822631835938e+00
9.068136215209960938e+00
-8.452856540679931641e-01
-2.587202787399291992e-01
1.961201429367065430e+00
-8.070584297180175781e+00
3.180724143981933594e+00
9.895596653223037720e-02
1.589779496192932129e+00
3.803120613098144531e+00
3.496135711669921875e+00
5.553535461425781250e+00
-3.679804503917694092e-01
3.939015865325927734e+00
1.401596963405609131e-01
1.190762901306152344e+01
-6.734253406524658203e+00
1.350895762443542480e+00
2.831649780273437500e+00
4.354956150054931641e+00
1.666228055953979492e+00
8.631150245666503906e+00
5.713025093078613281e+00
6.117202758789062500e+00
3.747442007064819336e+00
-3.169545233249664307e-01
-5.571051120758056641e+00
-5.763030052185058594e+00
7.337881922721862793e-01
5.298720359802246094e+00
-1.941472172737121582e+00
2.855526685714721680e+00
7.224013328552246094e+00
2.191940248012542725e-01
7.537845611572265625e+00
-1.369055986404418945e+00
-2.426211357116699219e+00
4.198865413665771484e+00
1.880860924720764160e+00
3.570444285869598389e-01
1.197961926460266113e+00
6.551228523254394531e+00
2.362648099660873413e-01
3.534732341766357422e+00
9.350996971130371094e+00
-9.580932557582855225e-02
4.275490760803222656e+00
-1.245423197746276855e+00
-8.978268504142761230e-01
3.650709390640258789e+00
3.104700088500976562e+00
1.429111242294311523e+00
3.574006855487823486e-01
2.635388612747192383e+00
-4.976676031947135925e-02
-5.967563986778259277e-01
4.877160072326660156e+00
-1.336341071873903275e-02
3.544311285018920898e+00
3.032391548156738281e+00
2.929469823837280273e+00
-9.955365061759948730e-01
-2.393383681774139404e-01
-1.361137628555297852e+00
-1.571359753608703613e+00
-5.483876466751098633e-01
-2.987706065177917480e-01
8.519729971885681152e-01
4.068318843841552734e+00
-2.295112133026123047e+00
3.213948488235473633e+00
-3.083270788192749023e-01
4.104574680328369141e+00
6.754721999168395996e-01
4.155191183090209961e-01
1.588701307773590088e-01
1.296713232994079590e+00
6.057406067848205566e-01
4.166513919830322266e+00
-3.912169933319091797e-01
-2.979222297668457031e+00
4.796490669250488281e+00
2.684790492057800293e-01
1.324647784233093262e+00
3.388976097106933594e+00
2.736096680164337158e-01
3.878160953521728516e+00
2.182307243347167969e+00
7.469010353088378906e-01
1.578048229217529297e+00
8.851808309555053711e-01
-4.053118824958801270e-01
5.336789488792419434e-01
5.215917825698852539e-01
-2.154175758361816406e+00
9.966026544570922852e-01
-3.773445785045623779e-01
4.338346004486083984e+00
1.934222579002380371e+00
8.730742931365966797e-01
-1.387327313423156738e+00
1.945553660392761230e+00
2.367161750793457031e+00
-1.040864109992980957e+00
-1.289518356323242188e+00
6.158066987991333008e-01
4.378565311431884766e+00
-6.494771838188171387e-01
-8.103315830230712891e-01
8.766164183616638184e-01
1.816315054893493652e+00
-2.272289037704467773e+00
1.719363570213317871e+00
-6.411182284355163574e-01
3.340283155441284180e+00
1.789292454719543457e+00
2.928932905197143555e+00
3.121088743209838867e+00
-1.550360321998596191e+00
4.151863098144531250e+00
3.208653926849365234e+00
-7.384161949157714844e-01
3.900870561599731445e+00
2.465977191925048828e+00
-1.859962940216064453e+00
-1.322710990905761719e+00
1.130590915679931641e+00
-2.829333841800689697e-01
-4.549750983715057373e-01
4.605516910552978516e+00
-5.126346349716186523e-01
4.711357593536376953e+00
3.283689022064208984e-01
-4.052036628127098083e-02
6.146906614303588867e-01
3.303846120834350586e+00
1.670505762100219727e+00
7.881875634193420410e-01
-1.176344394683837891e+00
1.361873507499694824e+00
3.958460569381713867e+00
-4.554173648357391357e-01
2.463587045669555664e+00
-1.963414311408996582e+00
5.237158775329589844e+00
-3.338901698589324951e-01
-2.541125535964965820e+00
-1.310428977012634277e+00
6.577631831169128418e-01
7.255582213401794434e-01
1.104972839355468750e+00
1.255943894386291504e+00
1.527546525001525879e+00
4.450456202030181885e-01
3.616698980331420898e-01
9.065842032432556152e-01
8.439455032348632812e-01
8.597775101661682129e-01
-2.487007826566696167e-01
6.099864840507507324e-02
4.627016782760620117e-01
-7.112605571746826172e-01
1.524279713630676270e+00
7.474556565284729004e-01
-2.528664112091064453e+00
1.506488561630249023e+00
1.272016167640686035e+00
-1.022696733474731445e+00
-5.248011350631713867e-01
4.091945171356201172e+00
7.205448746681213379e-01
3.702292680740356445e+00
-2.655761241912841797e+00
2.920533895492553711e+00
-1.352575421333312988e+00
3.071264982223510742e+00
2.465103626251220703e+00
-1.620986700057983398e+00
2.927648782730102539e+00
2.020805358886718750e+00
-1.161043405532836914e+00
-1.431317687034606934e+00
1.157649278640747070e+00
6.300526857376098633e-01
-1.970618665218353271e-01
4.037389755249023438e+00
-1.608730405569076538e-01
1.894525766372680664e+00
8.792698979377746582e-01
2.430751323699951172e+00
2.306335687637329102e+00
4.007787704467773438e+00
-2.778241157531738281e+00
3.011736392974853516e+00
-1.866105079650878906e+00
-7.781633138656616211e-01
1.884561419486999512e+00
2.561862468719482422e+00
-2.673374414443969727e-01
7.009030580520629883e-01
-1.091089248657226562e+00
3.474118709564208984e-01
3.462709903717041016e+00
1.296691596508026123e-01
3.333698749542236328e+00
9.986914992332458496e-01
1.611286759376525879e+00
8.323767036199569702e-02
2.745624303817749023e+00
1.743074178695678711e+00
-1.523556351661682129e+00
-3.145560324192047119e-01
-1.007681488990783691e+00
1.056903481483459473e+00
1.930382847785949707e+00
9.062204360961914062e-01
5.709809660911560059e-01
5.625782489776611328e+00
-2.619933843612670898e+00
1.613662004470825195e+00
3.697079181671142578e+00
1.847606301307678223e-01
-4.972645640373229980e-01
2.006913423538208008e+00
9.562880396842956543e-01
-1.010723829269409180e+00
2.914926767349243164e+00
1.938338518142700195e+00
1.568106532096862793e+00
-2.452409744262695312e+00
1.912779808044433594e+00
-1.171963691711425781e+00
1.415005624294281006e-01
3.805976867675781250e+00
-7.799800038337707520e-01
3.288394689559936523e+00
1.539482831954956055e+00
4.491450309753417969e+00
8.752642869949340820e-01
-1.245089054107666016e+00
-2.097923040390014648e+00
3.081647753715515137e-01
1.448128581047058105e+00
4.518606662750244141e+00
3.328248023986816406e+00
2.260467559099197388e-01
-1.645328283309936523e+00
2.042623758316040039e+00
-1.376957178115844727e+00
-9.831651449203491211e-01
3.862658023834228516e+00
3.626558780670166016e+00
4.641833305358886719e+00
-1.424401640892028809e+00
1.334707379341125488e+00
1.654689192771911621e+00
-1.719742059707641602e+00
1.056247472763061523e+00
1.377316594123840332e+00
-2.695737361907958984e+00
3.037332057952880859e+00
3.475878715515136719e+00
9.324768185615539551e-01
-8.767466545104980469e-01
-1.313966155052185059e+00
5.284546613693237305e-01
-6.858443021774291992e-01
-8.061856031417846680e-01
1.011761069297790527e+00
1.753316879272460938e+00
2.501160383224487305e+00
-2.123403310775756836e+00
-1.960679411888122559e+00
-2.308346271514892578e+00
8.395084738731384277e-02
4.901115596294403076e-01
-3.268812656402587891e+00
1.995552301406860352e+00
-1.496962904930114746e+00
6.676806807518005371e-01
9.376832842826843262e-01
-7.953100800514221191e-01
2.967045783996582031e+00
4.242012500762939453e+00
3.512455701828002930e+00
-2.101183176040649414e+00
4.254067420959472656e+00
1.832405328750610352e+00
1.896164715290069580e-01
1.098961472511291504e+00
-3.405080735683441162e-01
-1.208808302879333496e+00
-4.779617488384246826e-01
1.187031149864196777e+00
1.594509243965148926e+00
-2.201514005661010742e+00
-1.276441574096679688e+00
-3.695775866508483887e-01
2.149194240570068359e+00
2.377391815185546875e+00
-1.401816129684448242e+00
-8.213375508785247803e-02
3.599012851715087891e+00
3.967523336410522461e+00
6.920142769813537598e-01
1.740563988685607910e+00
2.270673990249633789e+00
2.348559200763702393e-01
1.435227870941162109e+00
4.142023563385009766e+00
6.120516061782836914e-01
3.403154611587524414e+00
1.923368811607360840e+00
4.131623268127441406e+00
4.472177922725677490e-01
1.195788741111755371e+00
-1.717236399650573730e+00
-1.849199682474136353e-01
-1.228741168975830078e+00
-8.850894868373870850e-03
1.583523750305175781e+00
4.313428401947021484e+00
-3.045417785644531250e+00
3.687545299530029297e+00
6.364675164222717285e-01
4.133187770843505859e+00
6.969159841537475586e-01
1.340543270111083984e+00
5.949230790138244629e-01
1.701973557472229004e+00
-5.480259656906127930e-01
4.327553749084472656e+00
-5.511261522769927979e-02
-2.792669534683227539e+00
5.239103794097900391e+00
5.802795290946960449e-01
1.401456475257873535e+00
3.871298074722290039e+00
-2.221717238426208496e-01
3.766794204711914062e+00
2.244281530380249023e+00
8.106259107589721680e-01
1.320492982864379883e+00
-1.563089489936828613e-01
-1.712698698043823242e+00
1.149686455726623535e+00
1.589438438415527344e+00
-2.440748214721679688e+00
1.050803065299987793e+00
3.760440051555633545e-01
4.543632507324218750e+00
3.259044885635375977e+00
8.445958048105239868e-02
1.600100100040435791e-01
1.685863614082336426e+00
2.870794296264648438e+00
-3.551408052444458008e-01
-2.103560924530029297e+00
8.735783100128173828e-01
3.128474473953247070e+00
-1.704114556312561035e+00
-1.291462302207946777e+00
1.983870506286621094e+00
2.963210582733154297e+00
-2.752060890197753906e+00
2.762274444103240967e-01
-5.411746501922607422e-01
3.721569776535034180e+00
2.587978601455688477e+00
2.481768608093261719e+00
3.997726202011108398e+00
8.758945018053054810e-02
4.927287101745605469e+00
4.505581855773925781e+00
9.245734661817550659e-02
2.223864078521728516e+00
1.734331607818603516e+00
-2.885505437850952148e+00
-2.004256248474121094e+00
4.339009150862693787e-02
-6.925156116485595703e-01
-1.241595387458801270e+00
3.314745664596557617e+00
-3.214475810527801514e-01
4.578513622283935547e+00
-1.307503581047058105e+00
1.903692960739135742e+00
7.570967674255371094e-01
1.431091666221618652e+00
2.172034502029418945e+00
8.676627278327941895e-01
2.637335360050201416e-01
9.999822974205017090e-01
4.616879463195800781e+00
1.255767226219177246e+00
2.231405496597290039e+00
-1.992306947708129883e+00
4.917267322540283203e+00
7.128200531005859375e-01
-1.520816087722778320e+00
2.083594948053359985e-01
5.082036256790161133e-01
1.479232013225555420e-01
-3.119138777256011963e-01
-1.214153096079826355e-01
8.996142148971557617e-01
8.742794394493103027e-01
-1.766442656517028809e-01
2.456062287092208862e-01
6.688632369041442871e-01
5.156306028366088867e-01
-3.613114953041076660e-01
6.852025985717773438e-01
9.109238982200622559e-01
8.430570960044860840e-01
1.480076551437377930e+00
1.954722642898559570e+00
-2.600451231002807617e+00
1.580279231071472168e+00
7.302795648574829102e-01
-4.350408017635345459e-01
-2.669133543968200684e-01
2.921175003051757812e+00
2.363797664642333984e+00
3.384492874145507812e+00
-2.653265714645385742e+00
3.135201930999755859e+00
-7.154108285903930664e-01
3.245237350463867188e+00
3.044814348220825195e+00
-7.520955204963684082e-01
4.017733573913574219e+00
3.263839006423950195e+00
-5.963595509529113770e-01
-5.641117691993713379e-01
6.862004995346069336e-01
1.133268594741821289e+00
4.251365363597869873e-01
2.461424112319946289e+00
7.911486625671386719e-01
2.078542947769165039e+00
7.221291065216064453e-01
3.977044105529785156e+00
3.463737249374389648e+00
4.507122516632080078e+00
-2.750516414642333984e+00
3.829252719879150391e+00
-2.804780602455139160e-01
-2.482460021972656250e+00
1.649871468544006348e+00
3.425160646438598633e+00
6.758109927177429199e-01
1.580061793327331543e+00
-5.183945298194885254e-01
3.611549139022827148e-01
1.885989546775817871e+00
-3.351548016071319580e-01
1.012766718864440918e+00
2.894614934921264648e-01
1.633455157279968262e+00
-3.557101190090179443e-01
2.527442693710327148e+00
6.398437023162841797e-01
-2.355157852172851562e+00
-1.182399272918701172e+00
-1.533420443534851074e+00
-1.402043551206588745e-01
3.091973543167114258e+00
2.019331216812133789e+00
1.957289695739746094e+00
5.362734794616699219e+00
-2.812108993530273438e+00
1.794027924537658691e+00
3.133242607116699219e+00
2.193552017211914062e+00
-8.897700905799865723e-01
1.889761924743652344e+00
1.058593153953552246e+00
-1.467636704444885254e+00
3.165441274642944336e+00
3.731239795684814453e+00
3.218350410461425781e+00
-2.429191350936889648e+00
1.888221383094787598e+00
-1.462903499603271484e+00
2.261800915002822876e-01
3.633314371109008789e+00
-1.295372486114501953e+00
3.812341928482055664e+00
1.216645240783691406e+00
5.287113189697265625e+00
4.758518934249877930e-01
1.778133362531661987e-01
-2.830090761184692383e+00
1.033387064933776855e+00
1.829302549362182617e+00
4.352420330047607422e+00
3.427399396896362305e+00
-8.565354943275451660e-01
-6.819057464599609375e-01
1.598533272743225098e+00
-1.252696037292480469e+00
-7.504212856292724609e-01
2.455868244171142578e+00
3.573171138763427734e+00
4.773341178894042969e+00
-2.754308223724365234e+00
1.260792493820190430e+00
1.640044212341308594e+00
-2.311502218246459961e+00
-9.303818345069885254e-01
-3.747966289520263672e-01
-2.888600826263427734e+00
3.085164546966552734e+00
3.163230657577514648e+00
1.350297093391418457e+00
-9.010067582130432129e-01
-4.375343322753906250e-01
5.398311018943786621e-01
3.315126299858093262e-01
-9.533261060714721680e-01
-5.199124813079833984e-01
2.093774795532226562e+00
3.216480970382690430e+00
-2.341234683990478516e+00
-2.493654012680053711e+00
-2.361343622207641602e+00
8.217695951461791992e-01
-1.436587452888488770e+00
-3.198479652404785156e+00
1.007548689842224121e+00
-1.814093112945556641e+00
8.919034600257873535e-01
5.255031585693359375e-01
-1.858348369598388672e+00
4.069088459014892578e+00
3.225797176361083984e+00
3.127274513244628906e+00
-1.951279163360595703e+00
5.171482563018798828e+00
2.016307115554809570e+00
6.730182170867919922e-01
1.458314061164855957e+00
-1.690810918807983398e+00
-8.097598552703857422e-01
-1.206243753433227539e+00
7.359011769294738770e-01
1.010249778628349304e-01
-1.535072684288024902e+00
1.181479077786207199e-02
-7.123220562934875488e-01
1.168065905570983887e+00
1.488956451416015625e+00
-7.393536567687988281e-01
