1.669878768920898438e+01
4.041063308715820312e+00
7.923139572143554688e+00
1.548975849151611328e+01
7.388265609741210938e+00
1.544537734985351562e+01
1.922799873352050781e+01
1.723443412780761719e+01
1.191840839385986328e+01
8.674011230468750000e+00
7.192198753356933594e+00
-8.342815399169921875e+00
-7.463157653808593750e+00
4.680756032466888428e-01
-4.287807345390319824e-01
-2.863935470581054688e+00
-2.029832363128662109e+00
7.029231548309326172e+00
6.193306446075439453e+00
-9.593070030212402344e+00
-8.054017424583435059e-01
-5.305395126342773438e+00
-2.061546802520751953e+00
-6.224327087402343750e+00
-9.308674812316894531e+00
1.627691149711608887e+00
-3.672087430953979492e+00
1.002368736267089844e+01
3.196650743484497070e+00
1.912312626838684082e+00
2.260650873184204102e+00
1.176519393920898438e+01
-4.169308185577392578e+00
-2.397289037704467773e+00
-1.071387290954589844e+01
1.129684638977050781e+01
4.189079761505126953e+00
2.037034511566162109e+00
-4.016430675983428955e-01
-9.345749616622924805e-01
-1.337537884712219238e+00
-6.306606531143188477e-01
-1.338113903999328613e+00
7.073795199394226074e-01
1.049201011657714844e+01
1.041854763031005859e+01
2.362809419631958008e+00
-7.903326988220214844e+00
1.308861160278320312e+01
4.488827228546142578e+00
2.240690708160400391e+00
2.002737760543823242e+00
5.335721969604492188e-01
-8.161812782287597656e+00
6.941588878631591797e+00
-7.167651176452636719e+00
1.109883975982666016e+01
4.587168693542480469e+00
1.061192989349365234e+01
-5.673876285552978516e+00
2.256490945816040039e+00
9.551674842834472656e+00
7.316994190216064453e+00
1.167739105224609375e+01
2.604349851608276367e+00
2.282920360565185547e+00
-1.152009367942810059e+00
1.802966594696044922e-01
1.003680109977722168e+00
-3.602034330368041992e+00
4.659693717956542969e+00
-1.481003642082214355e+00
1.416409015655517578e+00
3.556390762329101562e+00
2.662777662277221680e+00
1.293591022491455078e+00
-1.697155594825744629e+00
1.125842571258544922e+00
5.282000064849853516e+00
-1.158006429672241211e+00
-1.321231722831726074e+00
-3.127848803997039795e-01
4.476177692413330078e+00
2.384505987167358398e+00
-1.756711244583129883e+00
-5.464640855789184570e-01
1.314670801162719727e+00
4.308945655822753906e+00
2.088102817535400391e+00
3.287078619003295898e+00
-2.422871112823486328e+00
-2.563393592834472656e+00
-1.720109581947326660e+00
4.213076531887054443e-01
1.091839075088500977e+00
-1.261398077011108398e+00
8.136597275733947754e-01
-1.739994287490844727e-01
5.163626074790954590e-01
-2.011821031570434570e+00
3.277378559112548828e+00
3.571428775787353516e+00
-3.644039392471313477e+00
9.967713356018066406e-01
-3.050421237945556641e+00
-1.259792208671569824e+00
5.347811579704284668e-01
-6.470319032669067383e-01
1.987469315528869629e+00
-2.282933473587036133e+00
-2.731090545654296875e+00
2.244191646575927734e+00
-1.739435434341430664e+00
6.550565719604492188e+00
-3.507334947586059570e+00
-3.998069047927856445e+00
2.952901124954223633e+00
-1.975465774536132812e+00
-2.366246461868286133e+00
1.651018023490905762e+00
1.078185915946960449e+00
-4.120762050151824951e-01
-1.866281390190124512e+00
-4.358633458614349365e-01
-2.392492532730102539e+00
4.797539710998535156e+00
9.287479519844055176e-02
5.245854854583740234e-01
3.585666418075561523e+00
1.605871915817260742e+00
-4.205707073211669922e+00
-1.128123998641967773e+00
1.031673029065132141e-01
1.719034552574157715e+00
-5.689929485321044922e+00
-1.762857139110565186e-01
-2.113993406295776367e+00
3.660918951034545898e+00
4.572248935699462891e+00
-4.582797884941101074e-01
1.102894902229309082e+00
1.126894831657409668e+00
3.383058309555053711e+00
-1.672650098800659180e+00
3.985776901245117188e+00
-1.170066237449645996e+00
-2.096442937850952148e+00
-5.148684978485107422e-01
6.802968382835388184e-01
-1.102767348289489746e+00
1.807111781090497971e-03
1.377886086702346802e-01
1.089468836784362793e+00
-9.442875981330871582e-01
-3.558942079544067383e+00
1.653124332427978516e+00
3.060416460037231445e+00
-5.368568420410156250e+00
8.974950909614562988e-01
1.332838773727416992e+00
-1.378251552581787109e+00
4.083047807216644287e-01
-2.044699668884277344e+00
7.446261048316955566e-01
-1.381996870040893555e+00
3.295537531375885010e-01
1.571194887161254883e+00
-6.174522638320922852e-02
4.953966617584228516e+00
-4.146963596343994141e+00
-3.275254726409912109e+00
1.753620624542236328e+00
-1.818579435348510742e+00
-2.898458242416381836e+00
3.790260851383209229e-01
-5.072125196456909180e-01
