1.692484498023986816e+00
-9.378310441970825195e-01
1.004189133644104004e+00
9.005840420722961426e-01
4.678308963775634766e+00
-2.074261009693145752e-01
4.107892215251922607e-01
3.482432126998901367e+00
1.897131323814392090e+00
7.945728302001953125e-01
-8.765059113502502441e-01
1.785375595092773438e+00
1.557791605591773987e-03
1.283740162849426270e+00
3.052556514739990234e+00
4.336560145020484924e-02
-7.756364941596984863e-01
-4.541578590869903564e-01
-1.154680177569389343e-01
2.304052747786045074e-02
-4.862433075904846191e-01
-5.985667929053306580e-02
1.709409356117248535e-01
4.122715815901756287e-02
7.707022130489349365e-02
4.656789898872375488e-01
7.746794223785400391e-01
2.979910075664520264e-01
3.862279057502746582e-01
-8.940351754426956177e-02
2.819460444152355194e-02
3.803666532039642334e-01
2.697866261005401611e-01
6.862335652112960815e-02
-3.786992281675338745e-02
-2.173899114131927490e-01
-1.594850420951843262e-01
-3.059299588203430176e-01
-4.471926093101501465e-01
1.622491925954818726e-01
-9.651540964841842651e-02
-3.648397698998451233e-02
-9.373092651367187500e-02
-5.937062501907348633e-01
4.000914692878723145e-01
-4.224642366170883179e-02
-2.355383485555648804e-01
4.630865454673767090e-01
2.344702929258346558e-01
5.734998583793640137e-01
4.831333458423614502e-01
2.613035142421722412e-01
-2.219265550374984741e-01
2.425112724304199219e-01
1.668976247310638428e-01
-2.259760797023773193e-01
-5.307478830218315125e-02
9.248330444097518921e-02
1.919253468513488770e-01
6.413548439741134644e-02
2.250883728265762329e-01
1.726929396390914917e-01
-6.018381565809249878e-02
5.557604879140853882e-02
2.570664584636688232e-01
2.173071056604385376e-01
-1.615320448763668537e-03
2.599225342273712158e-01
1.383913867175579071e-02
1.188071742653846741e-01
1.601781994104385376e-01
-1.145798787474632263e-01
-1.361846327781677246e-01
9.461401939392089844e+00
9.988795280456542969e+00
1.123203563690185547e+01
1.327892971038818359e+01
1.336406993865966797e+01
1.452612972259521484e+01
1.543535614013671875e+01
1.491833114624023438e+01
1.693554878234863281e+01
1.746453666687011719e+01
1.739978981018066406e+01
1.906053924560546875e+01
1.959718513488769531e+01
1.904421997070312500e+01
2.265565109252929688e+01
2.061185836791992188e+01
2.340374183654785156e+01
2.744898223876953125e+01
2.863436698913574219e+01
2.806710624694824219e+01
2.933446884155273438e+01
3.027221298217773438e+01
3.202864456176757812e+01
3.735891723632812500e+01
1.021231055259704590e+00
-1.459249481558799744e-02
6.686458587646484375e-01
-2.258433103561401367e-01
6.428349018096923828e-02
1.037236213684082031e+00
1.022942289710044861e-01
8.875253796577453613e-01
1.554421633481979370e-01
8.133106231689453125e-01
2.900696396827697754e-01
7.392043471336364746e-01
2.599239349365234375e-01
8.667770307511091232e-04
1.067787647247314453e+00
4.895712435245513916e-01
9.812371730804443359e-01
2.672079205513000488e-01
5.701079368591308594e-01
1.111796736717224121e+00
4.656776189804077148e-01
1.065101861953735352e+00
1.013757348060607910e+00
1.235319972038269043e+00
1.006541490554809570e+00
5.262030959129333496e-01
-1.806952245533466339e-02
1.914817243814468384e-01
4.992172122001647949e-01
-2.496653348207473755e-01
3.801357746124267578e-02
7.103995084762573242e-01
6.455318331718444824e-01
-1.296250969171524048e-01
7.005316615104675293e-01
1.940032467246055603e-02
3.087101280689239502e-01
8.586144447326660156e-01
1.086052536964416504e+00
1.050848364830017090e+00
5.665682554244995117e-01
9.853464961051940918e-01
8.003807663917541504e-01
8.669314980506896973e-01
7.192919254302978516e-01
4.063094258308410645e-01
4.345020949840545654e-01
2.539994120597839355e-01
6.659978032112121582e-01
8.350620865821838379e-01
4.039393365383148193e-01
4.276446998119354248e-01
2.646010518074035645e-01
8.938075900077819824e-01
3.150826394557952881e-01
3.983241021633148193e-01
7.092874646186828613e-01
-4.737898334860801697e-02
5.893005132675170898e-01
2.072755992412567139e-01
3.956892788410186768e-01
7.103193402290344238e-01
9.263949990272521973e-01
1.020536899566650391e+00
1.099617719650268555e+00
2.640729546546936035e-01
4.075773358345031738e-01
5.066514611244201660e-01
8.352158665657043457e-01
-7.568371891975402832e-01
7.742519676685333252e-02
2.575550675392150879e-01
-2.756533212959766388e-03
3.726600706577301025e-01
-3.056200779974460602e-02
-2.130571603775024414e-01
-4.874491691589355469e-01
-3.836323274299502373e-03
-1.351109938696026802e-03
-7.088151574134826660e-02
-4.186537563800811768e-01
3.888854086399078369e-01
-3.175420314073562622e-02
2.408072501420974731e-01
5.049837231636047363e-01
3.549473583698272705e-01
5.750656127929687500e-01
5.590956211090087891e-01
-2.908458113670349121e-01
-5.930298194289207458e-02
5.699018836021423340e-01
4.742501378059387207e-01
4.985906183719635010e-01
-7.340656220912933350e-02
5.704537034034729004e-01
7.227649688720703125e-01
7.314714789390563965e-01
8.764978647232055664e-01
4.601258337497711182e-01
8.646818995475769043e-02
9.298983216285705566e-01
9.275941252708435059e-01
1.221829295158386230e+00
4.237002730369567871e-01
1.013962984085083008e+00
5.938625931739807129e-01
5.304189324378967285e-01
1.093240499496459961e+00
4.091762900352478027e-01
1.565830111503601074e-01
-8.381960913538932800e-03
-2.079122811555862427e-01
3.612421154975891113e-01
6.603339910507202148e-01
6.446684598922729492e-01
5.337569117546081543e-01
7.868655920028686523e-01
7.962030358612537384e-03
1.279061138629913330e-01
1.101009249687194824e+00
7.384247779846191406e-01
5.539728999137878418e-01
6.686049103736877441e-01
1.996289640665054321e-01
7.501698732376098633e-01
1.004983782768249512e+00
1.038725748658180237e-01
9.207665324211120605e-01
4.470517337322235107e-01
2.131589874625205994e-02
-4.737645685672760010e-01
5.396243333816528320e-01
2.021492719650268555e-01
9.131766855716705322e-02
-3.791768476366996765e-02
-9.109236598014831543e-01
-2.273470461368560791e-01
-3.299172818660736084e-01
2.964169383049011230e-01
2.696112394332885742e-01
6.511415541172027588e-02
2.127129882574081421e-01
1.484048813581466675e-01
9.964805841445922852e-02
4.320462048053741455e-01
3.420369029045104980e-01
8.878811001777648926e-01
-5.596281886100769043e-01
6.326892375946044922e-01
5.666778087615966797e-01
2.988421618938446045e-01
1.366925686597824097e-01
1.076828613877296448e-01
4.511299133300781250e-01
3.128392994403839111e-01
2.650549709796905518e-01
5.851300433278083801e-03
5.238429903984069824e-01
7.238975912332534790e-02
8.970258831977844238e-01
3.976413607597351074e-01
2.397848665714263916e-01
7.219719290733337402e-01
1.003866076469421387e+00
1.013267755508422852e+00
6.037412285804748535e-01
6.475059986114501953e-01
7.917780876159667969e-01
3.033334612846374512e-01
-1.556563675403594971e-01
6.206256747245788574e-01
9.041039347648620605e-01
6.292394995689392090e-01
4.491015672683715820e-01
9.618330597877502441e-01
8.797609210014343262e-01
8.934828042984008789e-01
6.471527814865112305e-01
6.527740359306335449e-01
1.143651843070983887e+00
1.237468242645263672e+00
3.569094836711883545e-01
3.119457364082336426e-01
7.614807486534118652e-01
-1.099919527769088745e-02
1.365627884864807129e+00
1.186302781105041504e+00
1.141230702400207520e+00
5.261922478675842285e-01
5.333435535430908203e-01
4.168060421943664551e-01
8.239193558692932129e-01
1.083987355232238770e+00
1.124050259590148926e+00
6.386355757713317871e-01
1.035295486450195312e+00
-1.568645685911178589e-01
7.587525248527526855e-01
2.692799270153045654e-01
3.286153674125671387e-01
7.107160687446594238e-01
3.929140865802764893e-01
6.232086420059204102e-01
9.008092880249023438e-01
7.932775616645812988e-01
1.899043917655944824e-01
7.557659149169921875e-01
8.604592084884643555e-01
1.538301557302474976e-01
4.092358946800231934e-01
3.665033280849456787e-01
-2.231512516736984253e-01
9.925767183303833008e-01
1.130039930343627930e+00
8.234953880310058594e-01
3.797493278980255127e-01
2.969164550304412842e-01
1.059538364410400391e+00
5.729349851608276367e-01
1.153741359710693359e+00
8.425894975662231445e-01
6.773370504379272461e-01
5.953365564346313477e-01
3.990801572799682617e-01
6.701787710189819336e-01
-2.719020470976829529e-02
3.481576219201087952e-02
2.345427572727203369e-01
6.714425086975097656e-01
5.937095284461975098e-01
1.100418210029602051e+00
7.457414865493774414e-01
2.826124727725982666e-01
9.198471307754516602e-01
-7.169029116630554199e-02
4.046345651149749756e-01
1.917547732591629028e-01
5.194577947258949280e-02
7.354662418365478516e-01
9.411218166351318359e-01
-2.770529389381408691e-01
6.771643757820129395e-01
-3.375734984874725342e-01
-1.406250447034835815e-01
6.861037015914916992e-01
2.685831487178802490e-01
3.991309404373168945e-01
4.069874286651611328e-01
2.812652289867401123e-01
3.171790838241577148e-01
1.155056118965148926e+00
6.898629665374755859e-01
8.448805212974548340e-01
1.058831810951232910e+00
3.707002997398376465e-01
9.585177898406982422e-01
5.842220783233642578e-01
8.786513805389404297e-01
1.889137923717498779e-01
5.530388951301574707e-01
5.721434950828552246e-01
1.024574875831604004e+00
6.041247248649597168e-01
1.028217434883117676e+00
9.306282401084899902e-01
6.106111407279968262e-01
2.060061097145080566e-01
1.162723302841186523e+00
5.122919678688049316e-01
1.050805449485778809e+00
7.471972107887268066e-01
1.311172127723693848e+00
2.012893408536911011e-01
1.996053308248519897e-01
7.389135360717773438e-01
8.683751821517944336e-01
8.110378980636596680e-01
6.118065118789672852e-01
9.972721338272094727e-01
6.860875487327575684e-01
7.043167352676391602e-01
5.258493423461914062e-01
3.556270897388458252e-01
9.147468805313110352e-01
5.647970438003540039e-01
1.256380558013916016e+00
1.283759921789169312e-01
2.519260719418525696e-02
1.107466578483581543e+00
5.029602646827697754e-01
2.557969987392425537e-01
9.198631644248962402e-01
1.122378349304199219e+00
1.297442436218261719e+00
7.523052692413330078e-01
6.531161665916442871e-01
1.158822059631347656e+00
1.344616651535034180e+00
8.752595782279968262e-01
1.933403134346008301e+00
4.520706832408905029e-02
6.273693442344665527e-01
5.662636160850524902e-01
3.349072933197021484e-01
7.745202779769897461e-01
-1.539943814277648926e-01
-1.007287353277206421e-01
6.432939767837524414e-01
-7.097800076007843018e-02
5.397705435752868652e-01
4.308013021945953369e-01
2.856391668319702148e-01
7.280345559120178223e-01
-3.808526992797851562e-01
4.255665540695190430e-01
8.507469892501831055e-01
5.321905612945556641e-01
9.146690964698791504e-01
9.053266048431396484e-01
3.901581466197967529e-01
7.321625947952270508e-01
6.964527368545532227e-01
3.845534026622772217e-01
3.860631287097930908e-01
7.495347261428833008e-01
3.775538206100463867e-01
4.111438095569610596e-01
8.560833334922790527e-01
4.407462179660797119e-01
1.617319285869598389e-01
6.752333045005798340e-01
7.673438787460327148e-01
7.620153427124023438e-01
4.541762173175811768e-01
7.205581068992614746e-01
1.510813087224960327e-01
-1.099406108260154724e-01
2.698855400085449219e-01
2.946733832359313965e-01
3.746658861637115479e-01
4.750690236687660217e-02
8.351782560348510742e-01
4.799670875072479248e-01
9.178991913795471191e-01
7.749714255332946777e-01
1.065062433481216431e-01
-4.369890689849853516e-02
3.982917070388793945e-01
2.081969827413558960e-01
5.628396868705749512e-01
1.405795365571975708e-01
-1.481573432683944702e-01
6.276971101760864258e-01
6.520286202430725098e-01
-1.936929225921630859e-01
4.566587507724761963e-01
1.381530612707138062e-01
4.962689280509948730e-01
1.800351291894912720e-01
3.916656672954559326e-01
3.677665889263153076e-01
4.626901149749755859e-01
8.696690201759338379e-01
1.029363274574279785e-01
2.876407802104949951e-01
2.602961957454681396e-01
5.578790903091430664e-01
3.707448244094848633e-01
4.918158948421478271e-01
4.947636723518371582e-01
-1.331378668546676636e-01
1.511812955141067505e-01
1.158765405416488647e-01
1.233513429760932922e-01
1.568544059991836548e-01
1.159063354134559631e-01
1.072600781917572021e-01
2.919895052909851074e-01
1.668236553668975830e-01
3.962599933147430420e-01
3.369728028774261475e-01
2.187501452863216400e-02
-7.176726311445236206e-02
2.664550840854644775e-01
5.065182447433471680e-01
-1.170212253928184509e-01
4.971365332603454590e-01
4.791017621755599976e-02
-6.058291718363761902e-02
4.296124875545501709e-01
5.155882835388183594e-01
5.316035151481628418e-01
6.329171061515808105e-01
-1.690618991851806641e-01
-2.280624210834503174e-02
3.612373173236846924e-01
4.528858512639999390e-02
5.589925050735473633e-01
2.777211666107177734e-01
-5.500817205756902695e-03
3.818960785865783691e-01
1.899015158414840698e-01
3.146997690200805664e-01
1.484612524509429932e-01
2.402083724737167358e-01
1.572083830833435059e-01
5.338752269744873047e-01
2.644581794738769531e-01
8.895747065544128418e-01
1.614415496587753296e-01
4.743366837501525879e-01
9.434215724468231201e-02
1.180731952190399170e-01
4.562192559242248535e-01
8.525713682174682617e-01
7.824534177780151367e-01
8.707916140556335449e-01
6.644958257675170898e-02
6.653568148612976074e-01
5.352011322975158691e-01
3.808179199695587158e-01
9.395277500152587891e-02
5.044890642166137695e-01
3.485083878040313721e-01
5.791193842887878418e-01
2.027988433837890625e-01
-1.507745981216430664e-01
5.851376056671142578e-01
3.623285889625549316e-01
5.436732247471809387e-02
1.416894495487213135e-01
-8.022557944059371948e-02
1.787193268537521362e-01
-9.851054847240447998e-02
4.158574640750885010e-01
2.560871839523315430e-01
5.548085570335388184e-01
-3.634542226791381836e-01
3.923574090003967285e-01
-2.611955106258392334e-01
5.008138418197631836e-01
-1.329510360956192017e-01
-4.217207729816436768e-01
4.654208719730377197e-01
5.661054849624633789e-01
-7.526306062936782837e-02
6.326459646224975586e-01
4.213804006576538086e-01
6.882024407386779785e-01
-1.871194094419479370e-01
-2.254003584384918213e-01
-2.849532365798950195e-01
3.257077634334564209e-01
1.474858224391937256e-01
5.432592034339904785e-01
7.453126460313796997e-02
4.492987394332885742e-01
4.800659716129302979e-01
8.099769353866577148e-01
1.743482798337936401e-01
-1.613017357885837555e-02
5.526228547096252441e-01
-1.748561710119247437e-01
8.754789233207702637e-01
2.980016171932220459e-01
2.110698074102401733e-01
5.608971714973449707e-01
9.225679039955139160e-01
3.367730677127838135e-01
1.842441409826278687e-01
5.279047489166259766e-01
4.079328775405883789e-01
2.031570971012115479e-01
5.660306215286254883e-01
5.748437047004699707e-01
7.491276264190673828e-01
5.219035744667053223e-01
4.004482924938201904e-01
8.368895053863525391e-01
9.875459074974060059e-01
1.789615154266357422e-01
7.397298812866210938e-01
4.423025548458099365e-01
3.721752464771270752e-01
-1.851701736450195312e-01
8.240600228309631348e-01
9.885294437408447266e-01
4.783551990985870361e-01
5.934869050979614258e-01
6.906043291091918945e-01
3.746845424175262451e-01
1.444244235754013062e-01
9.170599579811096191e-01
1.726343035697937012e-01
7.216190695762634277e-01
5.464484095573425293e-01
5.927738547325134277e-02
5.894002318382263184e-01
-9.831918776035308838e-02
5.759045481681823730e-01
9.525135755538940430e-01
5.417500734329223633e-01
3.962509930133819580e-01
8.944173455238342285e-01
5.790423229336738586e-02
8.234166502952575684e-01
5.391964912414550781e-01
7.907947301864624023e-01
1.499568670988082886e-02
5.924652218818664551e-01
7.227994799613952637e-01
8.836650289595127106e-03
7.585290074348449707e-01
1.158338546752929688e+00
1.196156740188598633e+00
9.564674645662307739e-02
9.547299742698669434e-01
3.616087734699249268e-01
6.361479163169860840e-01
9.639453887939453125e-02
5.396624207496643066e-01
1.936777830123901367e-01
-1.792751066386699677e-02
3.383635282516479492e-01
3.803534209728240967e-01
7.471755146980285645e-01
4.929589927196502686e-01
3.015548288822174072e-01
-6.538275629281997681e-02
-2.842179499566555023e-02
4.910763502120971680e-01
1.714232563972473145e-01
3.662001192569732666e-01
3.538584411144256592e-01
6.153301000595092773e-01
-8.270478248596191406e-02
1.853867918252944946e-01
1.059379428625106812e-01
4.569702446460723877e-01
6.452077627182006836e-01
3.367328643798828125e-01
4.062443971633911133e-02
7.771685123443603516e-01
3.570047020912170410e-01
2.316239476203918457e-01
5.333785414695739746e-01
7.941877841949462891e-01
8.240623474121093750e-01
8.510950207710266113e-01
2.031107544898986816e-01
3.773618042469024658e-01
4.948671460151672363e-01
4.089678823947906494e-01
8.945222496986389160e-01
9.721495956182479858e-02
1.132079124450683594e+00
1.159562706947326660e+00
4.744031652808189392e-02
7.726157903671264648e-01
4.869402050971984863e-01
8.016438484191894531e-01
4.961913228034973145e-01
5.306241512298583984e-01
4.903441369533538818e-01
1.080132365226745605e+00
4.944328069686889648e-01
7.254590988159179688e-01
5.824984908103942871e-01
8.390379548072814941e-01
4.093305468559265137e-01
4.859132468700408936e-01
3.216435313224792480e-01
4.721397757530212402e-01
3.152831494808197021e-01
1.385644078254699707e-01
5.364721417427062988e-01
4.183398187160491943e-01
4.475264549255371094e-01
7.103966474533081055e-01
4.487690925598144531e-01
3.485345542430877686e-01
5.457530617713928223e-01
5.568174719810485840e-01
8.464893698692321777e-01
7.341035008430480957e-01
1.752443015575408936e-01
4.511409699916839600e-01
5.298211574554443359e-01
2.148124575614929199e-01
7.057638764381408691e-01
5.098730921745300293e-01
-6.586573272943496704e-02
8.502244353294372559e-01
1.009384632110595703e+00
5.976417660713195801e-01
3.626178717240691185e-03
1.949468106031417847e-01
7.278543114662170410e-01
7.877963185310363770e-01
1.123988032341003418e+00
1.222844570875167847e-01
3.841961622238159180e-01
6.345300003886222839e-03
-3.547003567218780518e-01
5.378962159156799316e-01
4.866179227828979492e-01
3.121452629566192627e-01
3.636513650417327881e-01
8.771669268608093262e-01
2.409126460552215576e-01
3.551508486270904541e-01
2.737139165401458740e-01
2.717426121234893799e-01
2.420883029699325562e-01
-4.653284698724746704e-02
7.198529839515686035e-01
1.149363160133361816e+00
2.668786942958831787e-01
3.847390413284301758e-01
6.196710467338562012e-01
9.145169854164123535e-01
1.802936792373657227e-01
1.001176014542579651e-01
4.800651073455810547e-01
-2.188853323459625244e-01
2.265595793724060059e-01
-5.535853281617164612e-02
1.726518571376800537e-01
5.897321105003356934e-01
-1.011529490351676941e-01
6.075751185417175293e-01
1.265829503536224365e-01
3.470574617385864258e-01
-9.119682013988494873e-03
5.726402997970581055e-01
5.044043660163879395e-01
-4.032522812485694885e-02
3.413136601448059082e-01
8.522694110870361328e-01
1.095063090324401855e+00
6.374107003211975098e-01
7.780500054359436035e-01
8.683242797851562500e-01
3.928384184837341309e-01
5.451428294181823730e-01
5.629104375839233398e-01
6.042903661727905273e-01
-8.731504529714584351e-02
-5.095221400260925293e-01
-1.095495298504829407e-01
3.328372240066528320e-01
3.306385278701782227e-01
-6.081265583634376526e-02
-2.566513232886791229e-02
6.223537921905517578e-01
-1.406032741069793701e-01
-2.572667598724365234e-01
-2.336756587028503418e-01
-2.056040465831756592e-01
2.678988873958587646e-01
2.953873872756958008e-01
4.719894826412200928e-01
5.805059671401977539e-01
-4.065989330410957336e-02
4.982290863990783691e-01
4.360578954219818115e-01
3.605353534221649170e-01
1.003529906272888184e+00
2.377164363861083984e-01
2.376472055912017822e-01
2.116477340459823608e-01
-1.478635519742965698e-01
-1.803684681653976440e-01
-4.112012088298797607e-01
-6.723142415285110474e-02
-2.077061980962753296e-01
2.674072980880737305e-01
3.085881238803267479e-03
-1.746243238449096680e-01
-2.726797163486480713e-01
1.846831589937210083e-01
-4.014986157417297363e-01
-9.923740476369857788e-02
-2.656200230121612549e-01
-4.318355321884155273e-01
-2.649780809879302979e-01
-3.886478543281555176e-01
-2.678712904453277588e-01
-1.627128422260284424e-01
3.815691173076629639e-01
2.668222598731517792e-02
8.174448609352111816e-01
-2.943474426865577698e-02
-4.191299378871917725e-01
3.272687196731567383e-01
5.720220208168029785e-01
-4.750860035419464111e-01
5.878555178642272949e-01
-6.939976662397384644e-02
-3.064799010753631592e-01
1.065007805824279785e+00
8.147394657135009766e-01
8.492239713668823242e-01
1.528744846582412720e-01
-9.656578302383422852e-02
4.685420095920562744e-01
2.664793133735656738e-01
8.332120254635810852e-03
7.525657415390014648e-01
6.898716688156127930e-01
3.198845311999320984e-03
1.337261050939559937e-01
-4.276869893074035645e-01
1.900416314601898193e-01
6.784547567367553711e-01
2.005182057619094849e-01
8.335387110710144043e-01
6.305480599403381348e-01
-2.160691022872924805e-01
5.088845491409301758e-01
3.397791683673858643e-01
1.403225511312484741e-01
3.141894042491912842e-01
1.365773528814315796e-01
7.878874540328979492e-01
-2.057902812957763672e-01
3.910107165575027466e-02
3.858672678470611572e-01
4.270854592323303223e-01
1.401436179876327515e-01
2.856450974941253662e-01
-2.557293772697448730e-01
-4.449396133422851562e-01
-1.408710777759552002e-01
3.606950864195823669e-02
3.875893652439117432e-01
-3.502698242664337158e-01
-3.073114156723022461e-01
-1.552623212337493896e-01
-3.940976560115814209e-01
-4.240680038928985596e-01
-2.755149006843566895e-01
1.414055377244949341e-01
-5.286055803298950195e-01
5.769602954387664795e-03
4.008187949657440186e-01
-1.948240250349044800e-01
3.179790079593658447e-01
-6.089057400822639465e-02
-1.881769597530364990e-01
-2.323237061500549316e-01
-9.085068106651306152e-02
2.705328762531280518e-01
2.028865814208984375e-01
2.008743882179260254e-01
2.921551167964935303e-01
2.464349865913391113e-01
3.298930525779724121e-01
-3.168359994888305664e-01
1.109933555126190186e-01
1.041283905506134033e-01
5.193064808845520020e-01
-1.974944919347763062e-01
6.744639873504638672e-01
3.538356125354766846e-01
9.021111726760864258e-01
2.018793225288391113e-01
1.108963624574244022e-03
1.201819479465484619e-01
-2.942371964454650879e-01
-4.010863974690437317e-02
2.581721246242523193e-01
4.268539249897003174e-01
3.153734207153320312e-01
4.810976088047027588e-01
7.339650988578796387e-01
4.358841776847839355e-01
5.712531805038452148e-01
9.249548912048339844e-01
8.945479989051818848e-01
4.448768496513366699e-01
-1.181089952588081360e-01
6.761764883995056152e-01
3.293256759643554688e-01
3.731429278850555420e-01
2.411138564348220825e-01
1.138801217079162598e+00
4.183335900306701660e-01
9.233362674713134766e-01
9.745101332664489746e-01
1.119180798530578613e+00
7.704734802246093750e-01
8.723102807998657227e-01
7.133459448814392090e-01
9.905499219894409180e-01
-2.930654585361480713e-01
2.235995046794414520e-02
-3.524655401706695557e-01
3.041913211345672607e-01
1.835095882415771484e-01
1.799333095550537109e-01
3.289742469787597656e-01
2.166319340467453003e-01
-2.611570954322814941e-01
7.668143510818481445e-01
4.914413690567016602e-01
5.223448947072029114e-02
6.302044391632080078e-01
8.590219169855117798e-02
3.671698868274688721e-01
-5.043113231658935547e-02
2.963943183422088623e-01
9.889396429061889648e-01
7.400866150856018066e-01
9.256904721260070801e-01
2.809626162052154541e-01
3.395184874534606934e-01
6.682653427124023438e-01
2.136425077915191650e-01
-3.481093153823167086e-04
5.682991743087768555e-01
9.724484086036682129e-01
2.329181730747222900e-01
-4.299742877483367920e-01
8.930474519729614258e-01
-8.042122423648834229e-02
7.238284945487976074e-01
3.552364110946655273e-01
1.740855127573013306e-01
5.779278874397277832e-01
7.222224771976470947e-02
9.389127790927886963e-02
7.144517302513122559e-01
6.732596158981323242e-01
-1.988061368465423584e-01
3.954783082008361816e-01
-4.331039488315582275e-01
-4.032289981842041016e-02
-5.142574384808540344e-02
-4.006246328353881836e-01
-6.980642676353454590e-01
1.943121552467346191e-01
-3.592021167278289795e-01
1.174234747886657715e-01
4.488493204116821289e-01
8.885636329650878906e-01
8.465194106101989746e-01
9.241371154785156250e-01
4.281742274761199951e-01
4.868915975093841553e-01
6.096485853195190430e-01
5.316767096519470215e-01
6.039673089981079102e-01
-4.351040348410606384e-02
3.339847624301910400e-01
7.425138354301452637e-01
7.590988874435424805e-01
1.142983913421630859e+00
1.876079887151718140e-01
9.329024553298950195e-01
1.258128166198730469e+00
4.021493494510650635e-01
7.542469501495361328e-01
1.344782829284667969e+00
6.147174835205078125e-01
3.558122515678405762e-01
5.818316936492919922e-01
7.475641965866088867e-01
4.764045178890228271e-01
1.893405318260192871e-01
6.094374060630798340e-01
1.265636801719665527e+00
-1.518811732530593872e-01
4.053529798984527588e-01
3.824448287487030029e-01
-6.738182902336120605e-02
3.573020994663238525e-01
2.608510255813598633e-01
2.393743544816970825e-01
3.307750523090362549e-01
9.343889951705932617e-01
4.849698543548583984e-01
-6.523849070072174072e-02
5.931420922279357910e-01
4.934245049953460693e-01
5.130069851875305176e-01
5.875919014215469360e-04
5.626413822174072266e-01
9.041268825531005859e-01
3.305959105491638184e-01
5.004957914352416992e-01
4.817276895046234131e-01
8.652983307838439941e-01
8.497641682624816895e-01
4.860247969627380371e-01
6.037095189094543457e-01
-4.519085586071014404e-02
2.359504252672195435e-01
9.170862436294555664e-01
3.687902688980102539e-01
6.056072711944580078e-01
5.825628060847520828e-03
5.429059267044067383e-01
7.952857613563537598e-01
1.737065613269805908e-01
1.212376281619071960e-01
7.124310135841369629e-01
7.769887447357177734e-01
4.309210777282714844e-01
2.315559536218643188e-01
9.486183524131774902e-01
4.467171430587768555e-01
6.953248977661132812e-01
8.552405834197998047e-01
8.230280876159667969e-01
1.557739228010177612e-01
3.047623932361602783e-01
7.124886512756347656e-01
4.359520599246025085e-02
4.508679509162902832e-01
4.377244710922241211e-01
5.934576392173767090e-01
9.363926649093627930e-01
9.965998530387878418e-01
4.415402710437774658e-01
8.578926324844360352e-02
2.909132242202758789e-01
1.283079087734222412e-01
3.605128824710845947e-01
4.571315646171569824e-01
5.932380557060241699e-01
7.505345940589904785e-01
1.585509181022644043e-01
7.179883122444152832e-01
7.467244863510131836e-01
5.200244784355163574e-01
1.752816140651702881e-01
7.705782055854797363e-01
8.232228755950927734e-01
3.801009654998779297e-01
8.741647601127624512e-01
6.935079395771026611e-02
7.225676774978637695e-01
6.481087207794189453e-01
9.321897625923156738e-01
1.525891125202178955e-01
4.031204283237457275e-01
8.249113559722900391e-01
7.240409255027770996e-01
9.857966899871826172e-01
6.292026638984680176e-01
7.028951048851013184e-01
3.230089247226715088e-01
2.501867711544036865e-01
1.292114108800888062e-01
3.763712346553802490e-01
6.226017475128173828e-01
4.775877594947814941e-01
9.656363725662231445e-01
8.483435511589050293e-01
5.903349444270133972e-02
9.204614162445068359e-01
5.918374061584472656e-01
8.208227157592773438e-01
7.218948751688003540e-02
7.969038486480712891e-01
3.950213789939880371e-01
6.972469091415405273e-01
7.092407941818237305e-01
7.011582255363464355e-01
9.069620631635189056e-03
7.171702384948730469e-01
3.019990324974060059e-01
5.172575265169143677e-02
7.577595710754394531e-01
1.710704863071441650e-01
4.471537768840789795e-01
3.881702721118927002e-01
9.960520267486572266e-01
6.671974062919616699e-01
7.010074853897094727e-01
5.324457883834838867e-01
5.931428447365760803e-02
5.790524482727050781e-01
6.293522119522094727e-01
8.444931507110595703e-01
8.542703390121459961e-01
8.440118432044982910e-01
5.984043478965759277e-01
7.803569436073303223e-01
5.924392938613891602e-01
8.472877740859985352e-02
7.909076809883117676e-01
9.705201983451843262e-01
6.751596331596374512e-01
6.117126345634460449e-01
1.768888346850872040e-02
2.382858246564865112e-01
4.667522907257080078e-01
5.707784891128540039e-01
1.037823706865310669e-01
2.517880797386169434e-01
4.494795501232147217e-01
7.946604490280151367e-02
1.192080080509185791e-01
9.149990677833557129e-01
5.413643717765808105e-01
9.527717232704162598e-01
2.571616768836975098e-01
9.616795182228088379e-01
6.691829562187194824e-01
7.180058956146240234e-01
6.285333633422851562e-01
2.670589983463287354e-01
4.175128042697906494e-02
9.027050137519836426e-01
2.189885824918746948e-01
8.761919140815734863e-01
6.469604372978210449e-01
9.270975589752197266e-01
2.495285719633102417e-01
4.026262462139129639e-01
8.830686211585998535e-01
5.696163177490234375e-01
3.205730617046356201e-01
3.323274478316307068e-02
4.307736158370971680e-01
9.765061736106872559e-01
6.302721500396728516e-01
2.790549099445343018e-01
6.820486783981323242e-01
3.216002881526947021e-01
8.962245583534240723e-01
4.032778143882751465e-01
6.535524129867553711e-01
3.118782639503479004e-01
7.548129558563232422e-01
6.466440558433532715e-01
2.109103351831436157e-01
5.873440206050872803e-02
7.159106135368347168e-01
2.678398787975311279e-01
9.491323232650756836e-01
3.084174990653991699e-01
6.423968821763992310e-02
4.688149392604827881e-01
7.100676745176315308e-02
7.940125465393066406e-01
7.547965049743652344e-01
2.697900831699371338e-01
7.198762148618698120e-02
9.218525290489196777e-01
6.677869558334350586e-01
4.726968407630920410e-01
6.300368905067443848e-01
5.656011104583740234e-01
5.150809288024902344e-01
5.669249296188354492e-01
5.537929534912109375e-01
1.115291863679885864e-01
4.294003248214721680e-01
3.548136949539184570e-01
1.717131733894348145e-01
3.392015695571899414e-01
9.844741225242614746e-02
7.904348373413085938e-01
8.286916613578796387e-01
7.570553421974182129e-01
1.520084589719772339e-01
1.443472653627395630e-01
8.203454613685607910e-01
1.509260665625333786e-02
6.726891547441482544e-02
3.088524639606475830e-01
8.641107082366943359e-01
2.917592525482177734e-01
5.993947982788085938e-01
6.940917372703552246e-01
9.876029491424560547e-01
6.046955585479736328e-01
6.061307787895202637e-01
3.648746311664581299e-01
5.724947452545166016e-01
9.079251885414123535e-01
9.594460725784301758e-01
9.681208729743957520e-01
1.738175451755523682e-01
2.756620347499847412e-01
7.922204136848449707e-01
6.792213320732116699e-01
1.754641979932785034e-01
4.912227392196655273e-01
8.163646459579467773e-01
5.489020943641662598e-01
5.327601432800292969e-01
1.347656100988388062e-01
8.926284909248352051e-01
8.473657816648483276e-02
6.139297410845756531e-02
3.006913363933563232e-01
8.491404652595520020e-01
7.244439721107482910e-01
4.238082170486450195e-01
2.791009545326232910e-01
6.126440763473510742e-01
8.583257794380187988e-01
6.030961275100708008e-01
8.985398411750793457e-01
6.953654289245605469e-01
7.126023173332214355e-01
7.755934596061706543e-01
6.911658644676208496e-01
2.624400854110717773e-01
7.476699352264404297e-01
4.520390927791595459e-02
5.626177191734313965e-01
4.292407929897308350e-01
5.939462184906005859e-01
8.693542331457138062e-03
6.874552369117736816e-01
5.547396540641784668e-01
8.246593475341796875e-01
2.712377905845642090e-01
1.620086096227169037e-02
4.679496884346008301e-01
9.928270578384399414e-01
6.689394712448120117e-01
7.802705764770507812e-01
8.587811589241027832e-01
5.468581914901733398e-01
2.523677051067352295e-01
5.161194801330566406e-01
1.686137467622756958e-01
8.521959781646728516e-01
2.658821344375610352e-01
4.758229851722717285e-01
3.700956106185913086e-01
4.338836371898651123e-01
6.867105960845947266e-01
6.081047058105468750e-01
2.567126452922821045e-01
5.779791474342346191e-01
5.237416625022888184e-01
2.416008561849594116e-01
9.737017154693603516e-01
4.928696453571319580e-01
1.548684388399124146e-01
9.663680195808410645e-01
9.516957402229309082e-01
6.604813933372497559e-01
3.400550782680511475e-01
4.349663257598876953e-01
3.172763884067535400e-01
1.733189821243286133e-01
7.212987542152404785e-01
3.663549423217773438e-01
2.884239852428436279e-01
1.791751831769943237e-01
6.606463193893432617e-01
4.944145083427429199e-01
4.669065028429031372e-02
8.728124946355819702e-02
2.605286538600921631e-01
4.854003190994262695e-01
5.771661996841430664e-01
2.201116681098937988e-01
2.683660089969635010e-01
2.933041453361511230e-01
1.275593787431716919e-01
8.217974305152893066e-01
3.398101925849914551e-01
2.865512967109680176e-01
7.296663522720336914e-01
3.427129983901977539e-01
9.249120950698852539e-01
2.007175423204898834e-02
7.044377923011779785e-01
5.830558538436889648e-01
7.102955579757690430e-01
3.929560184478759766e-01
5.618900177069008350e-04
1.457754969596862793e-01
4.021122455596923828e-01
6.422244906425476074e-01
5.238854289054870605e-01
7.591206431388854980e-01
1.188191100955009460e-01
9.267112612724304199e-01
6.734343767166137695e-01
4.522798582911491394e-03
9.131608605384826660e-01
4.269853830337524414e-01
1.201964318752288818e-01
5.413878560066223145e-01
4.103139936923980713e-01
7.887797355651855469e-01
9.783388972282409668e-01
8.382825851440429688e-01
7.774963378906250000e-01
8.866299390792846680e-01
1.051691055297851562e+00
9.650059342384338379e-01
-1.284250497817993164e+00
4.587669968605041504e-01
