1.958252143859863281e+01
1.172243499755859375e+01
1.544486522674560547e+01
2.084596443176269531e+01
1.386726856231689453e+01
8.268991470336914062e+00
4.871855735778808594e+00
1.694270706176757812e+01
7.046442508697509766e+00
1.547075557708740234e+01
1.646821403503417969e+01
1.598415184020996094e+01
7.143598079681396484e+00
7.747719287872314453e+00
-1.358133435249328613e+00
-5.219533443450927734e+00
-1.646252989768981934e+00
5.919705867767333984e+00
-5.748522877693176270e-01
1.116516304016113281e+01
2.219778150320053101e-01
-7.635396480560302734e+00
-4.162808954715728760e-01
2.038993388414382935e-01
4.045281410217285156e+00
-4.364622116088867188e+00
1.332185745239257812e+01
1.017026424407958984e+01
-3.686536252498626709e-01
-2.998299598693847656e+00
-8.116822242736816406e+00
8.775371551513671875e+00
1.511077785491943359e+01
3.454149723052978516e+00
1.314827084541320801e+00
-1.100881671905517578e+01
-3.273004889488220215e-01
1.425759077072143555e+00
8.212242126464843750e+00
-3.318539142608642578e+00
-7.333390712738037109e-01
2.125781059265136719e+00
5.305007457733154297e+00
-1.946832656860351562e+00
6.895372390747070312e+00
-8.748641014099121094e-01
-4.299781799316406250e+00
-3.964338779449462891e+00
5.706759691238403320e-01
3.740209937095642090e-01
-4.161001682281494141e+00
-1.151772975921630859e+01
8.199652433395385742e-01
-3.480139970779418945e-01
7.587625026702880859e+00
3.422638177871704102e+00
-6.268568038940429688e+00
-7.380593299865722656e+00
9.959474563598632812e+00
1.768615603446960449e+00
4.837438106536865234e+00
-4.043158054351806641e+00
-9.062820076942443848e-01
-6.878933429718017578e+00
8.496213912963867188e+00
-6.910240173339843750e+00
9.512512207031250000e+00
-5.699346542358398438e+00
8.078753471374511719e+00
-4.905874840915203094e-03
5.355933666229248047e+00
7.513157129287719727e-01
-3.355831861495971680e+00
9.256296157836914062e+00
6.834811687469482422e+00
-3.479464530944824219e+00
-3.494473457336425781e+00
-5.888696670532226562e+00
-1.241602063179016113e+00
8.217770576477050781e+00
4.143879890441894531e+00
-7.793904304504394531e+00
4.622493267059326172e+00
1.265186309814453125e+00
5.589597225189208984e+00
-4.335340023040771484e+00
2.017920017242431641e+00
3.941118717193603516e+00
-4.602333068847656250e+00
-9.782280325889587402e-01
9.473037719726562500e+00
-8.922024965286254883e-01
6.809665203094482422e+00
-3.161590546369552612e-02
8.247982978820800781e+00
-3.611062765121459961e+00
-4.639140129089355469e+00
-1.669587016105651855e+00
-4.967677891254425049e-01
-1.423798680305480957e+00
8.869703292846679688e+00
-3.439705133438110352e+00
-4.691985607147216797e+00
-2.357090234756469727e+00
2.065338373184204102e+00
-6.448775529861450195e-01
6.891807317733764648e-01
1.481638103723526001e-01
3.840161859989166260e-01
-1.094319343566894531e+00
1.214867115020751953e+01
1.752399086952209473e+00
-5.457270145416259766e+00
1.010715484619140625e+00
4.389374732971191406e+00
-1.177592945098876953e+01
7.017112374305725098e-01
-8.090075492858886719e+00
-2.181628227233886719e+00
-2.160292565822601318e-01
-1.741160631179809570e+00
2.316290616989135742e+00
3.397805690765380859e+00
5.127317309379577637e-01
-1.445331454277038574e+00
-1.067273840308189392e-01
-7.182889580726623535e-01
2.110704421997070312e+00
8.647927641868591309e-01
3.406893730163574219e+00
4.769610464572906494e-01
-1.666918516159057617e+00
3.358649969100952148e+00
-5.051973819732666016e+00
2.730125188827514648e+00
3.675393462181091309e-01
2.060576677322387695e+00
7.635388851165771484e+00
5.191200375556945801e-01
-3.198786973953247070e-01
5.209289550781250000e+00
9.764439463615417480e-01
-1.101671695709228516e+00
2.185708522796630859e+00
7.883097529411315918e-01
-3.718815326690673828e+00
-2.382179975509643555e+00
1.693800091743469238e+00
5.764918327331542969e+00
-1.070524334907531738e+00
9.694561958312988281e-01
2.544389009475708008e+00
2.776919126510620117e+00
5.229767560958862305e-01
2.547885894775390625e+00
-1.673667788505554199e+00
4.111487269401550293e-01
8.595088124275207520e-02
9.988507032394409180e-01
-1.815773963928222656e+00
2.374191582202911377e-02
-2.346364021301269531e+00
7.977727651596069336e-01
1.071575164794921875e+00
-2.359075784683227539e+00
1.494956731796264648e+00
-3.782294511795043945e+00
5.208466649055480957e-01
-1.126536607742309570e+00
1.516453266143798828e+00
-3.166289627552032471e-01
1.370977878570556641e+00
3.110852241516113281e+00
1.727164506912231445e+00
-2.300643175840377808e-01
-5.216983795166015625e+00
-3.807959794998168945e+00
5.534874916076660156e+00
3.072203636169433594e+00
1.744987487792968750e+00
3.522149801254272461e+00
8.965161323547363281e+00
9.101169109344482422e-01
1.407191634178161621e+00
1.567724943161010742e+00
3.067074775695800781e+00
-3.171428680419921875e+00
4.201788902282714844e+00
-1.763282537460327148e+00
3.250088095664978027e-01
9.746609926223754883e-01
-1.413067698478698730e+00
4.167207241058349609e+00
3.708619356155395508e+00
2.943979263305664062e+00
-2.353068828582763672e+00
-1.495538949966430664e-01
-7.382673740386962891e+00
1.810009121894836426e+00
3.596050977706909180e+00
8.944085240364074707e-01
-9.947636127471923828e-01
-5.848345160484313965e-01
-2.010722637176513672e+00
-4.417164325714111328e-01
-3.532935380935668945e+00
5.678643584251403809e-01
-2.482172697782516479e-01
1.297297120094299316e+00
-1.962113261222839355e+00
1.572827219963073730e+00
-1.301743984222412109e+00
-6.974846720695495605e-01
1.172952651977539062e+00
2.972096204757690430e+00
1.274555206298828125e+00
6.350641727447509766e+00
-3.468509435653686523e+00
-4.530289649963378906e+00
7.113467693328857422e+00
1.536051511764526367e+00
1.858000755310058594e-01
1.667320132255554199e+00
-7.150371670722961426e-01
1.112049698829650879e+00
-2.264041423797607422e+00
2.583136558532714844e+00
2.613639116287231445e+00
1.062497258186340332e+00
-2.329616785049438477e+00
1.963713049888610840e+00
7.405340671539306641e-01
2.151770353317260742e+00
-1.133823037147521973e+00
1.310278773307800293e+00
3.006012439727783203e-01
-2.652868986129760742e+00
1.210626125335693359e+00
-4.841279983520507812e+00
2.251979827880859375e+00
2.686039686203002930e+00
2.966809988021850586e+00
7.420702457427978516e+00
-1.500388622283935547e+00
-1.388196587562561035e+00
3.741543769836425781e+00
-9.734768867492675781e-01
-3.958945751190185547e+00
2.442336559295654297e+00
1.271126151084899902e+00
4.429979324340820312e-01
-5.588379502296447754e-01
7.136284708976745605e-01
7.477230072021484375e+00
-2.345468848943710327e-01
-1.585440397262573242e+00
-2.152218222618103027e-01
-3.096325397491455078e-01
-4.562691450119018555e-01
3.006921336054801941e-02
-3.110531568527221680e+00
2.695815324783325195e+00
4.209617376327514648e-01
-6.166133880615234375e-01
-1.818983793258666992e+00
1.145227670669555664e+00
-2.579616546630859375e+00
1.597090244293212891e+00
2.981877565383911133e+00
2.837151050567626953e+00
1.507739543914794922e+00
-3.368482351303100586e+00
-4.191731810569763184e-01
-1.118397712707519531e+00
1.701278567314147949e+00
8.421989083290100098e-01
2.619303226470947266e+00
2.817369461059570312e+00
7.874247431755065918e-01
-2.478271722793579102e-01
-1.507138729095458984e+00
-5.914319992065429688e+00
7.108296394348144531e+00
1.781934380531311035e+00
1.275348544120788574e+00
2.968219041824340820e+00
4.495426177978515625e+00
-4.070330560207366943e-01
-1.570990085601806641e+00
-1.572153091430664062e+00
1.399469256401062012e+00
-2.526155233383178711e+00
4.481497287750244141e+00
-3.234014034271240234e+00
1.148154377937316895e+00
1.547565221786499023e+00
1.736921370029449463e-01
-8.301250338554382324e-01
3.478987932205200195e+00
2.858819007873535156e+00
1.120138764381408691e+00
-9.486844390630722046e-02
-5.398429393768310547e+00
-1.997129440307617188e+00
4.151253700256347656e+00
1.236367702484130859e+00
-1.649009227752685547e+00
-1.688449740409851074e+00
-7.400517463684082031e-01
-2.820861339569091797e-01
-3.507247686386108398e+00
1.478675007820129395e+00
-3.179546296596527100e-01
1.708437561988830566e+00
-1.691779643297195435e-01
-1.572146415710449219e+00
7.341262698173522949e-01
5.549771785736083984e-01
3.947466313838958740e-01
-5.324904441833496094e+00
2.879884243011474609e+00
4.245840549468994141e+00
1.646794795989990234e+00
-4.433927536010742188e+00
5.265681743621826172e+00
2.963043689727783203e+00
1.573028683662414551e+00
4.113431870937347412e-01
-2.882935047149658203e+00
-7.466408014297485352e-01
