1.749706506729125977e+00
6.590868234634399414e-01
-2.848189771175384521e-01
4.616828918457031250e+00
1.736772656440734863e+00
3.813417434692382812e+00
1.456451058387756348e+00
2.234448909759521484e+00
2.269876003265380859e+00
2.540029048919677734e+00
1.773729026317596436e-01
-3.184194564819335938e-01
-1.013887286186218262e+00
1.941978812217712402e+00
2.853842079639434814e-01
2.549386918544769287e-01
1.366647928953170776e-01
-6.426669955253601074e-01
7.114031910896301270e-02
7.149760127067565918e-01
-3.874083459377288818e-01
8.921948075294494629e-01
1.162421345710754395e+00
-5.607141852378845215e-01
-8.673226833343505859e-01
-3.847930580377578735e-02
1.864704936742782593e-01
-4.979507625102996826e-02
-5.914094448089599609e-01
3.824932873249053955e-02
-1.694363504648208618e-01
-1.244287937879562378e-01
-1.590056717395782471e-01
-1.673962354660034180e+00
9.804254531860351562e+00
1.001339054107666016e+01
1.321900463104248047e+01
1.340034770965576172e+01
1.538117599487304688e+01
1.449142169952392578e+01
1.745481872558593750e+01
1.941308975219726562e+01
1.901626777648925781e+01
1.946659278869628906e+01
2.397657012939453125e+01
9.706597328186035156e-01
9.105198830366134644e-02
5.855380892753601074e-01
8.929929733276367188e-01
-1.194675683975219727e+00
1.960817724466323853e-01
4.367881715297698975e-01
2.037791252136230469e+00
1.312973499298095703e-01
-2.043972253799438477e+00
4.902820289134979248e-01
9.578104019165039062e-01
8.948951363563537598e-01
-2.965523600578308105e-01
-9.512565135955810547e-01
1.315768241882324219e+00
-4.984363019466400146e-01
-7.465592026710510254e-01
-1.134346723556518555e+00
8.772826194763183594e-01
9.320614933967590332e-01
-1.754814088344573975e-01
-1.323602199554443359e+00
-9.321129918098449707e-01
2.801128149032592773e+00
-4.095945358276367188e-01
-8.101243972778320312e-01
1.549985408782958984e+00
-7.223882198333740234e+00
6.892740726470947266e-02
1.531091809272766113e+00
1.676264762878417969e+00
-3.379966259002685547e+00
-1.243727684020996094e+00
2.114898920059204102e+00
-3.104416847229003906e+00
9.104232788085937500e+00
-8.934131860733032227e-01
9.319917857646942139e-02
-8.103030920028686523e-01
3.083597421646118164e-01
-7.627915143966674805e-01
-4.724280908703804016e-02
4.013660550117492676e-01
1.602057456970214844e+00
1.181597232818603516e+00
-2.082562208175659180e+00
-7.745739817619323730e-01
1.715516686439514160e+00
-1.148797571659088135e-01
-1.859531521797180176e+00
1.525035619735717773e+00
7.719273567199707031e-01
-1.484867691993713379e+00
-1.859297752380371094e+00
7.244633138179779053e-02
9.146780967712402344e-01
-5.084331035614013672e-01
-2.750534713268280029e-01
-2.672206640243530273e+00
1.714830994606018066e-01
1.239815831184387207e+00
-1.375740647315979004e+00
-2.561362504959106445e+00
1.163381636142730713e-01
1.993043184280395508e+00
5.656268596649169922e-01
-5.852105095982551575e-03
-3.106071054935455322e-01
7.581570148468017578e-01
-4.552626051008701324e-03
2.810970544815063477e-01
4.096451699733734131e-01
9.390985965728759766e-02
-2.674521803855895996e-01
-2.029951214790344238e-01
7.394408583641052246e-01
-1.879094392061233521e-01
1.207188144326210022e-01
9.620581269264221191e-01
-2.660375535488128662e-01
1.016174256801605225e-01
1.936575174331665039e-01
6.934798955917358398e-01
6.600866317749023438e-01
5.812868103384971619e-02
-5.199924111366271973e-01
-8.883981704711914062e-01
1.658117055892944336e+00
-5.155995488166809082e-01
1.141479253768920898e+00
2.786354124546051025e-01
-1.510232836008071899e-01
1.382113099098205566e-01
3.265795707702636719e+00
2.668205022811889648e+00
-1.339138984680175781e+00
6.475901603698730469e-01
-1.491455078125000000e+00
-1.262645423412322998e-01
1.010557889938354492e+00
-4.024324715137481689e-01
-6.115534782409667969e+00
-2.189689636230468750e+00
4.776155948638916016e-01
4.328707456588745117e-01
-3.556108176708221436e-01
2.108194380998611450e-01
3.160956501960754395e-01
-5.627499818801879883e-01
6.212880015373229980e-01
1.928379386663436890e-01
5.072151422500610352e-01
-1.473344564437866211e-01
-4.517450332641601562e-01
-6.697281599044799805e-01
-8.266046643257141113e-01
-1.379566192626953125e-01
-3.642456606030464172e-02
3.706189990043640137e-01
7.348991632461547852e-01
-6.490016579627990723e-01
5.480147153139114380e-02
-1.224108561873435974e-01
-5.875840783119201660e-01
9.774247407913208008e-01
3.156274855136871338e-01
8.494368940591812134e-02
3.110283315181732178e-01
2.588889837265014648e+00
-8.102226257324218750e-01
3.197346925735473633e-01
-9.157414436340332031e-01
-1.208192110061645508e-01
-3.800446987152099609e-01
-4.568020701408386230e-01
-5.443480238318443298e-02
3.921633213758468628e-02
-2.658580541610717773e-01
-8.329288959503173828e-01
1.436206996440887451e-01
5.189800858497619629e-01
7.010591626167297363e-01
7.615755777806043625e-03
-2.916053831577301025e-01
5.275238752365112305e-01
2.722021043300628662e-01
-5.868785977363586426e-01
-6.075798273086547852e-01
2.128548473119735718e-01
1.667974293231964111e-01
1.249467730522155762e-01
-4.930871427059173584e-01
-2.928804457187652588e-01
8.833576440811157227e-01
-3.997329771518707275e-01
1.115500450134277344e+00
1.071887984871864319e-01
-1.342701166868209839e-01
2.248674184083938599e-01
2.951209545135498047e+00
1.418116450309753418e+00
-1.290225028991699219e+00
4.058715403079986572e-01
-1.834623813629150391e+00
-1.644488126039505005e-01
5.650538802146911621e-01
-2.879886925220489502e-01
-3.547930717468261719e+00
-1.897901058197021484e+00
-4.012774676084518433e-02
5.027448013424873352e-02
8.522050455212593079e-03
1.145226210355758667e-01
9.710945934057235718e-02
1.662799268960952759e-01
-3.546191006898880005e-02
-6.330035924911499023e-01
6.313358545303344727e-01
3.612173795700073242e-01
5.600238963961601257e-02
2.569586336612701416e-01
-1.622542440891265869e-01
-1.540644466876983643e-01
-4.794143140316009521e-01
2.804060578346252441e-01
7.767559885978698730e-01
2.869614660739898682e-01
-2.521712481975555420e-01
4.781419932842254639e-01
-1.988812349736690521e-02
5.043038725852966309e-01
-1.281112730503082275e-01
-2.261147946119308472e-01
1.440793126821517944e-01
1.108476594090461731e-01
-4.419614747166633606e-02
-1.738112330436706543e+00
7.194851525127887726e-03
8.519818075001239777e-03
-9.133893065154552460e-03
1.076866406947374344e-03
-5.916591733694076538e-03
9.541364386677742004e-03
-4.217946436256170273e-03
-4.671595990657806396e-03
-2.524934941902756691e-03
-7.300746627151966095e-03
-3.066000936087220907e-04
-2.329226350411772728e-03
7.464683149009943008e-03
8.681025356054306030e-03
9.998530149459838867e-03
-3.883628873154520988e-03
9.357428178191184998e-03
4.434139467775821686e-03
6.645374000072479248e-03
4.024365916848182678e-03
-4.404250998049974442e-03
-7.911203429102897644e-03
-3.512335242703557014e-03
9.439854882657527924e-03
4.725560545921325684e-03
8.329690434038639069e-03
-6.786220706999301910e-03
6.069252733141183853e-03
-9.201164357364177704e-03
5.888568237423896790e-03
-1.122180488891899586e-03
-7.276588003151118755e-04
-5.329592153429985046e-03
7.217641919851303101e-03
-3.698284272104501724e-03
9.290823712944984436e-03
9.641851298511028290e-03
5.193833727389574051e-03
5.580731201916933060e-03
-3.866066923364996910e-03
9.493634104728698730e-03
-2.950037829577922821e-03
-7.801717612892389297e-03
1.204636413604021072e-03
-6.104636937379837036e-03
1.542183686979115009e-03
-6.737988442182540894e-03
1.645986340008676052e-03
-6.161397788673639297e-03
2.919306047260761261e-03
9.810324758291244507e-03
1.857752940850332379e-04
1.753402175381779671e-03
-9.358786977827548981e-03
4.940869286656379700e-03
-7.771603763103485107e-03
5.530314985662698746e-03
6.102004554122686386e-03
-2.427651314064860344e-03
-2.851616591215133667e-03
-6.382844876497983932e-03
5.190012976527214050e-03
-6.332299672067165375e-03
7.814306765794754028e-03
-6.091740913689136505e-03
1.680045039393007755e-03
9.882000088691711426e-01
1.222093462944030762e+00
-1.707687497138977051e+00
6.975908279418945312e-01
