3.401558876037597656e+00
5.998304367065429688e+00
1.676452255249023438e+01
1.553600978851318359e+01
5.890352249145507812e+00
9.777757644653320312e+00
1.749815368652343750e+01
6.468778610229492188e+00
1.544481754302978516e+01
1.669295692443847656e+01
4.607413768768310547e+00
-1.572397232055664062e+00
-4.802722454071044922e+00
-4.300221443176269531e+00
5.236127853393554688e+00
-8.145055770874023438e+00
-5.114083290100097656e-01
7.668517112731933594e+00
2.346722364425659180e+00
-9.441369175910949707e-01
1.710019230842590332e+00
5.837793350219726562e+00
3.041477918624877930e+00
3.308599233627319336e+00
1.065220832824707031e+01
-1.480105400085449219e+00
5.729236125946044922e+00
1.198848247528076172e+01
3.420482397079467773e+00
-6.444585323333740234e+00
-4.036262929439544678e-01
-4.223795413970947266e+00
1.236479282379150391e+01
-2.257456541061401367e+00
-3.429719209671020508e+00
-1.646551936864852905e-01
7.400465488433837891e+00
1.469428062438964844e+00
-1.433675050735473633e+00
-1.095675602555274963e-01
-8.640530705451965332e-01
1.988366842269897461e-01
-3.180557191371917725e-01
7.168366312980651855e-01
4.240220546722412109e+00
1.431180763244628906e+01
-5.484071254730224609e+00
-3.379913330078125000e+00
6.395000934600830078e+00
-4.240563869476318359e+00
1.185691952705383301e+00
6.561359405517578125e+00
-2.773748636245727539e+00
-5.210590839385986328e+00
-5.307046413421630859e+00
2.281885445117950439e-01
1.478217411041259766e+01
-4.026633262634277344e+00
-3.793014764785766602e+00
6.626886844635009766e+00
9.476364135742187500e+00
-3.259103536605834961e+00
3.056620121002197266e+00
3.563535213470458984e+00
3.119931459426879883e+00
3.557331323623657227e+00
3.894611835479736328e+00
-2.978870153427124023e+00
5.026690959930419922e-01
7.421216964721679688e+00
3.084604024887084961e+00
-3.137613296508789062e+00
-4.482350349426269531e+00
3.585945129394531250e+00
1.117026567459106445e+00
-4.010626792907714844e+00
3.659848451614379883e+00
2.010704517364501953e+00
1.698424220085144043e+00
-2.619841814041137695e+00
-3.315519809722900391e+00
4.165866851806640625e+00
-1.635522127151489258e+00
2.323038816452026367e+00
2.886543273925781250e-01
9.832669496536254883e-01
4.281834602355957031e+00
5.314191341400146484e+00
-8.117905855178833008e-01
2.350327253341674805e+00
-9.380205720663070679e-02
1.141239643096923828e+00
-7.734055519104003906e-01
-9.893285632133483887e-01
-5.245252847671508789e-01
8.168459534645080566e-01
6.739557385444641113e-01
-5.942327380180358887e-01
1.136954784393310547e+00
-2.955621480941772461e+00
3.302650213241577148e+00
2.055248737335205078e+00
8.201938271522521973e-01
5.415796756744384766e+00
-1.169594883918762207e+00
2.886720180511474609e+00
-8.917184472084045410e-01
2.601468324661254883e+00
3.136518001556396484e-01
3.525143861770629883e-02
-2.292064130306243896e-01
5.300015449523925781e+00
3.212458848953247070e+00
1.589667558670043945e+00
-1.679755926132202148e+00
-1.511390566825866699e+00
3.601277828216552734e+00
-4.096075057983398438e+00
-1.764435172080993652e+00
-1.680515259504318237e-01
1.469359993934631348e+00
2.233891487121582031e+00
-4.280336380004882812e+00
-1.305078148841857910e+00
2.914570093154907227e+00
1.042785739898681641e+01
-1.419610261917114258e+00
-2.395024776458740234e+00
1.082454919815063477e+00
8.953679800033569336e-01
-1.728343009948730469e+00
2.045810222625732422e+00
2.470314979553222656e+00
-1.695320367813110352e+00
-1.431123495101928711e+00
-8.945370912551879883e-01
5.778644561767578125e+00
-1.203478455543518066e+00
3.164255023002624512e-01
5.169535875320434570e-01
8.883033394813537598e-01
4.544172435998916626e-02
5.830250263214111328e+00
9.891198873519897461e-01
1.664950728416442871e+00
-1.532863497734069824e+00
5.421426892280578613e-01
-1.267181754112243652e+00
1.295907139778137207e+00
9.147334694862365723e-01
-2.149659395217895508e+00
6.807528734207153320e-01
1.004605054855346680e+00
6.118764281272888184e-01
-2.969397783279418945e+00
4.202473163604736328e+00
3.174042463302612305e+00
1.787992954254150391e+00
4.863537788391113281e+00
2.239351511001586914e+00
3.075358390808105469e+00
3.095604181289672852e-01
-2.298066020011901855e-01
1.627658009529113770e+00
4.807526767253875732e-01
1.988979697227478027e+00
7.542747974395751953e+00
1.840883255004882812e+00
-6.249132156372070312e-01
-1.460376977920532227e+00
-6.721690297126770020e-01
2.627172231674194336e+00
-8.283240795135498047e-01
9.197977185249328613e-02
7.184527516365051270e-01
-8.280970454216003418e-01
