1.562730979919433594e+01
9.665554046630859375e+00
1.562197208404541016e+01
9.291973114013671875e+00
1.554461002349853516e+01
8.442501068115234375e+00
1.172562408447265625e+01
1.585595703125000000e+01
1.012499141693115234e+01
1.556855106353759766e+01
1.544571781158447266e+01
1.144847011566162109e+01
1.612633943557739258e+00
1.904411911964416504e+00
-6.527015566825866699e-01
-1.778795242309570312e+00
2.825012803077697754e-01
-1.003236293792724609e+00
1.056877732276916504e+00
1.654860973358154297e+00
3.581599295139312744e-01
-1.687813997268676758e+00
2.211009263992309570e+00
-5.627655982971191406e-01
4.345043182373046875e+00
1.277187633514404297e+01
-3.211286783218383789e+00
2.987022399902343750e+00
-4.160244464874267578e+00
-9.121137619018554688e+00
-2.318861037492752075e-01
3.091136217117309570e+00
8.994405746459960938e+00
6.818715333938598633e-01
-2.098875999450683594e+00
2.685818433761596680e+00
1.145471572875976562e+01
1.947466611862182617e+00
-2.948495149612426758e+00
-1.589700222015380859e+00
-6.839228421449661255e-02
3.174385309219360352e+00
1.746917724609375000e+00
5.031841754913330078e+00
2.321024417877197266e+00
8.709986805915832520e-01
5.987353801727294922e+00
-3.851413965225219727e+00
-2.169957399368286133e+00
-4.644908010959625244e-01
2.236630201339721680e+00
-1.108954715728759766e+01
1.159856557846069336e+00
-7.269223690032958984e+00
4.750586032867431641e+00
1.096095561981201172e+01
3.427140235900878906e+00
2.639187574386596680e+00
-1.013228034973144531e+01
-3.315963447093963623e-01
3.902955725789070129e-02
-8.501882553100585938e+00
-3.128489017486572266e+00
5.384651184082031250e+00
6.778558731079101562e+00
3.626427173614501953e+00
9.489588737487792969e+00
-4.686117649078369141e+00
-7.208550453186035156e+00
9.019208908081054688e+00
-6.896914005279541016e+00
2.159991264343261719e+00
4.265958786010742188e+00
1.268000316619873047e+01
-2.024942636489868164e+00
4.423812866210937500e+00
-1.002179908752441406e+01
1.721333384513854980e+00
3.798460006713867188e+00
1.024626731872558594e+01
-9.085757255554199219e+00
7.163237094879150391e+00
-2.888439178466796875e+00
-5.165323257446289062e+00
4.012475490570068359e+00
-1.486390084028244019e-01
2.838031530380249023e+00
1.203388214111328125e+00
9.637975692749023438e+00
-4.668980598449707031e+00
-1.530509114265441895e+00
1.069958731532096863e-01
1.411938071250915527e+00
1.059110045433044434e+00
-9.763431549072265625e-01
1.545994162559509277e+00
-1.763899564743041992e+00
6.594178676605224609e-01
-2.555985748767852783e-01
-5.665184259414672852e-01
6.499335169792175293e-02
-5.259718298912048340e-01
-3.335525989532470703e+00
-2.908029317855834961e+00
3.951940059661865234e+00
3.155550241470336914e+00
5.466546535491943359e+00
-1.985402822494506836e+00
1.075675249099731445e+00
1.489411950111389160e+00
-1.433788299560546875e+00
5.387604236602783203e-01
-3.874018907546997070e+00
-2.768857955932617188e+00
4.760686159133911133e-01
-2.292707204818725586e+00
-3.489546477794647217e-02
-3.428983926773071289e+00
2.159725666046142578e+00
4.485173225402832031e+00
3.481179952621459961e+00
2.060791492462158203e+00
3.851599454879760742e+00
-2.514224767684936523e+00
3.505151510238647461e+00
-2.998507022857666016e+00
2.409157514572143555e+00
-2.606438398361206055e+00
5.459641933441162109e+00
4.949726581573486328e+00
2.435802936553955078e+00
-3.770551204681396484e+00
1.203438341617584229e-01
3.711166679859161377e-01
3.831687211990356445e+00
1.926375865936279297e+00
1.425860881805419922e+00
-3.830242395401000977e+00
2.113671302795410156e+00
2.497888088226318359e+00
-1.059405565261840820e+00
2.379989385604858398e+00
3.736979007720947266e+00
-1.166907310485839844e+00
9.247910976409912109e-01
-2.393576622009277344e+00
3.368169546127319336e+00
6.368855834007263184e-01
-1.932316303253173828e+00
-2.661909580230712891e+00
2.735222101211547852e+00
-3.662272930145263672e+00
3.161282777786254883e+00
-4.680092446506023407e-03
4.157941818237304688e+00
-2.257123947143554688e+00
-2.506016969680786133e+00
-8.103205561637878418e-01
-2.963276624679565430e+00
3.745283842086791992e+00
4.717483222484588623e-01
-2.149098157882690430e+00
1.436482548713684082e+00
-1.469571471214294434e+00
9.669334292411804199e-01
-4.030206799507141113e-01
3.607856512069702148e+00
1.737192392349243164e+00
-5.456088185310363770e-01
9.559136629104614258e-01
4.030931890010833740e-01
-1.205045938491821289e+00
-1.322371721267700195e+00
-1.712626218795776367e+00
6.310184597969055176e-01
4.680607616901397705e-01
-1.433500051498413086e+00
7.154491543769836426e-02
2.148776650428771973e-01
-2.706278860569000244e-01
-2.184817552566528320e+00
-3.073697805404663086e+00
3.527030706405639648e+00
2.831692457199096680e+00
3.659182071685791016e+00
-1.474810540676116943e-01
8.609175086021423340e-01
8.289299607276916504e-01
-4.944628775119781494e-01
9.570932388305664062e-01
-3.816805124282836914e+00
-2.148554563522338867e+00
-1.599798560142517090e+00
-5.195911526679992676e-01
-1.094964146614074707e+00
-2.400419712066650391e+00
2.317102670669555664e+00
3.665095329284667969e+00
2.000549793243408203e+00
1.791245818138122559e+00
2.588271379470825195e+00
-3.148503541946411133e+00
3.969735622406005859e+00
-3.533444643020629883e+00
2.765356302261352539e+00
-2.382616996765136719e+00
5.977576732635498047e+00
3.006318569183349609e+00
8.807948231697082520e-01
-3.288618803024291992e+00
-1.115218639373779297e+00
1.366653680801391602e+00
2.444283723831176758e+00
1.723392128944396973e+00
2.139173984527587891e+00
-2.458357095718383789e+00
2.837839603424072266e+00
2.728961944580078125e+00
-2.944239854812622070e+00
4.711237907409667969e+00
3.716116189956665039e+00
-1.990789294242858887e+00
2.972694933414459229e-01
-3.757201671600341797e+00
2.863884449005126953e+00
3.141670953482389450e-03
-1.481718659400939941e+00
-2.749272108078002930e+00
1.972279071807861328e+00
-2.719343185424804688e+00
3.324558973312377930e+00
5.113017559051513672e-01
4.283027172088623047e+00
-2.011669635772705078e+00
-2.929975986480712891e+00
-8.070043325424194336e-01
-2.208750724792480469e+00
3.076805114746093750e+00
-1.092264175415039062e+00
-1.973081231117248535e+00
6.761208772659301758e-01
-1.561316847801208496e+00
4.705412685871124268e-02
-9.761635661125183105e-01
3.206572055816650391e+00
1.868073463439941406e+00
-7.425814867019653320e-01
