2.197546005249023438e+00
-1.135582551360130310e-01
5.095178127288818359e+00
3.967082023620605469e+00
1.851542830467224121e+00
3.572020292282104492e+00
5.833978056907653809e-01
-8.511961102485656738e-01
4.964868426322937012e-01
6.134190410375595093e-02
7.495967745780944824e-01
6.023673415184020996e-01
-1.981867998838424683e-01
5.034720897674560547e-01
1.500150561332702637e+00
-1.253266185522079468e-01
-1.557555645704269409e-01
-3.418896198272705078e-01
3.327990174293518066e-01
-4.523944854736328125e-01
6.125157475471496582e-01
-8.329623341560363770e-01
8.915771484375000000e+00
1.330801963806152344e+01
1.539795303344726562e+01
1.724245834350585938e+01
1.912359619140625000e+01
2.414443969726562500e+01
2.805830574035644531e+01
-1.821863174438476562e+00
-1.282187700271606445e+00
-4.669294953346252441e-01
2.312671899795532227e+00
-1.044964909553527832e+00
-1.867358326911926270e+00
-3.605256319046020508e+00
-7.977609038352966309e-01
-2.106136679649353027e-01
-1.931341290473937988e-01
4.168206751346588135e-01
-1.355613589286804199e+00
-2.389913797378540039e+00
-7.597330808639526367e-01
-1.598182082176208496e+00
2.487575560808181763e-01
2.498211145401000977e+00
1.671903491020202637e+00
7.815065860748291016e+00
-2.286057472229003906e+00
-1.638130760192871094e+01
-9.066139221191406250e+00
6.026276350021362305e-01
4.942841053009033203e+00
3.474510014057159424e-01
2.767825508117675781e+01
1.932735443115234375e+01
1.067069816589355469e+01
1.574882745742797852e+00
7.246305048465728760e-02
1.875216513872146606e-01
-2.890552878379821777e-01
4.038964807987213135e-01
3.127430081367492676e-01
1.949656248092651367e+00
5.615876317024230957e-01
2.567195333540439606e-02
1.909082084894180298e-01
5.502449870109558105e-01
-1.391272544860839844e-01
2.685850560665130615e-01
6.117713451385498047e-01
2.710140347480773926e-01
7.698884606361389160e-02
-8.467520475387573242e-01
4.113465249538421631e-01
-9.411518573760986328e-01
7.448191046714782715e-01
1.323268413543701172e+00
1.005178570747375488e+00
-5.408336967229843140e-02
-1.027209281921386719e+00
1.155174896121025085e-02
-6.002342104911804199e-01
-4.472401618957519531e+00
-2.347368478775024414e+00
-2.218531668186187744e-01
-1.489368919283151627e-02
1.018367528915405273e+00
-7.565093636512756348e-01
-4.363801181316375732e-01
-3.888860642910003662e-01
-1.625740170478820801e+00
1.824634820222854614e-01
-1.651076376438140869e-01
-5.003297701478004456e-02
-2.364769726991653442e-01
3.084460496902465820e-01
6.586718559265136719e-01
2.499039322137832642e-01
5.366259068250656128e-02
1.875171363353729248e-01
-1.026657938957214355e+00
-8.571571707725524902e-01
-1.768414855003356934e+00
2.707272469997406006e-01
3.982473134994506836e+00
2.613032341003417969e+00
2.245200276374816895e-01
-8.159661293029785156e-01
-2.658778131008148193e-01
-5.414973258972167969e+00
-3.638350725173950195e+00
-3.009673357009887695e+00
4.637419711798429489e-03
3.491249401122331619e-03
5.573750939220190048e-03
-8.625155314803123474e-03
3.445382928475737572e-03
-3.706274437718093395e-04
-9.772070683538913727e-03
7.304518017917871475e-03
4.155770584475249052e-04
3.345467615872621536e-03
-5.907396320253610611e-03
-1.175873214378952980e-03
-1.096182852052152157e-03
-8.854995481669902802e-03
3.898281604051589966e-03
5.334768444299697876e-03
-2.775171305984258652e-03
1.872629974968731403e-03
-5.718773230910301208e-03
-4.187378566712141037e-03
-7.046382408589124680e-03
-3.393468214198946953e-03
-3.328262595459818840e-03
9.708582423627376556e-03
-3.151733835693448782e-05
-6.013271864503622055e-03
2.589655574411153793e-03
7.007231470197439194e-03
1.620434522628784180e+00
1.016067504882812500e+00
-2.122955322265625000e+00
7.420393228530883789e-01
