1.544412899017333984e+01
1.572042751312255859e+01
1.621980476379394531e+01
8.927775382995605469e+00
1.146442317962646484e+01
1.544851970672607422e+01
1.176786422729492188e+01
1.947854232788085938e+01
1.550539875030517578e+01
1.115541458129882812e+01
1.585535144805908203e+01
1.158886814117431641e+01
1.227843570709228516e+01
8.728673934936523438e+00
7.016388416290283203e+00
1.552017593383789062e+01
5.374221324920654297e+00
4.008549690246582031e+00
1.445456147193908691e+00
-8.082923889160156250e+00
1.037911033630371094e+01
3.417284488677978516e+00
3.205270051956176758e+00
-8.153864741325378418e-01
-1.427693814039230347e-01
2.018584728240966797e+00
-1.455370426177978516e+00
4.349656105041503906e+00
2.469483375549316406e+00
4.222521305084228516e+00
9.154438972473144531e+00
-7.091691970825195312e+00
5.358691215515136719e+00
-8.682022094726562500e-01
1.506855010986328125e+01
6.099913597106933594e+00
1.301086246967315674e-01
-1.743372827768325806e-01
-7.050907239317893982e-03
-1.636637806892395020e+00
-6.724501848220825195e-01
-2.130372524261474609e+00
-9.148796200752258301e-01
-4.729842185974121094e+00
-4.844125747680664062e+00
8.875546455383300781e+00
-6.275407075881958008e-01
2.063859701156616211e+00
8.289137840270996094e+00
1.618100643157958984e+00
4.151445865631103516e+00
4.297976493835449219e+00
-5.259383201599121094e+00
8.774985373020172119e-02
8.007177352905273438e+00
7.445664882659912109e+00
8.799331665039062500e+00
8.144436836242675781e+00
4.074665546417236328e+00
1.667672276496887207e+00
4.144061505794525146e-01
2.281350612640380859e+00
-5.764527916908264160e-01
8.561868071556091309e-01
-6.233826160430908203e+00
6.891236901283264160e-01
1.397122740745544434e-01
2.314618825912475586e+00
1.510921597480773926e+00
5.269745826721191406e+00
2.326525688171386719e+00
-1.200489878654479980e+00
-3.339876890182495117e+00
2.661974191665649414e+00
-3.192045450210571289e+00
1.170442700386047363e+00
-1.097741413116455078e+01
9.120265960693359375e+00
-7.581318616867065430e-01
7.362425804138183594e+00
1.862285733222961426e+00
1.370274186134338379e+00
8.947270393371582031e+00
-3.007141351699829102e+00
7.993020057678222656e+00
-2.629052877426147461e+00
-4.891096591949462891e+00
-2.194462537765502930e+00
-4.017970085144042969e+00
-8.517698198556900024e-02
7.413425445556640625e+00
-4.903802871704101562e+00
-5.846801757812500000e+00
-2.230086803436279297e+00
3.772594690322875977e+00
-1.172509860992431641e+01
-8.837923049926757812e+00
-7.270365238189697266e+00
-1.138919830322265625e+01
-1.575787812471389771e-01
3.195323228836059570e+00
-1.979048609733581543e+00
3.372959613800048828e+00
-4.418584823608398438e+00
-1.051195144653320312e+01
1.081573390960693359e+01
1.402837038040161133e+00
-1.958245515823364258e+00
1.727187275886535645e+00
-2.567134618759155273e+00
-1.875124692916870117e+00
3.083302736282348633e+00
5.439984798431396484e+00
1.501048445701599121e+00
-2.621347427368164062e+00
2.413918495178222656e+00
2.025527715682983398e+00
-1.268247842788696289e+00
-1.857154250144958496e+00
-4.842307865619659424e-01
-1.987103700637817383e+00
1.582784533500671387e+00
1.833441406488418579e-01
-8.323992043733596802e-02
7.093170642852783203e+00
-6.416370391845703125e+00
-1.055320358276367188e+01
5.203310966491699219e+00
3.383861064910888672e+00
1.107567667961120605e+00
1.166943168640136719e+01
7.784657955169677734e+00
-6.998203754425048828e+00
3.679627895355224609e+00
8.516756057739257812e+00
6.185914993286132812e+00
-5.003397464752197266e+00
9.763081550598144531e+00
9.575917243957519531e+00
-1.020148944854736328e+01
-6.310323715209960938e+00
-3.096389055252075195e+00
-9.338479042053222656e+00
-8.865157365798950195e-01
2.004459619522094727e+00
5.139995574951171875e+00
6.088542938232421875e+00
-5.091630458831787109e+00
2.425083816051483154e-01
-3.974901914596557617e+00
7.642592906951904297e+00
3.311780214309692383e+00
-1.996568799018859863e+00
1.299477696418762207e+00
-9.541273117065429688e-01
1.787899851799011230e+00
3.755812644958496094e-01
4.247366905212402344e+00
1.174578428268432617e+00
-1.631379961967468262e+00
-8.718766272068023682e-02
-1.715932369232177734e+00
-5.173851966857910156e+00
-1.564771413803100586e+00
3.062992811203002930e+00
-2.747328042984008789e+00
-2.517730951309204102e+00
2.688823938369750977e+00
2.659744262695312500e+00
-1.990181684494018555e+00
-4.416023790836334229e-01
-3.729295015335083008e+00
1.557815551757812500e+00
2.793962955474853516e+00
-2.954634189605712891e+00
-2.917308092117309570e+00
1.786497473716735840e+00
2.990303516387939453e+00
4.289285659790039062e+00
-2.131554186344146729e-01
-2.243139505386352539e+00
-1.309403061866760254e+00
-1.679598331451416016e+00
2.077130556106567383e+00
-3.142918348312377930e+00
-2.375148057937622070e+00
-3.794193565845489502e-01
4.005863666534423828e+00
4.351983070373535156e-01
-9.140220880508422852e-01
-2.204734563827514648e+00
4.580023884773254395e-01
4.049719810485839844e+00
-6.063366308808326721e-02
4.950591087341308594e+00
3.927949070930480957e-02
3.748530149459838867e+00
-8.988726735115051270e-01
4.019625484943389893e-02
-7.552855610847473145e-01
-4.385174274444580078e+00
3.856997251510620117e+00
-1.082102537155151367e+00
3.306075334548950195e+00
-4.843250513076782227e-01
4.624325752258300781e+00
-3.978780508041381836e-01
4.660969734191894531e+00
-2.197452068328857422e+00
2.214904308319091797e+00
4.004058614373207092e-02
6.112601280212402344e+00
1.676888823509216309e+00
2.570252418518066406e-01
5.293698906898498535e-01
2.448617935180664062e+00
4.483471870422363281e+00
-3.425138711929321289e+00
2.584817886352539062e+00
3.778960704803466797e+00
-7.040549516677856445e-01
-3.619036674499511719e+00
1.428480744361877441e+00
-6.896317601203918457e-01
-3.465297222137451172e+00
2.584222471341490746e-03
1.401491403579711914e+00
-2.779759466648101807e-01
-3.367285251617431641e+00
-1.476652860641479492e+00
1.931703090667724609e+00
-1.556091308593750000e-01
2.288208961486816406e+00
-2.417259931564331055e+00
1.442605137825012207e+00
6.610526144504547119e-02
2.856936216354370117e+00
1.112343311309814453e+00
-6.359036564826965332e-01
4.457264423370361328e+00
-2.010217428207397461e+00
-4.539349675178527832e-01
4.959430992603302002e-01
-1.973012924194335938e+00
-2.512821853160858154e-01
3.388815641403198242e+00
-1.518587350845336914e+00
-3.666865825653076172e-01
2.030470848083496094e+00
-8.671431541442871094e-01
2.033284425735473633e+00
1.604400634765625000e+00
-1.031892418861389160e+00
-3.053758442401885986e-01
2.769636154174804688e+00
4.099817872047424316e-01
5.046378374099731445e-01
-1.752243041992187500e+00
1.244454979896545410e+00
1.582719802856445312e+00
-2.191094636917114258e+00
5.273424148559570312e+00
-3.033513545989990234e+00
-2.842302322387695312e+00
-1.673115015029907227e+00
-1.329208135604858398e+00
2.646490573883056641e+00
-2.138216972351074219e+00
4.784760251641273499e-02
-2.383653402328491211e+00
9.277384877204895020e-01
1.942605972290039062e+00
-2.804010629653930664e+00
-5.726475119590759277e-01
4.208254337310791016e+00
5.681180477142333984e+00
8.704485297203063965e-01
-1.127941608428955078e+00
-7.176326122134923935e-03
-6.784229278564453125e-01
2.808730602264404297e+00
-3.885403871536254883e+00
-1.773759365081787109e+00
5.841301679611206055e-01
-1.723204255104064941e+00
-2.246093988418579102e+00
-1.641004085540771484e+00
-2.637531042098999023e+00
-1.823305845260620117e+00
-8.097305297851562500e-01
-1.119515776634216309e+00
-8.154029250144958496e-01
-5.840037465095520020e-01
4.822516918182373047e+00
-1.176919460296630859e+00
4.043758660554885864e-02
-1.898940056562423706e-01
-1.553696274757385254e+00
-3.915857076644897461e+00
-2.581655502319335938e+00
1.546743750572204590e+00
-3.522075891494750977e+00
8.703724741935729980e-01
2.745093584060668945e+00
1.309662461280822754e+00
-1.939911842346191406e+00
-6.288282275199890137e-01
-4.293123722076416016e+00
2.851935863494873047e+00
-1.227843284606933594e+00
-3.330672740936279297e+00
2.743905544281005859e+00
2.264037132263183594e+00
3.420287132263183594e+00
3.209008455276489258e+00
-5.122631192207336426e-01
-3.630605697631835938e+00
1.254515886306762695e+00
-1.084785461425781250e+00
2.130049705505371094e+00
-2.269187450408935547e+00
-7.060584425926208496e-01
1.449454426765441895e+00
3.370321512222290039e+00
-7.527910172939300537e-02
5.273805260658264160e-01
-9.544760584831237793e-01
2.301826238632202148e+00
2.803772687911987305e+00
2.902923822402954102e-01
5.445582419633865356e-02
-1.792482256889343262e+00
2.446739435195922852e+00
-1.618267416954040527e+00
3.307685256004333496e-01
1.340995788574218750e+00
-4.994208812713623047e+00
4.460655689239501953e+00
5.506082773208618164e-01
2.899658918380737305e+00
3.623446822166442871e-01
2.492669820785522461e+00
6.841482520103454590e-01
3.692842483520507812e+00
-7.007884383201599121e-01
-6.337097883224487305e-01
3.830331265926361084e-01
4.526902675628662109e+00
1.859966039657592773e+00
2.897930443286895752e-01
2.812557220458984375e-01
2.450886011123657227e+00
4.389697074890136719e+00
-2.903411149978637695e+00
3.534926891326904297e+00
2.605772972106933594e+00
-7.532790899276733398e-01
-3.445683002471923828e+00
-2.033772706985473633e+00
2.211522102355957031e+00
-2.622320175170898438e+00
2.948327958583831787e-01
7.151079773902893066e-01
-1.853235125541687012e+00
5.429646372795104980e-01
-1.930345535278320312e+00
4.931957244873046875e+00
-2.026418037712574005e-02
2.925210475921630859e+00
-2.366285324096679688e+00
1.870278120040893555e+00
2.848468422889709473e-01
2.088716030120849609e+00
3.542678833007812500e+00
-1.993102788925170898e+00
4.298434734344482422e+00
-5.199864387512207031e+00
1.009067177772521973e+00
-5.651082992553710938e-01
-2.289784193038940430e+00
1.808469653129577637e+00
3.222015142440795898e+00
7.116509675979614258e-01
1.448082923889160156e+00
1.940269351005554199e+00
-1.779941439628601074e+00
1.077329397201538086e+00
2.672190427780151367e+00
-1.002226233482360840e+00
4.641872048377990723e-01
-1.591992020606994629e+00
-1.177062511444091797e+00
-7.351392507553100586e-01
2.539987564086914062e+00
1.478805243968963623e-01
-5.864940285682678223e-01
-3.058122158050537109e+00
5.132535934448242188e+00
-2.907329559326171875e+00
-2.257890701293945312e+00
-1.357637405395507812e+00
-3.435125648975372314e-01
1.866764307022094727e+00
-2.725904703140258789e+00
1.348823904991149902e+00
-3.263853549957275391e+00
1.835619449615478516e+00
7.645986676216125488e-01
-2.176547050476074219e+00
-1.298228979110717773e+00
4.330066204071044922e+00
1.849703788757324219e+00
2.185305118560791016e+00
-2.315684795379638672e+00
1.782234191894531250e+00
-1.408196449279785156e+00
1.755411863327026367e+00
-3.307093143463134766e+00
-3.916210889816284180e+00
2.332975625991821289e+00
-1.367456793785095215e+00
-2.095946550369262695e+00
6.362006533890962601e-04
-1.735922336578369141e+00
-1.033878207206726074e+00
