1.544491004943847656e+01
1.562262058258056641e+01
1.577488422393798828e+01
9.883295059204101562e+00
1.162306213378906250e+01
1.551581001281738281e+01
1.183745384216308594e+01
1.761532974243164062e+01
1.556091690063476562e+01
1.161957073211669922e+01
1.580144309997558594e+01
1.145932102203369141e+01
1.250635814666748047e+01
9.349165916442871094e+00
8.058676719665527344e+00
1.556635475158691406e+01
5.744111061096191406e+00
3.889420270919799805e+00
1.800730943679809570e+00
-8.697846412658691406e+00
9.392270088195800781e+00
3.139563322067260742e+00
3.063193082809448242e+00
-2.518732249736785889e-01
-1.866473853588104248e-01
1.954469442367553711e+00
-1.398166179656982422e+00
4.263297557830810547e+00
1.307428598403930664e+00
4.416659355163574219e+00
9.095011711120605469e+00
-6.950378894805908203e+00
5.125174045562744141e+00
-5.276516675949096680e-01
1.493481922149658203e+01
5.062790870666503906e+00
7.580635547637939453e-01
-3.172921240329742432e-01
1.066832244396209717e-02
-1.918872952461242676e+00
-3.587471544742584229e-01
-1.723488450050354004e+00
-1.152425885200500488e+00
-5.027020454406738281e+00
-5.067354679107666016e+00
8.759611129760742188e+00
-1.107189774513244629e+00
2.449454069137573242e+00
8.595529556274414062e+00
7.717428803443908691e-01
4.277407646179199219e+00
4.009153366088867188e+00
-5.446772098541259766e+00
3.412332236766815186e-01
7.611031532287597656e+00
6.320240497589111328e+00
9.678884506225585938e+00
7.729886531829833984e+00
3.842576980590820312e+00
1.644755125045776367e+00
4.035477340221405029e-01
2.521907329559326172e+00
-3.058403432369232178e-01
1.167167782783508301e+00
-6.112890720367431641e+00
1.109962940216064453e+00
3.657363951206207275e-01
2.119136810302734375e+00
1.740679979324340820e+00
5.194188117980957031e+00
2.236243247985839844e+00
-1.347290158271789551e+00
-3.661059856414794922e+00
1.729907035827636719e+00
-3.047904729843139648e+00
9.611989855766296387e-01
-1.089332199096679688e+01
8.603872299194335938e+00
-5.251098871231079102e-01
6.880826950073242188e+00
1.114406108856201172e+00
5.770590305328369141e-01
8.742235183715820312e+00
-3.353754281997680664e+00
8.466771125793457031e+00
-2.560180664062500000e+00
-4.377025604248046875e+00
-1.918119311332702637e+00
-3.312966585159301758e+00
4.960804879665374756e-01
7.282130241394042969e+00
-5.166835308074951172e+00
-5.442711353302001953e+00
-3.434158325195312500e+00
3.550083398818969727e+00
-1.086452770233154297e+01
-9.079505920410156250e+00
-7.027883529663085938e+00
-1.123038482666015625e+01
-3.094930946826934814e-01
2.680682897567749023e+00
-1.956003785133361816e+00
3.113497495651245117e+00
-5.164508342742919922e+00
-1.051088523864746094e+01
1.068871402740478516e+01
2.025531291961669922e+00
-2.266356706619262695e+00
2.150175571441650391e+00
-2.810397624969482422e+00
-3.751010656356811523e+00
3.531027078628540039e+00
5.430734634399414062e+00
2.014533042907714844e+00
-2.483970403671264648e+00
2.809365034103393555e+00
1.935688734054565430e+00
-1.087507605552673340e+00
-2.316707611083984375e+00
-3.849326372146606445e-01
-2.018932819366455078e+00
1.305058002471923828e+00
2.661456465721130371e-01
1.320960745215415955e-02
6.875103473663330078e+00
-7.283467292785644531e+00
-1.014897441864013672e+01
5.313962936401367188e+00
3.156879663467407227e+00
1.556405305862426758e+00
1.050014686584472656e+01
6.928528308868408203e+00
-6.334198474884033203e+00
3.452807426452636719e+00
8.692922592163085938e+00
6.584601402282714844e+00
-4.542457103729248047e+00
9.230895996093750000e+00
9.563706398010253906e+00
-1.020571613311767578e+01
-6.323721408843994141e+00
-2.539464473724365234e+00
-7.440893173217773438e+00
-2.243246436119079590e-01
2.280886888504028320e+00
4.751240253448486328e+00
6.355736255645751953e+00
-5.373731613159179688e+00
4.134279191493988037e-01
-3.396106243133544922e+00
7.416187763214111328e+00
3.372539758682250977e+00
-1.981628537178039551e+00
1.681562542915344238e+00
-1.106971025466918945e+00
1.719758152961730957e+00
3.621358275413513184e-01
4.006606101989746094e+00
1.370037078857421875e+00
-1.223521590232849121e+00
-9.095634520053863525e-02
-1.278333306312561035e+00
-5.139093399047851562e+00
-1.188331723213195801e+00
3.051940202713012695e+00
-2.428784847259521484e+00
-2.350819826126098633e+00
2.784884452819824219e+00
2.641800165176391602e+00
-1.963073253631591797e+00
-6.113911867141723633e-01
-3.567817211151123047e+00
1.542062878608703613e+00
2.644150018692016602e+00
-2.866631746292114258e+00
-2.622894525527954102e+00
1.827159643173217773e+00
2.998574495315551758e+00
4.241075515747070312e+00
-1.819990724325180054e-01
-2.278039693832397461e+00
-7.708106040954589844e-01
-9.234330654144287109e-01
2.080995321273803711e+00
-3.299035310745239258e+00
-2.534040451049804688e+00
-2.372567728161811829e-02
4.318347454071044922e+00
4.594285190105438232e-01
-8.288189768791198730e-01
-2.090519428253173828e+00
4.223268926143646240e-01
3.472015857696533203e+00
-1.431553602218627930e+00
4.327920913696289062e+00
1.850447058677673340e-01
3.923460245132446289e+00
-9.391014575958251953e-01
6.747634410858154297e-01
-5.969409942626953125e-01
-4.343983650207519531e+00
3.491137027740478516e+00
-9.006195664405822754e-01
3.585500955581665039e+00
-5.721335411071777344e-01
4.502328872680664062e+00
-3.567331433296203613e-01
4.145827770233154297e+00
-2.109520673751831055e+00
2.623543739318847656e+00
5.679169893264770508e-01
6.580041408538818359e+00
2.094290018081665039e+00
5.647568106651306152e-01
4.807384610176086426e-01
2.531835794448852539e+00
3.764246702194213867e+00
-3.262016773223876953e+00
2.306373357772827148e+00
3.932885169982910156e+00
-8.276199698448181152e-01
-3.426627874374389648e+00
1.309273600578308105e+00
-4.266516566276550293e-01
-3.502103805541992188e+00
2.378210723400115967e-01
1.055983781814575195e+00
4.005274772644042969e-01
-3.404909372329711914e+00
-1.588733911514282227e+00
1.962161779403686523e+00
-5.778339505195617676e-01
2.110006332397460938e+00
-2.529785394668579102e+00
2.185710191726684570e+00
1.407902240753173828e-01
2.963693141937255859e+00
7.660913467407226562e-01
-7.000051736831665039e-01
3.954708576202392578e+00
-2.143020868301391602e+00
-2.937670946121215820e-01
6.856359839439392090e-01
-1.226615428924560547e+00
-3.302132338285446167e-02
3.541805028915405273e+00
-4.150726199150085449e-01
-3.828691244125366211e-01
2.251243352890014648e+00
-1.076860427856445312e+00
2.934568166732788086e+00
2.185269117355346680e+00
-9.835031032562255859e-01
-3.939576148986816406e-01
2.934453248977661133e+00
4.174273312091827393e-01
2.408933937549591064e-01
-1.807123899459838867e+00
9.063513278961181641e-01
1.752080798149108887e+00
-2.054288387298583984e+00
4.652836799621582031e+00
-2.657577753067016602e+00
-3.059406042098999023e+00
-1.653148531913757324e+00
-1.345555901527404785e+00
2.934288501739501953e+00
-2.293153762817382812e+00
-4.652935266494750977e-01
-2.280637025833129883e+00
1.232535839080810547e+00
2.704280853271484375e+00
-2.484611272811889648e+00
-7.866286635398864746e-01
3.639482975006103516e+00
5.564026832580566406e+00
1.035328865051269531e+00
-7.717912197113037109e-01
-2.889584600925445557e-01
-5.942602157592773438e-01
3.257740497589111328e+00
-2.748522281646728516e+00
-1.786607861518859863e+00
1.327348351478576660e+00
-1.471212029457092285e+00
-2.110532045364379883e+00
-1.505457758903503418e+00
-2.722705125808715820e+00
-1.705824851989746094e+00
-3.423629999160766602e-01
-1.098346352577209473e+00
-1.723844408988952637e-01
-4.159783422946929932e-01
4.486928462982177734e+00
-8.552523851394653320e-01
-8.129885792732238770e-02
-1.857368499040603638e-01
-1.578334689140319824e+00
-3.698101997375488281e+00
-1.721599340438842773e+00
1.962986946105957031e+00
-3.006294965744018555e+00
6.045563220977783203e-01
3.109673738479614258e+00
1.567935705184936523e+00
-1.728762745857238770e+00
-4.621008932590484619e-01
-3.636228799819946289e+00
2.521470785140991211e+00
-1.115546345710754395e+00
-2.917705059051513672e+00
2.727079868316650391e+00
2.271072387695312500e+00
3.110135316848754883e+00
3.164039611816406250e+00
-4.468156397342681885e-01
-3.356669902801513672e+00
1.251123070716857910e+00
-7.760803103446960449e-01
2.173220872879028320e+00
-2.416384220123291016e+00
-1.175809860229492188e+00
1.223588228225708008e+00
3.326555013656616211e+00
-3.048802912235260010e-01
3.983684778213500977e-01
-7.460954189300537109e-01
1.068274736404418945e+00
1.696055054664611816e+00
-9.207744598388671875e-01
1.140068888664245605e+00
-1.550097942352294922e+00
2.887631177902221680e+00
-1.357456088066101074e+00
7.079582214355468750e-01
5.769696235656738281e-01
-4.599928855895996094e+00
3.855330944061279297e+00
5.258936285972595215e-01
3.168847084045410156e+00
-4.113744571805000305e-02
2.770607948303222656e+00
2.975764870643615723e-01
3.595819950103759766e+00
-9.173750281333923340e-01
1.505517601966857910e+00
5.355154275894165039e-01
4.172591209411621094e+00
2.258547306060791016e+00
3.538096845149993896e-01
2.576149404048919678e-01
2.387544393539428711e+00
2.959428071975708008e+00
-2.647888898849487305e+00
3.606175899505615234e+00
3.447444915771484375e+00
-9.157438874244689941e-01
-3.205071926116943359e+00
-2.078433036804199219e+00
2.123387098312377930e+00
-2.494237422943115234e+00
4.931575357913970947e-01
9.729731827974319458e-02
-1.036482214927673340e+00
3.355564773082733154e-01
-1.548057556152343750e+00
4.676247119903564453e+00
1.335634663701057434e-02
2.712347269058227539e+00
-2.326662540435791016e+00
1.839318633079528809e+00
1.261038035154342651e-01
2.303870201110839844e+00
2.830213785171508789e+00
-1.699005603790283203e+00
4.051759719848632812e+00
-4.866707801818847656e+00
8.149713277816772461e-01
2.133317105472087860e-02
-1.375900030136108398e+00
1.988830089569091797e+00
3.111022710800170898e+00
1.505692899227142334e-01
-3.482658565044403076e-01
2.297758579254150391e+00
-1.361786961555480957e+00
1.893639326095581055e+00
2.587212562561035156e+00
-1.091150879859924316e+00
4.308595955371856689e-01
-1.262362241744995117e+00
-1.468260645866394043e+00
-3.612357079982757568e-01
2.422199964523315430e+00
-7.109224051237106323e-02
-1.998913288116455078e-01
-2.906272649765014648e+00
4.358876705169677734e+00
-2.293488264083862305e+00
-2.377377271652221680e+00
-1.371458053588867188e+00
-4.131312966346740723e-01
2.272990942001342773e+00
-2.647947788238525391e+00
1.105329751968383789e+00
-2.710620164871215820e+00
2.062096357345581055e+00
2.107274770736694336e+00
-6.807597279548645020e-01
-9.830479621887207031e-01
3.649155139923095703e+00
1.909269452095031738e+00
2.187280416488647461e+00
-1.113407015800476074e+00
9.520848989486694336e-01
-1.630454897880554199e+00
2.616772174835205078e+00
-2.600685834884643555e+00
-3.645802974700927734e+00
2.771571397781372070e+00
-1.462813138961791992e+00
-1.921515464782714844e+00
-4.752263799309730530e-02
-1.352743864059448242e+00
-9.436225891113281250e-01
