2.184107780456542969e+00
4.960842609405517578e+00
3.986796140670776367e+00
1.106955647468566895e+00
1.885150551795959473e+00
2.130965232849121094e+00
2.852494478225708008e+00
-2.331282794475555420e-01
4.120823740959167480e-01
2.159127891063690186e-01
-1.108235836029052734e+00
6.829879283905029297e-01
-6.475616693496704102e-01
5.714989453554153442e-02
-1.588625550270080566e+00
-3.640334308147430420e-01
-2.048115730285644531e-01
2.940694987773895264e-01
-2.407178096473217010e-02
-5.494340062141418457e-01
4.648458361625671387e-01
6.950057148933410645e-01
1.328529834747314453e+01
1.538112258911132812e+01
1.375559043884277344e+01
1.743045425415039062e+01
1.905056190490722656e+01
1.907171249389648438e+01
1.973973464965820312e+01
-7.790891528129577637e-01
-5.429299548268318176e-02
1.590952724218368530e-01
2.294416353106498718e-02
3.481190502643585205e-01
-3.829241096973419189e-01
4.847927019000053406e-02
-4.527572691440582275e-01
-8.799786567687988281e-01
-1.163428187370300293e+00
-4.623213037848472595e-02
1.941110193729400635e-01
-9.008673429489135742e-01
3.936997890472412109e+00
2.528138756752014160e-01
1.402025938034057617e+00
-7.960235476493835449e-01
4.129630565643310547e+00
1.661871433258056641e+00
-1.069742441177368164e+00
-1.089263036847114563e-01
1.718065142631530762e-01
5.015615224838256836e-01
-1.614691168069839478e-01
1.810802340507507324e+00
1.775290220975875854e-01
-9.760530591011047363e-01
7.352947711944580078e+00
6.130511164665222168e-01
-1.028667166829109192e-01
1.836762726306915283e-01
9.787438809871673584e-02
6.193268895149230957e-01
-3.369325697422027588e-01
4.869070649147033691e-01
5.213114619255065918e-01
1.257021427154541016e+00
-5.159865319728851318e-02
2.777957618236541748e-01
-1.121043488383293152e-01
4.869424402713775635e-01
-3.513957738876342773e+00
-7.982863187789916992e-01
4.003458321094512939e-01
8.222844600677490234e-01
-5.045520305633544922e+00
-4.072524607181549072e-01
8.144218474626541138e-02
5.733327865600585938e-01
-1.695032715797424316e-01
4.654026627540588379e-01
4.270820692181587219e-02
4.572386145591735840e-01
9.118501096963882446e-02
9.611551761627197266e-01
-2.690275430679321289e+00
1.344933658838272095e-01
-2.409176528453826904e-02
-2.562668323516845703e-01
1.265974789857864380e-01
-2.145079970359802246e-01
2.135742157697677612e-01
-3.306086361408233643e-01
8.713020384311676025e-02
-8.178202509880065918e-01
3.641020357608795166e-01
1.510976403951644897e-01
-1.105206310749053955e-01
-7.179783582687377930e-01
9.481825828552246094e-01
7.490947842597961426e-02
3.654088675975799561e-01
-5.303379893302917480e-01
3.246664762496948242e+00
-1.055416539311408997e-01
7.286468148231506348e-02
-3.360860943794250488e-01
2.060209214687347412e-01
5.150419659912586212e-03
-1.331224888563156128e-01
-2.945343255996704102e-01
3.805808424949645996e-01
-9.561614990234375000e-01
2.236290454864501953e+00
-8.948554284870624542e-03
-8.385146036744117737e-03
6.167274434119462967e-03
9.271956980228424072e-03
-6.132903974503278732e-03
-5.295010283589363098e-03
2.915427321568131447e-03
-3.295618225820362568e-04
-7.231108844280242920e-03
5.547576118260622025e-03
9.399375878274440765e-03
1.573051791638135910e-03
5.441377288661897182e-04
4.869629163295030594e-03
5.185725633054971695e-03
-7.631417247466742992e-04
7.815756835043430328e-03
3.298072842881083488e-03
-2.339035039767622948e-03
2.381934318691492081e-03
8.526894263923168182e-03
4.800913156941533089e-04
-2.086342545226216316e-03
-4.987265914678573608e-03
-9.597384370863437653e-03
5.129941739141941071e-03
-4.453515168279409409e-03
6.949326023459434509e-03
8.985759615898132324e-01
9.308531880378723145e-01
-2.037678241729736328e+00
6.721862554550170898e-01
