1.704389333724975586e+00
-1.561724096536636353e-01
-1.616220116615295410e+00
4.207145690917968750e+00
2.118489980697631836e+00
2.469078063964843750e+00
3.196471452713012695e+00
-1.207716464996337891e-01
2.242280006408691406e+00
3.241470098495483398e+00
7.189344167709350586e-01
4.172517359256744385e-01
3.010010123252868652e-01
3.411405086517333984e-01
-1.781467080116271973e+00
5.151828527450561523e-01
4.771403074264526367e-01
-1.468171924352645874e-01
2.782628238201141357e-01
3.272905349731445312e-01
-3.676325082778930664e-01
-9.324931502342224121e-01
6.908993721008300781e-01
6.805215477943420410e-01
-9.109376668930053711e-01
7.634069770574569702e-02
-7.827945798635482788e-02
2.172017470002174377e-02
8.710640482604503632e-03
-2.503048181533813477e-01
-1.513924300670623779e-01
-3.682235479354858398e-01
-2.896257489919662476e-02
4.300997406244277954e-02
7.806494832038879395e-02
-1.430573612451553345e-01
-3.368453681468963623e-02
6.581081748008728027e-01
-2.208376377820968628e-01
7.943900823593139648e-01
8.050865173339843750e+00
1.023807907104492188e+01
1.319330787658691406e+01
1.367227268218994141e+01
1.583828163146972656e+01
1.508057785034179688e+01
9.486505508422851562e+00
1.760284233093261719e+01
1.923045539855957031e+01
2.258164787292480469e+01
2.461854743957519531e+01
2.608482933044433594e+01
2.585064315795898438e+01
-5.126301050186157227e-01
1.048400878906250000e+00
3.118035197257995605e-02
-1.167446970939636230e+00
1.327695250511169434e+00
3.733546733856201172e-01
7.477773427963256836e-01
2.022775888442993164e+00
-4.943369328975677490e-01
3.360969305038452148e+00
-1.498497366905212402e+00
2.104950994253158569e-01
-1.257099628448486328e+00
1.211811304092407227e+00
6.359035372734069824e-01
-7.771090865135192871e-01
9.444405436515808105e-01
-1.008477568626403809e+00
-9.768413305282592773e-01
6.973170638084411621e-01
7.872940897941589355e-01
8.087761998176574707e-01
-1.274646282196044922e+00
2.707096099853515625e+00
1.722816109657287598e+00
1.663416981697082520e+00
-4.559403419494628906e+00
6.657499670982360840e-01
3.129714727401733398e-01
2.747835159301757812e+00
-3.583003878593444824e-01
-1.243988722562789917e-01
-1.972146183252334595e-01
2.039742231369018555e+00
4.886164188385009766e+00
1.602359294891357422e+00
7.304997444152832031e+00
-1.174792051315307617e+00
1.432309150695800781e-01
-7.575286865234375000e+00
8.020995259284973145e-01
-1.198541402816772461e+00
1.045435428619384766e+00
-3.842519760131835938e+00
-1.096691989898681641e+01
-6.289690017700195312e+00
7.152701169252395630e-02
-2.667697519063949585e-02
-3.738377988338470459e-01
-1.039763092994689941e+00
1.054518148303031921e-01
-1.624809801578521729e-01
-3.814065456390380859e-02
-1.741804003715515137e+00
1.601237654685974121e+00
-1.153657674789428711e+00
1.607099771499633789e+00
-2.915558815002441406e-01
1.127569556236267090e+00
3.796841800212860107e-01
1.178956627845764160e-01
3.303248167037963867e+00
1.353803396224975586e+00
-4.107287406921386719e+00
-5.892586112022399902e-01
-2.902608513832092285e-01
5.742028951644897461e-01
8.575366020202636719e+00
-8.990619659423828125e+00
-1.245691299438476562e+00
1.341493129730224609e+00
-1.232172846794128418e+00
-2.350160360336303711e+00
-1.077367544174194336e+00
4.618497490882873535e-01
-1.783454537391662598e+00
2.775833606719970703e-01
1.261034250259399414e+00
-2.746327817440032959e-01
-1.005441784858703613e+00
3.479498386383056641e+00
-4.820441722869873047e+00
2.122395038604736328e+00
3.225333452224731445e+00
3.647253990173339844e+00
2.529699802398681641e-01
5.311687946319580078e+00
2.552790880203247070e+00
3.718092441558837891e+00
2.247952699661254883e+00
5.056559085845947266e+00
3.414668440818786621e-01
5.981199443340301514e-02
1.018818095326423645e-01
1.956248283386230469e-01
4.686687886714935303e-01
-8.170833587646484375e-01
-2.480248361825942993e-01
1.583469510078430176e-01
-3.954916596412658691e-01
-2.215245246887207031e+00
1.329025030136108398e+00
-4.091982543468475342e-02
3.973710164427757263e-02
2.161204963922500610e-01
1.057111993432044983e-01
3.071185201406478882e-04
-1.100503355264663696e-01
-7.715378701686859131e-02
-7.504609227180480957e-01
-8.946557641029357910e-01
2.153744995594024658e-01
6.788234114646911621e-01
-7.872853875160217285e-01
-3.713553845882415771e-01
3.268863260746002197e-01
7.429410517215728760e-02
1.426700949668884277e+00
3.125775977969169617e-02
-3.881027102470397949e-01
3.416236937046051025e-01
6.173957884311676025e-02
1.776495948433876038e-02
-5.854949727654457092e-02
-2.654475688934326172e+00
9.739707112312316895e-01
-6.933416724205017090e-01
-2.596023797988891602e+00
6.356948018074035645e-01
2.652701139450073242e-01
3.248939216136932373e-01
-5.387399792671203613e-01
-9.287288784980773926e-02
-3.621578812599182129e-01
5.005025386810302734e+00
1.425517499446868896e-01
1.485036134719848633e+00
1.679186522960662842e-01
7.712566107511520386e-02
5.979237332940101624e-02
3.099087476730346680e-01
-7.784356921911239624e-02
2.035754621028900146e-01
-6.321446299552917480e-01
6.339019536972045898e-01
-7.009189128875732422e-01
5.506762266159057617e-01
-9.181262850761413574e-01
3.246955573558807373e-01
2.113605290651321411e-02
-1.642822474241256714e-02
-3.099941015243530273e-01
-1.226107358932495117e+00
-1.124051213264465332e+00
-5.273097753524780273e-01
8.319594860076904297e-01
-2.802953720092773438e-01
-4.665602371096611023e-02
4.616420865058898926e-01
9.131414413452148438e+00
1.148171663284301758e+00
-2.602834403514862061e-01
4.476304352283477783e-01
4.990499317646026611e-01
9.493879675865173340e-01
-4.685743749141693115e-01
6.366285085678100586e-01
1.802174001932144165e-01
-3.053219020366668701e-01
5.677860975265502930e-01
-9.291958063840866089e-02
-2.465198785066604614e-01
1.675999164581298828e+00
-6.244945526123046875e-01
-1.496584899723529816e-02
-5.125585198402404785e-01
-5.701904773712158203e+00
7.730947136878967285e-01
-6.659667491912841797e-01
6.812388896942138672e-01
1.577834963798522949e+00
2.600105762481689453e+00
-7.357224822044372559e-02
-2.362478524446487427e-01
2.271833419799804688e-01
-7.477273233234882355e-03
-2.143708467483520508e-01
-5.846656560897827148e-01
1.522930026054382324e+00
-4.262676239013671875e-01
-5.084374174475669861e-02
9.141554832458496094e-01
4.311138093471527100e-01
3.985843956470489502e-01
3.802891448140144348e-02
-4.634057879447937012e-01
-8.154386281967163086e-02
-4.438699185848236084e-01
3.143387138843536377e-01
2.870092093944549561e-01
1.743555784225463867e+00
2.718207538127899170e-01
-2.201825678348541260e-01
-2.353713214397430420e-01
8.694201707839965820e-01
-6.321598291397094727e-01
3.117480501532554626e-02
-5.342282056808471680e-01
1.105021953582763672e+00
-2.720455229282379150e-01
6.479808688163757324e-02
6.465817689895629883e-01
-3.322782739996910095e-02
3.023082613945007324e-01
-1.886768788099288940e-01
-5.862818956375122070e-01
-1.058994054794311523e+00
-1.245400533080101013e-01
-2.262327194213867188e+00
1.943782418966293335e-01
-6.561098154634237289e-03
-9.164927005767822266e-01
-2.456398159265518188e-01
3.605816364288330078e-01
8.584080934524536133e-01
1.619149684906005859e+00
1.801822185516357422e+00
4.355934560298919678e-01
8.443646132946014404e-02
7.355954498052597046e-02
-1.377658963203430176e+00
3.900338411331176758e-01
2.125638127326965332e-01
-5.289948582649230957e-01
-3.677373230457305908e-01
3.106364905834197998e-01
-3.736995533108711243e-02
1.982353776693344116e-01
1.569559335708618164e+00
-9.872116893529891968e-02
-3.900461494922637939e-01
5.528976023197174072e-02
7.436105515807867050e-03
-2.587476074695587158e-01
-2.414514571428298950e-01
5.122722148895263672e+00
-1.703059077262878418e-01
-7.124843597412109375e-01
9.006863236427307129e-01
4.253212928771972656e+00
9.008240699768066406e-01
1.765774011611938477e+00
-1.950607150793075562e-01
2.158631756901741028e-02
6.914465427398681641e-01
4.079136848449707031e-01
1.295081824064254761e-01
2.201750129461288452e-01
6.873474270105361938e-02
-3.915278613567352295e-01
-4.710194468498229980e-01
-2.343747615814208984e-01
-8.953250050544738770e-01
3.529900610446929932e-01
-1.525029540061950684e+00
-9.162320494651794434e-01
-9.126505851745605469e-01
-5.789744853973388672e-01
-1.691616773605346680e+00
-9.916703701019287109e-01
8.426916003227233887e-01
-1.059556722640991211e+00
-1.352367520332336426e+00
-8.829058147966861725e-03
-7.701708003878593445e-03
4.518193658441305161e-03
6.828550249338150024e-03
-7.428460288792848587e-03
8.738419041037559509e-03
9.107375517487525940e-03
-2.356222365051507950e-03
7.292558904737234116e-03
3.269702196121215820e-03
-7.081165444105863571e-03
9.730268269777297974e-03
-9.350755251944065094e-03
2.429366810247302055e-03
-1.217458979226648808e-03
2.939287805929780006e-03
7.275485433638095856e-03
6.417590659111738205e-03
7.659182418137788773e-03
-7.277755998075008392e-03
9.827313944697380066e-03
-6.112672854214906693e-04
3.509459493216127157e-04
-2.664682979229837656e-04
-4.076903685927391052e-03
-9.540105238556861877e-03
2.154103247448801994e-03
5.820023827254772186e-03
2.554248785600066185e-03
-4.503020085394382477e-03
4.755719099193811417e-03
4.212859494145959616e-04
4.148788284510374069e-03
7.903915829956531525e-03
-4.619289655238389969e-03
7.192926947027444839e-03
-8.474414236843585968e-03
-8.383114822208881378e-03
-8.018846623599529266e-03
7.734181825071573257e-03
5.444873240776360035e-04
-2.126934938132762909e-03
1.667235628701746464e-03
9.060372598469257355e-03
-6.130284164100885391e-03
7.177093997597694397e-03
4.404686391353607178e-03
-9.469824843108654022e-03
-1.258970936760306358e-03
-5.545484833419322968e-03
-6.389529909938573837e-03
4.980485886335372925e-03
-1.748628565110266209e-04
-6.464545615017414093e-03
8.117985911667346954e-03
-5.468769930303096771e-03
3.198376856744289398e-03
3.555130388122051954e-04
1.586404046975076199e-03
9.477112442255020142e-03
6.336894351989030838e-03
5.327627528458833694e-03
4.708478692919015884e-03
9.400287643074989319e-03
5.268771201372146606e-03
4.093771334737539291e-03
9.879957651719450951e-04
2.552162623032927513e-04
-5.819736048579216003e-03
1.112631987780332565e-03
5.696088075637817383e-03
-8.911174954846501350e-04
4.910649731755256653e-03
6.711441557854413986e-03
7.133327424526214600e-03
-9.889350272715091705e-03
7.261028047651052475e-03
-9.004745632410049438e-03
-9.056669659912586212e-03
9.324275888502597809e-03
-5.866212304681539536e-03
1.965119736269116402e-03
1.346417702734470367e-03
-8.093928918242454529e-04
-2.213913714513182640e-03
7.906897924840450287e-03
-8.374938741326332092e-03
-5.295972805470228195e-03
-8.329956792294979095e-03
1.062995288521051407e-03
1.009820145554840565e-03
1.597761750221252441e+00
9.025871157646179199e-01
-1.580280542373657227e+00
6.176069378852844238e-01
