1.093193626403808594e+01
1.544504165649414062e+01
1.557762908935546875e+01
1.548187732696533203e+01
1.057735919952392578e+01
1.123749637603759766e+01
1.544461917877197266e+01
1.544451522827148438e+01
1.087933635711669922e+01
1.251307678222656250e+01
9.980542182922363281e+00
1.170789813995361328e+01
1.549419689178466797e+01
6.737349510192871094e+00
1.591596508026123047e+01
1.546553897857666016e+01
4.696331024169921875e+00
-3.160058975219726562e+00
-2.201892435550689697e-01
7.449237346649169922e+00
3.549517154693603516e+00
1.974504947662353516e+00
-4.509624004364013672e+00
7.287162780761718750e+00
9.680036902427673340e-01
1.184511089324951172e+01
4.212504625320434570e-02
4.956711292266845703e+00
-3.327717542648315430e+00
-7.809504985809326172e+00
6.626879692077636719e+00
5.390836238861083984e+00
3.641850650310516357e-01
1.231895759701728821e-01
-4.210178852081298828e+00
-1.054024505615234375e+01
-4.710970878601074219e+00
5.441542625427246094e+00
4.932710170745849609e+00
5.831310749053955078e+00
2.855055332183837891e+00
2.294714212417602539e+00
8.975164413452148438e+00
-2.619042396545410156e+00
7.555949687957763672e+00
-1.066777467727661133e+00
-7.648476362228393555e-01
2.023552417755126953e+00
-7.683889269828796387e-01
1.000042557716369629e+00
-6.375059485435485840e-01
1.320136070251464844e+00
-1.508228421211242676e+00
-3.845941722393035889e-01
-1.975547522306442261e-01
7.825510501861572266e-01
2.377346754074096680e-01
7.740054726600646973e-01
-2.553126573562622070e+00
-2.194839239120483398e+00
-7.945904731750488281e-01
1.240029335021972656e+00
5.048173427581787109e+00
-2.727662324905395508e+00
4.298584938049316406e+00
-4.471863806247711182e-02
7.613752365112304688e+00
-5.159051418304443359e+00
-6.257254600524902344e+00
-2.146313786506652832e-01
1.679127335548400879e+00
1.224488139152526855e+00
7.468122482299804688e+00
-4.335878849029541016e+00
6.613964438438415527e-01
9.077658653259277344e+00
2.963382959365844727e+00
6.215945243835449219e+00
-7.497768402099609375e+00
3.933212041854858398e+00
-5.774376392364501953e-01
3.789338588714599609e+00
6.686398029327392578e+00
1.187996387481689453e+00
-6.612299919128417969e+00
-8.722123146057128906e+00
-6.381714344024658203e+00
7.792774200439453125e+00
3.033030033111572266e+00
1.186534464359283447e-01
-1.068926975131034851e-01
-6.429132938385009766e+00
1.309888005256652832e+00
1.718117356300354004e+00
-2.606715917587280273e+00
-9.346527099609375000e+00
1.122464656829833984e+01
2.320788860321044922e+00
4.111642360687255859e+00
2.444322109222412109e+00
-8.067031860351562500e+00
-6.559613227844238281e+00
6.701961994171142578e+00
-2.052132368087768555e+00
1.653033375740051270e+00
-1.806619286537170410e+00
1.382271885871887207e+00
2.086898565292358398e+00
-7.025413513183593750e+00
-2.514249324798583984e+00
1.321163368225097656e+01
6.091771125793457031e+00
1.595824658870697021e-01
2.243266582489013672e+00
3.854717969894409180e+00
3.365097343921661377e-01
6.424817562103271484e+00
3.970607519149780273e+00
-1.447153985500335693e-01
6.034090518951416016e+00
1.237932586669921875e+01
-4.126042366027832031e+00
3.154540777206420898e+00
2.633872032165527344e+00
6.392443180084228516e+00
-4.951728820800781250e+00
1.242517566680908203e+01
7.541041970252990723e-01
-3.896395921707153320e+00
-6.405994415283203125e+00
-2.818121194839477539e+00
3.756018400192260742e+00
-3.558584690093994141e+00
1.203236484527587891e+01
4.894138813018798828e+00
1.311354756355285645e+00
2.723642587661743164e+00
-4.837287902832031250e+00
-1.499959111213684082e+00
-7.799362659454345703e+00
-1.725957274436950684e+00
-3.152598857879638672e+00
3.192405223846435547e+00
1.477766185998916626e-01
-3.804119825363159180e+00
-2.439650297164916992e-01
1.327388525009155273e+00
-3.565265417098999023e+00
-7.941459655761718750e+00
-3.933602809906005859e+00
-5.239293575286865234e-01
6.956903934478759766e+00
2.009349107742309570e+00
-3.472582101821899414e+00
7.875705957412719727e-01
2.703651189804077148e-01
3.763756990432739258e+00
1.056213378906250000e+00
3.200677871704101562e+00
-2.645745992660522461e+00
-2.927524805068969727e+00
4.718863964080810547e+00
1.364916205406188965e+00
-7.237001657485961914e-01
1.700861930847167969e+00
1.181953549385070801e+00
5.381090641021728516e-01
-3.213121414184570312e+00
-3.952355384826660156e-01
-7.151219248771667480e-01
3.131952762603759766e+00
2.792690038681030273e+00
3.559917688369750977e+00
1.096748352050781250e+00
1.871636062860488892e-01
3.324751853942871094e+00
1.366199612617492676e+00
-2.528402805328369141e+00
-1.884229779243469238e+00
-1.293519258499145508e+00
2.698857545852661133e+00
1.560779690742492676e+00
7.946932911872863770e-01
-1.838868379592895508e+00
1.451373219490051270e+00
3.347203731536865234e-01
-7.011976838111877441e-01
-1.395359486341476440e-01
6.632476449012756348e-01
3.087600469589233398e-01
-1.398138523101806641e+00
-1.555683761835098267e-01
-1.219521999359130859e+00
-2.117286920547485352e-01
7.455846667289733887e-01
-4.939080774784088135e-01
1.701663434505462646e-01
-2.249341607093811035e-01
3.058768749237060547e+00
-1.727185487747192383e+00
2.130324363708496094e+00
-8.972505927085876465e-01
-1.868602752685546875e+00
-3.207834720611572266e+00
4.403362274169921875e+00
-3.169054985046386719e+00
-3.218952417373657227e-01
2.891987800598144531e+00
-5.283940434455871582e-01
1.549744129180908203e+00
-2.439723014831542969e+00
-1.758415579795837402e+00
3.144329547882080078e+00
-2.417079687118530273e+00
3.443425893783569336e+00
-2.403193712234497070e+00
-3.824060440063476562e+00
-4.541487619280815125e-02
2.491089105606079102e+00
2.019984722137451172e+00
6.533459424972534180e-01
-7.490140199661254883e-01
-2.577465772628784180e-01
-2.762964963912963867e+00
-1.940875500440597534e-01
-8.017700910568237305e-01
2.271881341934204102e+00
-1.639196038246154785e+00
8.728216588497161865e-02
4.572683334350585938e+00
2.727330207824707031e+00
-1.609349370002746582e+00
4.649455547332763672e-01
-2.527350187301635742e+00
2.148567438125610352e+00
-2.990813016891479492e+00
2.389544010162353516e+00
-3.628178834915161133e+00
-1.480747461318969727e+00
-1.147463321685791016e+00
-1.558142542839050293e+00
3.341698169708251953e+00
2.731291532516479492e+00
-2.822955369949340820e+00
-2.866168498992919922e+00
4.799392700195312500e+00
-1.194368958473205566e+00
2.413378357887268066e-01
-2.293406009674072266e+00
4.639441013336181641e+00
-2.212064415216445923e-01
3.029899358749389648e+00
1.192157387733459473e+00
7.920647859573364258e-01
2.072736173868179321e-01
3.288142204284667969e+00
-1.500564336776733398e+00
6.937164664268493652e-01
3.319232940673828125e+00
-2.141725778579711914e+00
-3.405399918556213379e-01
6.392926573753356934e-01
-3.842498660087585449e-01
-3.134141206741333008e+00
2.424986839294433594e+00
3.434265375137329102e+00
-1.701232910156250000e+00
3.894821882247924805e+00
2.741688013076782227e+00
-1.273362636566162109e+00
4.364888191223144531e+00
2.487633705139160156e+00
4.743897318840026855e-01
-3.468320608139038086e+00
3.713039159774780273e+00
1.060802936553955078e+00
2.835700511932373047e+00
3.645806074142456055e+00
-1.042109727859497070e+00
1.253391981124877930e+00
-9.493874311447143555e-01
4.012191295623779297e+00
-1.759484052658081055e+00
-4.334759712219238281e+00
-6.642409563064575195e-01
-1.454710364341735840e+00
3.518760681152343750e+00
3.414100110530853271e-01
4.146256744861602783e-01
-2.043716192245483398e+00
-9.256904721260070801e-01
4.565662145614624023e-01
3.475741147994995117e+00
2.018866539001464844e+00
2.245077371597290039e+00
-3.025344610214233398e+00
-2.686655044555664062e+00
3.284833669662475586e+00
2.402297258377075195e+00
-1.577641487121582031e+00
2.576968431472778320e+00
-1.037055373191833496e+00
1.627434134483337402e+00
-2.628005981445312500e+00
-9.472861886024475098e-02
-2.734820842742919922e-01
3.573974370956420898e+00
1.741465449333190918e+00
3.601658582687377930e+00
7.289612889289855957e-01
1.875605434179306030e-01
3.718790292739868164e+00
1.564293980598449707e+00
-2.241716146469116211e+00
-2.532229661941528320e+00
-1.769012689590454102e+00
3.980392217636108398e+00
7.259068489074707031e-01
1.160551428794860840e+00
-3.356360197067260742e-01
1.010738253593444824e+00
2.522273361682891846e-01
-1.383359730243682861e-02
1.985522806644439697e-01
6.461066603660583496e-01
-3.828171193599700928e-01
1.175151348114013672e+00
-1.474974304437637329e-01
6.258116364479064941e-01
4.099141657352447510e-01
-3.469080030918121338e-01
-9.651637673377990723e-01
-3.056373298168182373e-01
2.054838985204696655e-01
2.954503774642944336e+00
-1.513826966285705566e+00
1.945971012115478516e+00
-5.938448309898376465e-01
-1.221455097198486328e+00
-2.906003236770629883e+00
3.790908336639404297e+00
-2.382696390151977539e+00
-7.392867803573608398e-01
3.327118396759033203e+00
-2.162996232509613037e-01
2.493782043457031250e+00
-2.239492893218994141e+00
-9.684925079345703125e-01
2.204653501510620117e+00
-3.277275085449218750e+00
2.932461500167846680e+00
-1.861542940139770508e+00
-3.096663236618041992e+00
6.547282934188842773e-01
2.687056303024291992e+00
1.710382461547851562e+00
1.180133104324340820e+00
-1.599502682685852051e+00
6.076656281948089600e-02
-1.986136078834533691e+00
1.093282550573348999e-01
-9.434165358543395996e-01
3.414392232894897461e+00
-1.710184335708618164e+00
-7.729032635688781738e-01
4.043066024780273438e+00
4.174191951751708984e+00
-2.164665937423706055e+00
9.867624640464782715e-01
-2.397099494934082031e+00
1.966073274612426758e+00
-2.928704500198364258e+00
2.340501546859741211e+00
-2.923493146896362305e+00
-6.965864300727844238e-01
-7.844552993774414062e-01
-1.680884361267089844e+00
3.369244098663330078e+00
2.822166204452514648e+00
-2.055050611495971680e+00
-2.753962993621826172e+00
2.705615282058715820e+00
-1.051831960678100586e+00
3.967208266258239746e-01
-1.373752117156982422e+00
3.317881107330322266e+00
-3.793517053127288818e-01
2.249922513961791992e+00
1.372947096824645996e+00
8.593114614486694336e-01
2.407200038433074951e-01
3.709697723388671875e+00
-1.090524673461914062e+00
-9.410218596458435059e-01
3.712126255035400391e+00
-2.410794973373413086e+00
-8.647668361663818359e-01
1.352170109748840332e+00
1.377840042114257812e-01
-2.957855463027954102e+00
1.849547863006591797e+00
3.432034015655517578e+00
-8.454647064208984375e-01
3.867581844329833984e+00
2.767758369445800781e+00
-1.209613561630249023e+00
5.132129192352294922e+00
1.478986620903015137e+00
2.442363202571868896e-01
-3.126948118209838867e+00
3.456238269805908203e+00
-1.302047520875930786e-01
3.467202186584472656e+00
3.045166730880737305e+00
-1.087554216384887695e+00
7.949908971786499023e-01
-3.366739749908447266e-01
3.187975168228149414e+00
-2.472122430801391602e+00
-3.875571012496948242e+00
-4.652087688446044922e-01
-2.160573959350585938e+00
3.472367286682128906e+00
1.227993816137313843e-01
-6.366802453994750977e-01
