1.124424362182617188e+01
1.543623256683349609e+01
1.548342132568359375e+01
1.543610382080078125e+01
1.087512969970703125e+01
1.159500598907470703e+01
1.543606853485107422e+01
1.543606376647949219e+01
1.118170833587646484e+01
1.242607402801513672e+01
9.981576919555664062e+00
1.195925903320312500e+01
1.543616580963134766e+01
7.357844829559326172e+00
1.543615818023681641e+01
1.543610095977783203e+01
4.620216846466064453e+00
-3.173610925674438477e+00
-5.170307159423828125e-01
7.320902824401855469e+00
2.863230228424072266e+00
1.430142879486083984e+00
-4.675678730010986328e+00
7.021924972534179688e+00
4.093789756298065186e-01
1.143142509460449219e+01
-1.270983517169952393e-01
4.569886207580566406e+00
-3.904483318328857422e+00
-7.533629894256591797e+00
6.647237777709960938e+00
5.674563407897949219e+00
4.619064033031463623e-01
-3.166208863258361816e-01
-4.064453125000000000e+00
-1.034681987762451172e+01
-4.435595989227294922e+00
5.206385612487792969e+00
4.422751426696777344e+00
5.543869972229003906e+00
2.576785087585449219e+00
2.618158340454101562e+00
8.821392059326171875e+00
-2.629675626754760742e+00
6.976214408874511719e+00
-5.275078415870666504e-01
-8.965998888015747070e-01
2.113922119140625000e+00
4.446854069828987122e-02
5.857664346694946289e-01
-4.812392294406890869e-01
-1.578564494848251343e-01
2.839404940605163574e-01
-2.758278548717498779e-01
-4.056966900825500488e-01
6.555542945861816406e-01
3.139428794384002686e-01
2.593965530395507812e-01
-2.436377286911010742e+00
-1.007473945617675781e+00
-5.476840734481811523e-01
1.176752328872680664e+00
4.921854496002197266e+00
-2.680493116378784180e+00
4.253767967224121094e+00
2.603074312210083008e-01
7.892693519592285156e+00
-4.866487026214599609e+00
-6.006122112274169922e+00
3.818483650684356689e-02
1.599078059196472168e+00
9.265435338020324707e-01
7.602279663085937500e+00
-4.118334293365478516e+00
2.181374579668045044e-01
9.067110061645507812e+00
2.975038528442382812e+00
5.754109382629394531e+00
-7.936401367187500000e+00
3.775025606155395508e+00
-8.914822340011596680e-01
3.380884170532226562e+00
6.373562812805175781e+00
8.958175182342529297e-01
-6.520711421966552734e+00
-8.663064002990722656e+00
-6.000704765319824219e+00
7.722731113433837891e+00
2.266481399536132812e+00
-2.374482452869415283e-01
-2.418822236359119415e-02
-6.162228107452392578e+00
1.350593924522399902e+00
1.806477069854736328e+00
-2.975462198257446289e+00
-8.837071418762207031e+00
1.094253635406494141e+01
2.145257234573364258e+00
4.173214912414550781e+00
2.490681171417236328e+00
-8.123494148254394531e+00
-6.739924430847167969e+00
6.707274436950683594e+00
-2.098787546157836914e+00
1.621820926666259766e+00
-1.565660715103149414e+00
1.446199536323547363e+00
2.465625524520874023e+00
-6.706444263458251953e+00
-2.465314149856567383e+00
1.269564342498779297e+01
5.979115009307861328e+00
-6.221977621316909790e-02
2.279900312423706055e+00
3.091887235641479492e+00
3.583045005798339844e-01
6.092050552368164062e+00
3.767704010009765625e+00
-5.229742527008056641e-01
5.795866489410400391e+00
1.226641082763671875e+01
-4.134034156799316406e+00
2.447251319885253906e+00
2.517976522445678711e+00
6.390208721160888672e+00
-5.340161323547363281e+00
1.184231567382812500e+01
7.844296693801879883e-01
-3.793030261993408203e+00
-6.685067176818847656e+00
-2.983802318572998047e+00
3.872796773910522461e+00
-3.877955198287963867e+00
1.188833713531494141e+01
3.951814174652099609e+00
1.752078533172607422e+00
2.646072387695312500e+00
-5.051905632019042969e+00
-1.452208995819091797e+00
-7.976871967315673828e+00
-1.840659499168395996e+00
-3.384450912475585938e+00
3.213855028152465820e+00
-1.022389903664588928e-01
-3.758153200149536133e+00
-3.432870209217071533e-01
1.918069601058959961e+00
-4.001951217651367188e+00
-7.663415908813476562e+00
-3.382816791534423828e+00
-8.246570825576782227e-01
7.007902145385742188e+00
2.048661231994628906e+00
-3.059766769409179688e+00
-5.712129920721054077e-02
3.232355415821075439e-01
3.870272397994995117e+00
1.418530464172363281e+00
3.177440404891967773e+00
-2.974640369415283203e+00
-2.961983442306518555e+00
4.686283111572265625e+00
1.747573256492614746e+00
-7.478361725807189941e-01
1.762589097023010254e+00
6.576523780822753906e-01
9.593378305435180664e-01
-3.217335462570190430e+00
-1.093986392021179199e+00
3.164804540574550629e-03
3.235995531082153320e+00
2.913552045822143555e+00
3.292878866195678711e+00
9.859043955802917480e-01
6.325979232788085938e-01
3.340425729751586914e+00
1.775804877281188965e+00
-2.940706491470336914e+00
-2.000564098358154297e+00
-1.299846291542053223e+00
3.615630626678466797e+00
1.053537011146545410e+00
9.305981397628784180e-01
-1.541153192520141602e+00
9.621664881706237793e-01
2.582427300512790680e-02
-2.367046028375625610e-01
-1.557727456092834473e-01
6.915807127952575684e-01
1.713275462388992310e-01
-4.048599600791931152e-01
-3.787772729992866516e-02
-5.502694249153137207e-01
-3.681133985519409180e-01
3.518826365470886230e-01
-3.028014004230499268e-01
-9.236726164817810059e-02
-5.278440117835998535e-01
2.935489416122436523e+00
-2.367854118347167969e+00
2.056658506393432617e+00
-1.116227626800537109e+00
-2.174908876419067383e+00
-3.177843570709228516e+00
4.254943370819091797e+00
-3.153650760650634766e+00
-5.484842658042907715e-01
3.194773197174072266e+00
-5.033247470855712891e-01
1.544627308845520020e+00
-2.268948316574096680e+00
-1.831455826759338379e+00
3.296654224395751953e+00
-2.144363164901733398e+00
3.966598749160766602e+00
-2.514786005020141602e+00
-3.611522674560546875e+00
2.366751581430435181e-01
2.622052669525146484e+00
2.055650234222412109e+00
5.347824096679687500e-01
-7.950809597969055176e-01
-4.148794114589691162e-01
-2.899150609970092773e+00
-3.675014078617095947e-01
-9.900899529457092285e-01
2.641975164413452148e+00
-1.970702886581420898e+00
1.325251162052154541e-01
4.472834110260009766e+00
3.281983852386474609e+00
-1.418080449104309082e+00
7.045950889587402344e-01
-2.474302291870117188e+00
2.407609939575195312e+00
-2.685310840606689453e+00
2.353516101837158203e+00
-3.596597909927368164e+00
-1.304180741310119629e+00
-1.062313914299011230e+00
-1.469279170036315918e+00
3.268309593200683594e+00
2.648254632949829102e+00
-2.716661214828491211e+00
-2.672279596328735352e+00
4.344791889190673828e+00
-7.327677607536315918e-01
6.864394545555114746e-01
-2.188218116760253906e+00
4.329767227172851562e+00
-3.277171552181243896e-01
2.666090965270996094e+00
1.231991648674011230e+00
6.853616237640380859e-01
4.228780567646026611e-01
3.653640985488891602e+00
-1.314643621444702148e+00
9.032826423645019531e-01
3.270148515701293945e+00
-2.277762413024902344e+00
-2.587704956531524658e-01
8.607686161994934082e-01
-4.768048226833343506e-01
-3.155451059341430664e+00
2.152721405029296875e+00
3.669716835021972656e+00
-1.609348654747009277e+00
3.812903881072998047e+00
2.904350996017456055e+00
-1.149012565612792969e+00
5.119276523590087891e+00
2.095755338668823242e+00
5.028988718986511230e-01
-3.351201057434082031e+00
3.858905076980590820e+00
1.130397200584411621e+00
2.654610633850097656e+00
3.587172031402587891e+00
-1.041663289070129395e+00
1.393634915351867676e+00
-1.047750830650329590e+00
4.054623126983642578e+00
-2.194732904434204102e+00
-3.924925327301025391e+00
-7.792122364044189453e-01
-1.428665518760681152e+00
3.703350543975830078e+00
2.659202218055725098e-01
8.200230002403259277e-01
-2.228628873825073242e+00
-4.540306329727172852e-01
2.900621592998504639e-01
3.885104656219482422e+00
1.856788635253906250e+00
2.340101718902587891e+00
-2.795805931091308594e+00
-2.374310016632080078e+00
3.374080419540405273e+00
2.519680261611938477e+00
-1.347982168197631836e+00
2.710881471633911133e+00
-1.433214824646711349e-02
1.453473210334777832e+00
-2.650872230529785156e+00
-7.956712841987609863e-01
-1.904761344194412231e-01
3.567255020141601562e+00
1.909971952438354492e+00
3.282562017440795898e+00
7.043059468269348145e-01
6.572659015655517578e-01
3.513278007507324219e+00
1.922250628471374512e+00
-2.563875913619995117e+00
-2.351045608520507812e+00
-1.712994456291198730e+00
4.217127323150634766e+00
4.679554700851440430e-01
1.045217871665954590e+00
-4.910974502563476562e-01
5.115996599197387695e-01
9.195168316364288330e-02
-1.185460835695266724e-01
3.213002681732177734e-01
6.543215513229370117e-01
-3.990957438945770264e-01
-1.860166937112808228e-01
-3.149561285972595215e-01
1.550861746072769165e-01
6.511025130748748779e-02
5.369109511375427246e-01
-6.014798283576965332e-01
-2.663766145706176758e-01
-1.880611479282379150e-01
2.856220960617065430e+00
-2.196550130844116211e+00
1.935657501220703125e+00
-6.659690737724304199e-01
-1.603595495223999023e+00
-2.972335338592529297e+00
3.672128200531005859e+00
-2.271099805831909180e+00
-9.409035444259643555e-01
3.439717292785644531e+00
-1.069940179586410522e-01
2.359004974365234375e+00
-2.062182426452636719e+00
-1.173893094062805176e+00
2.332706689834594727e+00
-2.869471311569213867e+00
3.700934648513793945e+00
-1.853967070579528809e+00
-2.950348377227783203e+00
8.146733641624450684e-01
2.744910478591918945e+00
2.127143621444702148e+00
6.396076679229736328e-01
-1.403980851173400879e+00
-2.073824256658554077e-01
-2.040802001953125000e+00
7.294335961341857910e-02
-1.343524694442749023e+00
3.706794738769531250e+00
-1.942473888397216797e+00
-5.082029104232788086e-01
3.951738357543945312e+00
4.323265552520751953e+00
-1.797269225120544434e+00
1.077649831771850586e+00
-2.366992950439453125e+00
2.144214868545532227e+00
-2.512737989425659180e+00
2.363231182098388672e+00
-2.905629158020019531e+00
-5.910269618034362793e-01
-7.077937722206115723e-01
-1.467133045196533203e+00
3.238877058029174805e+00
2.789661884307861328e+00
-1.961880087852478027e+00
-2.184736490249633789e+00
2.674988985061645508e+00
-7.655516862869262695e-01
5.784799456596374512e-01
-1.278402686119079590e+00
3.851990222930908203e+00
-7.193455696105957031e-01
2.179172277450561523e+00
1.645829677581787109e+00
9.889824390411376953e-01
3.014491200447082520e-01
4.126150131225585938e+00
-8.780931234359741211e-01
5.533005595207214355e-01
3.334217786788940430e+00
-2.464584827423095703e+00
-5.636637806892395020e-01
1.504570245742797852e+00
1.285706609487533569e-01
-2.951204299926757812e+00
2.242800951004028320e+00
3.384380102157592773e+00
-6.004642248153686523e-01
3.813679933547973633e+00
2.905632257461547852e+00
-1.097251772880554199e+00
5.566129207611083984e+00
1.332076311111450195e+00
2.182597368955612183e-01
-3.204583883285522461e+00
3.531835556030273438e+00
3.690931499004364014e-01
3.155254364013671875e+00
3.140647411346435547e+00
-1.106751799583435059e+00
9.905782341957092285e-01
-4.810441136360168457e-01
3.305814743041992188e+00
-2.320191860198974609e+00
-4.296017169952392578e+00
-2.677923440933227539e-01
-1.748612403869628906e+00
3.579759836196899414e+00
-1.118462905287742615e-02
-5.798505544662475586e-01
