1.839544486999511719e+01
1.554452228546142578e+01
6.033946514129638672e+00
1.577213478088378906e+01
1.299268054962158203e+01
8.697117805480957031e+00
1.544426822662353516e+01
1.535901737213134766e+01
1.608679580688476562e+01
6.123761177062988281e+00
1.623550605773925781e+01
8.623744964599609375e+00
-2.736596822738647461e+00
2.352079898118972778e-01
-3.423404097557067871e-01
-8.101031303405761719e+00
7.294519901275634766e+00
2.883723735809326172e+00
-8.191931724548339844e+00
5.405261039733886719e+00
-4.213436126708984375e+00
3.978997945785522461e+00
-3.367633819580078125e+00
6.374660968780517578e+00
1.996340274810791016e+00
-1.334339857101440430e+00
2.616697072982788086e+00
5.696089863777160645e-01
-2.032674998044967651e-01
-9.406352043151855469e-01
-4.716129899024963379e-01
1.053758502006530762e+00
1.703748226165771484e+00
-2.940122187137603760e-01
2.004284381866455078e+00
-1.048116922378540039e+00
-3.085535287857055664e+00
-9.819743156433105469e+00
2.753437757492065430e+00
-2.460264205932617188e+00
1.680631256103515625e+01
-8.866199493408203125e+00
-4.155144214630126953e+00
6.659891605377197266e+00
1.840770483016967773e+00
5.885323524475097656e+00
1.678777039051055908e-01
-9.900872230529785156e+00
-2.420353174209594727e+00
6.646315097808837891e+00
1.753118395805358887e+00
-3.122772693634033203e+00
-7.407045841217041016e+00
-4.911461353302001953e+00
-3.663410246372222900e-01
-2.283343553543090820e+00
-9.142539024353027344e+00
1.409239292144775391e+00
6.096943378448486328e+00
8.185056686401367188e+00
-1.814446449279785156e+00
-8.628052711486816406e+00
-1.285113543272018433e-01
9.375459671020507812e+00
-7.040467739105224609e+00
-6.529579162597656250e+00
4.695926189422607422e+00
-1.126318931579589844e+01
-1.928040385246276855e+00
3.608116388320922852e+00
-1.994029998779296875e+00
1.575444221496582031e+00
1.270992183685302734e+01
1.392190456390380859e+00
-9.864983558654785156e-01
2.606869459152221680e+00
-2.086707353591918945e-01
1.011285209655761719e+01
-2.694713592529296875e+00
-3.586955964565277100e-01
-4.904875278472900391e+00
9.550548553466796875e+00
7.858273029327392578e+00
-8.853926658630371094e+00
3.604987382888793945e+00
-3.507265567779541016e+00
1.934926062822341919e-01
7.831879138946533203e+00
2.698531389236450195e+00
-7.862394809722900391e+00
-3.497640371322631836e+00
2.768748402595520020e-01
-2.647145271301269531e+00
3.123042106628417969e+00
2.942052602767944336e+00
-2.641353130340576172e+00
-1.907417893409729004e+00
6.382243037223815918e-01
-1.655929163098335266e-02
1.705484867095947266e+00
3.149214029312133789e+00
4.852578938007354736e-01
-1.144788384437561035e+00
3.157372474670410156e+00
5.999424457550048828e-01
-1.173443794250488281e+00
-3.547731339931488037e-01
-2.218686975538730621e-02
-2.915788590908050537e-01
4.936470389366149902e-01
-6.873412728309631348e-01
5.211461186408996582e-01
-1.289854049682617188e+00
-9.927820563316345215e-01
-1.472361564636230469e+00
-1.897147893905639648e+00
3.753759622573852539e+00
-1.776205748319625854e-01
2.921930074691772461e+00
3.089294433593750000e+00
3.319049119949340820e+00
8.794071078300476074e-01
3.057982921600341797e+00
-2.399556159973144531e+00
-4.765888154506683350e-01
-4.038874149322509766e+00
-1.512359976768493652e+00
2.448351383209228516e+00
3.226634025573730469e+00
4.106114864349365234e+00
-6.709771156311035156e-01
-4.451078891754150391e+00
1.738085865974426270e+00
6.009073257446289062e+00
2.151774644851684570e+00
-3.894373476505279541e-01
-1.596014618873596191e+00
3.649540424346923828e+00
2.111397504806518555e+00
-1.520934224128723145e+00
-2.890455961227416992e+00
-1.095893979072570801e+00
5.710284233093261719e+00
-1.913471102714538574e+00
3.387807846069335938e+00
1.839875340461730957e+00
-1.633684992790222168e+00
7.013657093048095703e-01
-3.438017845153808594e+00
4.921334266662597656e+00
-2.276711702346801758e+00
1.535082340240478516e+00
-6.641952037811279297e+00
-3.332923650741577148e+00
2.459848165512084961e+00
2.272553294897079468e-01
1.691679239273071289e+00
-3.022326946258544922e+00
1.220710948109626770e-01
-1.904676795005798340e+00
3.352348327636718750e+00
-1.925983190536499023e+00
-2.373514652252197266e+00
-2.570097923278808594e+00
-1.529784202575683594e+00
-6.596669554710388184e-01
4.490090847015380859e+00
4.461962699890136719e+00
-3.116269826889038086e+00
-1.243953347206115723e+00
-1.260462760925292969e+00
3.071906566619873047e+00
2.077217340469360352e+00
-2.841915130615234375e+00
8.814926743507385254e-01
-3.807980939745903015e-02
2.262924909591674805e+00
3.462821722030639648e+00
2.401051759719848633e+00
6.619459390640258789e-02
-5.730264186859130859e-01
-7.995438575744628906e-01
-2.535943090915679932e-01
-1.958652436733245850e-01
-1.275518298149108887e+00
6.782298535108566284e-02
1.126305460929870605e+00
9.656925201416015625e-01
8.500179052352905273e-01
-1.221424698829650879e+00
1.471082925796508789e+00
-2.958557605743408203e+00
-4.462857723236083984e+00
-2.424886703491210938e+00
1.541569828987121582e+00
-1.062368154525756836e+00
1.705135464668273926e+00
1.600605435669422150e-02
9.130007028579711914e-01
3.314977645874023438e+00
4.832304477691650391e+00
-2.576856136322021484e+00
-8.253136277198791504e-01
-4.449200153350830078e+00
-1.256853461265563965e+00
3.650676727294921875e+00
1.092173695564270020e+00
3.297182798385620117e+00
2.258873701095581055e+00
-8.972380757331848145e-01
1.352736592292785645e+00
5.173882484436035156e+00
2.099015712738037109e+00
-2.600225508213043213e-01
-1.937166213989257812e+00
2.674023866653442383e+00
1.827294588088989258e+00
2.096145391464233398e+00
-3.020484209060668945e+00
-4.288104057312011719e+00
5.176765918731689453e+00
-2.755235195159912109e+00
1.740125894546508789e+00
2.735736846923828125e+00
-1.470172882080078125e+00
1.707089543342590332e+00
-3.004800796508789062e+00
1.356300473213195801e+00
-1.293718934059143066e+00
2.346971273422241211e+00
-4.935305118560791016e+00
-9.220498800277709961e-01
1.824978351593017578e+00
1.317627191543579102e+00
2.401185989379882812e+00
-2.041500568389892578e+00
-2.365566253662109375e+00
-5.346545219421386719e+00
5.518599510192871094e+00
1.115493178367614746e+00
-2.078571557998657227e+00
-1.375107645988464355e+00
7.528685331344604492e-01
-4.996322989463806152e-01
3.013420343399047852e+00
8.734459877014160156e-01
-8.689567446708679199e-01
