1.682229399681091309e+00
1.600334048271179199e+00
4.539609432220458984e+00
1.007772564888000488e+00
1.881831765174865723e+00
3.462848424911499023e+00
1.772070050239562988e+00
1.930957674980163574e+00
1.889743328094482422e+00
2.638691663742065430e+00
1.500216007232666016e+00
-4.796267449855804443e-01
-1.614132374525070190e-01
1.706732392311096191e+00
6.282924413681030273e-01
2.110904455184936523e-02
-1.713008433580398560e-02
-1.069732978940010071e-01
-1.016522273421287537e-01
-1.560059338808059692e-01
1.805528640747070312e+00
-2.943712174892425537e-01
4.155198484659194946e-02
-1.962062865495681763e-01
-3.408137261867523193e-01
2.348494902253150940e-02
-4.284461140632629395e-01
-1.002970486879348755e-01
5.306298285722732544e-02
2.728237397968769073e-02
-8.555605411529541016e-01
1.014849185943603516e+01
1.326513481140136719e+01
1.336105728149414062e+01
1.470684432983398438e+01
1.536399841308593750e+01
1.674906539916992188e+01
1.791196441650390625e+01
1.943106079101562500e+01
1.919624137878417969e+01
2.091465377807617188e+01
1.395918369293212891e+00
-5.806692838668823242e-01
3.917394280433654785e-01
9.503664374351501465e-01
-7.444356568157672882e-03
5.719857215881347656e-01
5.739466473460197449e-02
-9.912976622581481934e-01
-8.304156661033630371e-01
-2.392462253570556641e+00
-2.632510066032409668e-01
-1.301600337028503418e+00
1.789678037166595459e-01
-3.210212662816047668e-02
6.461440026760101318e-02
-9.451818466186523438e-02
-4.469799995422363281e-01
-1.721997857093811035e-01
-8.682202100753784180e-01
2.163757085800170898e+00
-1.619813293218612671e-01
3.208381682634353638e-02
2.950464487075805664e-01
-5.279272794723510742e-02
4.097025394439697266e-01
-1.702688634395599365e-01
2.220944881439208984e+00
-7.923141866922378540e-02
-4.936527907848358154e-01
-8.172301054000854492e-01
2.154069095849990845e-01
-6.734011173248291016e-01
3.047453761100769043e-01
1.423638343811035156e+00
3.513220697641372681e-02
6.225190684199333191e-02
-8.103154599666595459e-02
-6.558315753936767578e-01
-3.351314226165413857e-03
5.291539058089256287e-02
-4.831062555313110352e-01
9.070987701416015625e-01
6.817789077758789062e-01
-5.192306041717529297e-01
-5.010970234870910645e-01
-1.118940040469169617e-01
-8.235527276992797852e-01
5.408890247344970703e-01
-4.794886410236358643e-01
1.964915394783020020e+00
-6.075183674693107605e-02
-3.046377301216125488e-01
-4.599325358867645264e-01
-1.235367134213447571e-01
1.923065066337585449e+00
4.702866673469543457e-01
4.909874498844146729e-02
1.795030534267425537e-01
-2.063591927289962769e-01
-1.359429359436035156e-01
-5.276578944176435471e-03
3.862147033214569092e-01
1.444142460823059082e-01
8.681753277778625488e-02
-2.357933223247528076e-01
2.745243012905120850e-01
6.665585041046142578e-01
-2.891068160533905029e-02
1.008083596825599670e-01
4.678058326244354248e-01
-4.429332539439201355e-02
1.202929671853780746e-02
-6.185198202729225159e-02
-5.258800983428955078e-01
-1.281456947326660156e+00
2.954918146133422852e-01
-1.275189518928527832e-01
-1.240437477827072144e-01
8.983922749757766724e-02
-4.812100529670715332e-01
-8.625986427068710327e-02
-7.921238988637924194e-02
5.598873496055603027e-01
1.132814213633537292e-01
3.107880353927612305e-01
1.454225461930036545e-02
-8.268737047910690308e-02
7.345470786094665527e-02
1.117817386984825134e-01
3.792111873626708984e-01
1.776575893163681030e-01
9.701188653707504272e-02
1.322513669729232788e-01
-9.399952739477157593e-02
2.290831059217453003e-01
5.602558851242065430e-01
1.319971084594726562e-01
1.004273593425750732e-01
1.467414945363998413e-01
6.915200948715209961e-01
-1.084831207990646362e-01
4.305284619331359863e-01
2.947042584419250488e-01
-2.893208563327789307e-01
5.271206498146057129e-01
-5.212673544883728027e-01
-3.427634537220001221e-01
3.041002154350280762e-01
-1.623611599206924438e-01
3.152057230472564697e-01
-8.281342983245849609e-01
-1.510284394025802612e-01
9.997181594371795654e-02
6.502081453800201416e-02
-1.516471430659294128e-02
1.577561348676681519e-01
1.981132775545120239e-01
-1.482850406318902969e-02
-1.240542754530906677e-01
1.012842178344726562e+00
1.952943503856658936e-01
-2.379244193434715271e-02
-1.277433931827545166e-01
-1.117136776447296143e-01
3.013025969266891479e-02
-5.414851009845733643e-02
1.453313678503036499e-01
-1.932988129556179047e-02
2.824894785881042480e-01
2.288276404142379761e-01
-1.535367220640182495e-01
1.129026263952255249e-01
-3.142658770084381104e-01
1.657240837812423706e-01
8.468194603919982910e-01
3.312822878360748291e-01
3.089062571525573730e-01
-3.697339594364166260e-01
2.046175301074981689e-01
8.335109055042266846e-02
-1.240668520331382751e-01
6.395554542541503906e-02
3.774603307247161865e-01
-3.922939598560333252e-01
-6.283804029226303101e-02
-9.063188917934894562e-03
6.531525403261184692e-02
2.961838990449905396e-02
-5.690142512321472168e-02
-1.135966852307319641e-01
-9.687797725200653076e-02
-3.867749273777008057e-01
-1.662310957908630371e-01
1.622065603733062744e-01
2.442489266395568848e-01
3.874544501304626465e-01
6.781789660453796387e-02
-3.916202187538146973e-01
2.915204465389251709e-01
-9.145011901855468750e-01
4.461435675621032715e-01
2.698971629142761230e-01
3.774212300777435303e-01
1.292747110128402710e-01
-1.818130910396575928e-01
-8.931384421885013580e-03
8.772566914558410645e-03
2.002360997721552849e-03
1.976582687348127365e-03
5.588650703430175781e-03
-2.717055380344390869e-03
7.720666471868753433e-03
-9.656244888901710510e-03
4.724917002022266388e-03
-7.936047390103340149e-03
2.298771636560559273e-03
8.776882663369178772e-03
9.454212151467800140e-03
-9.090999141335487366e-03
4.021592903882265091e-03
-9.682643227279186249e-03
3.092566621489822865e-04
-6.062137894332408905e-03
6.060104351490736008e-03
-2.896359656006097794e-03
7.374497596174478531e-03
-6.223578006029129028e-03
6.304904818534851074e-03
-1.996837323531508446e-03
-8.133932948112487793e-03
7.498131133615970612e-03
-7.189360912889242172e-03
-6.418966688215732574e-03
7.874652743339538574e-03
5.417404230684041977e-03
5.187124479562044144e-03
2.178803551942110062e-03
7.854308933019638062e-05
1.927383011206984520e-03
5.073184147477149963e-03
-4.616157151758670807e-03
-3.982869908213615417e-03
-4.104991443455219269e-03
3.947452176362276077e-03
6.924302782863378525e-03
-5.432502366602420807e-03
6.094349664635956287e-04
4.309128504246473312e-03
4.355601500719785690e-03
8.181416429579257965e-03
-3.222153754904866219e-03
-4.233379440847784281e-04
-7.789869792759418488e-03
-3.751640906557440758e-03
2.134506125003099442e-03
-9.022618643939495087e-03
3.656893270090222359e-03
-2.507959259673953056e-03
-8.146679028868675232e-03
-1.350081642158329487e-03
1.046558499336242676e+00
1.017959594726562500e+00
-1.780423402786254883e+00
6.879890561103820801e-01
