1.563444328308105469e+01
1.715095901489257812e+01
1.112088012695312500e+01
4.619548320770263672e+00
6.407441616058349609e+00
2.192555618286132812e+01
1.544390201568603516e+01
4.695999622344970703e+00
1.466183948516845703e+01
1.547025585174560547e+01
8.210839271545410156e+00
1.846945762634277344e+01
1.604754066467285156e+01
8.773442268371582031e+00
4.963517665863037109e+00
-1.521050834655761719e+01
6.556200981140136719e+00
-1.014197635650634766e+01
4.668104648590087891e-01
2.191130638122558594e+00
2.156819105148315430e+00
-2.151702195405960083e-01
-5.284895420074462891e+00
7.100587844848632812e+00
7.199491858482360840e-01
-2.535462617874145508e+00
2.215064525604248047e+00
-4.663308143615722656e+00
2.885296583175659180e+00
2.851953268051147461e+00
-5.648676395416259766e+00
-2.856458902359008789e+00
-3.546032309532165527e-01
-1.627095043659210205e-01
-3.129214048385620117e+00
3.990986347198486328e+00
4.612895548343658447e-01
5.289489746093750000e+00
-1.137411880493164062e+01
2.054808139801025391e+00
-2.853789091110229492e+00
-2.281319379806518555e+00
-4.279149055480957031e+00
-2.401625156402587891e+00
9.622859954833984375e+00
1.708832931518554688e+01
-9.245255470275878906e+00
3.943697452545166016e+00
3.341920673847198486e-01
1.097844958305358887e+00
-7.700930595397949219e+00
8.844775199890136719e+00
-7.126062870025634766e+00
-4.966249942779541016e+00
-2.638089418411254883e+00
2.537063062191009521e-01
1.040098762512207031e+01
9.415064454078674316e-01
-9.210404396057128906e+00
5.389009475708007812e+00
8.013302803039550781e+00
8.654232025146484375e+00
-8.437789916992187500e+00
-2.709038019180297852e+00
-1.265803623199462891e+01
2.579039573669433594e+00
-5.740144252777099609e+00
-7.042602539062500000e+00
2.655500173568725586e+00
-1.040303134918212891e+01
-6.198878765106201172e+00
3.738261461257934570e+00
-5.812193870544433594e+00
-4.119595050811767578e+00
6.130874156951904297e+00
6.324173450469970703e+00
1.062072396278381348e+00
5.069471359252929688e+00
6.313021659851074219e+00
-3.855085849761962891e+00
4.508700847625732422e+00
6.966339945793151855e-01
3.649594068527221680e+00
5.672361850738525391e+00
6.847888946533203125e+00
-3.003986597061157227e+00
4.699981212615966797e+00
7.859728336334228516e+00
-1.152654933929443359e+01
2.697697877883911133e+00
8.939155578613281250e+00
5.193609237670898438e+00
-4.710434913635253906e+00
8.924301862716674805e-01
1.948813676834106445e+00
9.528312683105468750e+00
5.045689582824707031e+00
1.398935437202453613e+00
5.076731681823730469e+00
-1.544584369659423828e+01
1.294325351715087891e+00
9.304512977600097656e+00
-4.776543617248535156e+00
5.182742595672607422e+00
-1.926578164100646973e+00
-1.043858051300048828e+00
-5.222215652465820312e-01
4.147341251373291016e-01
2.276717185974121094e+00
-1.042166113853454590e+00
1.208811998367309570e+00
1.736837744712829590e+00
-7.619963884353637695e-01
2.090998172760009766e+00
1.856646180152893066e+00
-2.260741472244262695e+00
8.511219620704650879e-01
-1.668788075447082520e+00
-1.048486530780792236e-01
1.428593695163726807e-01
2.430629968643188477e+00
-1.896382570266723633e+00
1.578861236572265625e+00
-3.265255212783813477e+00
-1.017596721649169922e+00
-4.950942039489746094e+00
-4.519935131072998047e+00
-6.514347195625305176e-01
-2.280440807342529297e+00
2.773612499237060547e+00
1.831468939781188965e+00
4.149051666259765625e+00
1.438995480537414551e+00
-3.832130908966064453e+00
-4.185330390930175781e+00
4.452804088592529297e+00
2.082246065139770508e+00
1.957492589950561523e+00
-1.370541572570800781e+00
-2.046618700027465820e+00
-4.912808418273925781e+00
-7.711228728294372559e-01
6.104835510253906250e+00
2.599273204803466797e+00
-1.339786350727081299e-01
-7.235476970672607422e-01
-5.415072441101074219e+00
1.708950400352478027e+00
6.001585483551025391e+00
7.850531578063964844e+00
-5.586703777313232422e+00
3.096227407455444336e+00
6.718594074249267578e+00
2.564908266067504883e+00
1.164123654365539551e+00
7.233200550079345703e+00
-2.527321577072143555e+00
-3.843557596206665039e+00
-2.513190269470214844e+00
-6.639356017112731934e-01
1.869704365730285645e+00
3.704534053802490234e+00
-4.155067443847656250e+00
-4.326736450195312500e+00
-1.859439849853515625e+00
-1.719442605972290039e+00
-3.058723211288452148e+00
-3.450370430946350098e-01
-1.541909217834472656e+00
-3.906138986349105835e-02
3.626949071884155273e+00
-6.492780685424804688e+00
4.585362911224365234e+00
1.130173802375793457e+00
-3.284878015518188477e+00
-2.978127002716064453e+00
1.841039061546325684e+00
8.601783752441406250e+00
2.605667829513549805e+00
-4.495364665985107422e+00
-3.350378513336181641e+00
-9.169654250144958496e-01
-3.907702922821044922e+00
-1.270385742187500000e+00
1.728024959564208984e+00
-5.371210575103759766e+00
9.799997210502624512e-01
6.718801975250244141e+00
-3.254435539245605469e+00
-2.589316129684448242e+00
8.676083564758300781e+00
-2.709599494934082031e+00
3.734982490539550781e+00
2.285661220550537109e+00
-2.467904329299926758e+00
-6.724227070808410645e-01
6.165226101875305176e-01
-3.381792902946472168e-01
-2.312126159667968750e-01
-9.117721915245056152e-01
6.632281541824340820e-01
-1.422307014465332031e+00
1.448705196380615234e+00
-1.851569652557373047e+00
1.955370426177978516e+00
5.483711361885070801e-01
-6.495785713195800781e-02
9.711445868015289307e-02
-3.096704483032226562e-01
9.607924520969390869e-02
-2.863186299800872803e-01
-3.339688539505004883e+00
-3.908340260386466980e-02
-6.677064578980207443e-03
1.731430649757385254e+00
1.071011185646057129e+00
1.186354398727416992e+00
4.272271156311035156e+00
6.722066998481750488e-01
3.861247539520263672e+00
5.049947738647460938e+00
-2.039731591939926147e-01
-5.138232111930847168e-01
3.929487228393554688e+00
-1.238294839859008789e+00
-3.135089397430419922e+00
3.629560470581054688e+00
2.176297187805175781e+00
3.443372488021850586e+00
4.927595615386962891e+00
-1.584763407707214355e+00
-3.701587200164794922e+00
-2.287841796875000000e+00
-3.017397224903106689e-01
3.280604481697082520e-01
2.827791452407836914e+00
8.303972482681274414e-01
-3.481012821197509766e+00
-3.238472700119018555e+00
4.664499759674072266e+00
3.012534618377685547e+00
2.387335598468780518e-01
-2.547158002853393555e+00
2.269156932830810547e+00
4.777093887329101562e+00
5.001375198364257812e+00
5.378928184509277344e+00
-6.174754142761230469e+00
2.665233373641967773e+00
6.001749038696289062e-01
1.509614706039428711e+00
2.734729051589965820e-01
-3.968068063259124756e-01
1.412339210510253906e+00
-1.347895860671997070e+00
-1.914267420768737793e+00
-4.428448677062988281e-01
2.708291530609130859e+00
6.843369603157043457e-01
-2.173126459121704102e+00
-2.840341806411743164e+00
1.621801219880580902e-02
2.780036211013793945e+00
8.738853931427001953e-01
3.895386308431625366e-02
-3.565062522888183594e+00
-3.822537422180175781e+00
2.265746742486953735e-01
7.603789806365966797e+00
-3.910238981246948242e+00
1.398282647132873535e+00
1.679525732994079590e+00
1.863938450813293457e+00
-1.341198921203613281e+00
-2.277072191238403320e+00
-1.642214059829711914e-01
-3.000777721405029297e+00
1.640971302986145020e+00
1.253741025924682617e+00
-1.954190135002136230e+00
-2.695287466049194336e+00
-4.132921695709228516e-01
5.871482491493225098e-01
2.117006778717041016e+00
-3.225159645080566406e-01
-4.399259090423583984e+00
1.551440358161926270e+00
