2.194718599319458008e+00
-1.351118087768554688e+00
6.134503483772277832e-01
5.023685932159423828e+00
3.626301765441894531e+00
1.833904027938842773e+00
2.054373025894165039e+00
3.474039554595947266e+00
-1.016359627246856689e-01
-5.717516541481018066e-01
2.609754540026187897e-02
3.667997419834136963e-01
-3.249457776546478271e-01
5.016669631004333496e-01
4.950119554996490479e-01
-4.225385561585426331e-02
9.774755686521530151e-02
1.212390899658203125e+00
5.955741405487060547e-01
-3.978662490844726562e-01
6.271100044250488281e-01
3.782467171549797058e-02
-1.271821111440658569e-01
-1.426819413900375366e-01
-7.263784855604171753e-02
-3.320358991622924805e-01
-9.519538283348083496e-01
-9.993468523025512695e-01
8.570404052734375000e+00
1.010662841796875000e+01
1.329656028747558594e+01
1.531018447875976562e+01
1.558894634246826172e+01
1.758771705627441406e+01
1.920029067993164062e+01
2.085688591003417969e+01
2.261478233337402344e+01
-7.227001190185546875e-01
8.234040737152099609e-01
-1.857982754707336426e+00
2.061418056488037109e+00
-2.269441604614257812e+00
2.100734412670135498e-01
-1.284760683774948120e-01
-1.305662751197814941e+00
1.355049163103103638e-01
3.024194240570068359e-01
5.835455060005187988e-01
1.073729172348976135e-01
-1.290128827095031738e+00
-4.297969937324523926e-01
1.767753243446350098e+00
7.663796544075012207e-01
-1.812095880508422852e+00
-8.344959020614624023e-01
1.098330132663249969e-02
1.317802965641021729e-01
-7.086831927299499512e-01
5.067855119705200195e-01
-2.628026962280273438e+00
9.289581775665283203e-01
4.735923558473587036e-02
-3.065633773803710938e+00
-3.179903924465179443e-01
4.916687961667776108e-03
5.211868762969970703e+00
1.319005250930786133e+00
9.367236137390136719e+00
-1.540002465248107910e+00
8.209791779518127441e-01
-1.305676078796386719e+01
-8.904660224914550781e+00
1.256825208663940430e+00
-1.346432328224182129e+00
-1.611608028411865234e+00
2.314132452011108398e+00
2.093261778354644775e-01
6.591879129409790039e-01
-3.138497591018676758e+00
1.511734485626220703e+01
6.022960186004638672e+00
8.158224105834960938e+00
2.399699240922927856e-01
4.088710248470306396e-01
5.167217925190925598e-02
-5.439129844307899475e-02
1.002040028572082520e+00
-5.230581760406494141e-01
6.345424652099609375e-01
-6.749533414840698242e-01
-6.424769759178161621e-01
6.636834144592285156e-01
-1.752011477947235107e-01
-2.994132414460182190e-02
4.113484323024749756e-01
4.339460432529449463e-01
-9.348685741424560547e-01
6.804054379463195801e-01
3.851780295372009277e-01
4.976026117801666260e-01
1.522328704595565796e-01
-2.178224921226501465e-01
3.160574436187744141e-01
8.388914912939071655e-02
6.990281343460083008e-01
4.835796654224395752e-01
1.501119583845138550e-01
1.391040921211242676e+00
6.005419790744781494e-02
1.245871633291244507e-01
-2.275142192840576172e+00
-3.583090007305145264e-01
-4.154962062835693359e+00
7.580087780952453613e-01
-8.403120189905166626e-02
7.091453075408935547e+00
2.247498035430908203e+00
-5.215711891651153564e-02
5.041732192039489746e-01
-7.441361546516418457e-01
-1.571942448616027832e+00
1.095701083540916443e-01
2.358471155166625977e-01
1.356203317642211914e+00
-3.936592340469360352e+00
-2.349527120590209961e+00
1.075711965560913086e+00
-5.920543670654296875e-01
-1.878100037574768066e-01
9.478820562362670898e-01
-6.782464981079101562e-01
-5.848653912544250488e-01
-1.531825810670852661e-01
-2.267251163721084595e-01
-2.297587506473064423e-02
-3.016493618488311768e-01
-6.030305624008178711e-01
8.887569606304168701e-02
-1.163864359259605408e-01
3.045296370983123779e-01
-4.197459816932678223e-01
2.532484829425811768e-01
-3.679126203060150146e-01
4.585340917110443115e-01
2.256487756967544556e-01
-3.656468093395233154e-01
2.065925300121307373e-01
1.596730798482894897e-01
7.668417692184448242e-02
7.223240733146667480e-01
-6.015100479125976562e-01
1.697375322692096233e-03
5.893661379814147949e-01
-9.934241324663162231e-02
1.947566121816635132e-01
-5.444089174270629883e-01
4.164865911006927490e-01
-1.150292634963989258e+00
7.602003961801528931e-02
-1.964313983917236328e-01
3.030659817159175873e-02
7.741308212280273438e-01
-3.621939718723297119e-01
1.307738572359085083e-01
4.629790186882019043e-01
2.828884720802307129e-01
1.785273104906082153e-01
-1.494627632200717926e-02
6.682348996400833130e-02
-2.876623630523681641e+00
8.085724115371704102e-01
-1.707415938377380371e+00
-6.963431369513273239e-03
-1.842262456193566322e-03
2.049582079052925110e-03
4.287470132112503052e-03
4.307597875595092773e-03
9.187947958707809448e-03
-5.335875786840915680e-03
4.904374014586210251e-03
7.087590638548135757e-03
-2.267930656671524048e-03
-8.290197583846747875e-04
5.478702019900083542e-03
-3.019772702828049660e-03
-4.167930688709020615e-03
1.963003771379590034e-03
-9.848712943494319916e-03
-8.366772904992103577e-03
8.299535140395164490e-03
3.200896317139267921e-03
-1.823839149437844753e-03
9.407611563801765442e-03
1.355486456304788589e-04
-1.224637380801141262e-04
-6.013847421854734421e-03
2.198035828769207001e-03
2.023091074079275131e-03
2.369742607697844505e-03
4.067921545356512070e-03
1.415801350958645344e-03
9.813038632273674011e-03
-7.228966802358627319e-03
9.377293281431775540e-06
-6.912543904036283493e-03
5.813773721456527710e-03
3.229991998523473740e-03
6.157174706459045410e-03
-7.531252223998308182e-03
-2.726924431044608355e-04
6.982846651226282120e-03
8.628907613456249237e-03
6.273766513913869858e-03
-6.787929683923721313e-03
-3.410501871258020401e-03
-5.917165428400039673e-03
6.828248733654618263e-04
1.122274398803710938e+00
8.314604759216308594e-01
-1.941073894500732422e+00
5.844372510910034180e-01
