1.544473171234130859e+01
1.631928825378417969e+01
1.003462505340576172e+01
8.629933357238769531e+00
3.296509027481079102e+00
1.369986152648925781e+01
1.596944332122802734e+01
1.843097496032714844e+01
2.089919805526733398e+00
2.246766835451126099e-01
-5.281206965446472168e-02
-7.141743898391723633e-01
4.589018344879150391e+00
-1.909187436103820801e-01
7.090271711349487305e-01
1.182261109352111816e+00
1.158277392387390137e+00
-9.535751342773437500e+00
-1.283198547363281250e+01
1.457844924926757812e+01
7.328426837921142578e+00
-8.104336261749267578e-01
8.455904006958007812e+00
-2.604902505874633789e+00
-2.073178529739379883e+00
7.808426380157470703e+00
-1.090369987487792969e+01
-3.875072479248046875e+00
-1.201031780242919922e+01
3.864320278167724609e+00
7.791833281517028809e-01
-8.288736343383789062e+00
-4.887568950653076172e+00
1.553216838836669922e+01
-3.570281744003295898e+00
-3.914956748485565186e-01
-3.682034730911254883e+00
1.027394533157348633e+00
-4.539043426513671875e+00
1.977927207946777344e+01
8.402835130691528320e-01
1.895419836044311523e+00
-4.235937595367431641e+00
6.505100250244140625e+00
-1.628929853439331055e+00
-2.827979028224945068e-01
5.120897293090820312e-01
-2.346637547016143799e-01
-1.584039688110351562e+00
6.303123235702514648e-01
1.344324827194213867e+00
3.172376751899719238e-01
4.368744790554046631e-01
1.842015147209167480e+00
8.720269203186035156e+00
5.136675357818603516e+00
-1.442774176597595215e+00
-3.295424580574035645e-01
-1.977771282196044922e+00
-5.286674976348876953e+00
5.121777534484863281e+00
-4.702202603220939636e-02
-3.880096197128295898e+00
1.546757459640502930e+00
9.346697479486465454e-02
-5.543776512145996094e+00
2.338529586791992188e+00
2.848603487014770508e+00
2.705480575561523438e+00
3.611318111419677734e+00
-5.288530826568603516e+00
-1.673708319664001465e+00
1.216345071792602539e+00
4.688470065593719482e-01
4.332995891571044922e+00
-3.296708345413208008e+00
7.119112610816955566e-01
-6.119081020355224609e+00
-5.513872504234313965e-01
-8.639414906501770020e-01
-4.442960619926452637e-01
4.623306095600128174e-01
-3.703676760196685791e-01
1.060576081275939941e+00
-3.261693120002746582e-01
-5.225138664245605469e-01
-3.506385982036590576e-01
-2.660113386809825897e-02
1.117777705192565918e+00
1.639291048049926758e+00
2.493103742599487305e+00
-2.282793968915939331e-01
-3.194981336593627930e+00
9.827639579772949219e+00
-7.377977371215820312e-01
-3.159253120422363281e+00
6.875938892364501953e+00
1.932087421417236328e+00
-1.971102476119995117e+00
2.318985700607299805e+00
1.051772475242614746e+00
-2.553475379943847656e+00
4.258688449859619141e+00
1.857405543327331543e+00
3.068929195404052734e+00
1.760140776634216309e+00
7.412037253379821777e-01
-2.495735883712768555e+00
-4.029890060424804688e+00
-6.791297197341918945e-01
1.309565186500549316e+00
-4.096493721008300781e+00
2.124457359313964844e+00
-4.445824623107910156e+00
4.748739302158355713e-01
-1.099177718162536621e+00
1.027017235755920410e+00
