1.664166212081909180e+00
1.711317420005798340e+00
4.203801155090332031e+00
1.028794169425964355e+00
1.931667208671569824e+00
3.080097436904907227e+00
2.262454271316528320e+00
1.954684615135192871e+00
1.856670856475830078e+00
2.764185667037963867e+00
1.277211189270019531e+00
7.460274100303649902e-01
-9.386597871780395508e-01
-2.336343377828598022e-02
-3.331041932106018066e-01
1.358460545539855957e+00
8.107979297637939453e-01
-2.748936116695404053e-01
3.896262347698211670e-01
2.965082824230194092e-01
-6.578049659729003906e-01
8.734683394432067871e-01
-3.308342695236206055e-01
-2.266875654458999634e-01
-1.178319454193115234e+00
5.473452433943748474e-02
-1.564235538244247437e-01
-4.741330072283744812e-02
-5.665672942996025085e-02
-8.632268011569976807e-02
-3.100369870662689209e-01
-3.840539157390594482e-01
4.426721036434173584e-01
-4.855358600616455078e-01
8.016424626111984253e-02
6.889370679855346680e-01
2.877782881259918213e-01
1.021709918975830078e+01
1.319751548767089844e+01
1.325050926208496094e+01
1.403607273101806641e+01
1.551266384124755859e+01
1.495861148834228516e+01
1.708074760437011719e+01
1.825900268554687500e+01
1.925998115539550781e+01
1.968215179443359375e+01
2.228910255432128906e+01
2.644695854187011719e+01
1.365694999694824219e+00
-4.406712055206298828e-01
7.241472005844116211e-01
-7.159207463264465332e-01
-4.721257090568542480e-01
1.341256022453308105e+00
5.283513069152832031e-01
-6.713519692420959473e-01
-1.406278133392333984e+00
1.632766366004943848e+00
2.369398593902587891e+00
-3.934194147586822510e-01
1.878308504819869995e-01
-5.824754238128662109e-01
-1.638834357261657715e+00
-1.112220957875251770e-01
9.102758169174194336e-01
-8.074916005134582520e-01
9.791193008422851562e-01
-3.419338762760162354e-01
-1.130514025688171387e+00
4.774306118488311768e-01
1.330807924270629883e+00
3.443238735198974609e-01
3.057399094104766846e-01
-6.728488802909851074e-01
-2.787284553050994873e-01
1.470321059226989746e+00
-2.394134044647216797e+00
-6.321505308151245117e-01
4.105782985687255859e+00
9.562854170799255371e-01
-3.227324247360229492e+00
2.786176204681396484e+00
-2.529933117330074310e-02
-6.263010501861572266e-01
-1.330706775188446045e-01
-7.817648649215698242e-01
1.552475452423095703e+00
-3.399244546890258789e+00
-2.297203779220581055e+00
-2.574295103549957275e-01
6.595413088798522949e-01
-7.468326687812805176e-01
1.164490953087806702e-01
-1.231325745582580566e+00
-1.723762601613998413e-01
4.653408750891685486e-02
-6.669829040765762329e-02
2.144318103790283203e+00
1.085995882749557495e-01
-4.760453104972839355e-01
1.051305141299962997e-02
5.971106886863708496e-01
1.729059934616088867e+00
-4.474750459194183350e-01
-1.722903609275817871e+00
-4.381988942623138428e-01
1.739460587501525879e+00
5.082922987639904022e-03
-1.068998813629150391e+00
-2.298994779586791992e+00
-5.163416266441345215e-01
-1.045739889144897461e+00
-1.524579882621765137e+00
2.073552608489990234e+00
3.296754837036132812e+00
2.113383293151855469e+00
6.122940182685852051e-01
4.179179966449737549e-01
2.408454656600952148e+00
-1.617041826248168945e+00
-5.293761730194091797e+00
-3.585282802581787109e+00
6.344771981239318848e-01
-3.119585037231445312e+00
-2.238030433654785156e+00
-1.925236344337463379e+00
-1.470641195774078369e-01
1.217465773224830627e-01
-5.330761075019836426e-01
7.865119576454162598e-01
-2.574687004089355469e-01
2.712665311992168427e-02
-3.969292342662811279e-02
3.689558245241641998e-03
3.546239435672760010e-01
5.922995209693908691e-01
-1.760274916887283325e-01
4.516160190105438232e-01
2.262907922267913818e-01
7.979556918144226074e-01
3.386117517948150635e-02
2.666682749986648560e-02
4.878466948866844177e-02
2.471391707658767700e-01
-5.736862123012542725e-02
1.837150603532791138e-01
-4.331104457378387451e-01
-8.343939483165740967e-02
6.903572082519531250e-01
-1.702805519104003906e+00
8.551489710807800293e-01
-1.918521225452423096e-01
-2.984057366847991943e-01
-5.343540385365486145e-02
1.149152815341949463e-01
-4.944891631603240967e-01
1.151199564337730408e-01
-2.591658532619476318e-01
-5.421248450875282288e-02
-6.973183155059814453e-01
2.351942658424377441e-01
4.865851104259490967e-01
1.059940606355667114e-01
-3.806655108928680420e-01
-5.422928333282470703e-01
2.705903649330139160e-01
8.312150835990905762e-01
-2.236707061529159546e-01
6.466943025588989258e-01
1.648165881633758545e-01
1.881591379642486572e-01
-1.378630548715591431e-01
2.313783913850784302e-01
6.308651566505432129e-01
-5.081574916839599609e-01
3.623832464218139648e-01
6.647832989692687988e-01
4.908214509487152100e-01
-2.559838891029357910e-01
3.462657034397125244e-01
-7.613428235054016113e-01
-4.883339107036590576e-01
-4.961413741111755371e-01
5.588284134864807129e-01
-4.040075242519378662e-01
3.770712614059448242e-01
-5.638302564620971680e-01
6.685007214546203613e-01
-2.899985611438751221e-01
1.657255172729492188e+00
-3.592866007238626480e-03
1.799501776695251465e-01
-5.407309532165527344e-01
5.630799010396003723e-02
2.107453495264053345e-01
-4.319022595882415771e-01
-5.805131793022155762e-02
1.303430080413818359e+00
1.494242787361145020e+00
-1.555068492889404297e-01
-3.880218565464019775e-01
3.168717861175537109e+00
-1.388346076011657715e+00
2.177870750427246094e+00
-2.983965575695037842e-01
1.297743916511535645e-01
-2.591205835342407227e-01
-1.458126753568649292e-01
9.968814253807067871e-02
-1.666890531778335571e-01
1.071789115667343140e-01
-1.089372709393501282e-01
9.498021006584167480e-02
-4.704961478710174561e-01
-3.752134740352630615e-01
-5.159298777580261230e-01
-8.369786292314529419e-02
1.258768290281295776e-01
3.522420525550842285e-01
1.119367703795433044e-01
-2.151453942060470581e-01
1.041664779186248779e-01
-7.348649203777313232e-02
4.017926380038261414e-02
-3.440650925040245056e-02
-2.013154029846191406e-01
-2.642682194709777832e-02
-9.038318693637847900e-02
-4.638892710208892822e-01
1.488010734319686890e-01
1.748776733875274658e-01
-1.980542577803134918e-02
-5.698446184396743774e-02
4.153566658496856689e-01
5.271220579743385315e-02
7.505198121070861816e-01
-5.742052197456359863e-01
-5.770846605300903320e-01
-7.418947666883468628e-02
-1.165287792682647705e-01
2.478222995996475220e-01
1.981501132249832153e-01
8.160905912518501282e-03
3.962832093238830566e-01
-2.268185764551162720e-01
7.852785289287567139e-02
-3.574100732803344727e-01
2.807920053601264954e-02
-1.389101445674896240e-01
5.483028292655944824e-01
-6.417118711397051811e-04
-2.790150344371795654e-01
-1.490455120801925659e-01
-1.497673273086547852e+00
-2.039063572883605957e-01
-3.095542788505554199e-01
3.385987877845764160e-01
-2.894030511379241943e-01
4.447746872901916504e-01
-9.459879994392395020e-02
6.986076235771179199e-01
6.391458213329315186e-02
-5.069625377655029297e-01
8.162633329629898071e-02
9.321358203887939453e-01
1.477339491248130798e-02
5.418539047241210938e-01
-5.727151036262512207e-01
2.021604031324386597e-01
-5.651770234107971191e-01
5.793089866638183594e-01
-5.432683825492858887e-01
5.340114608407020569e-02
3.795461952686309814e-01
-1.076874375343322754e+00
-1.465334892272949219e-01
-2.856334298849105835e-02
1.199288725852966309e+00
-1.446803659200668335e-01
-1.673452734947204590e+00
1.396076560020446777e+00
-2.653359413146972656e+00
-4.676782991737127304e-03
-1.893275650218129158e-03
-9.507864713668823242e-03
1.590724801644682884e-03
5.349130835384130478e-03
-9.754657745361328125e-03
3.275282913818955421e-03
-1.048873295076191425e-03
-2.009416464716196060e-03
-8.731416426599025726e-03
4.041077103465795517e-03
-2.319901483133435249e-03
-2.972491085529327393e-03
-1.658480265177786350e-03
8.500049822032451630e-03
-7.203279528766870499e-03
8.249578997492790222e-03
-9.468305855989456177e-03
3.525147214531898499e-03
3.324270015582442284e-03
-8.534649387001991272e-03
1.426475500920787454e-04
5.746230483055114746e-03
-3.578203613869845867e-04
3.297140588983893394e-03
-3.443812252953648567e-03
6.663138512521982193e-03
5.903442855924367905e-03
4.773779772222042084e-03
9.751671925187110901e-03
-5.357316229492425919e-03
-4.021543078124523163e-03
-4.779688082635402679e-03
1.559605705551803112e-03
6.853230297565460205e-03
7.756036706268787384e-03
3.303656820207834244e-03
-3.457254264503717422e-03
-2.957826654892414808e-04
-2.400698373094201088e-03
-2.603006549179553986e-03
2.080592326819896698e-03
-3.260141937062144279e-03
-3.104800824075937271e-03
3.651708597317337990e-03
8.759921416640281677e-03
5.691286642104387283e-03
3.826056839898228645e-03
2.318165963515639305e-03
-5.156876519322395325e-03
9.001710452139377594e-03
-4.163002129644155502e-03
7.750188000500202179e-03
-3.702253568917512894e-03
7.792653515934944153e-03
9.413191117346286774e-03
-6.778358481824398041e-03
2.474340610206127167e-03
6.537483073770999908e-03
2.776463748887181282e-03
-6.608310155570507050e-03
-4.895802121609449387e-03
-1.677235937677323818e-03
3.055017674341797829e-03
-3.308271756395697594e-03
-7.463333313353359699e-04
3.838419448584318161e-03
-3.458727849647402763e-03
-1.594317582203075290e-04
-9.701030328869819641e-03
5.928970873355865479e-03
-1.492711366154253483e-03
-8.776639588177204132e-04
9.254323318600654602e-03
-6.454588379710912704e-03
2.894255565479397774e-03
-8.236851426772773266e-04
-9.684412740170955658e-03
1.226755619049072266e+00
8.195764422416687012e-01
-1.467107772827148438e+00
5.023186802864074707e-01
