1.060563564300537109e+01
1.543082046508789062e+01
1.543080711364746094e+01
1.543082237243652344e+01
1.543081951141357422e+01
9.853683471679687500e+00
1.146995735168457031e+01
1.139907455444335938e+01
1.176225757598876953e+01
1.546563625335693359e+01
1.209697437286376953e+01
1.029292488098144531e+01
1.543082714080810547e+01
1.543080139160156250e+01
1.553743720054626465e+00
4.321683406829833984e+00
6.507587432861328125e+00
2.605365514755249023e-01
-1.868120193481445312e+00
9.083551168441772461e-01
-9.937610626220703125e-01
6.610383510589599609e+00
-1.607917189598083496e+00
1.250628471374511719e+00
-8.882357597351074219e+00
-2.944990396499633789e+00
1.038517856597900391e+01
9.336104393005371094e+00
7.434361934661865234e+00
-2.280823737382888794e-01
-1.140488266944885254e+00
-4.177050113677978516e+00
-7.761107444763183594e+00
-6.781857013702392578e+00
-1.812401175498962402e+00
-4.158036112785339355e-01
-9.964528679847717285e-01
-2.838181018829345703e+00
-8.430812835693359375e+00
3.792440652847290039e+00
-6.924369335174560547e+00
1.474072694778442383e+00
-1.225060462951660156e+00
3.291037559509277344e+00
-8.093781471252441406e+00
-4.409422397613525391e+00
8.765537261962890625e+00
-3.011141538619995117e+00
3.018446862697601318e-01
7.859967231750488281e+00
8.757886886596679688e+00
2.428322315216064453e+00
6.658909916877746582e-01
5.353926420211791992e-01
-1.802719473838806152e+00
-1.395887494087219238e+00
1.049511051177978516e+01
5.976703643798828125e+00
-1.042629241943359375e+01
5.856390595436096191e-01
-5.106878757476806641e+00
8.571879863739013672e-01
1.676522731781005859e+00
-4.423359394073486328e+00
-5.125275135040283203e+00
-9.066697120666503906e+00
3.823629140853881836e+00
-7.580090045928955078e+00
4.521577358245849609e+00
7.805752158164978027e-01
-1.102068185806274414e+00
9.721902847290039062e+00
2.925007343292236328e+00
-1.676226735115051270e+00
6.751371860504150391e+00
-4.711013317108154297e+00
8.473955154418945312e+00
4.042472839355468750e+00
5.307757854461669922e-01
-2.170592546463012695e-01
-4.981583118438720703e+00
5.271708965301513672e+00
8.835918426513671875e+00
6.193443775177001953e+00
7.514104843139648438e-01
5.426026344299316406e+00
4.954185336828231812e-02
3.098875522613525391e+00
-7.817093849182128906e+00
5.883214950561523438e+00
-3.846531391143798828e+00
-2.475167751312255859e+00
-9.835253715515136719e+00
5.368173122406005859e-01
1.495865058898925781e+01
-5.396890640258789062e+00
-3.502137362957000732e-01
1.212380290031433105e+00
-2.468960046768188477e+00
1.736264377832412720e-01
1.182960033416748047e+01
-6.144195556640625000e+00
8.167670249938964844e+00
-8.286780118942260742e-01
2.206089019775390625e+00
-1.445096731185913086e-01
-1.193384766578674316e+00
-8.631148338317871094e-01
7.123417854309082031e-01
6.804865360260009766e+00
-7.707368850708007812e+00
4.062731266021728516e-01
-5.816498756408691406e+00
-2.481185048818588257e-01
3.546699285507202148e+00
2.073662281036376953e+00
5.896973133087158203e+00
2.049340754747390747e-01
-3.996295452117919922e+00
-1.550233960151672363e+00
4.335030555725097656e+00
-3.199138879776000977e+00
3.427302360534667969e+00
-3.339998006820678711e+00
-2.397246360778808594e+00
3.483201265335083008e+00
7.484824061393737793e-01
1.318947196006774902e+00
-5.573066473007202148e-01
-2.717523813247680664e+00
4.017873764038085938e+00
-7.960058450698852539e-01
-5.667358636856079102e-01
-2.269346237182617188e+00
-9.266265034675598145e-01
-2.832511067390441895e-01
2.168429613113403320e+00
-3.774369955062866211e+00
-1.044726014137268066e+00
4.530752182006835938e+00
-4.488508105278015137e-01
9.666520357131958008e-02
2.588075637817382812e+00
2.642681837081909180e+00
1.333778858184814453e+00
1.456915736198425293e+00
-1.179888486862182617e+00
-8.499479889869689941e-01
3.976302146911621094e+00
1.278030395507812500e+00
3.672789335250854492e+00
3.930255472660064697e-01
-8.702718019485473633e-01
4.956170916557312012e-01
-1.081191420555114746e+00
3.754657745361328125e+00
-1.723944664001464844e+00
3.466273784637451172e+00
-1.880707859992980957e+00
2.033376932144165039e+00
3.588348150253295898e+00
2.540218353271484375e+00
-2.705250024795532227e+00
3.685253620147705078e+00
3.235713839530944824e-01
1.189783930778503418e+00
1.539340257644653320e+00
1.774661183357238770e+00
-2.543431282043457031e+00
2.077098369598388672e+00
-3.094081401824951172e+00
1.645524621009826660e+00
-9.293237328529357910e-02
2.015726089477539062e+00
-8.234912902116775513e-02
3.581204175949096680e+00
-1.395900845527648926e+00
-7.183647155761718750e-01
-1.441968083381652832e+00
6.918224096298217773e-01
8.355354070663452148e-01
5.953946709632873535e-02
-2.652391910552978516e+00
5.764248967170715332e-01
3.563961029052734375e+00
4.473032474517822266e+00
3.282806158065795898e+00
-1.568659067153930664e+00
-2.541258573532104492e+00
1.131550908088684082e+00
-3.346734046936035156e-01
-2.674009203910827637e-01
-3.279674768447875977e+00
2.769289255142211914e+00
-3.770756959915161133e+00
-2.261593818664550781e+00
2.046921968460083008e+00
-1.742811441421508789e+00
6.622028946876525879e-01
2.917509317398071289e+00
7.256157994270324707e-01
2.255723774433135986e-01
-2.721560239791870117e+00
3.433620214462280273e+00
6.502386331558227539e-01
-1.458652257919311523e+00
-3.044331073760986328e+00
3.495046854019165039e+00
1.538426160812377930e+00
-9.515796303749084473e-01
-4.063484072685241699e-01
2.081886231899261475e-01
-4.873782396316528320e-01
-3.679553791880607605e-02
-2.727229118347167969e+00
3.165605068206787109e-01
3.690980911254882812e+00
-1.245233416557312012e+00
-2.955358505249023438e+00
1.467606425285339355e+00
4.802588939666748047e+00
-3.829505443572998047e+00
2.447446346282958984e+00
1.426548719406127930e+00
-7.854226231575012207e-01
3.449963808059692383e+00
-2.816247701644897461e+00
3.158456802368164062e+00
-2.796808719635009766e+00
-1.976689457893371582e+00
3.819461345672607422e+00
1.594848632812500000e+00
1.106093406677246094e+00
-5.146507173776626587e-02
-2.173624753952026367e+00
3.810543537139892578e+00
4.179380834102630615e-01
-6.271373033523559570e-01
-2.102386951446533203e+00
-1.560223102569580078e+00
-5.418460816144943237e-02
1.870050072669982910e+00
-3.492014169692993164e+00
-5.712309479713439941e-01
4.432883262634277344e+00
-8.749368041753768921e-02
-8.052363991737365723e-01
2.443451166152954102e+00
2.311333894729614258e+00
1.478658199310302734e+00
1.909280896186828613e+00
-1.050358533859252930e+00
-5.027104020118713379e-01
3.584706544876098633e+00
2.341533303260803223e-01
3.178624153137207031e+00
-2.780487239360809326e-01
-4.331708550453186035e-01
1.390390694141387939e-01
-1.201418876647949219e+00
3.019104719161987305e+00
-1.916440010070800781e+00
3.848300695419311523e+00
-2.203067064285278320e+00
1.977107644081115723e+00
4.169677734375000000e+00
2.812561511993408203e+00
-2.569163560867309570e+00
3.690340757369995117e+00
2.921120524406433105e-01
1.141184687614440918e+00
2.475058794021606445e+00
1.367127656936645508e+00
-2.389408588409423828e+00
1.554908156394958496e+00
-1.996912360191345215e+00
7.780462503433227539e-01
3.822575807571411133e-01
9.552600979804992676e-01
1.605506688356399536e-01
3.367226123809814453e+00
-5.496051311492919922e-01
-8.688024282455444336e-01
-1.268938779830932617e+00
7.161988615989685059e-01
8.870137929916381836e-01
-1.190111279487609863e+00
-2.634011983871459961e+00
-6.156879663467407227e-01
3.850744724273681641e+00
3.825898647308349609e+00
2.885583639144897461e+00
-2.198458671569824219e+00
-1.589898228645324707e+00
1.993948340415954590e+00
3.510116636753082275e-01
-4.402970671653747559e-01
-3.350224494934082031e+00
2.557762622833251953e+00
-3.676050424575805664e+00
-2.519488096237182617e+00
1.357219457626342773e+00
-1.379896283149719238e+00
5.182434320449829102e-01
2.768337011337280273e+00
2.950568199157714844e-01
-1.258317381143569946e-01
-1.666800737380981445e+00
3.762739658355712891e+00
4.132571518421173096e-01
-1.261761188507080078e+00
-2.605843067169189453e+00
3.011010408401489258e+00
1.567972302436828613e+00
-1.321527719497680664e+00
4.562048614025115967e-01
-6.817283034324645996e-01
-4.919946491718292236e-01
-5.805308818817138672e-01
-3.396542787551879883e+00
2.641527950763702393e-01
3.895882844924926758e+00
-1.404734253883361816e+00
-2.544051885604858398e+00
1.200099110603332520e+00
4.538222789764404297e+00
-3.057584047317504883e+00
2.744239091873168945e+00
7.749735116958618164e-01
-4.084122776985168457e-01
