6.300457954406738281e+00
1.565270328521728516e+01
8.960027694702148438e+00
1.537828922271728516e+01
1.599298667907714844e+01
7.335995674133300781e+00
1.681786155700683594e+01
1.602026557922363281e+01
9.745622634887695312e+00
1.546332931518554688e+01
1.562386608123779297e+01
1.703703498840332031e+01
3.971479892730712891e+00
8.136139869689941406e+00
-2.294557809829711914e+00
8.555220603942871094e+00
7.501502990722656250e+00
7.699360847473144531e+00
5.925339698791503906e+00
5.170632362365722656e+00
-3.496326923370361328e+00
-5.439664840698242188e+00
-3.433427333831787109e+00
8.270516395568847656e+00
-5.643473625183105469e+00
-9.448169916868209839e-02
3.046609401702880859e+00
7.621969223022460938e+00
8.635804653167724609e-01
5.821862220764160156e+00
9.810661315917968750e+00
2.518938302993774414e+00
-2.950519323348999023e+00
9.771998405456542969e+00
-4.851540565490722656e+00
2.064269065856933594e+00
4.243805408477783203e+00
4.282146930694580078e+00
4.955097198486328125e+00
-6.758711814880371094e+00
-6.025615692138671875e+00
9.038331508636474609e-01
3.848216295242309570e+00
1.221787333488464355e+00
3.902283906936645508e+00
-7.454625129699707031e+00
5.716095566749572754e-01
-1.928304284811019897e-01
-4.345802307128906250e+00
4.929872035980224609e+00
-5.814570426940917969e+00
-2.568189144134521484e+00
-1.164374232292175293e+00
5.430315971374511719e+00
5.010488033294677734e+00
3.770814180374145508e+00
-2.028030633926391602e+00
-3.026089370250701904e-01
6.483735084533691406e+00
6.008063793182373047e+00
6.120029926300048828e+00
-3.897450923919677734e+00
-3.438068628311157227e+00
-5.105137228965759277e-01
4.092554569244384766e+00
-2.105381153523921967e-02
5.541872978210449219e+00
-4.986202716827392578e+00
5.177697658538818359e+00
1.868998050689697266e+00
6.426015853881835938e+00
-5.731865882873535156e+00
3.442306280136108398e+00
-3.943954229354858398e+00
3.615275621414184570e+00
-4.603283405303955078e+00
2.046903610229492188e+00
2.875285863876342773e+00
-9.839513778686523438e+00
4.102924823760986328e+00
-2.928774356842041016e+00
-1.442001312971115112e-01
8.083175659179687500e+00
9.501057624816894531e+00
-4.448379039764404297e+00
-6.324349641799926758e-01
1.150191664695739746e+00
-3.641288995742797852e+00
-2.998238801956176758e+00
2.824679851531982422e+00
-4.577682971954345703e+00
-3.435038805007934570e+00
6.045148372650146484e+00
-1.134442925453186035e+00
-6.010645866394042969e+00
2.778270006179809570e+00
-4.774374485015869141e+00
8.450056076049804688e+00
-6.109768748283386230e-01
1.520741581916809082e-01
-2.503072977066040039e+00
6.472371578216552734e+00
-2.889393806457519531e+00
2.037242889404296875e+00
-5.603904247283935547e+00
-3.917809724807739258e+00
-3.697710931301116943e-01
-3.900400161743164062e+00
-8.574824333190917969e-01
1.213633537292480469e+00
6.327270507812500000e+00
-5.714952945709228516e+00
1.105313968658447266e+01
-1.275229215621948242e+00
5.309415817260742188e+00
-4.294430732727050781e+00
3.276624917984008789e+00
-2.151307821273803711e+00
-1.864110708236694336e+00
-6.117226183414459229e-02
4.216247081756591797e+00
1.219666123390197754e+00
5.311625003814697266e-01
-3.395104408264160156e+00
2.382614135742187500e+00
2.760585069656372070e+00
-3.206231117248535156e+00
5.110037326812744141e-01
4.635937213897705078e+00
-2.426585435867309570e+00
3.109700441360473633e+00
-6.306988716125488281e+00
6.315876960754394531e+00
-2.162698507308959961e-01
5.790004730224609375e+00
1.202574157714843750e+01
1.303411960601806641e+00
3.723393976688385010e-01
6.692510247230529785e-01
3.139314651489257812e+00
-4.371577262878417969e+00
2.117066621780395508e+00
-2.735849618911743164e-01
-1.574085652828216553e-01
4.004876613616943359e+00
2.231865644454956055e+00
3.308461904525756836e+00
2.528681039810180664e+00
3.733768761157989502e-01
1.219289898872375488e+00
-1.397753834724426270e+00
2.224156856536865234e+00
4.539181709289550781e+00
3.586487054824829102e+00
-5.758376717567443848e-01
-2.111635170876979828e-02
3.164031982421875000e+00
2.191513299942016602e+00
-4.076083302497863770e-01
4.629255771636962891e+00
2.754675447940826416e-01
-2.499556779861450195e+00
8.399418830871582031e+00
-7.910848617553710938e+00
-1.384737968444824219e+00
-2.068210601806640625e+00
1.995343923568725586e+00
-5.952000617980957031e+00
3.792338848114013672e+00
1.157872676849365234e+00
-4.300341606140136719e-01
-1.380678534507751465e+00
1.270929336547851562e+00
3.383581876754760742e+00
-3.264941215515136719e+00
1.468998193740844727e-01
-1.916781999170780182e-02
-6.517419219017028809e-02
-2.796429395675659180e-01
3.152090311050415039e+00
-1.989461302757263184e+00
3.138904571533203125e+00
2.684023380279541016e+00
2.295657247304916382e-01
-1.497139930725097656e+00
-1.016713023185729980e+00
1.356628537178039551e+00
-5.449035167694091797e-01
3.269221782684326172e+00
-2.492951869964599609e+00
-1.827799081802368164e+00
-4.871126174926757812e+00
-2.483624219894409180e+00
8.458846211433410645e-01
1.987090349197387695e+00
-1.898480892181396484e+00
2.798532724380493164e+00
1.448513627052307129e+00
2.851785123348236084e-01
4.142788410186767578e+00
2.623557090759277344e+00
-1.201351761817932129e+00
4.421433925628662109e+00
3.025197982788085938e+00
-6.994683742523193359e-01
3.626516163349151611e-01
4.071820259094238281e+00
-1.115903258323669434e+00
-6.923084259033203125e-01
-1.806830883026123047e+00
2.820727229118347168e-01
2.496244192123413086e+00
3.489790678024291992e+00
-1.473404765129089355e+00
-7.476069927215576172e-01
1.869388699531555176e+00
1.625916481018066406e+00
-7.048483490943908691e-01
-4.918578267097473145e-01
1.753265857696533203e+00
4.919911548495292664e-02
2.064159870147705078e+00
-2.120216608047485352e+00
2.444582462310791016e+00
2.337240219116210938e+00
-1.106969341635704041e-01
8.301361799240112305e-01
5.332892537117004395e-01
4.113670885562896729e-01
-1.555344581604003906e+00
4.346311569213867188e+00
-1.962201833724975586e+00
5.780009031295776367e-01
-1.269084811210632324e+00
-1.399644851684570312e+00
1.303043127059936523e+00
-4.637401103973388672e-01
2.350246191024780273e+00
1.239047288894653320e+00
-3.069204390048980713e-01
1.770517110824584961e+00
4.762287139892578125e-01
3.715132772922515869e-01
-1.212172389030456543e+00
2.601880729198455811e-01
-1.492651343345642090e+00
-1.458662599325180054e-01
1.375105500221252441e+00
4.007709920406341553e-01
4.506912231445312500e-01
2.313374757766723633e+00
-3.218285322189331055e+00
-6.353207826614379883e-01
2.351986646652221680e+00
-2.994118213653564453e+00
-2.357874870300292969e+00
2.195188283920288086e+00
9.122760295867919922e-01
-1.213728666305541992e+00
-3.975888788700103760e-01
-2.418749570846557617e+00
3.400417864322662354e-01
-3.078341186046600342e-01
-1.222389101982116699e+00
4.381171226501464844e+00
1.616308689117431641e+00
-1.756015777587890625e+00
3.904743790626525879e-01
-1.765935659408569336e+00
1.302923917770385742e+00
-3.290402293205261230e-01
1.450879693031311035e+00
2.403206348419189453e+00
1.607269883155822754e+00
3.194146633148193359e+00
-5.945822000503540039e-01
1.222329884767532349e-01
1.724941849708557129e+00
-4.065110385417938232e-01
2.280183315277099609e+00
-1.323672890663146973e+00
7.662852853536605835e-02
-9.024239182472229004e-01
-7.361944913864135742e-01
-4.544791877269744873e-01
3.712005376815795898e+00
3.500710010528564453e+00
