2.190260887145996094e+00
5.852500796318054199e-01
4.004495441913604736e-01
5.024908542633056641e+00
3.556246757507324219e+00
1.881359577178955078e+00
2.085546255111694336e+00
3.482017040252685547e+00
2.459655702114105225e-02
9.876165539026260376e-02
-1.491868376731872559e+00
7.930252552032470703e-01
-5.568829551339149475e-02
1.953890919685363770e-01
2.979560792446136475e-01
-2.478398382663726807e-01
3.215715587139129639e-01
1.782096982002258301e+00
-1.452058196067810059e+00
3.350182175636291504e-01
2.683509588241577148e-01
-1.826778054237365723e-01
-1.492124348878860474e-01
4.876115825027227402e-03
9.668710827827453613e-02
-2.658019363880157471e-01
6.532939150929450989e-03
1.108501911163330078e+00
9.732999801635742188e+00
9.735601425170898438e+00
1.329791641235351562e+01
1.533370876312255859e+01
1.540960979461669922e+01
1.752048492431640625e+01
1.918829727172851562e+01
2.118128967285156250e+01
2.278257179260253906e+01
-7.665681242942810059e-01
4.033426288515329361e-03
-9.896398782730102539e-01
2.511645793914794922e+00
-9.578604698181152344e-01
-8.693121671676635742e-01
1.211750864982604980e+00
-1.911515712738037109e+00
2.007634401321411133e+00
1.658368945121765137e+00
1.351616621017456055e+00
5.176174044609069824e-01
-3.348018229007720947e-01
1.031443357467651367e+00
3.663060367107391357e-01
-1.331457018852233887e+00
1.536700844764709473e+00
-7.372612357139587402e-01
9.390854090452194214e-02
-1.915072351694107056e-01
1.057347357273101807e-01
-7.039402127265930176e-01
-3.220655441284179688e+00
6.205424070358276367e-01
3.685512840747833252e-01
-3.159612178802490234e+00
-6.097287535667419434e-01
2.526253759860992432e-01
7.608705520629882812e+00
-1.707412004470825195e-01
7.749804973602294922e+00
-3.598923385143280029e-01
2.129081189632415771e-01
-1.255083847045898438e+01
4.759737014770507812e+00
1.304884672164916992e+00
-9.493333101272583008e-01
-3.109208822250366211e+00
-1.865429997444152832e+00
2.597336173057556152e-01
1.126868963241577148e+00
2.269373655319213867e+00
1.591508579254150391e+01
-4.329912662506103516e+00
4.545154571533203125e+00
1.064098715782165527e+00
-4.746023938059806824e-02
6.480945646762847900e-02
-5.003710985183715820e-01
7.439135909080505371e-01
-1.452493816614151001e-01
-5.160224437713623047e-01
2.250546962022781372e-01
-9.839623570442199707e-01
1.805548816919326782e-01
-1.855412423610687256e-01
-6.977880597114562988e-01
6.560083031654357910e-01
1.638130247592926025e-01
-4.227127432823181152e-01
2.025122642517089844e-01
-8.776135444641113281e-01
3.539761602878570557e-01
2.338543981313705444e-01
4.771408624947071075e-03
3.295524278655648232e-03
1.950933784246444702e-01
-2.032729098573327065e-03
-5.121552571654319763e-02
1.788095086812973022e-01
7.202696800231933594e-01
2.118315994739532471e-01
1.884230822324752808e-01
-2.165875434875488281e+00
1.016300439834594727e+00
-2.202564001083374023e+00
7.507225871086120605e-01
-3.428210318088531494e-01
4.514882564544677734e+00
-4.601130008697509766e+00
-2.254035174846649170e-01
9.167267680168151855e-01
2.456162720918655396e-01
8.247677087783813477e-01
-2.119203843176364899e-02
-3.420039713382720947e-01
-1.350878238677978516e+00
-2.422905921936035156e+00
5.379745960235595703e+00
-3.695428848266601562e+00
-7.109977006912231445e-01
2.748039662837982178e-01
3.331100568175315857e-02
-3.690133616328239441e-02
1.212210953235626221e-01
7.239769399166107178e-02
2.385751530528068542e-02
-5.639093518257141113e-01
4.615417420864105225e-01
-6.761717200279235840e-01
2.315097600221633911e-01
2.108514904975891113e-01
-5.118724703788757324e-01
1.470487266778945923e-01
-3.126168847084045410e-01
6.473950743675231934e-01
-1.975489407777786255e-01
3.528397083282470703e-01
-3.445093333721160889e-01
-1.128894165158271790e-01
6.055700033903121948e-02
3.633573651313781738e-01
6.278380155563354492e-01
-2.473956793546676636e-01
1.347040981054306030e-01
7.515900135040283203e-01
-1.466224491596221924e-01
-5.170275270938873291e-02
-7.587913870811462402e-01
1.441001653671264648e+00
-1.420241951942443848e+00
3.620459511876106262e-02
4.747882019728422165e-03
9.470015168190002441e-01
-3.493237257003784180e+00
-2.419263273477554321e-01
-3.094024658203125000e-01
1.337857991456985474e-01
3.767872154712677002e-01
2.892963290214538574e-01
-1.679441928863525391e-01
1.691610813140869141e-01
-2.644828319549560547e+00
9.876776337623596191e-01
-3.605212450027465820e+00
-5.509734182851389050e-05
1.514295814558863640e-03
1.341895665973424911e-03
-2.766373567283153534e-03
7.801788393408060074e-03
4.790215287357568741e-03
-1.728037605062127113e-04
-4.663853440433740616e-03
-6.186007522046566010e-03
5.025501362979412079e-03
-7.912604138255119324e-03
-9.519535116851329803e-03
-5.225582979619503021e-03
5.833003669977188110e-03
7.195640355348587036e-03
2.677148673683404922e-03
-6.669415161013603210e-03
1.522319624200463295e-03
-4.738723393529653549e-03
6.731600966304540634e-03
3.320507938042283058e-03
7.314517628401517868e-03
-1.059120753780007362e-03
8.723354898393154144e-03
6.630753632634878159e-03
-9.711878374218940735e-03
-9.929745458066463470e-03
-5.928238388150930405e-03
9.486582712270319462e-04
5.968366283923387527e-03
6.358182057738304138e-03
-8.940568193793296814e-03
-1.951050944626331329e-03
-5.145924631506204605e-03
-7.891666144132614136e-03
3.534565446898341179e-03
-3.090795595198869705e-03
-7.310603279620409012e-03
-6.608755793422460556e-03
8.135928772389888763e-03
5.367698147892951965e-03
-2.103239297866821289e-03
5.674108862876892090e-03
1.201408915221691132e-03
-9.854592382907867432e-03
1.340230584144592285e+00
8.074786663055419922e-01
-1.940848588943481445e+00
6.136397719383239746e-01
