1.915558457374572754e+00
4.783443450927734375e+00
3.918078184127807617e+00
1.551285147666931152e+00
2.164789915084838867e+00
3.421852111816406250e+00
-5.504006743431091309e-01
8.445528149604797363e-01
-6.686339974403381348e-01
-4.286668002605438232e-01
1.276298522949218750e+00
-5.227211117744445801e-01
9.657156467437744141e-02
-4.801855087280273438e-01
-1.473777890205383301e-01
-5.109671950340270996e-01
3.203418254852294922e-01
1.329725533723831177e-01
-6.488208770751953125e-01
1.330779170989990234e+01
1.528091621398925781e+01
1.033553695678710938e+01
1.728119659423828125e+01
1.909856605529785156e+01
2.423458671569824219e+01
-7.376890778541564941e-01
2.820845544338226318e-01
-7.845102995634078979e-02
4.761879891157150269e-02
-3.261144459247589111e-01
5.717576146125793457e-01
-5.685521960258483887e-01
3.975518345832824707e-01
-9.108085036277770996e-01
3.422262072563171387e-01
8.197821378707885742e-01
2.183065414428710938e-01
-1.118911027908325195e+00
-2.025890499353408813e-01
9.534085988998413086e-01
7.848964333534240723e-01
-2.059485465288162231e-01
-1.126350283622741699e+00
2.859790809452533722e-02
3.958488106727600098e-01
-6.712519168853759766e+00
4.918442070484161377e-01
-2.458265423774719238e-02
-3.554001748561859131e-01
-1.362906098365783691e-01
1.565687358379364014e-02
8.949733972549438477e-01
1.294989109039306641e+00
8.382353782653808594e-01
-6.530217528343200684e-01
4.383335709571838379e-01
-8.839320540428161621e-01
7.327123731374740601e-02
4.559580609202384949e-02
7.373721003532409668e-01
4.523326754570007324e-01
2.228300422430038452e-01
1.033811196684837341e-01
7.526403665542602539e-01
4.290279746055603027e-01
-1.318397045135498047e+00
2.738763332366943359e+00
2.065939456224441528e-01
-1.791929602622985840e-01
3.631995618343353271e-01
-1.343819685280323029e-02
3.790159225463867188e-01
-5.271790027618408203e-01
-6.300459504127502441e-01
-1.395807147026062012e+00
7.831551432609558105e-01
-4.673901498317718506e-01
2.241925716400146484e+00
-1.383453160524368286e-01
9.673037379980087280e-02
-4.719697237014770508e-01
1.807042509317398071e-01
-4.198081791400909424e-01
9.067459404468536377e-02
-1.037252545356750488e+00
-5.143265798687934875e-02
1.251431107521057129e+00
-2.176603794097900391e+00
-6.153259892016649246e-03
-8.399173617362976074e-03
3.433645470067858696e-03
3.552351146936416626e-03
-5.696740932762622833e-03
-3.784194355830550194e-03
-6.842526141554117203e-03
-7.713547674939036369e-04
-4.313052166253328323e-03
-3.682633629068732262e-03
-6.518425419926643372e-03
1.724082394503057003e-03
5.675791762769222260e-04
5.047884769737720490e-03
7.749872282147407532e-03
3.665886353701353073e-03
2.022772794589400291e-03
-7.681052666157484055e-03
3.414615290239453316e-03
-7.618970237672328949e-03
-4.938566708005964756e-04
1.089892625808715820e+00
9.543471336364746094e-01
-2.028269290924072266e+00
7.886902093887329102e-01
