1.713929414749145508e+00
-1.794077754020690918e-01
-8.887119591236114502e-02
4.566368579864501953e+00
1.911410808563232422e+00
3.585792064666748047e+00
2.043678045272827148e+00
2.196196556091308594e+00
5.078385472297668457e-01
3.318218469619750977e+00
-6.661531329154968262e-01
1.666557341814041138e-01
1.407236009836196899e-01
-1.890864849090576172e+00
-2.680121898651123047e+00
-4.747680723667144775e-01
-2.906761765480041504e-01
2.681407034397125244e-01
5.351024866104125977e-01
6.183658838272094727e-01
1.504899024963378906e+00
1.692082881927490234e-01
-4.474960267543792725e-01
3.636625707149505615e-01
-7.612014412879943848e-01
3.311568200588226318e-01
2.389153957366943359e+00
-9.689760953187942505e-02
-2.161592058837413788e-02
9.738160669803619385e-02
-3.490689694881439209e-01
-3.289032280445098877e-01
-3.509641587734222412e-01
-1.931680738925933838e-02
2.246985733509063721e-01
1.489735364913940430e+00
2.090919494628906250e+00
9.941453933715820312e+00
9.898568153381347656e+00
1.317267704010009766e+01
1.347418212890625000e+01
1.516678237915039062e+01
1.602987480163574219e+01
1.768415260314941406e+01
1.968127059936523438e+01
1.925327110290527344e+01
2.041171264648437500e+01
2.294599151611328125e+01
1.430279922485351562e+01
4.208365380764007568e-01
-1.098898574709892273e-01
-9.415891766548156738e-01
2.499690771102905273e+00
-2.951848804950714111e-01
-3.302004039287567139e-01
-3.576233685016632080e-01
-1.178163290023803711e+00
1.355461239814758301e+00
6.274781376123428345e-02
1.441678524017333984e+00
7.500893473625183105e-01
1.532087445259094238e+00
-1.968413591384887695e+00
1.994663715362548828e+00
1.361972242593765259e-01
-3.946663737297058105e-01
5.891818404197692871e-01
-1.302119642496109009e-01
3.185110092163085938e-01
-1.869025588035583496e+00
1.491063594818115234e+00
-1.518257737159729004e+00
-2.093006610870361328e+00
2.305857896804809570e+00
4.065884053707122803e-01
-3.168852806091308594e+00
1.438989162445068359e+00
-4.998413085937500000e+00
-4.476505517959594727e-01
-1.818360209465026855e+00
-1.336693763732910156e+00
1.040854549407958984e+01
-4.597339630126953125e+00
-9.019573926925659180e-01
4.048792839050292969e+00
-2.099604368209838867e+00
5.610972881317138672e+00
1.059531122446060181e-01
1.437690258026123047e+00
-2.928119003772735596e-01
-1.216851043701171875e+01
-9.674280881881713867e-01
4.969013035297393799e-01
-6.595435738563537598e-01
1.226747110486030579e-01
-2.345871925354003906e-01
-1.097526311874389648e+00
-7.099748849868774414e-01
-2.921062946319580078e+00
-1.325986146926879883e+00
-1.119729280471801758e+00
5.431998968124389648e-01
4.979929327964782715e-01
2.072420358657836914e+00
1.268446087837219238e+00
4.821521759033203125e+00
1.695516467094421387e+00
-2.818659782409667969e+00
-6.737067103385925293e-01
7.440990209579467773e-02
-1.421035885810852051e+00
-8.104286193847656250e-01
2.770660638809204102e+00
3.713604509830474854e-01
2.181570768356323242e+00
1.267498493194580078e+00
1.306333780288696289e+00
2.460274845361709595e-01
-2.600096464157104492e-01
2.198452949523925781e+00
6.177024245262145996e-01
1.398971915245056152e+00
1.209306836128234863e+00
-1.682125687599182129e+00
3.113496780395507812e+00
-1.076699495315551758e+00
9.034266471862792969e+00
2.381708025932312012e-01
-1.398816145956516266e-02
-7.591171562671661377e-02
-2.401573807001113892e-01
-7.117201387882232666e-02
4.455206990242004395e-01
1.214351728558540344e-01
6.345136165618896484e-01
-1.332995891571044922e-01
4.269618093967437744e-01
-1.960123926401138306e-01
1.062983348965644836e-01
-2.735973894596099854e-01
9.485667347908020020e-01
-1.711993098258972168e+00
2.421211302280426025e-01
8.127276599407196045e-02
-1.198507323861122131e-01
1.079869508743286133e+00
-5.014535784721374512e-01
7.264826893806457520e-01
-6.828699707984924316e-01
9.755294024944305420e-02
-1.546127069741487503e-02
8.791782855987548828e-01
1.040946841239929199e-01
-4.193918406963348389e-02
1.786948740482330322e-01
-7.865550518035888672e-01
5.840707421302795410e-01
8.922272175550460815e-02
-7.972554117441177368e-02
-4.908969402313232422e+00
-4.298510253429412842e-01
-1.941673308610916138e-01
2.961504831910133362e-02
3.064310178160667419e-02
1.636536240577697754e+00
-1.303488314151763916e-01
7.807102054357528687e-02
-1.134159088134765625e+00
6.319442749023437500e+00
7.337041497230529785e-01
-2.306770384311676025e-01
-1.091225519776344299e-01
-4.002876281738281250e-01
3.393163979053497314e-01
-2.087103724479675293e-01
-1.429054141044616699e-01
8.596431016921997070e-01
6.563162207603454590e-01
4.412198662757873535e-01
-1.735513657331466675e-01
6.736473739147186279e-02
3.582371398806571960e-02
1.673064753413200378e-02
-1.915174007415771484e+00
1.585215181112289429e-01
6.995356082916259766e-01
2.696133255958557129e-01
2.381682544946670532e-01
-6.453807651996612549e-02
-5.448461323976516724e-02
-1.699314564466476440e-01
-2.210449129343032837e-01
-9.041910171508789062e-01
2.188333034515380859e+00
-1.760890960693359375e+00
1.110385134816169739e-01
-2.319575101137161255e-01
-6.948639750480651855e-01
2.323860861361026764e-02
1.448595374822616577e-01
1.800799518823623657e-01
5.206271409988403320e-01
4.785890579223632812e-01
9.967865347862243652e-01
1.411943197250366211e+00
-2.213177382946014404e-01
3.411950767040252686e-01
3.429449200630187988e-01
-6.925731301307678223e-01
3.430739641189575195e-01
-5.959370136260986328e-01
3.546117544174194336e-01
-2.469485551118850708e-01
-1.592254638671875000e-01
-2.819645106792449951e-01
-5.525545477867126465e-01
-4.315886795520782471e-01
-2.325487136840820312e-01
1.219525694847106934e+00
-1.206979155540466309e+00
-4.814460277557373047e-01
4.278737902641296387e-01
3.622433841228485107e-01
1.928162872791290283e-01
-6.082016825675964355e-01
7.599148750305175781e-01
-9.982049465179443359e-01
-1.476666629314422607e-01
-1.376363169401884079e-02
2.171171084046363831e-02
4.026211425662040710e-02
-1.761297881603240967e-01
9.484430402517318726e-02
-8.665106892585754395e-01
-6.369798444211483002e-03
1.713594608008861542e-02
5.575616955757141113e-01
-4.831490516662597656e+00
9.320346266031265259e-02
-2.983665764331817627e-01
6.583929061889648438e-01
-8.792533725500106812e-02
1.240118622779846191e+00
-2.251309901475906372e-01
-2.196781784296035767e-01
1.052729412913322449e-01
5.719758510589599609e+00
1.209527160972356796e-02
2.499667853116989136e-01
3.985285758972167969e-01
6.602376103401184082e-01
-1.641132533550262451e-01
2.240511178970336914e-01
-2.930964529514312744e-01
8.807869553565979004e-01
-3.182423412799835205e-01
-8.920850604772567749e-02
-9.742942452430725098e-01
3.314307704567909241e-02
-4.016779959201812744e-01
3.809355199337005615e-01
-1.012391090393066406e+00
-5.386616587638854980e-01
3.123877346515655518e-01
1.578336805105209351e-01
4.542757570743560791e-01
4.337503314018249512e-01
-1.194076165556907654e-01
-1.658680319786071777e+00
1.721793413162231445e-01
8.226333856582641602e-01
-6.735568046569824219e-01
-9.958643913269042969e-01
1.851108074188232422e-01
-1.399746090173721313e-01
-4.379575848579406738e-01
1.088077723979949951e-01
-6.312238574028015137e-01
-3.197868168354034424e-01
5.499780178070068359e-01
-8.619167208671569824e-01
1.004113674163818359e+00
-6.216287016868591309e-01
8.274327032268047333e-03
-2.484734635800123215e-03
4.720030352473258972e-03
5.396469496190547943e-03
-2.784721320495009422e-03
-5.241823382675647736e-03
8.884149603545665741e-03
6.665406748652458191e-03
-6.058608181774616241e-03
-7.582269143313169479e-03
-6.672212854027748108e-03
3.763935063034296036e-03
-6.427461630664765835e-04
-6.526821758598089218e-03
8.480663411319255829e-03
3.413084661588072777e-03
2.378473436692729592e-04
2.388604450970888138e-03
3.070433449465781450e-04
-4.017200320959091187e-03
-3.065991913899779320e-04
6.457453593611717224e-03
-3.605638863518834114e-03
4.118602722883224487e-03
7.991594262421131134e-03
1.829637214541435242e-03
3.915276378393173218e-03
4.422923550009727478e-03
-4.271845798939466476e-03
8.921901462599635124e-04
-9.793691569939255714e-04
-8.631486445665359497e-03
-2.453322289511561394e-03
-4.212762229144573212e-03
5.496606696397066116e-03
6.798635702580213547e-03
4.046169109642505646e-03
9.533618576824665070e-03
4.535431042313575745e-03
8.451178669929504395e-03
-2.542024943977594376e-03
1.731517259031534195e-03
2.944352803751826286e-03
-5.991086363792419434e-03
-9.484266862273216248e-03
4.542397335171699524e-03
4.303474910557270050e-03
1.504555460996925831e-03
-6.244329735636711121e-03
3.045883728191256523e-03
3.909959457814693451e-03
9.762475267052650452e-03
-4.965467844158411026e-03
4.380162805318832397e-03
1.819550758227705956e-03
3.848755499348044395e-03
-6.500904913991689682e-03
-3.326802048832178116e-03
6.452215369790792465e-03
9.303730912506580353e-03
1.338473404757678509e-03
-8.653272874653339386e-03
9.105357341468334198e-03
-1.778060919605195522e-03
-2.976939780637621880e-03
5.469686351716518402e-03
-9.507073089480400085e-03
9.570377878844738007e-03
7.767534814774990082e-03
8.671139366924762726e-03
6.697541102766990662e-03
-6.339815910905599594e-03
8.504635654389858246e-03
-1.233215793035924435e-03
-5.821266677230596542e-03
-5.425191484391689301e-03
-5.681058391928672791e-03
-2.706083701923489571e-03
1.156803846359252930e+00
1.149013638496398926e+00
-1.945811271667480469e+00
7.279260754585266113e-01
