1.020353221893310547e+01
1.022356891632080078e+01
1.620438385009765625e+01
1.586107540130615234e+01
1.556056404113769531e+01
1.131896209716796875e+01
1.713689804077148438e+01
1.544500255584716797e+01
1.575017070770263672e+01
9.632883071899414062e+00
1.149073314666748047e+01
8.322549819946289062e+00
8.490101814270019531e+00
1.569861221313476562e+01
-6.254865646362304688e+00
8.681585311889648438e+00
-7.554881572723388672e+00
4.277216434478759766e+00
6.916771888732910156e+00
1.072711658477783203e+01
6.345331192016601562e+00
-7.337412834167480469e+00
4.576534271240234375e+00
7.947425842285156250e+00
1.039153957366943359e+01
-2.952685594558715820e+00
3.338951826095581055e+00
-3.321767747402191162e-01
3.653201103210449219e+00
9.547719001770019531e+00
4.885890007019042969e+00
1.117373180389404297e+01
-8.807667732238769531e+00
5.702850341796875000e+00
-7.070023417472839355e-01
1.407230973243713379e+00
-2.224498033523559570e+00
-1.277818202972412109e+01
-2.940050840377807617e+00
2.671447753906250000e+00
2.560276687145233154e-01
-1.832196474075317383e+00
-3.590827226638793945e+00
-1.366950988769531250e+00
-9.323038101196289062e+00
-1.326248168945312500e+00
4.854914665222167969e+00
6.257552623748779297e+00
-3.768148660659790039e+00
-7.207241654396057129e-01
-3.664433717727661133e+00
2.806556701660156250e+00
3.145734786987304688e+00
7.127758979797363281e+00
-7.194508552551269531e+00
-6.596427440643310547e+00
1.791353225708007812e+00
-4.747532844543457031e+00
2.047012329101562500e+00
4.817409515380859375e+00
-4.825129032135009766e+00
8.388446807861328125e+00
5.249831199645996094e+00
-1.792069554328918457e+00
2.629344940185546875e+00
7.440027236938476562e+00
2.905339241027832031e+00
-8.069543242454528809e-01
-3.210122346878051758e+00
-1.037689876556396484e+01
-1.320904016494750977e+00
2.876652956008911133e+00
4.905765056610107422e+00
-3.171758949756622314e-01
9.954603314399719238e-01
-2.408038139343261719e+00
5.720680713653564453e+00
-6.502006649971008301e-01
1.046691799163818359e+01
-4.277003765106201172e+00
5.223236978054046631e-02
9.120843887329101562e+00
1.501116394996643066e+00
3.476262331008911133e+00
8.082437515258789062e+00
-2.006159871816635132e-01
3.260106325149536133e+00
9.940441131591796875e+00
7.588707923889160156e+00
-6.674563884735107422e+00
-2.735509157180786133e+00
7.623255729675292969e+00
9.950831532478332520e-02
8.263501167297363281e+00
-3.778492212295532227e+00
3.345403194427490234e+00
3.165975332260131836e+00
1.489576339721679688e+00
6.542444974184036255e-02
4.388069152832031250e+00
7.008694648742675781e+00
-9.284386634826660156e+00
9.414844512939453125e+00
-1.273438811302185059e+00
-3.230996131896972656e+00
-4.090866088867187500e+00
-7.275997638702392578e+00
4.966432094573974609e+00
1.796918749809265137e+00
4.651664733886718750e+00
-6.854750156402587891e+00
-7.443993568420410156e+00
-3.373481333255767822e-01
-4.669611930847167969e+00
-1.371698021888732910e+00
6.010496616363525391e-01
-5.375311374664306641e+00
-2.994666099548339844e+00
1.811128139495849609e+00
-3.681697607040405273e+00
5.991110801696777344e-01
-1.787546753883361816e+00
1.581089138984680176e+00
3.425839841365814209e-01
-1.021887063980102539e+00
-3.365296363830566406e+00
-1.473708033561706543e+00
-1.580519556999206543e+00
-1.290998816490173340e+00
-3.766182422637939453e+00
3.221040248870849609e+00
2.631814241409301758e+00
4.690780341625213623e-01
-2.736754179000854492e+00
4.391507148742675781e+00
-2.368503808975219727e+00
-2.324206590652465820e+00
-2.281608104705810547e+00
2.112689167261123657e-01
-1.127890467643737793e+00
2.100693941116333008e+00
4.119930744171142578e+00
2.280776739120483398e+00
3.309821605682373047e+00
-2.814146280288696289e+00
1.105349540710449219e+00
9.577448964118957520e-01
-7.864095568656921387e-01
5.545032620429992676e-01
-2.748720347881317139e-01
8.298503160476684570e-01
1.271930456161499023e+00
-3.956050872802734375e-01
5.684746265411376953e+00
-2.896922349929809570e+00
2.301772117614746094e+00
2.948361635208129883e-01
-3.352186679840087891e-01
2.471768140792846680e+00
-7.876780815422534943e-03
-3.293748795986175537e-01
-9.288641810417175293e-01
4.689490318298339844e+00
1.284893035888671875e+00
1.070093035697937012e+00
1.520229458808898926e+00
2.507426500320434570e+00
-1.805587410926818848e+00
1.151427745819091797e+00
-9.573709368705749512e-01
3.559898734092712402e-01
1.353038907051086426e+00
-2.246066808700561523e+00
3.727199316024780273e+00
-3.079148568212985992e-02
-9.316235780715942383e-01
3.261021614074707031e+00
3.559955358505249023e+00
5.874593257904052734e-01
-1.226748943328857422e+00
3.010389566421508789e+00
4.841916084289550781e+00
-3.008111715316772461e+00
-3.794590234756469727e+00
1.807238698005676270e+00
2.226442098617553711e+00
4.337630271911621094e+00
-9.080408811569213867e-01
-3.434382438659667969e+00
-1.420074224472045898e+00
1.634590506553649902e+00
-4.051127433776855469e+00
1.377279281616210938e+00
1.228036522865295410e+00
-4.322056770324707031e+00
1.654064282774925232e-02
-2.515511751174926758e+00
-2.625677824020385742e+00
-3.774132430553436279e-01
1.327405095100402832e+00
1.150371909141540527e+00
-1.512761235237121582e+00
-6.336091756820678711e-01
-2.666263580322265625e+00
5.245361328125000000e-01
4.505654335021972656e+00
3.359345674514770508e+00
-5.285114049911499023e-01
-9.861352443695068359e-01
-1.277267217636108398e+00
2.359795570373535156e+00
-3.446930170059204102e+00
3.867218017578125000e+00
5.974004268646240234e-01
1.027046918869018555e+00
-3.255160808563232422e+00
2.927433013916015625e+00
2.112556844949722290e-01
-2.102080821990966797e+00
-1.413936734199523926e+00
1.113054633140563965e+00
2.653885126113891602e+00
1.048706650733947754e+00
-1.953043103218078613e+00
-3.862927913665771484e+00
1.260473966598510742e+00
-2.632144212722778320e+00
2.788227796554565430e+00
-5.019828304648399353e-02
-2.310251235961914062e+00
-1.092160582542419434e+00
-1.672320842742919922e+00
-1.418013691902160645e+00
-1.048445701599121094e-01
-2.918005466461181641e+00
2.788260459899902344e+00
6.819226145744323730e-01
3.687043488025665283e-01
-2.702251911163330078e+00
3.471927881240844727e+00
-2.831699609756469727e+00
-1.996578216552734375e+00
-1.421465635299682617e+00
2.258338689804077148e+00
-1.045188426971435547e+00
1.477032184600830078e+00
3.498228788375854492e+00
2.694112062454223633e+00
2.624483346939086914e+00
-3.639317512512207031e+00
6.804758906364440918e-01
7.183996438980102539e-01
3.981714248657226562e-01
1.430440187454223633e+00
1.458666801452636719e+00
4.899983108043670654e-02
2.094470262527465820e+00
9.143914580345153809e-01
4.551551342010498047e+00
-3.219882965087890625e+00
1.712801814079284668e+00
1.829298436641693115e-01
-8.574786782264709473e-01
2.167916774749755859e+00
4.684817492961883545e-01
-1.222927212715148926e+00
-1.301454424858093262e+00
4.393088817596435547e+00
1.792764782905578613e+00
2.015063524246215820e+00
1.847895026206970215e+00
3.696735143661499023e+00
-6.897290349006652832e-01
-3.511768579483032227e-01
-9.674980640411376953e-01
-7.044441103935241699e-01
1.264768004417419434e+00
-2.645906686782836914e+00
3.712914943695068359e+00
1.744340509176254272e-01
-9.550124406814575195e-01
3.697740077972412109e+00
3.832741975784301758e+00
6.456338763236999512e-01
-2.053977966308593750e+00
3.052900075912475586e+00
3.794099569320678711e+00
-3.594407320022583008e+00
-1.912594199180603027e+00
1.290319681167602539e+00
-1.688207983970642090e+00
2.695189237594604492e+00
7.014795541763305664e-01
-3.092826843261718750e+00
-1.400428414344787598e+00
1.218902945518493652e+00
-4.367073535919189453e+00
3.112904310226440430e+00
2.705904960632324219e+00
-1.177968144416809082e+00
-2.900064945220947266e+00
-2.037324905395507812e+00
-2.284878253936767578e+00
1.045954346656799316e+00
1.505712866783142090e+00
-5.316106081008911133e-01
-1.654654860496520996e+00
-1.949248164892196655e-01
-1.888426899909973145e+00
1.623310804367065430e+00
3.541547775268554688e+00
1.105580091476440430e+00
-2.096501588821411133e+00
6.319587826728820801e-01
-1.846861362457275391e+00
3.150789022445678711e+00
-3.048746585845947266e+00
4.549376964569091797e+00
5.990260243415832520e-01
1.919874072074890137e+00
-2.502402305603027344e+00
1.628599524497985840e+00
-5.970277786254882812e-01
-3.482182264328002930e+00
-3.657894134521484375e+00
-1.108510047197341919e-01
1.045624017715454102e+00
-1.106837987899780273e-01
-2.981065586209297180e-02
-8.856465816497802734e-01
