2.186354160308837891e+00
-2.015378624200820923e-01
5.082985401153564453e+00
4.011081218719482422e+00
1.824806571006774902e+00
3.555309772491455078e+00
-2.088004589080810547e+00
7.491185665130615234e-01
5.454601049423217773e-01
9.682548791170120239e-02
6.066565513610839844e-01
-4.866166412830352783e-01
-1.644957065582275391e-01
-4.432592391967773438e+00
-1.041969180107116699e+00
-4.263716340065002441e-01
-4.826976060867309570e-01
-2.713262438774108887e-01
6.971464157104492188e-01
-1.384965181350708008e-01
1.336761713027954102e+00
5.985918045043945312e-01
8.826018333435058594e+00
1.331057834625244141e+01
1.537596416473388672e+01
1.741599845886230469e+01
1.911156463623046875e+01
2.332913970947265625e+01
2.647461700439453125e+01
-7.184289693832397461e-01
-2.275864601135253906e+00
1.114398479461669922e+00
5.948414802551269531e-01
5.693115592002868652e-01
7.947424650192260742e-01
-1.387612342834472656e+00
-8.098073005676269531e-01
1.957617104053497314e-01
-6.982042193412780762e-01
6.182389855384826660e-01
3.117022514343261719e+00
2.064089059829711914e+00
-7.299644351005554199e-01
-4.616994857788085938e-01
-1.893177479505538940e-01
-2.927812337875366211e+00
2.314418256282806396e-01
1.689073085784912109e+00
-6.251278519630432129e-01
4.363799095153808594e+00
-1.911143898963928223e+00
2.000803500413894653e-01
-6.912052035331726074e-01
2.371534824371337891e+00
1.270924949645996094e+01
-1.430831313133239746e+00
-5.383598208427429199e-01
6.341651082038879395e-01
-1.988617330789566040e-01
3.532269895076751709e-01
-2.006794512271881104e-01
-3.766874969005584717e-01
4.685558080673217773e-01
-1.646642088890075684e+00
3.982666432857513428e-01
2.858271896839141846e-01
1.417736858129501343e-01
5.578709393739700317e-02
1.535309404134750366e-01
-8.881603181362152100e-02
2.484143376350402832e-01
-4.313181638717651367e-01
4.530635774135589600e-01
7.321259975433349609e-01
-4.534934461116790771e-02
-1.451680809259414673e-02
1.927904635667800903e-01
-1.503506451845169067e-01
7.275304794311523438e-01
1.070848554372787476e-01
-5.421774089336395264e-02
-1.273654103279113770e+00
-2.053944587707519531e+00
4.224224984645843506e-01
2.402609586715698242e+00
-1.028417237102985382e-02
-3.594426903873682022e-03
5.481822490692138672e-01
4.542683362960815430e-01
-4.295713901519775391e-01
-2.019531726837158203e-01
7.851383686065673828e-01
3.387219011783599854e-01
-6.138488054275512695e-01
-2.826227545738220215e-01
3.623631000518798828e-01
-7.230310440063476562e-01
-2.365971654653549194e-01
5.991598963737487793e-01
3.603293001651763916e-01
-1.502028107643127441e-01
7.068458199501037598e-01
-5.624396204948425293e-01
-5.853612422943115234e-01
-5.369565263390541077e-02
-1.241891980171203613e+00
-6.118214726448059082e-01
2.261934280395507812e-01
1.182412058115005493e-01
3.629819154739379883e-01
-2.081799268722534180e+00
-1.222240999341011047e-01
-3.446317613124847412e-01
3.950466401875019073e-03
5.201871506869792938e-03
5.838820245116949081e-03
3.962458111345767975e-03
2.371143084019422531e-03
1.944966963492333889e-03
-5.410012789070606232e-03
-2.557840198278427124e-04
-3.100666450336575508e-03
6.584682036191225052e-03
6.902390625327825546e-03
2.726036589592695236e-03
2.977324649691581726e-03
6.217351648956537247e-03
8.576544001698493958e-03
2.670813351869583130e-03
7.974942214787006378e-03
-9.705259464681148529e-03
1.450286217732354999e-04
4.155699280090630054e-04
-3.815182251855731010e-03
-8.717392571270465851e-03
-7.438487373292446136e-03
-1.675117993727326393e-03
-8.868337608873844147e-03
2.258702443214133382e-04
1.602211123099550605e-04
4.559495486319065094e-03
1.561110973358154297e+00
1.054896116256713867e+00
-2.270094156265258789e+00
7.739430665969848633e-01
