1.914536118507385254e+00
4.777101993560791016e+00
3.926243066787719727e+00
1.550102710723876953e+00
2.169661045074462891e+00
3.414391040802001953e+00
-6.624458432197570801e-01
8.520556688308715820e-01
-6.481038331985473633e-01
-5.283015370368957520e-01
1.194383859634399414e+00
-5.386390686035156250e-01
-2.983629703521728516e-01
-4.785559475421905518e-01
-2.719580829143524170e-01
-4.533298611640930176e-01
3.189312815666198730e-01
2.258650511503219604e-01
-6.869097948074340820e-01
1.330332088470458984e+01
1.528181934356689453e+01
1.031566429138183594e+01
1.727051353454589844e+01
1.910030746459960938e+01
2.270880699157714844e+01
-7.101255059242248535e-01
2.703070044517517090e-01
-3.701430931687355042e-02
2.057842612266540527e-01
-4.236463606357574463e-01
5.555189847946166992e-01
-5.260393619537353516e-01
5.241693928837776184e-02
-9.249569773674011230e-01
2.854120135307312012e-01
1.055765151977539062e+00
3.067159950733184814e-01
-6.325069069862365723e-01
-1.552882939577102661e-01
1.620122671127319336e+00
8.534529209136962891e-01
-1.303348839282989502e-01
-9.420140981674194336e-01
4.837531968951225281e-02
3.529693782329559326e-01
-4.958467960357666016e+00
5.687159895896911621e-01
-8.120287209749221802e-02
-2.558423280715942383e-01
6.421037018299102783e-02
-3.944952040910720825e-02
8.992541432380676270e-01
1.206423759460449219e+00
5.351585149765014648e-01
-4.478927552700042725e-01
2.432157397270202637e-01
-2.427461743354797363e-01
1.837268620729446411e-01
1.902036368846893311e-01
7.878038287162780762e-01
3.728245198726654053e-01
1.345624774694442749e-01
2.232852280139923096e-01
4.868100881576538086e-01
4.353726208209991455e-01
-1.001958847045898438e+00
1.499055147171020508e+00
1.276586204767227173e-01
-1.034485325217247009e-01
2.658564448356628418e-01
-2.000890821218490601e-01
3.790819346904754639e-01
-4.914570450782775879e-01
-5.339999794960021973e-01
-1.024549722671508789e+00
5.649481415748596191e-01
-3.066015839576721191e-01
1.430728077888488770e+00
-2.728858888149261475e-01
-1.001659557223320007e-01
-4.289675056934356689e-01
2.428421229124069214e-01
-3.140107393264770508e-01
-4.325891658663749695e-02
-6.618394851684570312e-01
-5.416434258222579956e-02
8.469299674034118652e-01
-1.210713267326354980e+00
-3.693123580887913704e-03
-4.257472231984138489e-03
-9.335998445749282837e-03
-1.272203749977052212e-03
4.519924987107515335e-03
7.484845817089080811e-03
2.915513003244996071e-03
1.939945505000650883e-03
2.529439516365528107e-03
-9.180279448628425598e-03
8.473779074847698212e-03
2.877689665183424950e-03
-4.594543948769569397e-03
-4.237540531903505325e-03
6.692151539027690887e-03
3.704586066305637360e-03
-7.882465608417987823e-03
8.866098942235112190e-04
-3.617933543864637613e-04
-5.046244710683822632e-03
-6.426831707358360291e-03
1.442672014236450195e+00
9.500573277473449707e-01
-2.028192281723022461e+00
7.939088344573974609e-01
