1.814422488212585449e+00
1.034294247627258301e+00
1.861585974693298340e-01
4.588078498840332031e+00
1.923729181289672852e+00
3.120167732238769531e+00
2.064751386642456055e+00
1.564092159271240234e+00
2.195055246353149414e+00
2.332828760147094727e+00
2.561732769012451172e+00
4.650443494319915771e-01
-7.748587429523468018e-02
1.638552695512771606e-01
-4.177993535995483398e-01
-8.584057092666625977e-01
3.491124883294105530e-02
-1.719623245298862457e-02
5.305308476090431213e-02
2.904491126537322998e-01
4.655825793743133545e-01
-2.800702154636383057e-01
1.899816244840621948e-01
1.148921549320220947e-01
-6.155491471290588379e-01
3.784524202346801758e-01
-9.945937395095825195e-01
4.843389615416526794e-03
1.091105341911315918e-01
-7.771851867437362671e-02
-1.954364962875843048e-02
-1.100663021206855774e-01
-9.587069600820541382e-02
2.974062412977218628e-02
-2.063080854713916779e-02
-1.632847487926483154e-01
-8.942104130983352661e-02
1.737058520317077637e+00
6.579488050192594528e-03
6.895266175270080566e-01
9.174413681030273438e+00
9.925971031188964844e+00
1.325827789306640625e+01
1.335848045349121094e+01
1.546482849121093750e+01
1.509953689575195312e+01
1.513925457000732422e+01
1.752054977416992188e+01
1.926595306396484375e+01
1.919577980041503906e+01
1.990417480468750000e+01
1.975520706176757812e+01
2.341593551635742188e+01
3.544245362281799316e-01
-2.798196673393249512e-01
6.000858545303344727e-01
-3.432621359825134277e-01
-1.333618350327014923e-02
2.868302166461944580e-01
9.906371235847473145e-01
5.231523886322975159e-02
-2.688283324241638184e-01
-1.406700909137725830e-01
-2.156678587198257446e-01
-5.320759415626525879e-01
-5.822138860821723938e-02
6.802687644958496094e-01
-3.573733195662498474e-02
9.454236626625061035e-01
6.365520358085632324e-01
-1.664347529411315918e+00
1.778690218925476074e-01
-6.328850984573364258e-01
4.770248830318450928e-01
1.037435173988342285e+00
-3.758815526962280273e-01
-2.920243330299854279e-02
5.525043010711669922e-01
1.967150531709194183e-02
-1.331173419952392578e+00
2.002268880605697632e-01
1.709032207727432251e-01
-3.114472627639770508e-01
-1.757935732603073120e-01
4.258801694959402084e-03
-8.603556454181671143e-02
4.554524421691894531e+00
2.935762882232666016e+00
3.593124866485595703e+00
1.305875778198242188e+00
9.104420244693756104e-02
-4.629318714141845703e-01
-1.652266085147857666e-01
3.602395951747894287e-01
-5.896158814430236816e-01
-1.135451644659042358e-01
-4.851661682128906250e+00
-4.730023384094238281e+00
-5.312942028045654297e+00
4.778913259506225586e-01
-4.925187528133392334e-01
-4.684934318065643311e-01
-1.636555641889572144e-01
-5.969176441431045532e-02
-1.394966393709182739e-01
9.966913461685180664e-01
-3.325500488281250000e-01
4.030169248580932617e-01
-8.109043240547180176e-01
2.416412979364395142e-01
-5.951801538467407227e-01
3.411200940608978271e-01
-1.830035895109176636e-01
6.774950623512268066e-01
2.700267791748046875e+00
8.224062323570251465e-01
-4.775554835796356201e-01
-8.666414022445678711e-01
5.536478161811828613e-01
-2.568287542089819908e-03
-3.744799613952636719e+00
-2.205161333084106445e+00
1.146170496940612793e+00
1.519695997238159180e+00
-1.070199012756347656e+00
-4.414797425270080566e-01
3.210615813732147217e-01
-5.141549110412597656e-01
-2.597501039505004883e+00
1.446321457624435425e-01
2.662913203239440918e-01
-2.562861740589141846e-01
2.578839063644409180e-01
2.685859918594360352e+00
-2.612583041191101074e-01
3.250478506088256836e-01
4.267041087150573730e-01
1.016860961914062500e+00
1.683104395866394043e+00
7.903935313224792480e-01
1.928599596023559570e+00
-2.783926129341125488e-01
2.727072238922119141e+00
7.634108543395996094e+00
-4.398052990436553955e-01
3.077387250959873199e-02
-1.917838454246520996e-01
6.336631774902343750e-01
2.264602184295654297e-01
1.045664995908737183e-01
-4.642762541770935059e-01
2.601545453071594238e-01
-1.334469616413116455e-01
3.851606547832489014e-01
-1.663406640291213989e-01
-4.673371911048889160e-01
-1.938540190458297729e-01
1.177566424012184143e-01
2.344410717487335205e-01
-8.187766671180725098e-01
2.330109179019927979e-01
-4.284652173519134521e-01
-5.418093800544738770e-01
2.351257354021072388e-01
-3.463001549243927002e-01
3.911298215389251709e-01
3.176793754100799561e-01
1.005462050437927246e+00
1.750728785991668701e-01
3.690192997455596924e-01
1.468553841114044189e-01
6.747494637966156006e-02
2.521575391292572021e-01
-5.715650320053100586e-01
1.231686547398567200e-01
1.254198700189590454e-01
8.540479838848114014e-02
-2.427206039428710938e+00
-2.471870660781860352e+00
5.360366702079772949e-01
3.104729354381561279e-01
-1.304034143686294556e-01
-2.747788429260253906e-01
6.466064453125000000e-01
1.465608179569244385e-02
1.029312163591384888e-01
9.869975969195365906e-03
2.855263710021972656e+00
4.234379768371582031e+00
-9.846230745315551758e-01
1.747279316186904907e-01
9.730228781700134277e-02
1.894877254962921143e-01
1.566131412982940674e-01
8.896899968385696411e-02
1.375580132007598877e-01
3.237785696983337402e-01
5.840344429016113281e-01
-8.237375319004058838e-02
-9.567558299750089645e-04
2.003538906574249268e-01
1.761536598205566406e-01
-1.168426945805549622e-01
1.425330638885498047e-01
6.240373849868774414e-01
1.036637306213378906e+00
-2.305135130882263184e-01
-3.181708157062530518e-01
-1.237980648875236511e-01
8.195918053388595581e-02
-1.326681524515151978e-01
-2.498642206192016602e+00
-6.451268792152404785e-01
-5.080661177635192871e-01
5.698630213737487793e-02
3.115161061286926270e-01
4.379479289054870605e-01
3.284963965415954590e-02
-3.080724477767944336e-01
8.521261811256408691e-01
1.455996558070182800e-02
1.341573707759380341e-02
2.996803224086761475e-01
-6.440455466508865356e-02
-6.037755012512207031e-01
1.504103541374206543e-01
-3.357807099819183350e-01
-7.226009368896484375e-01
-4.889362156391143799e-01
-1.098583459854125977e+00
-2.149723768234252930e+00
-1.903413385152816772e-01
-1.705955266952514648e+00
-3.156887590885162354e-01
2.051786184310913086e+00
-3.955153822898864746e-01
1.856256127357482910e-01
-6.057764291763305664e-01
2.236323058605194092e-02
3.047352433204650879e-01
1.652315631508827209e-02
-7.993509769439697266e-01
-2.432956546545028687e-01
8.566824793815612793e-01
-1.253094077110290527e-01
-5.079265236854553223e-01
5.817086100578308105e-01
-3.961265459656715393e-02
-3.155106604099273682e-01
2.588001489639282227e-01
-5.927000641822814941e-01
-1.357730329036712646e-01
-2.172411829233169556e-01
-3.661004900932312012e-01
-2.572754919528961182e-01
-4.551693201065063477e-01
1.977923065423965454e-01
-3.207835927605628967e-02
4.653835594654083252e-01
-4.920555055141448975e-01
3.383085727691650391e-01
-4.091088473796844482e-02
6.515967100858688354e-02
1.473343819379806519e-01
-4.843319952487945557e-01
-9.649302065372467041e-02
1.288081109523773193e-01
1.341132353991270065e-02
-1.487035989761352539e+00
-2.101427316665649414e+00
5.623522400856018066e-01
9.760773926973342896e-02
-2.263974696397781372e-01
-3.065995872020721436e-01
7.511279582977294922e-01
-3.500039875507354736e-02
1.881919652223587036e-01
2.431887015700340271e-02
1.793759346008300781e+00
2.932329654693603516e+00
-6.093566417694091797e-01
-1.106749773025512695e-01
2.470088750123977661e-01
1.449129581451416016e-01
1.660343259572982788e-02
3.579594567418098450e-02
4.873031750321388245e-02
-1.196093261241912842e-01
-1.298869997262954712e-01
2.433935850858688354e-01
2.263614535331726074e-01
2.903019785881042480e-01
2.549856603145599365e-01
-5.102482810616493225e-02
1.397910118103027344e-01
9.305996894836425781e-01
2.877988517284393311e-01
-6.350918412208557129e-01
-1.973290592432022095e-01
1.537326276302337646e-01
1.840398460626602173e-02
-2.201988361775875092e-02
1.367312967777252197e-01
-7.240941524505615234e-01
-5.630847215652465820e-01
-5.371453762054443359e-01
-2.035878896713256836e-01
9.895367175340652466e-02
4.936413839459419250e-02
4.648162424564361572e-01
4.251361489295959473e-01
-4.590807016938924789e-03
1.439617276191711426e-01
3.239019215106964111e-01
3.161261677742004395e-01
-7.204336524009704590e-01
6.541866809129714966e-02
-2.309234142303466797e-01
-1.249204352498054504e-01
2.702834904193878174e-01
-8.958336114883422852e-01
-1.344689011573791504e+00
1.112355470657348633e+00
-1.318496465682983398e+00
-2.311083823442459106e-01
-2.223283290863037109e+00
-6.171285640448331833e-03
4.606575239449739456e-03
-3.445937763899564743e-03
7.412450853735208511e-03
-6.283342954702675343e-04
-6.532914470881223679e-03
-7.867359556257724762e-03
-3.324175486341118813e-03
2.581700449809432030e-03
8.359691128134727478e-03
-2.144485479220747948e-04
5.567029118537902832e-03
-5.322302691638469696e-03
6.202328018844127655e-03
9.328332380391657352e-04
1.175079611130058765e-03
4.994346527382731438e-04
-3.477441496215760708e-04
8.619735017418861389e-03
-6.623280700296163559e-03
7.040012162178754807e-03
-9.920728625729680061e-04
9.722121059894561768e-03
-5.628363229334354401e-03
-7.815841585397720337e-03
-8.059589192271232605e-03
5.988385993987321854e-03
-6.185730453580617905e-04
8.290570229291915894e-03
2.229220699518918991e-03
3.097229055128991604e-04
-9.962586686015129089e-03
-4.463870543986558914e-03
1.682282541878521442e-03
-8.675782941281795502e-03
-6.959673017263412476e-03
-1.921773771755397320e-03
-8.234081789851188660e-03
-6.057053804397583008e-03
9.842810221016407013e-03
-1.990708522498607635e-03
7.390433922410011292e-03
4.937095567584037781e-03
-1.794807729311287403e-03
-4.268120508641004562e-03
-2.929031150415539742e-03
3.323039272800087929e-03
-3.225988242775201797e-03
6.229565013200044632e-03
4.710684530436992645e-03
-7.855528034269809723e-03
-9.171504527330398560e-03
7.528927526436746120e-04
9.235629811882972717e-03
-3.257649485021829605e-03
-2.176719950512051582e-03
-8.131593465805053711e-03
4.323261324316263199e-03
6.169287487864494324e-03
2.044353866949677467e-03
-3.819105913862586021e-03
4.840617533773183823e-03
6.844888441264629364e-03
-5.708712153136730194e-03
9.359036630485206842e-05
3.406420350074768066e-03
-3.117982298135757446e-03
2.505248703528195620e-04
-9.499638341367244720e-03
-4.047146998345851898e-03
3.047670004889369011e-03
-7.144637405872344971e-03
-4.072805400937795639e-03
-9.618693962693214417e-03
-6.154182483442127705e-05
-8.483136072754859924e-03
5.422232672572135925e-03
6.860108696855604649e-04
-2.329322975128889084e-03
-1.634617336094379425e-03
2.534372266381978989e-03
8.830307982861995697e-03
-7.159346714615821838e-03
1.761958934366703033e-03
-8.472902700304985046e-03
5.625152960419654846e-03
-6.303281057626008987e-03
-6.591118406504392624e-03
1.134390826337039471e-03
1.285431208088994026e-03
-9.017948061227798462e-03
1.027901649475097656e+00
1.262288093566894531e+00
-1.418373227119445801e+00
6.321584582328796387e-01
