1.700604796409606934e+00
1.562541723251342773e+00
6.689664125442504883e-01
4.365890502929687500e+00
1.870107054710388184e+00
3.285592079162597656e+00
2.445937871932983398e+00
1.285368204116821289e+00
2.275600433349609375e+00
2.832280874252319336e+00
1.944754958152770996e+00
-3.284836187958717346e-02
1.410271972417831421e-01
4.281977117061614990e-01
4.344789683818817139e-01
-1.042673110961914062e+00
-1.117447111755609512e-02
2.618387937545776367e-01
4.180990755558013916e-01
2.687308192253112793e-01
-7.535625994205474854e-02
-2.053147703409194946e-01
8.476629853248596191e-03
1.103938147425651550e-01
-1.327393054962158203e+00
3.133867084980010986e-01
-5.308063030242919922e-01
-3.198737502098083496e-01
-1.888693422079086304e-01
-9.375163167715072632e-02
-2.178629338741302490e-01
-3.012910783290863037e-01
-1.855594217777252197e-01
5.890741348266601562e-01
-8.052125573158264160e-02
1.003053188323974609e-01
-2.597019374370574951e-01
9.931017756462097168e-01
9.500409960746765137e-01
3.589033782482147217e-01
1.002897644042968750e+01
9.900214195251464844e+00
1.316843605041503906e+01
1.336495876312255859e+01
1.554701232910156250e+01
1.492028045654296875e+01
1.384102916717529297e+01
1.752671623229980469e+01
1.910820388793945312e+01
1.960995864868164062e+01
2.175066375732421875e+01
2.000402832031250000e+01
2.301559257507324219e+01
1.534308433532714844e+00
-2.899809777736663818e-01
-1.994392573833465576e-01
-4.395879507064819336e-01
-1.177725911140441895e+00
5.482707619667053223e-01
1.887652754783630371e+00
1.880619525909423828e+00
-6.455119252204895020e-01
-1.202436327934265137e+00
1.666773080825805664e+00
4.414133355021476746e-02
-6.614203006029129028e-02
1.121046662330627441e+00
5.545723810791969299e-02
1.049315690994262695e+00
-1.788344830274581909e-01
-1.239081978797912598e+00
1.637039661407470703e+00
-1.197322726249694824e+00
3.602661564946174622e-02
1.750412821769714355e+00
2.835776656866073608e-03
-8.212994337081909180e-01
1.332159042358398438e+00
-1.227104067802429199e+00
1.554582476615905762e+00
-2.315015643835067749e-01
2.811171412467956543e-01
-1.978077411651611328e+00
-7.793393135070800781e-01
-2.863091826438903809e-01
-7.606985569000244141e-01
1.001365661621093750e+01
4.138489723205566406e+00
7.669858932495117188e+00
-2.673653364181518555e+00
1.108145594596862793e+00
-4.595835208892822266e-01
-3.862417936325073242e-01
9.828847646713256836e-01
-5.197496414184570312e-01
1.977506399154663086e+00
-1.101124000549316406e+01
-5.892179012298583984e+00
-1.058886432647705078e+01
5.309484601020812988e-01
-8.430891036987304688e-01
-1.093895673751831055e+00
-1.325416803359985352e+00
3.294647932052612305e-01
9.426401853561401367e-01
-5.034279450774192810e-02
-4.522557556629180908e-01
3.074082732200622559e-01
-5.133363604545593262e-01
5.274543166160583496e-01
-2.708268761634826660e-01
6.064916849136352539e-01
-1.937682330608367920e-01
9.116317033767700195e-01
1.276672959327697754e+00
1.309836983680725098e+00
4.792896270751953125e+00
9.982970952987670898e-01
-9.933895468711853027e-01
-8.832761645317077637e-01
7.406170964241027832e-01
-2.185235500335693359e+00
2.078618288040161133e+00
1.028247952461242676e+00
1.678477600216865540e-02
-1.846953034400939941e+00
1.550693511962890625e+00
-4.823158979415893555e-01
-2.640162229537963867e+00
-7.575662434101104736e-02
-1.009111627936363220e-01
2.186480723321437836e-02
4.327878654003143311e-01
2.157082080841064453e+00
1.151147127151489258e+00
-4.533080160617828369e-01
4.764700531959533691e-01
1.349170088768005371e+00
7.249448299407958984e+00
1.744830369949340820e+00
1.876159906387329102e+00
1.860951066017150879e+00
1.672881007194519043e+00
7.752987384796142578e+00
3.514666557312011719e-01
2.323486357927322388e-01
-2.916065976023674011e-02
7.191790640354156494e-02
2.054022550582885742e-01
-1.930295526981353760e-01
-5.071798563003540039e-01
6.682211756706237793e-01
-5.270409584045410156e-01
5.715073943138122559e-01
-3.155789673328399658e-01
-8.963568210601806641e-01
-2.239632755517959595e-01
3.694148063659667969e-01
5.685722827911376953e-01
-7.826359272003173828e-01
-5.332709550857543945e-01
5.262446999549865723e-01
-3.354673087596893311e-01
6.872915625572204590e-01
-9.220485687255859375e-01
1.638600826263427734e+00
3.544144630432128906e-01
8.877108097076416016e-01
1.113926887512207031e+00
1.023171901702880859e+00
-4.083554446697235107e-01
-2.385340034961700439e-01
1.072378993034362793e+00
-1.137783885002136230e+00
2.358620613813400269e-01
1.377621740102767944e-01
1.733067929744720459e-01
-3.638053655624389648e+00
-6.016945362091064453e+00
2.508750677108764648e+00
9.260763525962829590e-01
-3.331298828125000000e-01
-8.195551037788391113e-01
1.989456295967102051e+00
-4.299939870834350586e-01
4.268802329897880554e-02
-1.109360903501510620e-01
4.825458526611328125e+00
6.845837593078613281e+00
-3.495830059051513672e+00
5.660091042518615723e-01
5.977550521492958069e-02
7.619943022727966309e-01
5.888972282409667969e-01
-3.234816193580627441e-01
3.290933668613433838e-01
-2.830848991870880127e-01
-9.278498888015747070e-01
5.814925432205200195e-01
7.084219455718994141e-01
-2.484870404005050659e-01
1.429199129343032837e-01
4.671666398644447327e-02
7.322874665260314941e-02
5.713099241256713867e-01
4.889549314975738525e-01
1.500898003578186035e-01
-2.045940160751342773e+00
1.405497267842292786e-02
2.946404218673706055e-01
-4.712733626365661621e-01
-1.886523962020874023e+00
2.056850790977478027e-01
-1.205387115478515625e+00
-1.984320729970932007e-01
4.657578840851783752e-02
1.120596408843994141e+00
-3.297550678253173828e-01
-4.633087515830993652e-01
4.264517128467559814e-02
7.165359258651733398e-01
-6.361511945724487305e-01
1.499360203742980957e-01
-8.062418699264526367e-01
5.654298067092895508e-01
7.863713502883911133e-01
-2.541708648204803467e-01
-8.655972480773925781e-01
-1.508234590291976929e-01
-8.930253982543945312e-01
-1.159741163253784180e+00
7.187651991844177246e-01
-5.838243961334228516e-01
-5.169982910156250000e-01
3.971443891525268555e+00
-8.189176917076110840e-01
1.786783337593078613e-01
-2.121392488479614258e-01
5.111594796180725098e-01
5.288241505622863770e-01
-5.061479210853576660e-01
-4.504843056201934814e-01
-5.011474490165710449e-01
6.469108462333679199e-01
-2.122233957052230835e-01
3.787937760353088379e-01
9.213977456092834473e-01
-1.899490952491760254e-01
1.292967051267623901e-02
2.490228116512298584e-01
-1.063521027565002441e+00
4.860614240169525146e-01
-2.742502391338348389e-01
-2.039774209260940552e-01
-1.107809692621231079e-01
-2.890591323375701904e-01
-2.496835738420486450e-01
-5.439056158065795898e-01
-6.157681345939636230e-01
-3.406476378440856934e-01
4.760134220123291016e-01
-5.895671844482421875e-01
1.153224185109138489e-01
4.190063178539276123e-01
-7.621394395828247070e-01
2.169299572706222534e-01
5.651221051812171936e-02
5.214016512036323547e-02
-2.672876834869384766e+00
-4.815729141235351562e+00
2.120477914810180664e+00
6.061190366744995117e-01
-1.853666305541992188e-01
-8.548663258552551270e-01
1.578423976898193359e+00
-3.782633543014526367e-01
3.227701485157012939e-01
9.391225874423980713e-02
2.958931207656860352e+00
6.540899753570556641e+00
-2.978948593139648438e+00
-4.944256246089935303e-01
5.747346878051757812e-01
-3.917254805564880371e-01
1.935495585203170776e-01
-3.374023139476776123e-01
-2.422782629728317261e-01
-3.597300350666046143e-01
-5.670382976531982422e-01
5.234825611114501953e-01
-2.377691864967346191e-01
1.096747964620590210e-01
-6.662878394126892090e-02
3.078023195266723633e-01
1.523293256759643555e-01
8.363865315914154053e-02
-5.522573590278625488e-01
-8.152415752410888672e-01
-7.237377166748046875e-01
-5.146857500076293945e-01
3.794831037521362305e-01
-8.030188828706741333e-02
-6.199947595596313477e-01
4.928666353225708008e-01
3.300633132457733154e-01
-6.083490327000617981e-02
-5.131201073527336121e-02
-3.854012116789817810e-02
-2.847495377063751221e-01
2.516168653964996338e-01
6.931666731834411621e-01
-1.291545629501342773e-01
2.641191780567169189e-01
1.904154121875762939e-01
6.553722172975540161e-02
-6.376670598983764648e-01
-4.254674017429351807e-01
-3.143517971038818359e-01
-1.949185878038406372e-01
4.762371480464935303e-01
-1.662084460258483887e+00
-1.536126971244812012e+00
1.388318419456481934e+00
-1.153517961502075195e+00
-7.427686452865600586e-01
-2.543693542480468750e+00
-6.171285640448331833e-03
4.606575239449739456e-03
-3.445937763899564743e-03
7.412450853735208511e-03
-6.283342954702675343e-04
-6.532914470881223679e-03
-7.867359556257724762e-03
-3.324175486341118813e-03
2.581700449809432030e-03
8.359691128134727478e-03
-2.144485479220747948e-04
5.567029118537902832e-03
-5.322302691638469696e-03
6.202328018844127655e-03
9.328332380391657352e-04
1.175079611130058765e-03
4.994346527382731438e-04
-3.477441496215760708e-04
8.619735017418861389e-03
-6.623280700296163559e-03
7.040012162178754807e-03
-9.920728625729680061e-04
9.722121059894561768e-03
-5.628363229334354401e-03
-7.815841585397720337e-03
-8.059589192271232605e-03
5.988385993987321854e-03
-6.185730453580617905e-04
8.290570229291915894e-03
2.229220699518918991e-03
3.097229055128991604e-04
-9.962586686015129089e-03
-4.463870543986558914e-03
1.682282541878521442e-03
-8.675782941281795502e-03
-6.959673017263412476e-03
-1.921773771755397320e-03
-8.234081789851188660e-03
-6.057053804397583008e-03
9.842810221016407013e-03
-1.990708522498607635e-03
7.390433922410011292e-03
4.937095567584037781e-03
-1.794807729311287403e-03
-4.268120508641004562e-03
-2.929031150415539742e-03
3.323039272800087929e-03
-3.225988242775201797e-03
6.229565013200044632e-03
4.710684530436992645e-03
-7.855528034269809723e-03
-9.171504527330398560e-03
7.528927526436746120e-04
9.235629811882972717e-03
-3.257649485021829605e-03
-2.176719950512051582e-03
-8.131593465805053711e-03
4.323261324316263199e-03
6.169287487864494324e-03
2.044353866949677467e-03
-3.819105913862586021e-03
4.840617533773183823e-03
6.844888441264629364e-03
-5.708712153136730194e-03
9.359036630485206842e-05
3.406420350074768066e-03
-3.117982298135757446e-03
2.505248703528195620e-04
-9.499638341367244720e-03
-4.047146998345851898e-03
3.047670004889369011e-03
-7.144637405872344971e-03
-4.072805400937795639e-03
-9.618693962693214417e-03
-6.154182483442127705e-05
-8.483136072754859924e-03
5.422232672572135925e-03
6.860108696855604649e-04
-2.329322975128889084e-03
-1.634617336094379425e-03
2.534372266381978989e-03
8.830307982861995697e-03
-7.159346714615821838e-03
1.761958934366703033e-03
-8.472902700304985046e-03
5.625152960419654846e-03
-6.303281057626008987e-03
-6.591118406504392624e-03
1.134390826337039471e-03
1.285431208088994026e-03
-9.017948061227798462e-03
1.194977641105651855e+00
1.040997266769409180e+00
-1.726651072502136230e+00
6.771435141563415527e-01
