1.963402175903320312e+01
2.267755985260009766e+00
1.731731224060058594e+01
1.638013267517089844e+01
1.544509506225585938e+01
1.162358570098876953e+01
1.527010631561279297e+01
5.938868045806884766e+00
1.618427276611328125e+01
1.561649227142333984e+01
9.824211120605468750e+00
8.001566886901855469e+00
1.841007232666015625e+01
8.031929969787597656e+00
-4.632415771484375000e+00
6.906911373138427734e+00
-1.563652634620666504e+00
-2.301212787628173828e+00
4.345584869384765625e+00
-6.233567714691162109e+00
3.959255218505859375e+00
-4.990124225616455078e+00
4.316737651824951172e+00
1.128554821014404297e+01
-2.431495428085327148e+00
4.862518787384033203e+00
3.196059226989746094e+00
-7.801728725433349609e+00
5.003878593444824219e+00
4.693796157836914062e+00
7.567639350891113281e+00
-7.577891826629638672e+00
-9.721022844314575195e-01
1.631162643432617188e+00
-7.376706123352050781e+00
6.070427894592285156e+00
-4.754279136657714844e+00
1.951551079750061035e+00
-1.721669197082519531e+00
3.613159656524658203e+00
6.397899627685546875e+00
2.244643121957778931e-01
6.079286098480224609e+00
-2.285328865051269531e+00
-1.706691980361938477e+00
4.569820404052734375e+00
3.505290746688842773e+00
8.052336692810058594e+00
-4.272917747497558594e+00
5.645986080169677734e+00
-4.237636566162109375e+00
8.908736228942871094e+00
-3.675431966781616211e+00
8.327662467956542969e+00
-3.057422161102294922e+00
4.209934234619140625e+00
2.431491613388061523e+00
1.535800695419311523e+00
-4.547048091888427734e+00
-9.477531313896179199e-01
2.970370531082153320e+00
-1.890402913093566895e+00
-1.633148670196533203e+00
-3.046409130096435547e+00
-1.843358397483825684e+00
1.214023780822753906e+01
-1.067229747772216797e+00
-1.670379519462585449e+00
1.901228547096252441e+00
-4.224389553070068359e+00
-8.138831138610839844e+00
-2.510298252105712891e+00
1.498785376548767090e+00
4.972498893737792969e+00
-4.701123237609863281e+00
-2.345933765172958374e-01
-5.436250209808349609e+00
1.202369594573974609e+01
6.125619411468505859e-01
1.831954479217529297e+00
3.959859609603881836e-01
-6.993233561515808105e-01
6.862064361572265625e+00
6.827303886413574219e+00
1.224461197853088379e-01
-1.385999870300292969e+01
-3.161700725555419922e+00
2.403441905975341797e+00
-5.562790870666503906e+00
4.622301101684570312e+00
-2.298134751617908478e-02
-4.203165531158447266e+00
7.754126936197280884e-02
-5.504946708679199219e-01
1.652909755706787109e+00
2.902926445007324219e+00
9.088811874389648438e+00
2.212828636169433594e+00
4.612281322479248047e+00
2.204431295394897461e+00
1.225004315376281738e+00
-6.478003025054931641e+00
3.019454002380371094e+00
8.006589889526367188e+00
-4.379106521606445312e+00
-3.373903512954711914e+00
-2.460769891738891602e+00
1.794129133224487305e+00
1.275687813758850098e+00
-9.267350196838378906e+00
-5.781985282897949219e+00
8.158054351806640625e+00
6.575342416763305664e-01
-4.362065792083740234e+00
1.067720293998718262e+00
-3.332226276397705078e+00
-1.641023874282836914e+00
8.459372073411941528e-02
-1.435066342353820801e+00
5.094647884368896484e+00
-5.980375289916992188e+00
2.483100891113281250e+00
2.831516504287719727e+00
5.224744796752929688e+00
-1.407991886138916016e+00
-2.382837772369384766e+00
2.033896207809448242e+00
6.917708396911621094e+00
2.341440677642822266e+00
-4.440244436264038086e-01
-9.768764674663543701e-02
6.060015678405761719e+00
1.946211695671081543e+00
-1.927204281091690063e-01
-2.718188047409057617e+00
6.512444019317626953e-01
-3.117779254913330078e+00
-2.669481754302978516e+00
-1.855467319488525391e+00
-1.330615673214197159e-02
-5.828514575958251953e+00
-2.621584177017211914e+00
-9.020764231681823730e-01
-1.516394138336181641e+00
6.306006431579589844e+00
2.758576869964599609e-01
-5.823628306388854980e-01
-4.650703907012939453e+00
-2.526914358139038086e+00
-2.393697977066040039e+00
-1.728747040033340454e-01
1.258757114410400391e+00
1.943058013916015625e+00
5.785501956939697266e+00
1.986702382564544678e-01
-5.120156288146972656e+00
-2.591533184051513672e+00
7.651139259338378906e+00
-1.913149833679199219e+00
1.368533134460449219e+00
-1.948369383811950684e+00
-1.468007445335388184e+00
-1.910856366157531738e+00
-3.082906723022460938e+00
6.519700527191162109e+00
-9.987285733222961426e-01
2.482076406478881836e+00
-5.451816320419311523e-01
7.629687786102294922e+00
-2.424941539764404297e+00
7.273650646209716797e+00
1.932772040367126465e+00
1.108046174049377441e+00
4.854326546192169189e-01
-4.395220756530761719e+00
2.039314746856689453e+00
1.963285088539123535e+00
-3.600448608398437500e+00
4.587770938873291016e+00
-2.965553998947143555e+00
-2.537625312805175781e+00
2.701217412948608398e+00
-9.506064653396606445e-02
-1.287692427635192871e+00
-3.222004890441894531e+00
-2.804216623306274414e+00
1.920853972434997559e+00
-8.045517921447753906e+00
2.038663387298583984e+00
-2.165664911270141602e+00
3.954498767852783203e+00
3.523829221725463867e+00
-4.197593212127685547e+00
7.392652034759521484e-01
-6.177402019500732422e+00
9.213404655456542969e-01
8.631811738014221191e-01
4.847217500209808350e-01
5.114912986755371094e+00
-1.321568369865417480e+00
3.900824546813964844e+00
-4.922015666961669922e-01
-4.849223613739013672e+00
-5.581011772155761719e-01
1.142606616020202637e+00
1.232871651649475098e+00
1.521022617816925049e-01
9.234352707862854004e-01
4.502827767282724380e-03
-9.401515126228332520e-02
4.121235370635986328e+00
-5.017858982086181641e+00
4.914473533630371094e+00
1.772333502769470215e+00
6.051725864410400391e+00
-3.588872551918029785e-01
-2.089560218155384064e-02
-4.029392600059509277e-01
5.729858398437500000e+00
1.642421245574951172e+00
9.328005313873291016e-01
6.477680802345275879e-01
4.925120472908020020e-01
-1.484312233515083790e-03
5.572895407676696777e-01
-5.979010462760925293e-01
8.999668359756469727e-01
1.447125673294067383e+00
-8.790474534034729004e-01
1.114090442657470703e+00
7.274810671806335449e-01
1.949310779571533203e+00
3.545722484588623047e+00
1.807945966720581055e+00
1.704534173011779785e+00
2.152318477630615234e+00
9.907069802284240723e-01
3.332355976104736328e+00
7.873284220695495605e-01
-1.433838605880737305e+00
-1.181468248367309570e+00
3.860109806060791016e+00
1.126869916915893555e+00
-7.727979421615600586e-01
5.300282478332519531e+00
4.450032114982604980e-02
3.564003407955169678e-01
9.464851021766662598e-02
1.382524371147155762e+00
-1.525898218154907227e+00
-1.921700716018676758e+00
1.073174834251403809e+00
-4.402814388275146484e+00
4.768080115318298340e-01
-4.119771003723144531e+00
-2.321869283914566040e-01
3.932170629501342773e+00
-3.043009757995605469e+00
2.494991064071655273e+00
-3.957425594329833984e+00
1.052383780479431152e+00
2.328425168991088867e+00
-1.366590559482574463e-01
3.071099996566772461e+00
-4.866263270378112793e-01
2.292257070541381836e+00
-3.226054191589355469e+00
5.089745521545410156e+00
5.595353126525878906e+00
-4.842538833618164062e-01
5.986572265625000000e+00
-2.931897938251495361e-01
-6.133086681365966797e-01
1.343129873275756836e+00
5.967690348625183105e-01
3.768984675407409668e-01
-1.432412266731262207e+00
2.289383858442306519e-01
-3.549820184707641602e+00
5.210471749305725098e-01
-1.652173757553100586e+00
2.810035705566406250e+00
2.181205987930297852e+00
-2.350927352905273438e+00
1.968963265419006348e+00
-2.317756652832031250e+00
1.596156835556030273e+00
