1.733592271804809570e+00
1.673455357551574707e+00
4.189914703369140625e+00
3.832829475402832031e+00
2.282419681549072266e+00
2.235556840896606445e+00
1.587950229644775391e+00
3.052477121353149414e+00
9.701644629240036011e-02
6.208982691168785095e-02
1.802150458097457886e-01
5.933715701103210449e-01
-6.298536062240600586e-01
5.778455138206481934e-01
-5.535459518432617188e-01
7.169572263956069946e-02
1.892758727073669434e+00
-3.537616506218910217e-02
7.234092056751251221e-02
-6.413937807083129883e-01
-8.868254721164703369e-02
-7.644592225551605225e-02
-3.613006174564361572e-01
3.324461281299591064e-01
-8.309304714202880859e-01
1.048963260650634766e+01
1.322579383850097656e+01
1.530356121063232422e+01
1.371131134033203125e+01
1.723525238037109375e+01
1.957699394226074219e+01
1.900743675231933594e+01
2.131771850585937500e+01
2.938379049301147461e-01
-6.289210915565490723e-01
-1.695400178432464600e-01
1.522959589958190918e+00
8.541086316108703613e-02
2.482505589723587036e-01
-3.865424096584320068e-01
-2.762823581695556641e+00
1.775629371404647827e-01
5.618990659713745117e-01
-2.092253684997558594e+00
-7.879351377487182617e-01
9.495786428451538086e-01
1.286125481128692627e-01
5.547674298286437988e-01
-3.402498960494995117e-01
-1.417742609977722168e+00
-8.304765820503234863e-01
-8.045393973588943481e-02
2.670522034168243408e-01
1.195275425910949707e+00
3.592543601989746094e+00
1.110449671745300293e+00
-1.964957833290100098e+00
-2.333783954381942749e-01
-3.209063291549682617e+00
6.052927970886230469e-01
1.370745599269866943e-01
-4.081395566463470459e-01
4.912657141685485840e-01
2.394773244857788086e+00
-7.636520862579345703e-01
-2.098963260650634766e+00
2.403672784566879272e-01
1.155145168304443359e+00
8.205803871154785156e+00
-2.154642820358276367e+00
1.060615301132202148e+00
-1.478236764669418335e-01
3.307980298995971680e-01
-3.779140114784240723e-01
-4.251594543457031250e-01
1.600406132638454437e-02
1.882817864418029785e+00
-2.754034101963043213e-01
-2.776108123362064362e-02
5.558856725692749023e-01
2.874941192567348480e-02
-9.776762872934341431e-02
1.514210365712642670e-02
-3.656418085098266602e+00
5.325274467468261719e-01
-7.929183542728424072e-02
-6.256120800971984863e-01
4.359694123268127441e-01
-1.586447656154632568e-01
-3.051223278045654297e+00
-1.259918928146362305e+00
2.217744439840316772e-01
1.144477128982543945e+00
-3.342404067516326904e-01
5.319089889526367188e+00
1.417741179466247559e+00
1.121937870979309082e+00
-3.806275129318237305e-01
-4.048969745635986328e-01
1.411956429481506348e+00
-6.032398939132690430e-01
-1.752612233161926270e+00
2.754656374454498291e-01
9.753353595733642578e-01
-2.648372888565063477e+00
2.130519151687622070e+00
-8.399927616119384766e-01
4.004997014999389648e-01
-8.461472988128662109e-01
4.913965463638305664e-01
2.740239799022674561e-01
1.767938025295734406e-02
-5.927885174751281738e-01
5.968836545944213867e-01
-4.013473540544509888e-02
2.811069190502166748e-01
5.691686272621154785e-01
-1.812393516302108765e-01
-3.552826344966888428e-01
3.337331295013427734e+00
3.133996576070785522e-02
4.517528414726257324e-01
6.913350820541381836e-01
-1.286111027002334595e-02
4.319867789745330811e-01
3.037912368774414062e+00
4.762562736868858337e-02
-6.060735583305358887e-01
6.075156107544898987e-02
2.110401540994644165e-01
-4.733759403228759766e+00
-1.440146923065185547e+00
-7.809064984321594238e-01
3.873261809349060059e-01
-7.052686810493469238e-02
-1.301658272743225098e+00
5.286660194396972656e-01
2.125558614730834961e+00
2.752425968647003174e-01
-9.823560714721679688e-01
8.509393930435180664e-01
4.973293398506939411e-04
2.552782185375690460e-03
5.855753552168607712e-03
2.211351180449128151e-03
-3.716527717188000679e-04
6.793853361159563065e-03
-4.197285044938325882e-03
2.154187066480517387e-03
-2.142152749001979828e-03
7.401811890304088593e-03
4.521391354501247406e-03
1.119533262681216002e-04
-4.347691312432289124e-03
-2.196762710809707642e-03
-9.502905420958995819e-03
-8.212913759052753448e-03
-4.051308147609233856e-03
3.041730262339115143e-03
7.465953938663005829e-03
-1.399824628606438637e-03
1.206861808896064758e-03
2.021019347012042999e-03
6.298999302089214325e-03
-7.200349122285842896e-03
-1.201172242872416973e-03
-1.413659425452351570e-03
8.607770316302776337e-03
-9.062686935067176819e-03
-3.724432783201336861e-03
-4.829911049455404282e-03
2.475860994309186935e-03
-8.845384232699871063e-03
-6.552864331752061844e-03
-4.545853473246097565e-03
8.102749474346637726e-03
-4.033069126307964325e-03
2.971214950084686279e-01
1.055422902107238770e+00
-1.793175697326660156e+00
6.836085319519042969e-01
