1.658618688583374023e+00
1.700609922409057617e+00
4.173693656921386719e+00
9.642422795295715332e-01
2.073122262954711914e+00
2.934359073638916016e+00
2.401259660720825195e+00
1.834334015846252441e+00
1.780195951461791992e+00
1.797054886817932129e+00
7.668500542640686035e-01
2.617585420608520508e+00
1.104382038116455078e+00
-1.462284922599792480e-01
1.734489202499389648e-01
6.135016679763793945e-01
-5.523215979337692261e-02
1.660390198230743408e-01
1.023550424724817276e-02
2.728912830352783203e-01
4.129217565059661865e-01
-1.599813625216484070e-02
-2.300294581800699234e-03
-4.069862365722656250e-01
1.864102244377136230e+00
-1.447886675596237183e-01
-1.186494678258895874e-01
-5.981812998652458191e-02
1.827898919582366943e-01
-1.450924016535282135e-02
-1.326063275337219238e-01
-2.369277626276016235e-01
-7.467361539602279663e-02
-4.268878698348999023e-01
-4.696199297904968262e-01
1.794168055057525635e-01
-6.048395633697509766e-01
1.022356033325195312e+01
1.317818927764892578e+01
1.328542327880859375e+01
1.401017475128173828e+01
1.554111289978027344e+01
1.502040767669677734e+01
1.703012084960937500e+01
1.801729011535644531e+01
1.966468620300292969e+01
2.326079368591308594e+01
1.910687637329101562e+01
3.633878707885742188e+01
1.259916424751281738e+00
-1.300287961959838867e+00
-2.991252578794956207e-02
1.505265235900878906e+00
-9.192003868520259857e-03
4.501150548458099365e-01
4.732549488544464111e-01
-2.268456518650054932e-01
1.990105748176574707e+00
-5.527772307395935059e-01
-3.181736767292022705e-01
-1.504637956619262695e+00
4.857400059700012207e-01
-8.285745978355407715e-01
-2.000312566757202148e+00
-7.382883429527282715e-01
1.238878011703491211e+00
3.016553223133087158e-01
2.742024064064025879e-01
-9.800644516944885254e-01
1.967679262161254883e-01
-2.607013285160064697e-01
-1.010860681533813477e+00
4.913709759712219238e-01
8.977457880973815918e-01
-7.929986715316772461e-02
-1.054790496826171875e+00
3.564837872982025146e-01
3.820964097976684570e-01
1.405323028564453125e+00
-3.992382287979125977e+00
-2.205830574035644531e+00
4.164051055908203125e+00
2.739973068237304688e+00
2.298567295074462891e-01
-5.590538978576660156e-01
-2.645327150821685791e-01
-1.717337846755981445e+00
-1.288939833641052246e+00
3.587438106536865234e+00
1.677393436431884766e+00
-1.903644800186157227e+00
2.226887345314025879e-01
-1.181214079260826111e-01
6.020212545990943909e-02
-1.257827281951904297e+00
1.567059040069580078e+00
2.426136732101440430e-01
-2.915095090866088867e-01
-1.170026302337646484e+00
-9.084429740905761719e-01
-5.729870200157165527e-01
1.070520162582397461e+00
-1.164270192384719849e-01
-8.123369812965393066e-01
-1.147799253463745117e+00
8.221529126167297363e-01
-1.063161611557006836e+00
1.806838989257812500e+00
-4.303761720657348633e-01
-1.911106944084167480e+00
5.657995864748954773e-02
1.603019595146179199e+00
-5.847917199134826660e-01
-2.034735918045043945e+00
3.710844278335571289e+00
5.747404098510742188e-01
2.102146387100219727e+00
-1.732685327529907227e+00
1.491845846176147461e+00
1.420701503753662109e+00
-1.692837357521057129e+00
-5.996289730072021484e+00
-2.344335317611694336e+00
2.836390733718872070e+00
-6.722349524497985840e-01
-4.121615886688232422e+00
1.451658821105957031e+01
1.967454701662063599e-01
3.113132715225219727e-01
-1.044226527214050293e+00
-6.231584399938583374e-02
1.251632422208786011e-01
2.597770988941192627e-01
2.422707974910736084e-01
-1.860645599663257599e-02
3.010351657867431641e-01
5.364530086517333984e-01
3.304571211338043213e-01
-6.163016706705093384e-02
2.272875905036926270e-01
7.918045520782470703e-01
1.294414252042770386e-01
7.170107960700988770e-02
1.984563469886779785e-01
2.566089928150177002e-01
-1.026313677430152893e-01
-9.989912062883377075e-02
8.937217593193054199e-01
2.169779539108276367e-01
-1.159353852272033691e+00
-2.459475994110107422e+00
4.371383786201477051e-01
-2.489672452211380005e-01
-3.248834609985351562e-01
-5.039079785346984863e-01
2.870052121579647064e-02
-1.961345970630645752e-01
-9.087359905242919922e-01
-5.173269286751747131e-02
-2.539575099945068359e+00
-5.385732650756835938e-01
1.373619139194488525e-01
1.544385701417922974e-01
4.599440395832061768e-01
5.778192281723022461e-01
1.758088618516921997e-01
-7.459813952445983887e-01
-5.162378549575805664e-01
-3.422791138291358948e-02
6.554952859878540039e-01
-5.051187239587306976e-03
-1.417133808135986328e-01
2.130404859781265259e-01
1.172242164611816406e-01
-3.488652706146240234e-01
2.631344273686408997e-02
1.216618902981281281e-02
3.691583573818206787e-01
-3.288679942488670349e-02
1.249657198786735535e-01
3.002573847770690918e-01
7.244816422462463379e-01
2.267979234457015991e-01
1.269492030143737793e+00
8.715002536773681641e-01
-6.445164680480957031e-01
-1.703760772943496704e-01
-4.733807742595672607e-01
2.943228185176849365e-01
-2.429901361465454102e-01
1.478362202644348145e+00
2.428469210863113403e-01
3.114795088768005371e-01
-1.375395506620407104e-01
-3.113408565521240234e+00
2.068093061447143555e+00
-3.447932898998260498e-01
-1.040281891822814941e+00
1.014854907989501953e+00
2.049446344375610352e+00
-6.535676121711730957e-02
-2.584844827651977539e+00
5.708470344543457031e-01
2.009830474853515625e+00
-1.545976042747497559e+00
-7.261183261871337891e-01
1.402033716440200806e-01
4.186600446701049805e-01
-5.023579671978950500e-02
2.029896229505538940e-01
-9.595391750335693359e-01
-4.709386527538299561e-01
1.615371704101562500e-01
1.989185363054275513e-01
-1.075218021869659424e-01
-6.770381331443786621e-01
9.266775846481323242e-01
-2.205300927162170410e-01
1.379532366991043091e-01
4.688439965248107910e-01
8.746013045310974121e-02
-3.656688928604125977e-01
-4.983172565698623657e-02
-1.035095751285552979e-01
-6.137729808688163757e-02
4.724576771259307861e-01
4.436419904232025146e-02
6.746022105216979980e-01
8.598640561103820801e-01
-1.115224361419677734e-01
3.418839871883392334e-01
9.272227436304092407e-02
1.893683075904846191e-01
4.312592148780822754e-01
9.796302318572998047e-01
-4.645868241786956787e-01
-3.113170564174652100e-01
2.765219926834106445e+00
-8.662912845611572266e-01
7.476019114255905151e-02
3.585338220000267029e-02
7.502594590187072754e-02
-2.137816101312637329e-01
5.580468773841857910e-01
-8.743216395378112793e-01
-1.031305864453315735e-01
-5.629047155380249023e-01
-2.004131227731704712e-01
-1.273771822452545166e-01
7.525294274091720581e-02
4.549536406993865967e-01
-1.692652553319931030e-01
3.268349170684814453e-01
5.047785118222236633e-03
6.204481720924377441e-01
4.522283673286437988e-01
7.396453619003295898e-02
-8.489131182432174683e-02
-1.403781026601791382e-01
-4.777653608471155167e-03
2.132540792226791382e-01
-1.237122297286987305e+00
5.769943073391914368e-02
-8.279386162757873535e-02
8.499231934547424316e-01
7.622110843658447266e-01
-4.851042330265045166e-01
-6.189267635345458984e-01
-1.102471470832824707e+00
4.033676981925964355e-01
-5.291162729263305664e-01
4.552249312400817871e-01
1.917890906333923340e+00
1.245982348918914795e-01
-1.504176378250122070e+00
-4.252670705318450928e-02
2.279678821563720703e+00
2.485726118087768555e+00
1.246303200721740723e+00
-1.719949603080749512e+00
1.695156991481781006e-01
-1.047562479972839355e+00
8.594318628311157227e-01
-1.953586703166365623e-03
-9.160140529274940491e-03
-1.979073742404580116e-03
-5.328570492565631866e-03
-2.385529660386964679e-04
-7.201680913567543030e-03
-1.779737358447164297e-04
-3.775017568841576576e-03
-6.348008289933204651e-03
3.507854184135794640e-03
-5.326616577804088593e-03
6.616090890020132065e-03
-4.654980264604091644e-03
-6.798230111598968506e-03
-4.305921494960784912e-03
3.646694589406251907e-03
3.121655900031328201e-04
9.797733277082443237e-03
-4.360009450465440750e-03
4.708798602223396301e-03
6.348342867568135262e-04
-7.947168312966823578e-03
-1.572075998410582542e-03
-9.509983472526073456e-03
4.352760734036564827e-04
-8.587717078626155853e-03
9.174155071377754211e-03
-4.878232255578041077e-03
7.936759851872920990e-03
-5.599538795650005341e-03
-7.596538867801427841e-03
4.894549492746591568e-03
-6.691349670290946960e-03
8.363159373402595520e-03
5.667605902999639511e-03
-1.925306511111557484e-03
6.288225296884775162e-03
5.794428754597902298e-03
9.520919062197208405e-03
-1.262704608961939812e-04
7.723162882030010223e-03
-1.963699702173471451e-03
-8.769623935222625732e-03
-3.664768766611814499e-03
4.769080784171819687e-03
1.843914622440934181e-03
-9.612503461539745331e-03
-4.602878354489803314e-03
-8.164801634848117828e-03
-1.481080078519880772e-03
-3.277032810728996992e-04
3.856587922200560570e-03
7.416682783514261246e-03
8.214181289076805115e-03
7.642327545909211040e-05
-2.106533385813236237e-03
8.168039843440055847e-03
-7.102121599018573761e-03
9.329786524176597595e-03
-3.044750774279236794e-03
-9.450915269553661346e-03
-7.491477765142917633e-03
9.520591236650943756e-03
-3.212957177311182022e-03
-7.873902097344398499e-03
5.769462790340185165e-03
-4.267692565917968750e-03
7.760928943753242493e-03
-5.483341868966817856e-03
-4.706402309238910675e-03
6.087028421461582184e-03
6.350141484290361404e-03
-7.294092327356338501e-03
-3.391564241610467434e-04
3.285143757238984108e-04
-1.993227051571011543e-03
-1.129753436543978751e-04
-5.759911146014928818e-03
7.381805777549743652e-01
8.057035803794860840e-01
-1.451984882354736328e+00
4.852852523326873779e-01
