2.182599782943725586e+00
5.005753993988037109e+00
3.683203697204589844e+00
1.776302814483642578e+00
1.889990806579589844e+00
2.138511419296264648e+00
2.836939811706542969e+00
-1.412174105644226074e-01
2.939766049385070801e-01
5.373367667198181152e-01
-9.682030081748962402e-01
4.973941147327423096e-01
-6.446257233619689941e-01
2.625985145568847656e-01
-1.653163790702819824e+00
-2.221818268299102783e-01
-2.312369942665100098e-01
7.858342677354812622e-02
-4.162409529089927673e-02
-4.901955723762512207e-01
2.693085670471191406e-01
1.018126010894775391e+00
1.328917884826660156e+01
1.545758819580078125e+01
1.475031089782714844e+01
1.745706558227539062e+01
1.904842376708984375e+01
1.905439376831054688e+01
1.941057586669921875e+01
-7.810137867927551270e-01
-2.094444781541824341e-01
4.094382524490356445e-01
-7.133234292268753052e-02
3.132061660289764404e-02
-1.803425699472427368e-01
1.643006950616836548e-01
3.491236269474029541e-02
-1.374345541000366211e+00
-1.316439032554626465e+00
6.465035676956176758e-02
4.029052555561065674e-01
-2.059180974960327148e+00
2.318810939788818359e+00
4.421901106834411621e-01
7.026453018188476562e-01
-9.268002510070800781e-01
4.921748161315917969e+00
1.756134629249572754e+00
-1.142555594444274902e+00
-2.001327574253082275e-01
4.904526770114898682e-01
3.398886919021606445e-01
-9.307658672332763672e-02
1.834399938583374023e+00
1.607373505830764771e-01
-1.435053944587707520e+00
8.111981391906738281e+00
5.004946589469909668e-01
-7.657837122678756714e-02
1.045262590050697327e-01
-1.262478530406951904e-02
6.491883993148803711e-01
4.980000201612710953e-03
2.238534241914749146e-01
1.102362722158432007e-01
1.125992894172668457e+00
1.163787469267845154e-01
-6.734765321016311646e-02
-1.940010040998458862e-01
1.489412546157836914e+00
-1.457408905029296875e+00
-3.109125494956970215e-01
3.593490421772003174e-01
3.619882762432098389e-01
-4.059297561645507812e+00
-2.788628637790679932e-01
3.219854235649108887e-01
2.875206768512725830e-01
-3.638514876365661621e-01
4.489930570125579834e-01
4.975556209683418274e-02
5.053483322262763977e-02
1.526507735252380371e-01
9.590665102005004883e-01
-2.301506280899047852e+00
2.319113761186599731e-01
1.975124701857566833e-02
-3.234336674213409424e-01
1.524899750947952271e-01
-9.616911411285400391e-02
3.722721338272094727e-02
-2.575339972972869873e-01
-3.234261274337768555e-02
9.918785840272903442e-02
3.244709968566894531e-01
1.302797496318817139e-01
6.238812580704689026e-02
-1.285502433776855469e+00
-4.847193658351898193e-01
8.962058275938034058e-02
3.930372297763824463e-01
-4.098795056343078613e-01
2.355479478836059570e+00
-3.244593143463134766e-01
-7.661549746990203857e-02
-6.404850631952285767e-02
4.883442223072052002e-01
1.470541115850210190e-02
-1.593238413333892822e-01
7.792177796363830566e-02
3.694599866867065430e-01
-1.039622902870178223e+00
2.211004972457885742e+00
9.773649275302886963e-03
-4.663003142923116684e-03
5.161861889064311981e-03
7.992951199412345886e-03
-3.248022170737385750e-03
-3.328182967379689217e-03
5.299683194607496262e-03
4.328049719333648682e-03
7.106507197022438049e-03
-6.564077921211719513e-04
1.180632854811847210e-03
-3.093445906415581703e-03
3.448865842074155807e-03
8.668536320328712463e-03
2.608318813145160675e-03
-4.269889090210199356e-03
2.542301313951611519e-03
5.580751225352287292e-03
3.880475414916872978e-03
1.441105385310947895e-03
-6.613981095142662525e-04
2.922812476754188538e-03
-3.205080050975084305e-03
-1.254323986358940601e-03
6.256562191992998123e-04
-6.950874812901020050e-04
-2.464789664372801781e-03
8.725901134312152863e-03
7.774816751480102539e-01
9.841028451919555664e-01
-2.062285423278808594e+00
6.913332939147949219e-01
