1.742666840553283691e+00
4.706893444061279297e+00
3.729723215103149414e+00
1.592772245407104492e+00
2.121118783950805664e+00
3.185913324356079102e+00
1.987848520278930664e+00
-1.252961277961730957e+00
8.106755018234252930e-01
-1.480465829372406006e-01
-8.128563165664672852e-01
4.050533473491668701e-01
-1.102152228355407715e+00
7.280269265174865723e-01
-1.731128096580505371e+00
-3.104884326457977295e-01
6.553442031145095825e-02
-9.768127650022506714e-02
-6.162943840026855469e-01
4.270459413528442383e-01
3.844807669520378113e-02
7.623326778411865234e-01
1.329043960571289062e+01
1.517792892456054688e+01
1.042615795135498047e+01
1.645032882690429688e+01
1.926050186157226562e+01
1.805271339416503906e+01
2.347325706481933594e+01
-7.756832838058471680e-01
1.673463732004165649e-01
-3.598573207855224609e-01
-6.754644960165023804e-02
1.014773175120353699e-02
-1.408084202557802200e-02
-9.295727014541625977e-01
-8.071570396423339844e-01
-7.406204938888549805e-02
-4.563559889793395996e-01
5.868942737579345703e-01
-6.050717830657958984e-02
-1.085026025772094727e+00
5.169189572334289551e-01
1.590624451637268066e-02
1.177494406700134277e+00
-2.092973947525024414e+00
2.129538059234619141e+00
-1.165182471275329590e+00
-4.376367628574371338e-01
-1.420743763446807861e-01
1.302933931350708008e+00
8.304814249277114868e-02
-6.320384144783020020e-01
2.727640867233276367e+00
-2.713287770748138428e-01
-1.761344313621520996e+00
4.717447757720947266e+00
1.840053200721740723e-01
1.709139347076416016e-02
-5.893734097480773926e-02
-1.515013277530670166e-01
7.664415836334228516e-01
-1.071976184844970703e+00
5.817993879318237305e-01
6.842566728591918945e-01
1.015873670578002930e+00
-3.919717967510223389e-01
-2.464385330677032471e-01
-2.902006506919860840e-01
2.999283969402313232e-01
-5.869411826133728027e-01
-1.350463032722473145e+00
7.298280000686645508e-01
6.603143811225891113e-01
-2.405797719955444336e+00
8.610967397689819336e-01
-2.567200660705566406e-01
-3.007358126342296600e-02
-6.057244539260864258e-01
1.272438317537307739e-01
-4.921589791774749756e-02
-5.490843653678894043e-01
-3.824822902679443359e-01
1.205795645713806152e+00
-2.654260396957397461e+00
5.267121195793151855e-01
-1.718130856752395630e-01
1.805017143487930298e-01
4.138754010200500488e-01
-5.802645683288574219e-01
9.112966656684875488e-01
-3.846723139286041260e-01
8.142814040184020996e-02
-1.301170110702514648e+00
6.420137882232666016e-01
2.551649510860443115e-01
4.637273773550987244e-02
-5.090603828430175781e-01
4.744348227977752686e-01
1.550647258758544922e+00
-1.035121798515319824e+00
-1.474006026983261108e-01
1.471010684967041016e+00
-8.303983509540557861e-02
3.453854918479919434e-01
2.800183594226837158e-01
1.246192678809165955e-01
1.622882187366485596e-01
4.238661825656890869e-01
-3.667793571949005127e-01
6.463691592216491699e-01
-5.775862932205200195e-01
1.840926647186279297e+00
9.773649275302886963e-03
-4.663003142923116684e-03
5.161861889064311981e-03
7.992951199412345886e-03
-3.248022170737385750e-03
-3.328182967379689217e-03
5.299683194607496262e-03
4.328049719333648682e-03
7.106507197022438049e-03
-6.564077921211719513e-04
1.180632854811847210e-03
-3.093445906415581703e-03
3.448865842074155807e-03
8.668536320328712463e-03
2.608318813145160675e-03
-4.269889090210199356e-03
2.542301313951611519e-03
5.580751225352287292e-03
3.880475414916872978e-03
1.441105385310947895e-03
-6.613981095142662525e-04
2.922812476754188538e-03
-3.205080050975084305e-03
-1.254323986358940601e-03
6.256562191992998123e-04
-6.950874812901020050e-04
-2.464789664372801781e-03
8.725901134312152863e-03
4.463333785533905029e-01
1.118072509765625000e+00
-1.999265313148498535e+00
7.817549705505371094e-01
