1.662010788917541504e+00
-2.617288529872894287e-01
5.502480864524841309e-01
1.581395745277404785e+00
4.618154525756835938e+00
2.984476983547210693e-01
7.852543592453002930e-01
3.519908428192138672e+00
1.819496393203735352e+00
1.390959382057189941e+00
1.646454259753227234e-02
1.616425991058349609e+00
9.866595864295959473e-01
2.682659626007080078e+00
1.887008070945739746e+00
-1.196641549468040466e-01
-1.820523589849472046e-01
-4.168831110000610352e-01
1.369023323059082031e-01
-3.463391065597534180e-01
-1.252020448446273804e-01
1.209918409585952759e-01
3.003857797011733055e-03
3.236786723136901855e-01
2.177672386169433594e-01
9.305766820907592773e-01
4.315901398658752441e-01
2.339072376489639282e-01
1.522751301527023315e-01
-1.927335262298583984e-01
-3.049862682819366455e-01
-7.416982948780059814e-02
1.950724273920059204e-01
-4.575137495994567871e-01
6.706576794385910034e-03
4.492501318454742432e-01
-1.738944500684738159e-01
-2.800821363925933838e-01
2.950595915317535400e-01
-2.652278542518615723e-01
2.960932552814483643e-01
4.096361696720123291e-01
4.600306749343872070e-01
2.634966969490051270e-01
-3.447189331054687500e-01
1.108062490820884705e-01
1.335065625607967377e-02
-3.015849888324737549e-01
6.340298056602478027e-02
4.412381723523139954e-02
1.356635838747024536e-01
1.340977847576141357e-01
-1.322121620178222656e-01
4.204299300909042358e-03
-4.826844483613967896e-02
-1.732588559389114380e-01
2.281950116157531738e-01
4.573432728648185730e-02
-1.426753848791122437e-01
2.411407679319381714e-01
-6.478119641542434692e-02
9.437529563903808594e+00
9.376383781433105469e+00
1.062495994567871094e+01
1.328882026672363281e+01
1.329781627655029297e+01
1.459354877471923828e+01
1.546395397186279297e+01
1.476818370819091797e+01
1.701873207092285156e+01
1.770537567138671875e+01
1.765029335021972656e+01
1.901110458374023438e+01
1.898525810241699219e+01
1.965456199645996094e+01
2.280227279663085938e+01
2.432039642333984375e+01
2.739319801330566406e+01
2.911283683776855469e+01
3.058317565917968750e+01
3.275428009033203125e+01
3.447998464107513428e-01
7.187046408653259277e-01
1.171966567635536194e-01
4.670911431312561035e-01
-2.810430824756622314e-01
3.039101958274841309e-01
1.670278310775756836e-01
2.104992419481277466e-01
5.484134554862976074e-01
8.967562317848205566e-01
6.216867566108703613e-01
3.676563501358032227e-01
3.995044231414794922e-01
1.333633512258529663e-01
-9.633288532495498657e-02
5.158782601356506348e-01
9.467976093292236328e-01
6.437307596206665039e-02
1.440209269523620605e+00
5.740475654602050781e-01
8.670841455459594727e-01
4.722866714000701904e-01
-7.731006294488906860e-02
1.779045462608337402e-01
4.157602414488792419e-02
5.507683157920837402e-01
9.785003960132598877e-02
1.091349124908447266e+00
3.303239345550537109e-01
6.043118610978126526e-02
2.645612359046936035e-01
3.979981541633605957e-01
6.694403290748596191e-02
-7.077888399362564087e-02
4.073018729686737061e-01
1.298900246620178223e+00
5.161547064781188965e-01
6.286100745201110840e-01
4.597031176090240479e-01
4.866246879100799561e-02
9.247543662786483765e-02
-1.736675202846527100e-01
7.059682160615921021e-02
-9.197457134723663330e-02
9.159678220748901367e-02
-1.059745401144027710e-01
-3.218275308609008789e-02
1.622799038887023926e-02
1.700159311294555664e-01
1.218328252434730530e-01
1.442413330078125000e-01
3.158416748046875000e-01
5.400094985961914062e-01
4.484102129936218262e-01
7.741659283638000488e-01
1.074494123458862305e+00
8.600732088088989258e-01
-7.090615034103393555e-01
-4.674867987632751465e-01
-1.026734262704849243e-01
-1.492509245872497559e-01
2.576127350330352783e-01
1.755092442035675049e-01
-2.681578397750854492e-01
-3.686568737030029297e-01
3.614662885665893555e-01
2.784345746040344238e-01
-5.337451025843620300e-02
-3.487738370895385742e-01
-2.240030467510223389e-01
1.897256374359130859e-01
1.135885864496231079e-01
5.853001493960618973e-04
-2.133522927761077881e-01
1.672300457954406738e+00
7.722631096839904785e-01
-4.241327568888664246e-02
-1.174709945917129517e-01
-4.143903255462646484e-01
7.843850255012512207e-01
-2.582776248455047607e-01
-1.435007303953170776e-01
-5.849931836128234863e-01
-8.192593604326248169e-02
1.149645566940307617e+00
4.633305966854095459e-01
4.006488323211669922e-01
8.558325767517089844e-01
-2.323389202356338501e-01
8.727753758430480957e-01
2.215981632471084595e-01
-2.027681320905685425e-01
2.278101295232772827e-01
-2.651790678501129150e-01
1.759780198335647583e-01
-2.453762888908386230e-01
-3.066502213478088379e-01
-3.884946554899215698e-02
1.695680469274520874e-01
8.285987377166748047e-01
4.737031161785125732e-01
4.443418681621551514e-01
3.192362487316131592e-01
6.201464533805847168e-01
3.147510886192321777e-01
7.089733332395553589e-02
-7.099965810775756836e-01
-4.708796441555023193e-01
-7.202968001365661621e-01
4.280261322855949402e-02
3.186585605144500732e-01
-1.983503997325897217e-01
-4.472608268260955811e-01
-2.118363529443740845e-01
-9.454876184463500977e-02
-2.109785228967666626e-01
2.685894966125488281e-01
3.017023503780364990e-01
1.029582470655441284e-01
-1.874287426471710205e-01
4.020296037197113037e-01
5.496994778513908386e-02
7.429144382476806641e-01
3.649167120456695557e-01
-3.648262321949005127e-01
-1.376761198043823242e-01
9.889516234397888184e-02
9.353213906288146973e-01
2.610728740692138672e-01
-3.447273373603820801e-02
1.075363516807556152e+00
6.032497882843017578e-01
8.891095407307147980e-03
2.975949943065643311e-01
1.153447031974792480e-01
1.834744364023208618e-01
6.258718371391296387e-01
-2.147575169801712036e-01
-7.413350977003574371e-04
7.720518708229064941e-01
5.016568899154663086e-01
6.588070392608642578e-01
1.506166160106658936e-01
4.066295027732849121e-01
1.508592605590820312e+00
-4.531576931476593018e-01
6.050443649291992188e-02
6.366041302680969238e-01
2.624921202659606934e-01
8.706225752830505371e-01
8.762269020080566406e-01
3.631903827190399170e-01
4.552170634269714355e-01
2.773645520210266113e-01
3.865933120250701904e-01
-2.693072557449340820e-01
4.257715642452239990e-01
-8.928079605102539062e-01
2.409953810274600983e-02
1.519215255975723267e-01
4.828274250030517578e-01
2.212212830781936646e-01
2.454971224069595337e-01
1.125167608261108398e+00
8.907166123390197754e-01
5.152708292007446289e-01
-7.257657051086425781e-01
-7.507745921611785889e-02
3.491942584514617920e-01
4.405986666679382324e-01
9.487736821174621582e-01
8.769081234931945801e-01
8.401682972908020020e-01
1.264268398284912109e+00
5.089426636695861816e-01
3.276798129081726074e-01
-9.065423607826232910e-01
2.529980428516864777e-02
6.223236322402954102e-01
-2.642272412776947021e-01
1.101421639323234558e-01
-4.879992902278900146e-01
-2.012414932250976562e-01
6.920314580202102661e-02
5.997977256774902344e-01
7.776455879211425781e-01
8.048678040504455566e-01
1.765506267547607422e-01
7.435870766639709473e-01
1.780646443367004395e+00
5.709781050682067871e-01
1.106883764266967773e+00
1.393099308013916016e+00
6.110246181488037109e-01
6.000626683235168457e-01
2.131183445453643799e-02
6.653390526771545410e-01
3.161409795284271240e-01
1.477743744850158691e+00
1.498789638280868530e-01
9.729604125022888184e-01
7.798752188682556152e-01
8.486717939376831055e-01
1.511917114257812500e+00
6.966280937194824219e-01
8.227393031120300293e-01
1.021716713905334473e+00
1.539430260658264160e+00
1.368295669555664062e+00
2.367653608322143555e+00
4.717524349689483643e-01
1.807208806276321411e-01
7.283377051353454590e-01
-3.514431118965148926e-01
4.294359385967254639e-01
6.335082054138183594e-01
-1.494665145874023438e-01
4.468198120594024658e-01
2.442534863948822021e-01
6.555521488189697266e-01
2.797471284866333008e-01
4.948743581771850586e-01
-1.316557824611663818e-01
-1.457367539405822754e-01
4.940674901008605957e-01
2.183904051780700684e-01
2.753555476665496826e-01
6.294243931770324707e-01
5.385938882827758789e-01
9.444949775934219360e-02
5.702929496765136719e-01
3.871806710958480835e-02
2.519128322601318359e-01
4.463421106338500977e-01
6.068360805511474609e-01
3.074867129325866699e-01
-2.343529276549816132e-02
5.863560438156127930e-01
4.152295887470245361e-01
4.627419710159301758e-01
3.078747391700744629e-01
-1.776579916477203369e-01
-2.293847203254699707e-01
-1.366519629955291748e-01
6.835843324661254883e-01
4.313443005084991455e-01
7.752692699432373047e-02
1.009389758110046387e+00
5.071178674697875977e-01
3.838965892791748047e-01
-7.342601567506790161e-02
-5.219647660851478577e-02
4.748119413852691650e-01
-4.721386134624481201e-01
6.839657425880432129e-01
-1.533003896474838257e-01
-2.604627907276153564e-01
-7.460569590330123901e-02
7.485754489898681641e-01
5.771939754486083984e-01
2.138765156269073486e-01
-1.648956984281539917e-01
3.377419412136077881e-01
2.645375728607177734e-01
5.277753472328186035e-01
6.459676623344421387e-01
-1.011833734810352325e-02
4.558428227901458740e-01
-8.323519676923751831e-02
-2.636197507381439209e-01
3.082149028778076172e-01
-1.631056964397430420e-01
-1.948492825031280518e-01
4.376249313354492188e-01
5.210973322391510010e-02
3.106856485828757286e-03
2.266827970743179321e-01
5.106293782591819763e-02
-5.628742277622222900e-02
-6.062460690736770630e-02
2.150499727576971054e-03
2.162351906299591064e-01
7.505344599485397339e-02
6.104690209031105042e-02
-2.131910473108291626e-01
-8.565273135900497437e-02
-4.690493345260620117e-01
2.935144901275634766e-01
6.396321654319763184e-01
1.806665062904357910e-01
1.112974584102630615e-01
3.627829551696777344e-01
-3.024747781455516815e-02
3.465728759765625000e-01
1.364673227071762085e-01
2.610339820384979248e-01
6.788188815116882324e-01
1.567053049802780151e-01
8.364652395248413086e-01
7.493904978036880493e-02
3.658151924610137939e-01
-1.452972441911697388e-01
1.105824932456016541e-01
5.943149328231811523e-01
3.557666786946356297e-04
-2.353703230619430542e-01
-2.037189900875091553e-01
1.506845094263553619e-02
4.543031007051467896e-02
5.668637156486511230e-01
4.304567575454711914e-01
8.243081569671630859e-01
6.492086052894592285e-01
1.772879660129547119e-01
6.473312973976135254e-01
4.869740307331085205e-01
2.409774251282215118e-02
-4.808846488595008850e-02
1.739519387483596802e-01
-2.432732284069061279e-01
9.119515866041183472e-02
5.706278085708618164e-01
-2.621147930622100830e-01
2.991024255752563477e-01
-2.336033582687377930e-01
7.046838849782943726e-02
2.512424290180206299e-01
-1.714327931404113770e-01
-1.176445111632347107e-01
2.268294095993041992e-01
2.691735625267028809e-01
-1.255599260330200195e-01
1.010897830128669739e-01
-3.878310024738311768e-01
-2.664105892181396484e-01
-3.233794821426272392e-03
-1.630122959613800049e-01
-1.097783595323562622e-01
-3.305338621139526367e-01
-2.433612644672393799e-01
3.026487231254577637e-01
2.694250643253326416e-01
4.293924570083618164e-01
-5.625225976109504700e-02
3.500433266162872314e-01
8.915485441684722900e-02
3.503776788711547852e-01
-3.869720175862312317e-02
5.089689493179321289e-01
5.600339770317077637e-01
3.007071912288665771e-01
-1.179368272423744202e-01
-1.704341769218444824e-01
2.238090485334396362e-01
-3.453653752803802490e-01
9.934448450803756714e-02
1.932741999626159668e-01
-3.605454862117767334e-01
3.744554817676544189e-01
6.637841463088989258e-01
6.474807262420654297e-01
6.590996384620666504e-01
7.226343154907226562e-01
9.577389955520629883e-01
6.203948259353637695e-01
-2.867732644081115723e-01
-1.651566824875771999e-03
2.683685719966888428e-01
2.199448347091674805e-01
-1.441612839698791504e-01
4.359742105007171631e-01
3.909928202629089355e-01
4.162700176239013672e-01
2.847167849540710449e-01
2.480511963367462158e-01
1.939570158720016479e-01
8.325418084859848022e-02
4.988408386707305908e-01
2.584457993507385254e-01
7.276028990745544434e-01
1.845527589321136475e-01
7.015267014503479004e-01
5.383411645889282227e-01
6.226400732994079590e-01
1.236613839864730835e-01
1.825143098831176758e-01
-4.649759531021118164e-01
4.609877616167068481e-02
1.382678300142288208e-01
5.222725868225097656e-01
-2.755721807479858398e-01
5.044613480567932129e-01
2.592960931360721588e-02
5.780807733535766602e-01
6.196267604827880859e-01
1.023325547575950623e-01
4.117065370082855225e-01
2.398481369018554688e-01
4.584809839725494385e-01
5.717505812644958496e-01
7.303642034530639648e-01
-1.697306931018829346e-01
6.737574338912963867e-01
8.533941507339477539e-01
-9.786674380302429199e-02
3.881311714649200439e-01
8.830524682998657227e-01
5.504218339920043945e-01
5.911195278167724609e-01
3.711312413215637207e-01
-2.534898370504379272e-02
1.903151571750640869e-01
2.569025754928588867e-01
9.839298725128173828e-01
2.956710755825042725e-01
9.618455171585083008e-01
8.247607946395874023e-01
4.590403139591217041e-01
1.254319906234741211e+00
1.917594909667968750e+00
2.400829643011093140e-01
-3.647457435727119446e-02
9.845557063817977905e-02
-4.770012497901916504e-01
4.048395752906799316e-01
3.039213716983795166e-01
3.128053545951843262e-01
4.758667945861816406e-01
-4.411131143569946289e-02
5.471096038818359375e-01
-1.382755041122436523e-01
5.502799749374389648e-01
-3.426534533500671387e-01
1.818553507328033447e-01
9.160731434822082520e-01
7.605836987495422363e-01
2.908181585371494293e-02
4.329281449317932129e-01
6.857912987470626831e-02
3.062995672225952148e-01
4.946028888225555420e-01
-2.107493393123149872e-02
-4.921350181102752686e-01
-3.941704705357551575e-02
-2.012535780668258667e-01
-2.785173356533050537e-01
3.663759529590606689e-01
2.229545861482620239e-01
6.583569645881652832e-01
5.523813962936401367e-01
-1.108287721872329712e-01
-9.470677375793457031e-02
-2.300138175487518311e-01
3.798396885395050049e-01
5.588566139340400696e-02
4.146470129489898682e-01
1.984088569879531860e-01
7.205605506896972656e-01
-6.748116761445999146e-02
3.896090760827064514e-02
1.288184821605682373e-01
1.107544451951980591e-01
-6.733554601669311523e-02
1.797570437192916870e-01
9.038806706666946411e-02
4.712010324001312256e-01
5.352821666747331619e-03
4.030393064022064209e-01
-2.775936722755432129e-01
-6.777918934822082520e-01
9.989891946315765381e-02
5.176120400428771973e-01
5.673569440841674805e-01
4.421163499355316162e-01
3.020153641700744629e-01
3.524883389472961426e-01
5.530964136123657227e-01
2.377938926219940186e-01
3.104319274425506592e-01
1.187605857849121094e-01
3.137591853737831116e-02
-2.336146384477615356e-01
-4.888499975204467773e-01
-2.535165846347808838e-01
1.103737764060497284e-02
-4.029290974140167236e-01
-1.777975261211395264e-01
8.216208219528198242e-02
8.958341926336288452e-02
-4.288639500737190247e-02
-3.800963759422302246e-01
-4.259375333786010742e-01
-4.894826412200927734e-01
-2.012545168399810791e-01
-2.163226008415222168e-01
1.148661896586418152e-01
-3.736668825149536133e-01
2.994834184646606445e-01
7.407504916191101074e-01
7.408252358436584473e-01
6.948163509368896484e-01
-1.563453823328018188e-01
4.108372703194618225e-02
5.469503998756408691e-01
-2.614366114139556885e-01
5.591254830360412598e-01
4.773909449577331543e-01
2.330300360918045044e-01
9.805080294609069824e-01
-1.838556528091430664e-01
-7.335951179265975952e-02
4.097862914204597473e-02
-1.307237297296524048e-01
4.650495052337646484e-01
5.310172438621520996e-01
-2.746694087982177734e-01
3.959305286407470703e-01
1.042300090193748474e-01
-6.793226301670074463e-02
1.773281544446945190e-01
8.248038291931152344e-01
2.803145945072174072e-01
6.646109819412231445e-01
6.806722283363342285e-01
4.483712017536163330e-01
-3.307601064443588257e-02
3.594111800193786621e-01
2.263441830873489380e-01
4.347609877586364746e-01
2.546378076076507568e-01
3.251127898693084717e-01
1.603340357542037964e-02
-2.352255396544933319e-02
-1.573006957769393921e-01
-6.024160385131835938e-01
-6.906924843788146973e-01
-3.969106376171112061e-01
-2.258553355932235718e-02
-4.205906391143798828e-01
2.426038384437561035e-01
1.190475150942802429e-01
-5.544708296656608582e-02
-3.303531408309936523e-01
2.608516812324523926e-01
-2.960239350795745850e-01
2.730562090873718262e-01
7.571565359830856323e-02
-2.232538163661956787e-01
2.687272429466247559e-01
6.316308975219726562e-01
-4.913460016250610352e-01
4.845478832721710205e-01
-1.984861195087432861e-01
1.814858913421630859e-01
-5.449223890900611877e-02
3.947786055505275726e-03
3.998120781034231186e-03
2.713275253772735596e-01
7.714484930038452148e-01
-1.718199849128723145e-01
3.626024723052978516e-02
9.841240197420120239e-02
1.605746150016784668e-01
1.103305369615554810e-01
-2.640208601951599121e-01
-2.570156455039978027e-01
-3.680276498198509216e-02
-2.449824064970016479e-01
4.175775647163391113e-01
7.346397042274475098e-01
6.006682515144348145e-01
3.620783388614654541e-01
5.385314822196960449e-01
8.262431621551513672e-01
5.229791402816772461e-01
1.857443004846572876e-01
9.470488876104354858e-02
-2.059397846460342407e-01
-6.734040379524230957e-02
2.393604516983032227e-01
2.732897400856018066e-01
-2.170411497354507446e-01
6.477844119071960449e-01
-1.469053328037261963e-02
7.781136780977249146e-02
2.601758576929569244e-02
-2.187767997384071350e-02
1.515621785074472427e-02
8.180154561996459961e-01
-3.821678087115287781e-02
-8.612094074487686157e-02
5.563506484031677246e-02
2.200984954833984375e-02
4.008029103279113770e-01
-2.908444218337535858e-02
-5.969974398612976074e-02
-1.355545222759246826e-01
-6.476752758026123047e-01
-7.638946771621704102e-01
-1.055347546935081482e-01
-7.249072790145874023e-01
-2.022065371274948120e-01
1.798147559165954590e-01
8.824990689754486084e-02
3.566236793994903564e-01
-3.432507514953613281e-01
5.251370072364807129e-01
1.048066541552543640e-01
2.598117589950561523e-01
2.643550932407379150e-01
8.053447008132934570e-01
7.152598500251770020e-01
5.912631750106811523e-01
1.801711767911911011e-01
6.839014291763305664e-01
3.115968704223632812e-01
1.958941817283630371e-01
-8.273069560527801514e-02
6.610619425773620605e-01
5.611395835876464844e-01
7.872702926397323608e-02
5.409994721412658691e-01
7.592671550810337067e-03
8.841487169265747070e-01
6.761530786752700806e-02
-2.778124297037720680e-03
5.840883255004882812e-01
2.780387699604034424e-01
8.921548128128051758e-01
7.621279358863830566e-01
7.453458905220031738e-01
5.060524940490722656e-01
9.055252075195312500e-01
3.612291067838668823e-02
8.987860083580017090e-01
1.563068777322769165e-01
8.256416916847229004e-01
1.473562866449356079e-01
1.363123059272766113e-01
8.396200537681579590e-01
8.961422443389892578e-01
3.550521731376647949e-01
8.425449132919311523e-01
8.935372233390808105e-01
9.997434616088867188e-01
8.506968617439270020e-02
1.284300982952117920e-01
1.532275322824716568e-02
6.249409317970275879e-01
5.157057046890258789e-01
8.331050276756286621e-01
4.170618057250976562e-01
6.375638246536254883e-01
6.469833850860595703e-01
9.598331451416015625e-01
4.352571666240692139e-01
1.924571245908737183e-01
6.992883682250976562e-01
7.441048324108123779e-02
9.700409173965454102e-01
5.266184210777282715e-01
2.343049198389053345e-01
8.858687281608581543e-01
9.756950736045837402e-01
5.335114002227783203e-01
5.370587110519409180e-01
6.717007756233215332e-01
4.774979650974273682e-01
1.097224280238151550e-01
6.851032972335815430e-01
6.577093601226806641e-01
7.883093357086181641e-01
6.244329214096069336e-01
4.600301086902618408e-01
8.809273838996887207e-01
9.874385595321655273e-01
3.593305349349975586e-01
8.839341998100280762e-01
5.472159385681152344e-01
4.406634271144866943e-01
4.676477238535881042e-02
8.022465109825134277e-01
7.111406326293945312e-01
2.972925007343292236e-01
5.821104049682617188e-01
6.943948864936828613e-01
1.359530538320541382e-01
1.492349952459335327e-01
9.690732955932617188e-01
6.325820088386535645e-02
7.140313386917114258e-01
8.969700336456298828e-01
2.540172934532165527e-01
7.495462894439697266e-01
1.617155075073242188e-01
7.643778920173645020e-01
9.842696189880371094e-01
5.189715027809143066e-01
5.220917463302612305e-01
9.317459464073181152e-01
1.434382167644798756e-03
9.211112260818481445e-01
5.922459959983825684e-01
9.464609026908874512e-01
7.678481191396713257e-02
7.807309031486511230e-01
9.758739471435546875e-01
2.458551526069641113e-01
6.414684653282165527e-01
8.765874505043029785e-01
9.294703006744384766e-01
8.744631707668304443e-02
9.488108158111572266e-01
1.618696600198745728e-01
6.162788271903991699e-01
1.486883610486984253e-01
4.385475516319274902e-01
1.304273754358291626e-01
2.932570874691009521e-01
5.841004848480224609e-01
3.560767471790313721e-01
8.543738722801208496e-01
5.106952786445617676e-01
4.091843068599700928e-01
3.727611899375915527e-02
5.104192718863487244e-02
5.782908201217651367e-01
2.727939486503601074e-01
3.434237241744995117e-01
2.866620123386383057e-01
9.554224610328674316e-01
2.321081012487411499e-01
8.641624450683593750e-01
5.462705492973327637e-01
7.724747657775878906e-01
9.735093712806701660e-01
9.944406151771545410e-01
3.654422461986541748e-01
9.631617665290832520e-01
6.349599361419677734e-01
2.025647908449172974e-01
5.080759525299072266e-01
5.356135368347167969e-01
6.469303369522094727e-01
9.306752681732177734e-01
2.789071798324584961e-01
3.099211752414703369e-01
6.560177803039550781e-01
6.028415560722351074e-01
9.992181062698364258e-01
1.889517754316329956e-01
7.999778985977172852e-01
8.336114287376403809e-01
1.826059306040406227e-03
7.901564836502075195e-01
3.629970550537109375e-01
7.379617691040039062e-01
6.173429489135742188e-01
3.067989051342010498e-01
3.735270500183105469e-01
8.162724375724792480e-01
5.709530115127563477e-01
7.639564871788024902e-01
1.843722611665725708e-01
8.450142741203308105e-01
6.105314493179321289e-01
2.998976111412048340e-01
3.252236843109130859e-01
5.760930180549621582e-01
4.113433063030242920e-01
2.956507802009582520e-01
6.530871987342834473e-01
5.464239120483398438e-01
6.424509882926940918e-01
6.957265138626098633e-01
5.512748360633850098e-01
4.133292436599731445e-01
6.206013560295104980e-01
7.120879888534545898e-01
9.003162384033203125e-01
7.423278689384460449e-01
5.595532432198524475e-02
6.895889043807983398e-01
9.658072590827941895e-01
1.170178130269050598e-01
8.198414444923400879e-01
6.274335980415344238e-01
6.995511054992675781e-02
8.874301910400390625e-01
9.664337038993835449e-01
6.592516899108886719e-01
7.339464873075485229e-02
1.531299948692321777e-01
7.352342009544372559e-01
5.778746604919433594e-01
6.477715969085693359e-01
4.218210279941558838e-01
2.559666037559509277e-01
1.469654142856597900e-01
1.752355992794036865e-01
6.501478552818298340e-01
6.382641792297363281e-01
6.988028883934020996e-01
4.537841379642486572e-01
9.021842479705810547e-01
4.215455353260040283e-01
5.221197009086608887e-01
3.845810890197753906e-01
4.027203023433685303e-01
4.915210604667663574e-01
2.534750662744045258e-02
4.872564077377319336e-01
8.282545804977416992e-01
2.535619437694549561e-01
2.118587493896484375e-01
1.364563852548599243e-01
9.503756761550903320e-01
1.137801706790924072e-01
2.029528170824050903e-01
5.564020276069641113e-01
1.402116566896438599e-01
4.038319885730743408e-01
4.289187788963317871e-01
3.046976029872894287e-01
9.262563586235046387e-01
2.617941796779632568e-01
9.231171011924743652e-01
3.282614350318908691e-01
5.609107017517089844e-01
1.873749792575836182e-01
8.397125601768493652e-01
7.474499344825744629e-01
4.678768813610076904e-01
4.820885062217712402e-01
5.897094011306762695e-01
8.484857082366943359e-01
7.694765329360961914e-01
9.322527647018432617e-01
6.104016900062561035e-01
4.358235001564025879e-01
8.620238900184631348e-01
9.961548447608947754e-01
-1.637782812118530273e+00
5.695120096206665039e-01
