1.444585204124450684e+00
-1.151240229606628418e+00
1.050012826919555664e+00
1.387422323226928711e+00
3.639766931533813477e+00
8.685098290443420410e-01
2.161825895309448242e+00
3.174582481384277344e+00
2.012636184692382812e+00
1.960862159729003906e+00
-4.202800691127777100e-01
1.997872710227966309e+00
2.137688636779785156e+00
2.305930376052856445e+00
7.948598265647888184e-01
-6.705331802368164062e-01
5.794313549995422363e-01
-4.660045504570007324e-01
6.428841352462768555e-01
-2.816771268844604492e-01
8.127871155738830566e-02
-9.962954372167587280e-02
1.902677714824676514e-01
3.642044663429260254e-01
2.582590878009796143e-01
9.567566961050033569e-02
2.165144085884094238e-01
8.112554252147674561e-02
-2.560131549835205078e-01
1.306127905845642090e-01
-3.541627526283264160e-01
2.958442270755767822e-01
-2.238419353961944580e-01
-1.224386766552925110e-01
1.189970001578330994e-01
-2.533100359141826630e-02
-2.489364892244338989e-02
-3.412621021270751953e-01
-4.976137578487396240e-01
-4.455811381340026855e-01
-7.131768465042114258e-01
1.755918562412261963e-02
2.733116745948791504e-01
8.592105656862258911e-02
-2.021382153034210205e-01
3.510243725031614304e-03
2.455606497824192047e-02
-2.864037156105041504e-01
-1.612958610057830811e-01
1.555814314633607864e-02
4.185336828231811523e-01
-2.315815240144729614e-01
8.796869218349456787e-02
-1.761868298053741455e-01
1.539579778909683228e-01
-1.635795272886753082e-02
4.129033088684082031e-01
2.030578616540879011e-04
-4.039330407977104187e-02
3.555519282817840576e-01
-5.762021988630294800e-02
1.023816394805908203e+01
8.962986946105957031e+00
1.130805397033691406e+01
1.308817863464355469e+01
1.363925552368164062e+01
1.371776676177978516e+01
1.532439041137695312e+01
1.443253421783447266e+01
1.641475105285644531e+01
1.878696632385253906e+01
1.765146255493164062e+01
1.881637954711914062e+01
1.953431510925292969e+01
2.100304603576660156e+01
2.252172470092773438e+01
2.402022552490234375e+01
2.697874450683593750e+01
2.915357589721679688e+01
3.178224754333496094e+01
3.474058151245117188e+01
1.028384804725646973e+00
3.952036798000335693e-01
-6.121889948844909668e-01
1.546197295188903809e+00
-5.127934813499450684e-01
-7.297840714454650879e-01
-2.807063460350036621e-01
-1.121440902352333069e-01
6.940053105354309082e-01
1.198728799819946289e+00
4.470113813877105713e-01
6.051131486892700195e-01
-4.267170727252960205e-01
2.258258499205112457e-02
-4.823903441429138184e-01
-3.207303285598754883e-01
-2.418717890977859497e-01
9.245977550745010376e-02
4.629954099655151367e-01
-3.636435791850090027e-02
1.024928808212280273e+00
-4.171814918518066406e-01
5.539871454238891602e-01
-8.869808912277221680e-02
-3.185820579528808594e-01
2.607259452342987061e-01
1.031225085258483887e+00
1.602097302675247192e-01
1.866529583930969238e-01
-8.910042047500610352e-01
3.719975799322128296e-02
7.804770469665527344e-01
-6.669301390647888184e-01
4.610225185751914978e-02
2.107845097780227661e-01
3.257006406784057617e-02
6.230586767196655273e-01
2.154431045055389404e-01
2.568011283874511719e+00
6.706188917160034180e-01
-1.147451400756835938e-01
1.030490517616271973e+00
2.363378256559371948e-01
5.158086419105529785e-01
-8.309562802314758301e-01
2.320057600736618042e-01
2.183545976877212524e-01
3.936873972415924072e-01
3.055322468280792236e-01
2.394511252641677856e-01
8.515536785125732422e-01
9.993277788162231445e-01
1.563669741153717041e-01
4.454312846064567566e-02
1.939327478408813477e+00
9.991648197174072266e-01
1.185016512870788574e+00
8.081322312355041504e-01
-1.651739358901977539e+00
-1.001180291175842285e+00
1.618203520774841309e-02
-5.991672277450561523e-01
7.266435027122497559e-01
7.302902936935424805e-01
-3.481454551219940186e-01
2.618248462677001953e-01
1.367065403610467911e-02
1.872356422245502472e-02
4.525649249553680420e-01
-2.730178236961364746e-01
-7.240843176841735840e-01
-1.040480136871337891e+00
-3.162713348865509033e-01
-3.685820102691650391e-01
1.558091640472412109e+00
4.898453056812286377e-01
3.419758081436157227e-01
-2.482789158821105957e-01
-7.602720260620117188e-01
-2.231144309043884277e-01
-5.900233611464500427e-02
-3.914407789707183838e-01
-7.995337247848510742e-01
1.130178719758987427e-01
8.158822059631347656e-01
2.729980051517486572e-01
-1.658398360013961792e-01
-7.183351516723632812e-01
-8.030123114585876465e-01
-5.268038809299468994e-02
1.819533668458461761e-02
-5.678365826606750488e-01
1.493016958236694336e+00
1.478297263383865356e-01
-2.134021073579788208e-01
-1.449366211891174316e-01
1.178950164467096329e-02
2.116671651601791382e-01
-3.443407118320465088e-01
8.453444838523864746e-01
5.818485021591186523e-01
-4.269115030765533447e-01
-8.841761350631713867e-01
-1.187946319580078125e+00
2.376231364905834198e-02
1.404137462377548218e-01
-6.632881164550781250e-01
-4.743854403495788574e-01
-2.976191341876983643e-01
9.610988944768905640e-02
-2.591007649898529053e-01
-1.026029109954833984e+00
-1.140253096818923950e-01
2.635231707245111465e-03
-6.788263320922851562e-01
1.032554984092712402e+00
4.192665517330169678e-01
1.435666203498840332e+00
4.594441056251525879e-01
-3.713679313659667969e-01
7.960597425699234009e-02
7.624255418777465820e-01
3.679638728499412537e-02
4.753851592540740967e-01
-4.873968958854675293e-01
1.078862994909286499e-01
1.047157883644104004e+00
-7.649037837982177734e-01
2.077392816543579102e+00
4.736248850822448730e-01
2.173231840133666992e+00
2.417336404323577881e-01
3.165988624095916748e-01
3.603177368640899658e-01
-3.382804095745086670e-01
6.101409196853637695e-01
4.142138361930847168e-01
-5.090413689613342285e-01
9.260655045509338379e-01
9.718787670135498047e-01
-1.374836802482604980e+00
9.775155186653137207e-01
3.489743471145629883e-01
8.948991894721984863e-01
2.893054783344268799e-01
-4.414903521537780762e-01
7.841672301292419434e-01
-2.531560659408569336e-01
-1.706140875816345215e+00
1.160943865776062012e+00
1.306284904479980469e+00
2.193484157323837280e-01
5.397120863199234009e-02
-3.718222618103027344e+00
4.628962516784667969e+00
9.240645170211791992e-01
-1.857491135597229004e-01
-5.577806234359741211e-01
-5.205197930335998535e-01
-1.774665117263793945e+00
1.266281455755233765e-01
-1.316365122795104980e+00
-2.552050948143005371e-01
-2.249914407730102539e+00
-4.882665276527404785e-01
1.190021514892578125e+00
-3.290324211120605469e-01
-5.987151861190795898e-01
-2.311732321977615356e-01
-2.170527130365371704e-01
1.742553710937500000e+00
-1.252182841300964355e+00
1.579309344291687012e+00
4.593345642089843750e+00
7.687666416168212891e-01
5.954736098647117615e-02
5.570121407508850098e-01
6.578052043914794922e-01
-5.483376383781433105e-01
1.584870457649230957e+00
1.941033840179443359e+00
9.163994193077087402e-01
1.308563500642776489e-01
-4.881085455417633057e-01
-2.096377134323120117e+00
8.680167794227600098e-01
-1.849486589431762695e+00
-2.884734153747558594e+00
1.209819912910461426e+00
7.319203615188598633e-01
-2.681820094585418701e-01
-8.726938962936401367e-01
1.941677093505859375e+00
2.541942358016967773e+00
-1.046357870101928711e+00
1.496334791183471680e+00
1.626695871353149414e+00
2.032918691635131836e+00
-6.434263586997985840e-01
-1.604945063591003418e+00
1.649747371673583984e+00
2.423165738582611084e-01
1.282437682151794434e+00
2.400681257247924805e+00
9.635493159294128418e-01
9.584019184112548828e-01
3.937205076217651367e+00
5.896811485290527344e+00
3.123843431472778320e+00
1.209028625488281250e+01
1.910904496908187866e-01
1.143867671489715576e-01
1.008081585168838501e-01
-7.697921246290206909e-02
2.688515186309814453e-01
5.027174353599548340e-01
-4.420774281024932861e-01
-1.801236718893051147e-01
-3.216997683048248291e-01
-1.788908988237380981e-01
3.290206193923950195e-01
5.320453643798828125e-02
-3.868233859539031982e-01
-4.179677963256835938e-01
-3.566285073757171631e-01
-4.668841958045959473e-01
1.264638006687164307e-01
1.874054968357086182e-01
-2.761938869953155518e-01
-1.252098917961120605e+00
-6.736742705106735229e-02
4.080417752265930176e-01
2.966340482234954834e-01
3.610918521881103516e-01
6.879959106445312500e-01
3.447080254554748535e-01
-3.326988816261291504e-01
2.688402831554412842e-01
1.054618954658508301e+00
2.807512320578098297e-02
5.130617022514343262e-01
-3.192340731620788574e-01
9.815430641174316406e-01
-5.603566020727157593e-02
8.368563055992126465e-01
-9.182353019714355469e-01
-3.168127536773681641e-01
-5.701820254325866699e-01
3.026710450649261475e-01
-1.010874062776565552e-01
4.899593070149421692e-02
-1.959261298179626465e-01
2.349059879779815674e-01
-4.393020570278167725e-01
5.078806877136230469e-01
-1.451165974140167236e-01
-2.945151925086975098e-01
-1.931612938642501831e-01
4.755699336528778076e-01
5.462040901184082031e-01
1.775032877922058105e-01
-3.483590483665466309e-01
-3.174256384372711182e-01
-4.211109578609466553e-01
1.657666712999343872e-01
9.147379547357559204e-02
-8.379317522048950195e-01
1.458399593830108643e-01
1.909411102533340454e-01
1.748481206595897675e-02
-1.530082803219556808e-02
1.437695175409317017e-01
9.953681379556655884e-02
3.747937381267547607e-01
-1.148982271552085876e-01
2.337364479899406433e-02
2.818441689014434814e-01
-1.393724046647548676e-02
5.762752890586853027e-01
5.936205983161926270e-01
2.256040871143341064e-01
5.247989892959594727e-01
5.009167194366455078e-01
9.718593955039978027e-01
-7.506302595138549805e-01
5.421281456947326660e-01
-2.546912729740142822e-01
-5.274425148963928223e-01
2.921484708786010742e-01
1.183688282966613770e+00
-5.793465971946716309e-01
5.381824374198913574e-01
4.753831773996353149e-02
-2.268235431984066963e-03
-1.878171227872371674e-02
-4.903043806552886963e-01
8.139917850494384766e-01
-1.047152996063232422e+00
1.824890613555908203e+00
9.349988400936126709e-02
1.118921115994453430e-01
7.263729721307754517e-02
1.598158292472362518e-02
3.128391802310943604e-01
-4.812495037913322449e-02
1.086096018552780151e-01
1.600089967250823975e-01
-5.586966499686241150e-02
-1.495359838008880615e-01
3.682016134262084961e-01
1.048491597175598145e+00
5.731902718544006348e-01
1.305070370435714722e-01
5.382280051708221436e-02
1.619341969490051270e-01
4.176710546016693115e-01
1.676933765411376953e-01
1.608888804912567139e-02
3.623116612434387207e-01
-4.998997319489717484e-03
2.440219819545745850e-01
3.219552636146545410e-01
-1.995916962623596191e-01
3.370095491409301758e-01
-8.903992772102355957e-01
9.458789229393005371e-01
5.726094841957092285e-01
7.217011451721191406e-01
1.130259394645690918e+00
4.847581386566162109e-01
2.120094448328018188e-01
3.511622250080108643e-01
1.271200031042098999e-01
-2.651685476303100586e-01
2.398355118930339813e-02
5.402633920311927795e-02
1.123328506946563721e-02
2.350037992000579834e-01
-1.102645635604858398e+00
6.510964781045913696e-02
-1.350699365139007568e-01
8.539403080940246582e-01
1.357220560312271118e-01
-9.918730705976486206e-02
3.558377325534820557e-01
9.105460345745086670e-02
1.875251382589340210e-01
-8.915911614894866943e-02
2.205890566110610962e-01
7.136549949645996094e-01
9.519083499908447266e-01
1.330222189426422119e-01
-4.745213389396667480e-01
5.840625762939453125e-01
1.136258363723754883e+00
-1.422535032033920288e-01
5.969471931457519531e-01
8.045282959938049316e-01
6.167697161436080933e-02
2.087958306074142456e-01
3.192675113677978516e+00
-5.101440548896789551e-01
2.364986896514892578e+00
1.965331882238388062e-01
1.549280900508165359e-02
-6.878153979778289795e-02
5.423898696899414062e-01
3.542112112045288086e-01
-3.470931053161621094e-01
2.832551002502441406e-01
-9.546023011207580566e-01
-1.776955425739288330e-01
9.395075440406799316e-01
7.496238350868225098e-01
9.812564849853515625e-01
1.108766436576843262e+00
2.476085275411605835e-01
1.082620583474636078e-02
-1.049259305000305176e+00
1.532825469970703125e+00
-1.433871537446975708e-01
3.342818319797515869e-01
1.553306877613067627e-01
5.790163874626159668e-01
5.640732645988464355e-01
-9.125853329896926880e-02
2.637507319450378418e-01
-6.536695361137390137e-01
4.107412993907928467e-01
7.695648074150085449e-01
3.282255530357360840e-01
1.248185157775878906e+00
1.313006877899169922e+00
-1.162442088127136230e+00
-1.011475920677185059e+00
1.729334235191345215e+00
8.670399785041809082e-01
1.199949741363525391e+00
6.749901175498962402e-01
-3.038572371006011963e-01
5.970075726509094238e-01
6.890726685523986816e-01
-9.583087563514709473e-01
-2.112043857574462891e+00
-2.231916904449462891e+00
3.071734666824340820e+00
1.376633197069168091e-01
2.885356187820434570e+00
-1.639031052589416504e+00
-5.935492515563964844e-01
2.745933294296264648e+00
1.584885239601135254e+00
-2.168744564056396484e+00
7.087541818618774414e-01
1.065671205520629883e+00
-2.241064786911010742e+00
2.933107852935791016e+00
-3.507127285003662109e+00
-2.688301563262939453e+00
1.096201896667480469e+00
-5.337615609169006348e-01
-3.376093506813049316e-01
-7.791252434253692627e-02
-3.732414543628692627e-01
3.252187669277191162e-01
-4.288162291049957275e-01
2.496019154787063599e-01
4.931351840496063232e-01
4.998695477843284607e-02
-1.030265614390373230e-01
-3.957078158855438232e-01
6.575453281402587891e-02
-6.611468642950057983e-02
1.808288097381591797e-01
4.322186410427093506e-01
6.406116485595703125e-01
-6.256066560745239258e-01
-1.352655738592147827e-01
-3.577485308051109314e-02
8.582596778869628906e-01
-4.114881157875061035e-01
-7.758121937513351440e-02
-3.925779461860656738e-01
3.533324971795082092e-02
-4.097730517387390137e-01
-2.116886824369430542e-01
-1.306005381047725677e-02
-2.693412899971008301e-01
-7.727803587913513184e-01
2.778818272054195404e-02
-6.083526611328125000e-01
6.812810152769088745e-02
-6.180876493453979492e-01
-3.106136620044708252e-01
-7.359318733215332031e-01
1.033866405487060547e+00
5.952421948313713074e-02
5.224548578262329102e-01
-6.915950775146484375e-01
-5.355090647935867310e-02
1.723113805055618286e-01
2.671572938561439514e-02
-2.496675401926040649e-01
1.168813556432723999e-01
-1.182036176323890686e-01
1.725690364837646484e-01
2.863925993442535400e-01
2.642634212970733643e-01
-5.757800340652465820e-01
-5.700135827064514160e-01
-4.613116085529327393e-01
-2.902291119098663330e-01
-2.792330682277679443e-01
6.184211969375610352e-01
-1.778940260410308838e-01
3.979163710027933121e-03
7.814016938209533691e-02
-1.528347432613372803e-01
5.484275221824645996e-01
4.025216400623321533e-01
-2.900604344904422760e-02
2.468138188123703003e-01
-2.031384259462356567e-01
-4.738081097602844238e-01
1.684603840112686157e-01
-1.950533092021942139e-01
1.223843768239021301e-01
1.299217045307159424e-01
-6.193248629570007324e-01
-5.363666415214538574e-01
2.040232419967651367e-01
-1.669947504997253418e-01
-5.039367675781250000e-01
-3.728289604187011719e-01
-2.071421295404434204e-01
-2.674979269504547119e-01
2.801151275634765625e-01
1.076533719897270203e-01
4.547690972685813904e-02
-8.456602096557617188e-01
3.506067097187042236e-01
-5.136981606483459473e-01
4.031011462211608887e-01
3.826506137847900391e-01
-2.431395053863525391e-01
3.287996947765350342e-01
-1.938746869564056396e-01
8.837038874626159668e-01
-1.048844337463378906e+00
-1.293105334043502808e-01
-3.770660459995269775e-01
2.128117531538009644e-01
-5.569969415664672852e-01
-6.571538746356964111e-02
-1.894590854644775391e-01
4.154405742883682251e-02
2.309624701738357544e-01
-1.631825417280197144e-01
-4.571236073970794678e-01
-2.649959623813629150e-01
-5.049972534179687500e-01
-3.240915760397911072e-02
-3.304020762443542480e-01
1.726484596729278564e-01
-1.023800671100616455e-01
-3.241766691207885742e-01
2.554387152194976807e-01
2.486804127693176270e-01
-3.077576458454132080e-01
4.628634452819824219e-01
-1.779186278581619263e-01
-1.515762805938720703e-01
3.583703637123107910e-01
-2.788683176040649414e-01
7.180726528167724609e-01
-1.194775700569152832e+00
-5.958839654922485352e-01
-1.161048054695129395e+00
-6.488502621650695801e-01
-3.983084261417388916e-01
-1.818115711212158203e-01
-4.698964059352874756e-01
-1.024977117776870728e-01
1.465371400117874146e-01
-5.985422059893608093e-02
-4.639375805854797363e-01
1.646516621112823486e-01
-4.919806122779846191e-01
5.358579158782958984e-01
3.713106811046600342e-01
-5.497022867202758789e-01
-8.494511842727661133e-01
-3.044928014278411865e-01
3.813757328316569328e-03
-4.838492348790168762e-02
-3.214655220508575439e-01
9.690754115581512451e-02
3.967386186122894287e-01
-3.530317544937133789e-01
-7.097654342651367188e-01
-8.005539774894714355e-01
-7.066463232040405273e-01
4.532684385776519775e-01
-4.327971339225769043e-01
-7.842176556587219238e-01
-3.120873682200908661e-02
-3.066855370998382568e-01
-9.432854056358337402e-01
7.286496758460998535e-01
7.677865624427795410e-01
-2.196301221847534180e+00
1.061641693115234375e+00
-1.284484863281250000e+00
1.849956750869750977e+00
8.800855875015258789e-01
-2.304834276437759399e-01
-2.468578517436981201e-01
6.083507835865020752e-02
3.960166573524475098e-01
4.403453767299652100e-01
3.675963282585144043e-01
4.885467290878295898e-01
-1.246236786246299744e-01
-7.266588211059570312e-01
-6.277235746383666992e-01
-1.018674612045288086e+00
-1.325486600399017334e-01
2.827860116958618164e-01
5.441988110542297363e-01
-1.332381486892700195e+00
-4.927748739719390869e-01
3.811737298965454102e-01
-1.828969269990921021e-01
8.640881627798080444e-02
-5.567035675048828125e-01
1.170414388179779053e-01
-3.686926066875457764e-01
4.436173439025878906e-01
-5.182339549064636230e-01
-4.747584462165832520e-01
-1.323754906654357910e+00
-7.285782098770141602e-01
-1.185528159141540527e+00
1.482960224151611328e+00
2.295249223709106445e+00
-1.805523991584777832e+00
-9.580893516540527344e-01
-1.390836000442504883e+00
-4.135372638702392578e-01
6.575881689786911011e-02
-2.333595901727676392e-01
6.625036895275115967e-02
1.435387015342712402e+00
2.339753627777099609e+00
3.491071701049804688e+00
-3.549800395965576172e+00
-1.181810349225997925e-01
-1.686904191970825195e+00
3.027419567108154297e+00
2.029244899749755859e+00
-4.115413188934326172e+00
-1.573691368103027344e+00
2.048919677734375000e+00
2.027091085910797119e-01
-2.053133487701416016e+00
4.327482879161834717e-01
-1.513934850692749023e+00
-6.161482930183410645e-01
2.777010202407836914e+00
2.366944074630737305e+00
7.453458905220031738e-01
5.060524940490722656e-01
9.055252075195312500e-01
3.612291067838668823e-02
8.987860083580017090e-01
1.563068777322769165e-01
8.256416916847229004e-01
1.473562866449356079e-01
1.363123059272766113e-01
8.396200537681579590e-01
8.961422443389892578e-01
3.550521731376647949e-01
8.425449132919311523e-01
8.935372233390808105e-01
9.997434616088867188e-01
8.506968617439270020e-02
1.284300982952117920e-01
1.532275322824716568e-02
6.249409317970275879e-01
5.157057046890258789e-01
8.331050276756286621e-01
4.170618057250976562e-01
6.375638246536254883e-01
6.469833850860595703e-01
9.598331451416015625e-01
4.352571666240692139e-01
1.924571245908737183e-01
6.992883682250976562e-01
7.441048324108123779e-02
9.700409173965454102e-01
5.266184210777282715e-01
2.343049198389053345e-01
8.858687281608581543e-01
9.756950736045837402e-01
5.335114002227783203e-01
5.370587110519409180e-01
6.717007756233215332e-01
4.774979650974273682e-01
1.097224280238151550e-01
6.851032972335815430e-01
6.577093601226806641e-01
7.883093357086181641e-01
6.244329214096069336e-01
4.600301086902618408e-01
8.809273838996887207e-01
9.874385595321655273e-01
3.593305349349975586e-01
8.839341998100280762e-01
5.472159385681152344e-01
4.406634271144866943e-01
4.676477238535881042e-02
8.022465109825134277e-01
7.111406326293945312e-01
2.972925007343292236e-01
5.821104049682617188e-01
6.943948864936828613e-01
1.359530538320541382e-01
1.492349952459335327e-01
9.690732955932617188e-01
6.325820088386535645e-02
7.140313386917114258e-01
8.969700336456298828e-01
2.540172934532165527e-01
7.495462894439697266e-01
1.617155075073242188e-01
7.643778920173645020e-01
9.842696189880371094e-01
5.189715027809143066e-01
5.220917463302612305e-01
9.317459464073181152e-01
1.434382167644798756e-03
9.211112260818481445e-01
5.922459959983825684e-01
9.464609026908874512e-01
7.678481191396713257e-02
7.807309031486511230e-01
9.758739471435546875e-01
2.458551526069641113e-01
6.414684653282165527e-01
8.765874505043029785e-01
9.294703006744384766e-01
8.744631707668304443e-02
9.488108158111572266e-01
1.618696600198745728e-01
6.162788271903991699e-01
1.486883610486984253e-01
4.385475516319274902e-01
1.304273754358291626e-01
2.932570874691009521e-01
5.841004848480224609e-01
3.560767471790313721e-01
8.543738722801208496e-01
5.106952786445617676e-01
4.091843068599700928e-01
3.727611899375915527e-02
5.104192718863487244e-02
5.782908201217651367e-01
2.727939486503601074e-01
3.434237241744995117e-01
2.866620123386383057e-01
9.554224610328674316e-01
2.321081012487411499e-01
8.641624450683593750e-01
5.462705492973327637e-01
7.724747657775878906e-01
9.735093712806701660e-01
9.944406151771545410e-01
3.654422461986541748e-01
9.631617665290832520e-01
6.349599361419677734e-01
2.025647908449172974e-01
5.080759525299072266e-01
5.356135368347167969e-01
6.469303369522094727e-01
9.306752681732177734e-01
2.789071798324584961e-01
3.099211752414703369e-01
6.560177803039550781e-01
6.028415560722351074e-01
9.992181062698364258e-01
1.889517754316329956e-01
7.999778985977172852e-01
8.336114287376403809e-01
1.826059306040406227e-03
7.901564836502075195e-01
3.629970550537109375e-01
7.379617691040039062e-01
6.173429489135742188e-01
3.067989051342010498e-01
3.735270500183105469e-01
8.162724375724792480e-01
5.709530115127563477e-01
7.639564871788024902e-01
1.843722611665725708e-01
8.450142741203308105e-01
6.105314493179321289e-01
2.998976111412048340e-01
3.252236843109130859e-01
5.760930180549621582e-01
4.113433063030242920e-01
2.956507802009582520e-01
6.530871987342834473e-01
5.464239120483398438e-01
6.424509882926940918e-01
6.957265138626098633e-01
5.512748360633850098e-01
4.133292436599731445e-01
6.206013560295104980e-01
7.120879888534545898e-01
9.003162384033203125e-01
7.423278689384460449e-01
5.595532432198524475e-02
6.895889043807983398e-01
9.658072590827941895e-01
1.170178130269050598e-01
8.198414444923400879e-01
6.274335980415344238e-01
6.995511054992675781e-02
8.874301910400390625e-01
9.664337038993835449e-01
6.592516899108886719e-01
7.339464873075485229e-02
1.531299948692321777e-01
7.352342009544372559e-01
5.778746604919433594e-01
6.477715969085693359e-01
4.218210279941558838e-01
2.559666037559509277e-01
1.469654142856597900e-01
1.752355992794036865e-01
6.501478552818298340e-01
6.382641792297363281e-01
6.988028883934020996e-01
4.537841379642486572e-01
9.021842479705810547e-01
4.215455353260040283e-01
5.221197009086608887e-01
3.845810890197753906e-01
4.027203023433685303e-01
4.915210604667663574e-01
2.534750662744045258e-02
4.872564077377319336e-01
8.282545804977416992e-01
2.535619437694549561e-01
2.118587493896484375e-01
1.364563852548599243e-01
9.503756761550903320e-01
1.137801706790924072e-01
2.029528170824050903e-01
5.564020276069641113e-01
1.402116566896438599e-01
4.038319885730743408e-01
4.289187788963317871e-01
3.046976029872894287e-01
9.262563586235046387e-01
2.617941796779632568e-01
9.231171011924743652e-01
3.282614350318908691e-01
5.609107017517089844e-01
1.873749792575836182e-01
8.397125601768493652e-01
7.474499344825744629e-01
4.678768813610076904e-01
4.820885062217712402e-01
5.897094011306762695e-01
8.484857082366943359e-01
7.694765329360961914e-01
9.322527647018432617e-01
6.104016900062561035e-01
4.358235001564025879e-01
7.167782783508300781e-01
5.096069574356079102e-01
-7.661083936691284180e-01
2.583137750625610352e-01
