8.853036880493164062e+00
1.101473426818847656e+01
9.457739830017089844e+00
6.976117610931396484e+00
1.637046241760253906e+01
9.639815330505371094e+00
1.544484710693359375e+01
1.555290412902832031e+01
1.421043586730957031e+01
9.917117118835449219e+00
1.546292972564697266e+01
2.109927749633789062e+01
1.581214904785156250e+01
1.565028190612792969e+01
6.412287712097167969e+00
1.776058006286621094e+01
-9.174301624298095703e-01
-3.867907285690307617e+00
-8.248745918273925781e+00
3.786000490188598633e+00
7.423235893249511719e+00
9.145649671554565430e-01
6.051613807678222656e+00
5.056194067001342773e-01
-9.773128509521484375e+00
-6.841491460800170898e-01
1.780590891838073730e+00
-3.164978325366973877e-01
4.333408355712890625e+00
5.102902889251708984e+00
1.194226455688476562e+01
-6.053209304809570312e+00
5.000952720642089844e+00
-5.049505233764648438e+00
-1.430990934371948242e+00
-9.986044883728027344e+00
-7.579678535461425781e+00
5.562211990356445312e+00
8.622872829437255859e-01
4.383509635925292969e+00
1.130444288253784180e+00
1.276307225227355957e+00
1.282093334197998047e+01
-3.439954996109008789e+00
4.845307826995849609e+00
-8.187583923339843750e+00
1.277142405509948730e+00
5.230857849121093750e+00
-1.257286548614501953e+00
6.435029506683349609e+00
6.318377017974853516e+00
-3.601268053054809570e+00
5.829383730888366699e-01
1.451581382751464844e+01
-3.027317523956298828e+00
-7.583509385585784912e-02
-6.066632270812988281e+00
-6.556313633918762207e-01
1.027221560478210449e+00
-5.031576633453369141e+00
3.819477081298828125e+00
-2.180518865585327148e+00
3.649781703948974609e+00
-5.870341300964355469e+00
-4.333542346954345703e+00
8.805780410766601562e+00
3.567106246948242188e+00
-6.290067672729492188e+00
-4.005705118179321289e-01
1.055041122436523438e+01
1.436067104339599609e+01
2.201936691999435425e-01
2.732960462570190430e+00
1.956008553504943848e+00
4.693047046661376953e+00
-7.912226319313049316e-01
-3.262263059616088867e+00
-4.940314769744873047e+00
3.728885650634765625e+00
1.329356575012207031e+01
-3.654808402061462402e-01
5.849369525909423828e+00
-1.691419720649719238e+00
1.032586216926574707e+00
-3.708416223526000977e+00
-3.522184133529663086e+00
3.087383508682250977e+00
4.888201236724853516e+00
-5.248558521270751953e+00
1.188248825073242188e+01
-1.249054050445556641e+01
3.939493596553802490e-01
-3.176434516906738281e+00
1.642791986465454102e+00
-5.038049221038818359e-01
-4.550767421722412109e+00
-1.097461986541748047e+01
6.271375656127929688e+00
6.987544536590576172e+00
6.406034529209136963e-02
7.879849910736083984e+00
8.787322640419006348e-01
-5.960235595703125000e+00
2.623966038227081299e-01
1.103762865066528320e+00
-8.148304939270019531e+00
-6.495533466339111328e+00
1.126196503639221191e+00
1.098744392395019531e+00
4.229476928710937500e+00
-3.858179226517677307e-02
-2.275336503982543945e+00
8.152615547180175781e+00
1.135102629661560059e+00
-1.540522217750549316e+00
6.105392456054687500e+00
-6.491377353668212891e-01
1.601607441902160645e+00
-6.728036999702453613e-01
4.986273765563964844e+00
4.486665248870849609e+00
9.725249409675598145e-01
-2.058177709579467773e+00
-9.507522583007812500e-01
7.183545589447021484e+00
-1.949746131896972656e+00
-3.925523757934570312e-01
-1.886873006820678711e+00
-1.122423529624938965e+00
-2.728050708770751953e+00
3.238264918327331543e-01
2.009336948394775391e+00
1.428387872874736786e-02
1.142235279083251953e+00
6.544174998998641968e-02
-2.369001626968383789e+00
2.402658700942993164e+00
1.491190552711486816e+00
2.878102779388427734e+00
-2.325856685638427734e+00
-5.907200336456298828e+00
-4.465521335601806641e+00
-4.353274822235107422e+00
5.548438802361488342e-02
8.454835891723632812e+00
-3.869357585906982422e+00
6.851939558982849121e-01
-4.128151834011077881e-01
-1.442839860916137695e+00
-6.922922730445861816e-01
-3.507005929946899414e+00
-1.039875984191894531e+00
-6.225275993347167969e+00
1.748485565185546875e+00
-2.654176235198974609e+00
1.917313098907470703e+00
-2.972794294357299805e+00
2.064325809478759766e+00
-2.686536312103271484e+00
2.377065420150756836e+00
2.468302249908447266e+00
-2.775665998458862305e+00
2.618107199668884277e-01
1.209524869918823242e+00
-9.151846766471862793e-01
-7.194302558898925781e+00
7.113253474235534668e-01
-2.740557670593261719e+00
3.856914520263671875e+00
2.543001413345336914e+00
4.139628410339355469e+00
-1.341280579566955566e+00
-2.535711526870727539e+00
3.730471134185791016e+00
3.810515403747558594e+00
-1.520452737808227539e+00
6.104230403900146484e+00
1.165965557098388672e+00
1.090178251266479492e+00
1.238459348678588867e+00
-8.415848612785339355e-01
-1.756533145904541016e+00
1.867303967475891113e+00
-1.213856101036071777e+00
1.183425545692443848e+00
-1.074465274810791016e+00
2.334695577621459961e+00
6.746041774749755859e-01
3.022629261016845703e+00
-4.145833969116210938e+00
-3.560327529907226562e+00
-1.175773143768310547e+00
1.431320428848266602e+00
1.905001640319824219e+00
2.613925695419311523e+00
4.029595553874969482e-01
2.557298541069030762e-01
-4.928873479366302490e-01
1.047896504402160645e+00
-2.703085899353027344e+00
-2.188724756240844727e+00
-4.019164562225341797e+00
-4.094969034194946289e-01
3.696311950683593750e+00
3.691753447055816650e-01
1.777376770973205566e+00
-4.440039634704589844e+00
-2.434592962265014648e+00
-3.070481538772583008e+00
2.198519945144653320e+00
-3.065282106399536133e+00
2.557085752487182617e+00
4.411975383758544922e+00
3.987649083137512207e-01
-2.038451194763183594e+00
1.896039605140686035e+00
1.387088656425476074e+00
-3.123656988143920898e+00
-2.927439928054809570e+00
-2.464160919189453125e+00
1.574288368225097656e+00
5.177651405334472656e+00
1.173921704292297363e+00
4.854226589202880859e+00
6.811711311340332031e+00
4.188166618347167969e+00
2.577362537384033203e+00
3.233979642391204834e-01
3.121846914291381836e+00
-1.823938608169555664e+00
3.150132417678833008e+00
1.072720289230346680e+00
-2.262105606496334076e-02
-5.921125888824462891e+00
2.060117483139038086e+00
-6.246496200561523438e+00
-3.093715429306030273e+00
1.629727706313133240e-02
1.209718465805053711e+00
-2.681802749633789062e+00
-4.003204345703125000e+00
1.524483919143676758e+00
2.908230781555175781e+00
-2.186459302902221680e+00
3.929892927408218384e-02
-3.378316402435302734e+00
-1.648767828941345215e+00
2.841099798679351807e-01
2.821527242660522461e+00
-3.702181339263916016e+00
1.398520231246948242e+00
1.841680049896240234e+00
-2.604154586791992188e+00
4.190425872802734375e+00
-3.789285421371459961e-01
1.255662322044372559e+00
3.757611274719238281e+00
-3.467046260833740234e+00
-2.908747911453247070e+00
-4.562607705593109131e-01
3.930764675140380859e+00
-7.329939603805541992e-01
-7.079874277114868164e-01
-1.097052171826362610e-01
3.995756864547729492e+00
4.361676275730133057e-01
-9.513809084892272949e-01
-2.035508394241333008e+00
1.312055468559265137e+00
-7.718434929847717285e-02
6.884215474128723145e-01
6.143910884857177734e-01
-2.006835341453552246e-01
-2.480958223342895508e+00
-2.174042701721191406e+00
-8.842085599899291992e-01
-8.092407137155532837e-02
-5.705386996269226074e-01
-6.227179765701293945e-01
1.160387635231018066e+00
3.578021526336669922e+00
5.475763320922851562e+00
-2.951536893844604492e+00
1.196013092994689941e+00
-3.996567249298095703e+00
-3.083337306976318359e+00
-1.625766903162002563e-01
2.352587461471557617e+00
-4.290837764739990234e+00
1.248666763305664062e+00
-3.628272294998168945e+00
3.284868240356445312e+00
-1.442354559898376465e+00
-1.417261958122253418e-01
-3.444566428661346436e-01
2.117153406143188477e+00
3.702118158340454102e+00
-2.340795993804931641e+00
7.001604437828063965e-01
6.854898929595947266e-01
-3.783791065216064453e+00
-3.479140043258666992e+00
2.900488615036010742e+00
-1.197081685066223145e+00
3.025188207626342773e+00
2.703332185745239258e+00
4.153145313262939453e+00
-7.692366838455200195e-01
-2.597948789596557617e+00
3.376092672348022461e+00
3.429158687591552734e+00
3.412400007247924805e+00
3.474165439605712891e+00
-9.240175485610961914e-01
-7.568706274032592773e-01
2.365822196006774902e-01
-2.543081760406494141e+00
-2.021510124206542969e+00
-8.051429986953735352e-01
-3.021687746047973633e+00
6.026611477136611938e-02
-3.913333415985107422e-01
1.724274754524230957e+00
5.705554485321044922e-01
2.066513299942016602e+00
-3.085623979568481445e+00
-3.823608160018920898e+00
3.822895288467407227e-01
1.914181470870971680e+00
3.127743721008300781e+00
1.263910412788391113e+00
9.852619171142578125e-01
-9.515693783760070801e-01
-4.173083901405334473e-01
1.677099704742431641e+00
-3.492924451828002930e+00
-6.051293015480041504e-01
-4.087285995483398438e+00
1.868573665618896484e+00
4.412717342376708984e+00
4.211043715476989746e-01
2.569482088088989258e+00
-4.775805950164794922e+00
-2.955860793590545654e-01
-1.834539890289306641e+00
2.646780967712402344e+00
-1.938990831375122070e+00
2.681508302688598633e+00
2.993098258972167969e+00
-1.700861930847167969e+00
5.091462135314941406e-01
1.067874193191528320e+00
-1.140977501869201660e+00
-1.232996702194213867e+00
-3.277085781097412109e+00
-1.107726812362670898e+00
4.070785939693450928e-01
3.863362789154052734e+00
2.353121995925903320e+00
1.930764794349670410e+00
4.180622100830078125e+00
2.522660017013549805e+00
2.723675489425659180e+00
-8.141685724258422852e-01
2.448069334030151367e+00
4.408805966377258301e-01
2.573381364345550537e-01
-1.177612304687500000e+00
-1.108466625213623047e+00
-4.434476375579833984e+00
1.395934462547302246e+00
-2.540050029754638672e+00
-1.248502731323242188e+00
-3.201208710670471191e-01
1.233047485351562500e+00
-4.922333240509033203e+00
3.741966784000396729e-01
3.340758800506591797e+00
-7.816109657287597656e-01
-4.050139427185058594e+00
1.016182184219360352e+00
1.239726305007934570e+00
1.338537096977233887e+00
1.956014156341552734e+00
2.113219738006591797e+00
-7.180746793746948242e-01
2.883179426193237305e+00
-1.793686151504516602e+00
-1.262101054191589355e+00
2.801874399185180664e+00
4.864541590213775635e-01
9.755309224128723145e-01
3.413716554641723633e+00
-3.018705844879150391e-01
1.807296991348266602e+00
2.798154354095458984e+00
3.272177696228027344e+00
1.374872326850891113e+00
-1.752653121948242188e-01
-1.585874438285827637e+00
1.610835313796997070e+00
4.338530898094177246e-01
1.000889897346496582e+00
-3.029258921742439270e-02
-6.670429110527038574e-01
3.789339065551757812e-01
-7.405589818954467773e-01
8.670504689216613770e-01
3.755619227886199951e-01
-2.047535896301269531e+00
-1.946962714195251465e+00
-2.158743858337402344e+00
-3.378502279520034790e-02
1.789349079132080078e+00
-3.706193864345550537e-01
-2.144623517990112305e+00
1.017141461372375488e+00
4.676920890808105469e+00
2.925090789794921875e-01
2.642495632171630859e+00
-1.205447196960449219e+00
-1.516070842742919922e+00
1.185653090476989746e+00
3.135932683944702148e+00
1.303210735321044922e+00
