1.882923007011413574e+00
7.655063271522521973e-01
-8.357013463973999023e-01
4.733211517333984375e+00
1.511267185211181641e+00
3.586669921875000000e+00
1.881542801856994629e+00
2.155521631240844727e+00
2.954319477081298828e+00
1.855259895324707031e+00
4.482165575027465820e-01
-2.371771931648254395e-01
-1.262844085693359375e+00
7.117360830307006836e-01
2.188122421503067017e-01
7.847281694412231445e-01
1.038094535470008850e-01
-1.120221391320228577e-01
1.745637655258178711e-01
-1.921008527278900146e-01
-8.134172856807708740e-02
-2.025199890136718750e+00
1.217070668935775757e-01
1.049919519573450089e-02
2.062932491302490234e+00
-1.834722422063350677e-02
4.227326214313507080e-01
-4.635365679860115051e-02
-7.150359451770782471e-02
-4.583850204944610596e-01
-4.286486282944679260e-02
-5.403335690498352051e-01
-9.920088201761245728e-02
1.287421584129333496e+00
1.010959625244140625e+01
9.954524993896484375e+00
1.326414203643798828e+01
1.334387207031250000e+01
1.541075706481933594e+01
1.489138889312744141e+01
1.740949821472167969e+01
1.914332199096679688e+01
1.936653137207031250e+01
2.183241271972656250e+01
2.006564140319824219e+01
2.880434393882751465e-01
2.478532791137695312e-01
-1.974294036626815796e-01
6.101514697074890137e-01
4.076527655124664307e-01
-1.224274277687072754e+00
-5.468302965164184570e-01
1.443779110908508301e+00
-8.885024785995483398e-01
-1.970381885766983032e-01
-7.075808644294738770e-01
1.311707139015197754e+00
-9.433792829513549805e-01
6.726142764091491699e-01
4.826460033655166626e-02
-9.903296083211898804e-02
1.688269615173339844e+00
-8.486446142196655273e-01
-2.996773086488246918e-02
-1.117468476295471191e+00
-1.042640060186386108e-01
1.406390428543090820e+00
-3.792093753814697266e+00
2.320938259363174438e-01
4.328576624393463135e-01
2.418493032455444336e-01
-5.405780673027038574e-01
2.733829617500305176e-02
4.379000186920166016e+00
1.149339675903320312e+00
5.618398189544677734e+00
-5.276289582252502441e-01
4.557249248027801514e-01
-1.007690429687500000e+00
3.168628513813018799e-01
4.580692946910858154e-01
-6.579948425292968750e+00
-1.282154202461242676e+00
2.378155440092086792e-01
-7.281237244606018066e-01
2.095353975892066956e-02
-1.016780920326709747e-02
-3.176236748695373535e-01
1.198939442634582520e+00
-7.847943305969238281e-01
2.325030416250228882e-01
-1.516660690307617188e+00
-4.691857695579528809e-01
1.968369722366333008e+00
-1.066757813096046448e-01
2.438653409481048584e-01
1.380923032760620117e+00
4.613085985183715820e-01
-1.942408204078674316e+00
-1.533799767494201660e+00
-6.402714848518371582e-01
-5.121935606002807617e-01
5.339239835739135742e-01
1.195876955986022949e+00
1.167896628379821777e+00
6.727635860443115234e-01
-7.715681195259094238e-01
-4.635641574859619141e-01
2.621074914932250977e+00
-8.088389039039611816e-01
8.112154603004455566e-01
2.998698055744171143e-01
3.815900981426239014e-01
-8.955803513526916504e-02
-5.536481738090515137e-01
2.459764778614044189e-01
4.036242025904357433e-04
1.986743882298469543e-03
8.827752470970153809e-01
-1.113765239715576172e-01
1.618211418390274048e-01
1.157088518142700195e+00
-1.562840491533279419e-01
-1.288886815309524536e-01
-3.402140438556671143e-01
-2.519691288471221924e-01
1.168577194213867188e+00
-8.914325386285781860e-02
2.803080379962921143e-01
-8.428217172622680664e-01
6.518591642379760742e-01
1.208542823791503906e+00
-2.219399809837341309e-01
1.421835303306579590e+00
-1.665065288543701172e-01
2.444638907909393311e-01
4.703950583934783936e-01
-8.717440068721771240e-03
2.369423769414424896e-02
1.955974936485290527e+00
-5.145741462707519531e+00
-2.516151428222656250e+00
7.044527679681777954e-02
1.155255958437919617e-01
-5.482399463653564453e-01
4.732799828052520752e-01
7.248166203498840332e-01
-1.368826031684875488e+00
8.247388839721679688e+00
5.527731776237487793e-01
-3.968507517129182816e-03
1.202944517135620117e-01
-7.789368927478790283e-02
2.097875773906707764e-01
2.370722740888595581e-01
-3.540377914905548096e-01
6.020148396492004395e-01
5.326331853866577148e-01
8.344642817974090576e-02
8.226761966943740845e-02
-8.010551333427429199e-01
-6.683544516563415527e-01
8.849988132715225220e-02
5.409595370292663574e-02
5.822629928588867188e-01
-8.009166121482849121e-01
3.625501990318298340e-01
1.009379267692565918e+00
-3.049612343311309814e-01
1.538150548934936523e+00
-4.174265265464782715e-01
-4.904857873916625977e-01
5.549117922782897949e-01
9.194229245185852051e-01
1.426793456077575684e+00
4.145295619964599609e-01
5.148763656616210938e+00
-4.054109156131744385e-01
-2.080688625574111938e-01
3.486069664359092712e-02
-5.295003578066825867e-02
-2.037102729082107544e-01
2.749002873897552490e-01
3.352255225181579590e-01
-6.883227229118347168e-01
-3.521246016025543213e-01
-1.030572414398193359e+00
6.440414786338806152e-01
-1.678466945886611938e-01
-5.113644525408744812e-03
-5.093480348587036133e-01
9.631838649511337280e-02
3.790156543254852295e-01
-7.489652186632156372e-02
1.836214810609817505e-01
-1.266305148601531982e-01
-6.281070709228515625e-01
8.909500241279602051e-01
-3.985267281532287598e-01
9.250284433364868164e-01
-9.840442985296249390e-02
-3.454031944274902344e-01
3.711310029029846191e-01
3.315801024436950684e-01
-3.021939992904663086e-01
6.766539216041564941e-01
-3.284176826477050781e+00
-8.881452679634094238e-01
1.223409399390220642e-01
-3.295654058456420898e-02
-2.479316741228103638e-01
2.516121566295623779e-01
4.077562987804412842e-01
-2.166795015335083008e+00
5.654442310333251953e+00
-1.869471520185470581e-01
3.009404838085174561e-01
-6.495811045169830322e-02
1.809094697237014771e-01
-1.365764997899532318e-02
-6.317771673202514648e-01
4.146280288696289062e-01
-2.238449901342391968e-01
4.611925184726715088e-01
-3.280234634876251221e-01
-3.330177441239356995e-02
5.360332131385803223e-01
-2.921403646469116211e-01
-5.966198444366455078e-01
6.777416449040174484e-03
5.209636688232421875e-01
1.727479249238967896e-01
6.244830489158630371e-01
-9.728520512580871582e-01
5.555070638656616211e-01
-3.778403401374816895e-01
-2.127892494201660156e+00
3.151039779186248779e-02
-2.777277678251266479e-02
8.795561790466308594e-01
-7.007855176925659180e-01
-8.344796895980834961e-01
2.689079284667968750e+00
-8.705760352313518524e-03
-1.407998031936585903e-03
8.839750662446022034e-03
4.881044849753379822e-03
5.954035557806491852e-03
-1.701625180430710316e-03
-7.964931428432464600e-03
3.963020164519548416e-03
-7.428655400872230530e-03
5.943675525486469269e-03
8.421500213444232941e-03
8.072526194155216217e-03
2.469848259352147579e-04
9.272696450352668762e-03
-4.978389013558626175e-03
9.019296616315841675e-03
2.814413746818900108e-03
-8.204770274460315704e-03
4.573697515297681093e-04
8.205046877264976501e-03
-2.329166745766997337e-03
-2.510937629267573357e-03
4.613026045262813568e-03
1.298617338761687279e-03
-4.879962187260389328e-03
7.728767115622758865e-03
-6.069359369575977325e-03
4.441222641617059708e-03
-6.385643966495990753e-03
3.823498263955116272e-03
2.194044645875692368e-03
-6.249750964343547821e-03
9.316925890743732452e-03
5.857192911207675934e-03
-2.822718815878033638e-03
5.744202062487602234e-04
-9.178713895380496979e-03
-7.353178225457668304e-03
-9.933154098689556122e-03
-8.340222761034965515e-03
6.647800328209996223e-04
1.758173806592822075e-03
6.885971873998641968e-03
-8.923866786062717438e-03
-6.337217520922422409e-03
-4.204924684017896652e-03
-5.569878965616226196e-03
-9.864081628620624542e-03
-3.219531849026679993e-03
9.074787609279155731e-03
8.353887125849723816e-03
-2.909487579017877579e-03
-1.468725269660353661e-03
-7.346592028625309467e-04
9.352387860417366028e-03
-3.840645775198936462e-03
7.717444561421871185e-03
-8.090781047940254211e-03
5.583953578025102615e-03
4.449852742254734039e-03
9.462900459766387939e-03
-3.401999594643712044e-03
1.527467160485684872e-03
-1.921637100167572498e-03
-4.511115606874227524e-03
4.619677085429430008e-03
1.062049388885498047e+00
1.059528112411499023e+00
-1.791637182235717773e+00
7.182081937789916992e-01
