1.475950431823730469e+01
1.636542701721191406e+01
1.333769416809082031e+01
1.070748519897460938e+01
1.691758728027343750e+01
1.544488430023193359e+01
1.283885478973388672e+01
1.546807289123535156e+01
1.949590682983398438e+01
1.571433925628662109e+01
1.987024688720703125e+01
1.004112625122070312e+01
1.155555343627929688e+01
1.322240543365478516e+01
8.858660697937011719e+00
1.642956924438476562e+01
1.642159843444824219e+01
1.220502376556396484e+01
1.581815814971923828e+01
1.021612930297851562e+01
1.583837413787841797e+01
5.227505683898925781e+00
-6.162379264831542969e+00
-2.519978284835815430e+00
8.865965843200683594e+00
2.417973756790161133e+00
-2.004359722137451172e+00
-2.239225625991821289e+00
-1.598449051380157471e-01
3.534274101257324219e-01
9.118772506713867188e+00
4.546382904052734375e+00
-4.375399589538574219e+00
-6.715233325958251953e+00
5.200580120086669922e+00
-9.249621391296386719e+00
7.579074382781982422e+00
-3.021329641342163086e+00
-7.484702587127685547e+00
-5.712523460388183594e+00
7.630168437957763672e+00
3.627679347991943359e-01
-4.383960247039794922e+00
6.056035995483398438e+00
7.308629989624023438e+00
7.112617492675781250e+00
-6.698191642761230469e+00
4.725133419036865234e+00
-2.141738891601562500e+00
5.433159351348876953e+00
7.329510688781738281e+00
4.741409301757812500e+00
3.996466159820556641e+00
-3.180682420730590820e+00
4.232163906097412109e+00
2.747879266738891602e+00
-1.028285145759582520e+00
-1.946888327598571777e+00
1.718872070312500000e+00
3.636704444885253906e+00
-6.274878025054931641e+00
-2.338881969451904297e+00
1.662567496299743652e+00
-3.858371019363403320e+00
1.841251134872436523e+00
8.488932609558105469e+00
-1.620013266801834106e-01
2.755468130111694336e+00
-4.323560714721679688e+00
-6.073710918426513672e-01
5.488411903381347656e+00
-1.546137332916259766e+01
6.251255035400390625e+00
-2.212615251541137695e+00
9.442708015441894531e+00
-2.382561206817626953e+00
4.266077518463134766e+00
-1.354547888040542603e-01
8.264492154121398926e-01
-3.145534038543701172e+00
1.060728359222412109e+01
6.772199630737304688e+00
-2.581358551979064941e-01
-9.275575637817382812e+00
2.853137493133544922e+00
6.112822532653808594e+00
-6.484169006347656250e+00
-5.473971843719482422e+00
-3.026029825210571289e+00
3.087291240692138672e+00
-5.349954366683959961e-01
-6.546246051788330078e+00
4.052877426147460938e+00
2.969158887863159180e+00
-3.508852005004882812e+00
-6.127060413360595703e+00
4.539874553680419922e+00
8.186136245727539062e+00
9.899724006652832031e+00
-1.669039487838745117e+00
5.639965534210205078e+00
1.222900772094726562e+01
4.573500156402587891e+00
-1.015243768692016602e+00
-3.554079055786132812e+00
2.616663694381713867e+00
6.747793674468994141e+00
4.175796508789062500e+00
-2.016037225723266602e+00
5.725128173828125000e+00
-6.355772018432617188e-01
7.144931554794311523e-01
-6.668462276458740234e+00
-2.223239898681640625e+00
-5.985133171081542969e+00
4.814840793609619141e+00
5.040961265563964844e+00
1.151047229766845703e+01
-5.587077140808105469e+00
2.203048467636108398e+00
7.096852660179138184e-01
-1.763729214668273926e+00
-2.010849714279174805e+00
1.437575459480285645e+00
5.049853324890136719e+00
-2.955161571502685547e+00
-2.903880119323730469e+00
2.350104331970214844e+00
5.748494625091552734e+00
-6.466866016387939453e+00
4.004721641540527344e+00
-2.390810698270797729e-01
1.702173471450805664e+00
3.021581172943115234e+00
-4.434662818908691406e+00
-6.720044612884521484e+00
-5.413547515869140625e+00
-2.212064027786254883e+00
-5.614272117614746094e+00
9.125179290771484375e+00
-4.384396553039550781e+00
7.960972785949707031e+00
-1.664499759674072266e+00
-3.781338930130004883e+00
6.135017395019531250e+00
8.896625518798828125e+00
-5.465296745300292969e+00
4.086221218109130859e+00
-6.683804988861083984e-01
2.879385948181152344e+00
-2.616373300552368164e+00
-4.455570220947265625e+00
-2.452729463577270508e+00
4.998219013214111328e+00
1.998271584510803223e+00
3.024947643280029297e+00
-4.721926689147949219e+00
-1.969961047172546387e+00
6.135915756225585938e+00
3.033750295639038086e+00
-4.932606220245361328e+00
3.917568683624267578e+00
-5.994056701660156250e+00
1.095542144775390625e+01
1.036173915863037109e+01
7.549910068511962891e+00
-5.852153301239013672e+00
5.184380412101745605e-01
-1.044451296329498291e-01
4.773380279541015625e+00
-6.124267578125000000e+00
-3.677166223526000977e+00
2.875138772651553154e-03
8.047909736633300781e-01
2.865142107009887695e+00
6.516138553619384766e+00
4.262122154235839844e+00
5.294147968292236328e+00
-4.021876811981201172e+00
1.843712091445922852e+00
3.132340431213378906e+00
5.482106685638427734e+00
3.717637300491333008e+00
-2.869318723678588867e+00
-1.004125690460205078e+01
3.956907272338867188e+00
7.609499931335449219e+00
-1.977843523025512695e+00
-2.169362545013427734e+00
7.791548252105712891e+00
-4.769090652465820312e+00
-1.037895441055297852e+00
3.068697690963745117e+00
7.330499291419982910e-01
-6.086859703063964844e-01
2.496334791183471680e+00
-3.596755504608154297e+00
2.492224216461181641e+00
-1.955052375793457031e+00
9.090170860290527344e+00
1.076374626159667969e+01
-1.376966476440429688e+00
2.115890741348266602e+00
1.147802829742431641e+01
-6.233814239501953125e+00
1.195489883422851562e+00
7.965321540832519531e+00
3.828254699707031250e+00
-5.324426651000976562e+00
-2.709511756896972656e+00
8.111422538757324219e+00
1.465024828910827637e+00
-2.933989763259887695e+00
3.881669998168945312e+00
4.363783359527587891e+00
6.636546611785888672e+00
-7.226314067840576172e+00
7.249277114868164062e+00
2.637946605682373047e+00
4.899037182331085205e-01
6.004902362823486328e+00
4.228085517883300781e+00
1.200127410888671875e+01
1.829510331153869629e+00
-4.123304843902587891e+00
1.404735922813415527e+00
1.691233754158020020e+00
4.116332054138183594e+00
6.100000381469726562e+00
-8.458457946777343750e+00
3.689161300659179688e+00
6.911225795745849609e+00
-3.857382297515869141e+00
-4.102733612060546875e+00
4.943085670471191406e+00
3.006860971450805664e+00
-1.635797500610351562e+00
7.208086013793945312e+00
5.934320449829101562e+00
-3.956595182418823242e+00
-3.885985136032104492e+00
3.542475938796997070e+00
4.037605285644531250e+00
-2.885075092315673828e+00
2.318325281143188477e+00
1.155680060386657715e+00
8.866827011108398438e+00
4.278078079223632812e+00
-4.077288150787353516e+00
4.492338657379150391e+00
6.453615665435791016e+00
9.667766094207763672e-01
-3.075751543045043945e+00
3.249790191650390625e+00
3.653072118759155273e+00
-6.294315338134765625e+00
-1.837828993797302246e+00
5.729610323905944824e-01
5.017695426940917969e+00
1.531437754631042480e+00
1.257503271102905273e+00
1.397923111915588379e+00
6.384335994720458984e+00
1.822108328342437744e-01
8.347223997116088867e-01
4.741919994354248047e+00
6.153551101684570312e+00
6.357071399688720703e+00
5.299514532089233398e-01
-1.920988559722900391e+00
1.089660078287124634e-01
-3.275179862976074219e+00
7.175163626670837402e-01
-9.180201292037963867e-01
-5.522795677185058594e+00
-5.815983295440673828e+00
6.870321273803710938e+00
-1.011286497116088867e+00
-2.507625341415405273e+00
-1.225642800331115723e+00
3.565641164779663086e+00
-1.755242943763732910e+00
5.609660148620605469e+00
3.488865375518798828e+00
-1.271115541458129883e+00
4.850399971008300781e+00
3.782386064529418945e+00
1.912623643875122070e+00
-9.524548053741455078e-01
3.029479503631591797e+00
7.523216307163238525e-02
3.305662393569946289e+00
-4.765551388263702393e-01
4.668457984924316406e+00
2.241623163223266602e+00
3.876639366149902344e+00
-2.039977014064788818e-01
-4.093813896179199219e+00
-2.301113605499267578e+00
1.885948061943054199e+00
3.597132682800292969e+00
5.842921257019042969e+00
2.604235410690307617e+00
-3.339172124862670898e+00
-2.979356646537780762e-01
4.937072277069091797e+00
-2.855856895446777344e+00
4.432045817375183105e-01
-5.677263736724853516e-01
3.069279193878173828e+00
-2.824992895126342773e+00
3.362378597259521484e+00
-1.360716938972473145e+00
2.994628429412841797e+00
-7.891598343849182129e-01
1.716196537017822266e+00
1.186726927757263184e+00
3.501560211181640625e+00
9.417228698730468750e+00
-3.843513011932373047e+00
3.309973955154418945e+00
5.448855400085449219e+00
-2.004154175519943237e-01
1.866235375404357910e+00
-2.969100475311279297e+00
2.883912801742553711e+00
-1.515360832214355469e+00
-8.865694999694824219e-01
7.589346885681152344e+00
3.082666873931884766e+00
-6.172647953033447266e+00
1.838871479034423828e+00
-4.261961460113525391e+00
3.301652193069458008e+00
-1.307544350624084473e+00
-5.634481430053710938e+00
-3.582643270492553711e+00
3.852720022201538086e+00
1.520161867141723633e+00
-2.255170583724975586e+00
4.525127887725830078e+00
9.636771678924560547e-02
5.351190567016601562e-01
1.955990314483642578e+00
3.430263042449951172e+00
-4.496533572673797607e-01
6.923701167106628418e-01
1.820261836051940918e+00
1.524538040161132812e+00
2.848386049270629883e+00
2.846648216247558594e+00
1.522229194641113281e+00
-3.250046670436859131e-01
-2.292152494192123413e-01
6.975840091705322266e+00
2.394189089536666870e-01
1.990149497985839844e+00
-4.644992649555206299e-01
2.546990633010864258e+00
-1.958257436752319336e+00
1.601999998092651367e+00
-8.070047497749328613e-01
2.433908700942993164e+00
2.368904948234558105e-01
-1.681378483772277832e+00
-5.774171948432922363e-01
4.767803251743316650e-01
-7.759199738502502441e-01
1.238556727766990662e-01
5.713541984558105469e+00
3.526005983352661133e+00
-1.895809322595596313e-01
3.281854867935180664e+00
3.696395158767700195e+00
1.101317629218101501e-01
5.804585814476013184e-01
4.725368976593017578e+00
-2.813417673110961914e+00
-2.057121276855468750e+00
4.751072406768798828e+00
-3.476944565773010254e-01
1.362764477729797363e+00
-2.423872709274291992e+00
5.759900212287902832e-01
3.013779163360595703e+00
4.506610333919525146e-01
3.293220758438110352e+00
-5.383303165435791016e-01
3.406496763229370117e+00
2.434387445449829102e+00
1.334022283554077148e+00
-8.776897192001342773e-01
-5.432761192321777344e+00
-2.039468526840209961e+00
3.285269975662231445e+00
2.336936950683593750e+00
1.026127576828002930e+00
1.441024243831634521e-01
2.848202705383300781e+00
2.271622180938720703e+00
3.382525682449340820e+00
8.307615518569946289e-01
2.031551837921142578e+00
5.885788202285766602e-01
5.009401798248291016e+00
-2.636414289474487305e+00
-7.222148180007934570e-01
4.068706035614013672e+00
3.219405651092529297e+00
9.421646595001220703e-01
-2.420337677001953125e+00
-1.026896834373474121e+00
3.711162090301513672e+00
1.502950668334960938e+00
-6.166163682937622070e-01
-9.140539765357971191e-01
5.044257164001464844e+00
-5.487970829010009766e+00
-1.890967249870300293e+00
1.371780633926391602e+00
-5.104576110839843750e+00
1.264905571937561035e+00
2.904282808303833008e+00
1.798795461654663086e+00
5.204826831817626953e+00
-3.601990342140197754e-01
2.292801618576049805e+00
-1.827484846115112305e+00
-9.740284085273742676e-01
5.504799842834472656e+00
1.786989569664001465e+00
7.830049395561218262e-01
9.807106852531433105e-01
1.826133847236633301e+00
2.108304977416992188e+00
-1.907631874084472656e+00
-2.473881006240844727e+00
1.138580918312072754e+00
-1.119975447654724121e+00
-2.051273822784423828e+00
1.087161660194396973e+00
3.419188261032104492e+00
4.694333076477050781e+00
3.177477598190307617e+00
-6.019223928451538086e-01
-5.205600857734680176e-01
-1.604773044586181641e+00
1.887815475463867188e+00
-2.619531631469726562e+00
-4.085430145263671875e+00
3.742781877517700195e-01
-5.196691751480102539e-01
-1.843587040901184082e+00
-1.160887479782104492e+00
2.748234272003173828e+00
-1.556808233261108398e+00
-1.766129285097122192e-01
-2.101132869720458984e+00
-5.140384197235107422e+00
-1.468291878700256348e+00
1.904138207435607910e+00
-1.736496567726135254e+00
-2.923448801040649414e+00
-4.614794850349426270e-01
-1.460836410522460938e+00
1.490794777870178223e+00
-3.277008533477783203e+00
-5.425031781196594238e-01
-2.435882329940795898e+00
2.513630867004394531e+00
-9.074833393096923828e-01
-6.163977980613708496e-01
-2.958227396011352539e+00
2.230387687683105469e+00
5.675281524658203125e+00
5.496829748153686523e-01
-1.183112978935241699e+00
2.233114004135131836e+00
9.637264013290405273e-01
2.053738385438919067e-01
1.580377221107482910e+00
5.154828548431396484e+00
-1.434160709381103516e+00
7.259457707405090332e-01
6.876451373100280762e-01
3.669925928115844727e+00
3.563488125801086426e-01
-2.381215333938598633e+00
-5.663921236991882324e-01
5.289900302886962891e+00
7.518488764762878418e-01
3.221688270568847656e-01
2.509053230285644531e+00
1.852954506874084473e+00
1.235254049301147461e+00
-6.917702555656433105e-01
1.224526047706604004e+00
1.426790833473205566e+00
3.390869379043579102e+00
1.964566111564636230e+00
2.063721865415573120e-01
5.066112279891967773e-01
-7.921409606933593750e-01
1.894870042800903320e+00
3.511905372142791748e-01
9.226579666137695312e-01
2.435391426086425781e+00
1.385339498519897461e+00
6.564050316810607910e-01
6.987122893333435059e-01
1.681812405586242676e+00
1.439669579267501831e-01
1.956216812133789062e+00
-1.273242115974426270e+00
1.154911518096923828e+00
-2.933427095413208008e-01
1.297598361968994141e+00
2.582446634769439697e-01
-1.355649471282958984e+00
1.779628634452819824e+00
1.880235791206359863e+00
3.997564911842346191e-01
4.003725051879882812e+00
1.397443056106567383e+00
1.463996052742004395e+00
2.122404813766479492e+00
4.412663936614990234e+00
1.765887737274169922e+00
1.303084135055541992e+00
3.364982843399047852e+00
3.709980726242065430e+00
-1.571651577949523926e+00
2.043385356664657593e-01
-9.597314596176147461e-01
-2.755308866500854492e+00
-2.040327936410903931e-01
1.943080902099609375e+00
2.879831492900848389e-01
-1.014888048171997070e+00
-3.910306394100189209e-01
2.687437295913696289e+00
5.971661806106567383e-01
-2.202404141426086426e-01
-4.342034459114074707e-01
-2.956505715847015381e-01
-1.284866333007812500e+00
1.724656343460083008e+00
2.553994655609130859e+00
3.612829208374023438e+00
1.349962949752807617e-01
-2.214547634124755859e+00
7.614144086837768555e-01
3.825225830078125000e-01
-1.129047989845275879e+00
3.825618743896484375e+00
3.695366859436035156e+00
1.440130591392517090e+00
-1.429306745529174805e+00
7.723032832145690918e-01
1.632901549339294434e+00
-1.395515203475952148e+00
-1.344194531440734863e+00
2.331350564956665039e+00
-2.794001817703247070e+00
-1.461895585060119629e+00
6.013465113937854767e-03
2.733622074127197266e+00
3.710970640182495117e+00
3.137316927313804626e-02
2.986345529556274414e+00
1.184316635131835938e+00
4.960840702056884766e+00
6.456244468688964844e+00
-3.369964659214019775e-01
4.550677299499511719e+00
-1.091684579849243164e+00
-4.536224603652954102e-01
-7.311273217201232910e-01
2.714261531829833984e+00
-1.229415655136108398e+00
-3.238625451922416687e-02
6.081851005554199219e+00
1.242882609367370605e+00
1.564963102340698242e+00
-4.198309183120727539e-01
6.393669128417968750e+00
3.376803874969482422e+00
9.954213500022888184e-01
-3.155576884746551514e-01
2.012955427169799805e+00
-8.207806944847106934e-01
-2.702753543853759766e-01
-3.611819744110107422e-01
2.572100639343261719e+00
-2.446933507919311523e+00
2.430690765380859375e+00
2.573180913925170898e+00
2.287799715995788574e-01
3.188400268554687500e+00
1.956924945116043091e-01
3.988115310668945312e+00
2.259483814239501953e+00
1.691213369369506836e+00
4.572164535522460938e+00
1.003347992897033691e+00
8.974049687385559082e-01
2.277869939804077148e+00
3.552345514297485352e+00
9.092553853988647461e-01
1.165188312530517578e+00
-3.011423349380493164e+00
1.731532335281372070e+00
1.926965594291687012e+00
2.486100912094116211e+00
3.259078264236450195e-01
-2.714088201522827148e+00
9.887444376945495605e-01
-2.528653860092163086e+00
2.372591972351074219e+00
-6.854696571826934814e-02
8.443211317062377930e-01
-3.717037662863731384e-02
2.610304594039916992e+00
2.289293766021728516e+00
5.477845191955566406e+00
-2.204939365386962891e+00
3.176927268505096436e-01
3.396560668945312500e+00
2.636661529541015625e+00
-1.873563647270202637e+00
-1.459183216094970703e+00
-2.859516382217407227e+00
3.548358976840972900e-01
-4.992592334747314453e-01
2.369725704193115234e+00
1.255415916442871094e+00
-2.590017557144165039e+00
2.160094738006591797e+00
1.126449346542358398e+00
2.145972967147827148e+00
3.534593582153320312e+00
1.256655573844909668e+00
5.280653476715087891e+00
1.367739558219909668e+00
2.998000860214233398e+00
2.886999130249023438e+00
1.071503996849060059e+00
-1.833144724369049072e-01
-2.161534547805786133e+00
1.174495816230773926e+00
1.737039983272552490e-01
-5.384756922721862793e-01
1.375439524650573730e+00
-5.455337047576904297e+00
4.149447977542877197e-01
4.217958450317382812e-01
2.765557050704956055e+00
3.905711174011230469e+00
2.995141029357910156e+00
1.205310344696044922e+00
1.708743691444396973e+00
1.843661904335021973e+00
-9.228670597076416016e-01
-2.147547006607055664e+00
-1.122524142265319824e-01
2.565285861492156982e-01
3.227921009063720703e+00
-4.002590179443359375e-01
1.547307729721069336e+00
1.756188988685607910e+00
1.793364644050598145e+00
8.588249087333679199e-01
-7.315467596054077148e-01
-8.444770574569702148e-01
1.260511994361877441e+00
2.616160154342651367e+00
1.114630222320556641e+00
1.830512583255767822e-01
2.645520448684692383e+00
-1.480400681495666504e+00
2.259963989257812500e+00
3.143986940383911133e+00
9.180922508239746094e-01
-1.417976498603820801e+00
3.397889614105224609e+00
1.463935613632202148e+00
-9.440616369247436523e-01
-3.596951812505722046e-02
1.640993833541870117e+00
6.913027763366699219e-01
1.341536641120910645e+00
1.736886739730834961e+00
1.529733896255493164e+00
-4.842426776885986328e+00
1.817976236343383789e+00
3.150229215621948242e+00
8.180605173110961914e-01
4.535875022411346436e-01
7.150937318801879883e-01
1.731626152992248535e+00
4.283396005630493164e-01
3.887935638427734375e+00
2.308276176452636719e+00
3.408179044723510742e+00
4.881400585174560547e+00
9.913887381553649902e-01
-9.601462483406066895e-01
9.243689775466918945e-01
1.054709196090698242e+00
2.162461519241333008e+00
1.006672978401184082e+00
2.066751480102539062e+00
-7.469232082366943359e-01
-2.910255081951618195e-02
1.271967172622680664e+00
