1.321004104614257812e+01
1.564919090270996094e+01
1.336717224121093750e+01
1.122103881835937500e+01
1.626474189758300781e+01
1.544484519958496094e+01
1.160833549499511719e+01
1.556250000000000000e+01
1.874108123779296875e+01
1.545775127410888672e+01
1.904862403869628906e+01
1.069962978363037109e+01
1.159050750732421875e+01
1.435859775543212891e+01
1.036852741241455078e+01
1.598132038116455078e+01
1.666267204284667969e+01
1.228329181671142578e+01
1.595426750183105469e+01
1.102663040161132812e+01
1.596961212158203125e+01
4.455287456512451172e+00
-6.077777862548828125e+00
-1.841275811195373535e+00
8.953666687011718750e+00
4.235654830932617188e+00
-3.186617136001586914e+00
-1.828822612762451172e+00
6.324493885040283203e-01
3.145370781421661377e-01
8.534732818603515625e+00
4.786008834838867188e+00
-3.630827903747558594e+00
-6.840604305267333984e+00
6.476887702941894531e+00
-8.644491195678710938e+00
7.170501232147216797e+00
-2.856426954269409180e+00
-7.306655406951904297e+00
-6.775369644165039062e+00
7.282840251922607422e+00
1.125937178730964661e-01
-4.071771621704101562e+00
4.886760234832763672e+00
6.349627494812011719e+00
7.815947532653808594e+00
-6.222651958465576172e+00
4.428184986114501953e+00
-2.913519859313964844e+00
4.718965530395507812e+00
6.829048156738281250e+00
4.397456645965576172e+00
3.516973495483398438e+00
-3.035104990005493164e+00
4.312817096710205078e+00
3.952913284301757812e+00
-6.405719518661499023e-01
-1.596646189689636230e+00
1.357386231422424316e+00
3.544348716735839844e+00
-6.511358261108398438e+00
-2.812581777572631836e+00
2.088451385498046875e+00
-4.089386463165283203e+00
1.102353692054748535e+00
8.518168449401855469e+00
1.239076256752014160e+00
2.644736528396606445e+00
-4.254539012908935547e+00
-1.264137744903564453e+00
6.046414852142333984e+00
-1.540939331054687500e+01
5.943409442901611328e+00
-8.430629968643188477e-01
9.648117065429687500e+00
-2.644240617752075195e+00
3.806281089782714844e+00
-2.815074622631072998e-01
8.975102305412292480e-01
-3.157570362091064453e+00
9.914020538330078125e+00
6.845609664916992188e+00
5.801941156387329102e-01
-8.910346984863281250e+00
3.184195518493652344e+00
6.058426380157470703e+00
-6.177226543426513672e+00
-5.380423069000244141e+00
-3.414594888687133789e+00
2.409179687500000000e+00
-2.879519462585449219e-01
-5.750992774963378906e+00
3.586570501327514648e+00
2.894895076751708984e+00
-4.133908271789550781e+00
-5.675547122955322266e+00
4.477452754974365234e+00
8.358188629150390625e+00
9.806395530700683594e+00
-3.683290481567382812e-01
5.371089935302734375e+00
1.096809673309326172e+01
5.080036163330078125e+00
2.163261473178863525e-01
-2.706301689147949219e+00
3.216556310653686523e+00
5.998126506805419922e+00
4.070541381835937500e+00
-1.625881314277648926e+00
6.158273220062255859e+00
-7.417915463447570801e-01
3.495763242244720459e-01
-5.968148708343505859e+00
-3.323248863220214844e+00
-5.482145786285400391e+00
4.285720348358154297e+00
5.151184082031250000e+00
1.033355712890625000e+01
-5.448693752288818359e+00
1.227228417992591858e-01
1.941502213478088379e+00
-9.927632212638854980e-01
-1.489902019500732422e+00
2.126576185226440430e+00
3.343350887298583984e+00
-3.100912570953369141e+00
-3.757874488830566406e+00
2.290056228637695312e+00
5.843624114990234375e+00
-6.607738018035888672e+00
3.803728580474853516e+00
3.208997845649719238e-01
1.571289420127868652e+00
3.347956418991088867e+00
-4.800895214080810547e+00
-6.941195964813232422e+00
-5.060498714447021484e+00
-1.340272426605224609e+00
-4.830792427062988281e+00
8.810929298400878906e+00
-4.489200592041015625e+00
7.880585193634033203e+00
-1.813377857208251953e+00
-3.315274953842163086e+00
5.083318233489990234e+00
8.100100517272949219e+00
-5.176339626312255859e+00
3.709740638732910156e+00
-4.633058309555053711e-01
3.281465291976928711e+00
-2.816894531250000000e+00
-5.181303977966308594e+00
-2.543187141418457031e+00
5.391224861145019531e+00
1.870256066322326660e+00
2.931958913803100586e+00
-4.953679561614990234e+00
-2.106058359146118164e+00
6.432610034942626953e+00
3.288122892379760742e+00
-5.198909282684326172e+00
4.325074672698974609e+00
-5.826262950897216797e+00
1.008648967742919922e+01
1.009161758422851562e+01
7.311564445495605469e+00
-5.020864963531494141e+00
1.584103465080261230e+00
2.302671521902084351e-01
4.853695869445800781e+00
-5.908417224884033203e+00
-3.943396329879760742e+00
-1.555159568786621094e+00
8.051091432571411133e-01
2.848915576934814453e+00
6.196418762207031250e+00
4.290756225585937500e+00
5.766907691955566406e+00
-4.128188133239746094e+00
1.972107052803039551e+00
2.897406101226806641e+00
5.168768405914306641e+00
3.514976024627685547e+00
-3.129805803298950195e+00
-1.012124538421630859e+01
4.061142921447753906e+00
8.112254142761230469e+00
-1.714083671569824219e+00
-1.964864015579223633e+00
9.795197486877441406e+00
-3.836772680282592773e+00
-1.762962698936462402e+00
2.752758026123046875e+00
-9.277651309967041016e-01
-3.278910219669342041e-01
2.990272045135498047e+00
-3.758584022521972656e+00
2.826593875885009766e+00
-1.899816274642944336e+00
8.525232315063476562e+00
1.085601139068603516e+01
-9.048842191696166992e-01
2.153608560562133789e+00
1.113350582122802734e+01
-5.577973365783691406e+00
1.219917058944702148e+00
8.286940574645996094e+00
3.864809989929199219e+00
-5.012290477752685547e+00
-3.034270524978637695e+00
8.005419731140136719e+00
1.528979182243347168e+00
-3.322906494140625000e+00
4.263688564300537109e+00
4.606467723846435547e+00
6.700294017791748047e+00
-6.521111011505126953e+00
7.499691009521484375e+00
2.122752428054809570e+00
6.966069340705871582e-01
6.033976078033447266e+00
3.240365982055664062e+00
1.147877788543701172e+01
3.002013266086578369e-01
-4.466475963592529297e+00
1.551254868507385254e+00
1.686409592628479004e+00
3.971761226654052734e+00
6.502581119537353516e+00
-8.407765388488769531e+00
3.661782264709472656e+00
6.723038196563720703e+00
-3.868796586990356445e+00
-3.863490581512451172e+00
5.079416751861572266e+00
2.877415657043457031e+00
-1.634951829910278320e+00
7.284324169158935547e+00
5.874761581420898438e+00
-3.405004978179931641e+00
-2.854500293731689453e+00
3.348918199539184570e+00
4.159933567047119141e+00
-2.990749120712280273e+00
2.321141004562377930e+00
1.036113262176513672e+00
8.727583885192871094e+00
3.991404294967651367e+00
-3.663486480712890625e+00
4.340755462646484375e+00
6.955177307128906250e+00
1.349565148353576660e+00
-2.654390811920166016e+00
2.926583051681518555e+00
3.487112998962402344e+00
-5.510199546813964844e+00
-3.365343213081359863e-01
3.378833830356597900e-01
5.353647232055664062e+00
2.223574638366699219e+00
1.320387244224548340e+00
9.496065378189086914e-01
5.721087455749511719e+00
3.077313862740993500e-02
9.159137010574340820e-01
5.079356670379638672e+00
5.576824188232421875e+00
6.439442634582519531e+00
4.011358022689819336e-01
-2.215608596801757812e+00
-8.362457752227783203e-01
-3.046985387802124023e+00
4.462521374225616455e-01
-3.395452201366424561e-01
-5.009136676788330078e+00
-5.656898498535156250e+00
5.354900360107421875e+00
-1.492273807525634766e+00
-1.911392450332641602e+00
-1.269442677497863770e+00
3.522839307785034180e+00
-2.409963130950927734e+00
4.243901252746582031e+00
3.843530178070068359e+00
-9.988578557968139648e-01
3.171634912490844727e+00
4.055616378784179688e+00
1.752632260322570801e+00
-6.603026390075683594e-01
2.641507863998413086e+00
5.638181045651435852e-02
4.869080543518066406e+00
-6.885301470756530762e-01
4.514601230621337891e+00
2.388737440109252930e+00
3.309772729873657227e+00
-2.789824306964874268e-01
-4.140654087066650391e+00
-2.369112253189086914e+00
1.514533519744873047e+00
3.968315839767456055e+00
5.200306415557861328e+00
3.652883052825927734e+00
-4.168326854705810547e+00
-4.120222926139831543e-01
5.108771800994873047e+00
-2.699567079544067383e+00
7.748422026634216309e-01
-4.490470886230468750e-01
2.977322578430175781e+00
-2.950433969497680664e+00
3.326359510421752930e+00
-1.175036787986755371e+00
3.185953855514526367e+00
-7.192013859748840332e-01
1.436723828315734863e+00
1.412904977798461914e+00
2.415217161178588867e+00
8.991558074951171875e+00
-4.584895610809326172e+00
2.874601602554321289e+00
4.982740402221679688e+00
6.017953157424926758e-01
1.247166275978088379e+00
-2.558345317840576172e+00
3.329648017883300781e+00
-1.592780232429504395e+00
-1.014333009719848633e+00
7.459557056427001953e+00
2.775479316711425781e+00
-5.585332870483398438e+00
2.634494066238403320e+00
-3.332977294921875000e+00
3.079963922500610352e+00
-9.644068479537963867e-01
-3.719656229019165039e+00
-3.678727149963378906e+00
3.435318708419799805e+00
1.614933371543884277e+00
-1.540373563766479492e+00
4.565712451934814453e+00
-1.982855796813964844e-01
2.129169404506683350e-01
2.733044147491455078e+00
3.303992271423339844e+00
-4.010005295276641846e-01
8.346285820007324219e-01
1.770182847976684570e+00
1.572321534156799316e+00
2.884663581848144531e+00
3.770480155944824219e+00
6.854463219642639160e-01
-8.587363958358764648e-01
-2.359654605388641357e-01
6.317106246948242188e+00
3.675404489040374756e-01
2.303331613540649414e+00
-2.455689162015914917e-01
2.515494108200073242e+00
-1.940915346145629883e+00
1.645722985267639160e+00
-8.636878132820129395e-01
1.923227548599243164e+00
3.794254064559936523e-01
-1.557742953300476074e+00
-5.786067843437194824e-01
1.353359341621398926e+00
-7.240118384361267090e-01
-9.636424183845520020e-01
5.390421867370605469e+00
3.295983076095581055e+00
8.815878629684448242e-01
2.922333955764770508e+00
3.644510269165039062e+00
-2.555774524807929993e-03
5.164498090744018555e-01
3.847234964370727539e+00
-3.174043416976928711e+00
-2.008987665176391602e+00
5.107806205749511719e+00
-3.637527525424957275e-01
1.722390413284301758e+00
-2.602431297302246094e+00
5.557729601860046387e-01
3.376322507858276367e+00
2.464248538017272949e-01
3.514955520629882812e+00
-5.663160085678100586e-01
3.299338340759277344e+00
2.470952749252319336e+00
1.015013217926025391e+00
-7.163864970207214355e-01
-5.592431545257568359e+00
-1.873537659645080566e+00
3.624073266983032227e+00
1.933274745941162109e+00
4.986635744571685791e-01
-7.667665481567382812e-01
2.677929162979125977e+00
1.609304666519165039e+00
3.481534242630004883e+00
6.001071333885192871e-01
1.790668368339538574e+00
2.885850667953491211e+00
5.089478015899658203e+00
-3.124763488769531250e+00
-1.430358767509460449e+00
4.246283531188964844e+00
3.222654819488525391e+00
2.614827156066894531e+00
-2.037390708923339844e+00
-1.064777970314025879e+00
3.831511974334716797e+00
1.108678340911865234e+00
-5.396713018417358398e-01
-4.205885827541351318e-01
4.474071979522705078e+00
-5.248251438140869141e+00
-2.017504692077636719e+00
9.496657252311706543e-01
-4.087283611297607422e+00
5.063523054122924805e-01
2.950390100479125977e+00
1.651352405548095703e+00
5.042114257812500000e+00
-1.336994320154190063e-01
2.245702505111694336e+00
-1.487726926803588867e+00
-1.222528100013732910e+00
5.635503292083740234e+00
1.471129179000854492e+00
1.082460522651672363e+00
1.145777225494384766e+00
1.939141392707824707e+00
1.997226238250732422e+00
-1.839377284049987793e+00
-1.871613502502441406e+00
1.446636915206909180e+00
-1.158898949623107910e+00
-3.236658573150634766e+00
1.554522156715393066e+00
3.291591882705688477e+00
4.741345405578613281e+00
3.058479785919189453e+00
-8.155162930488586426e-01
-3.587269186973571777e-01
-1.552699446678161621e+00
1.649856567382812500e+00
-2.837315320968627930e+00
-4.123322486877441406e+00
3.779259920120239258e-01
-1.086310949176549911e-03
-2.465841293334960938e+00
-1.317916750907897949e+00
2.688176870346069336e+00
-1.507041931152343750e+00
-2.069803327322006226e-01
-2.152745008468627930e+00
-4.770124912261962891e+00
-1.504853844642639160e+00
1.751652956008911133e+00
-1.569104075431823730e+00
-2.906576633453369141e+00
-2.979547679424285889e-01
-1.627120256423950195e+00
1.570130705833435059e+00
-3.305366516113281250e+00
-5.603752732276916504e-01
-2.334667682647705078e+00
2.558114051818847656e+00
-9.923592209815979004e-01
-7.382553219795227051e-01
-2.960234403610229492e+00
2.221364498138427734e+00
5.664934158325195312e+00
5.760189294815063477e-01
-1.124507188796997070e+00
2.269499540328979492e+00
1.138416051864624023e+00
-1.118261292576789856e-01
1.827963471412658691e+00
4.676350116729736328e+00
-1.533004999160766602e+00
1.277759909629821777e+00
6.057073473930358887e-01
2.924679040908813477e+00
-6.666215509176254272e-02
-2.049189209938049316e-01
-7.745022177696228027e-01
5.310772895812988281e+00
7.077162265777587891e-01
1.192640185356140137e+00
1.854153275489807129e+00
1.383837461471557617e+00
1.249614596366882324e+00
-1.954192668199539185e-01
1.534494638442993164e+00
1.844382882118225098e+00
3.466338872909545898e+00
1.461478471755981445e+00
-3.969381749629974365e-01
6.237779259681701660e-01
-9.299472570419311523e-01
1.580123543739318848e+00
3.283644020557403564e-01
1.334234833717346191e+00
2.186427116394042969e+00
1.309624791145324707e+00
-1.408914923667907715e-01
1.543233513832092285e+00
1.883343458175659180e+00
-5.826375484466552734e-01
1.691639780998229980e+00
-6.043627858161926270e-01
1.926053404808044434e+00
1.238677278161048889e-02
1.473287463188171387e+00
2.691029787063598633e+00
-2.443934202194213867e+00
1.808578729629516602e+00
1.459864258766174316e+00
3.651055097579956055e-01
4.425580978393554688e+00
1.858979821205139160e+00
1.373823881149291992e+00
1.688867092132568359e+00
4.016836166381835938e+00
1.924398064613342285e+00
1.463898062705993652e+00
3.281691074371337891e+00
3.456881284713745117e+00
-1.929968476295471191e+00
-1.583229750394821167e-01
4.874756634235382080e-01
-2.449824094772338867e+00
1.369505524635314941e-01
1.939386725425720215e+00
1.731650233268737793e-01
-9.587222337722778320e-01
-5.557969808578491211e-01
2.781165599822998047e+00
8.529223799705505371e-01
-1.609006226062774658e-01
-4.167017638683319092e-01
-1.195196732878684998e-01
-1.038609027862548828e+00
1.192509293556213379e+00
2.658015727996826172e+00
1.542320251464843750e+00
6.273967623710632324e-01
-1.745891213417053223e+00
5.663812160491943359e-01
5.323917269706726074e-01
-5.846110582351684570e-01
3.141244649887084961e+00
3.002332448959350586e+00
1.709951281547546387e+00
-1.535138726234436035e+00
7.399821281433105469e-01
1.717969775199890137e+00
-1.389119148254394531e+00
-1.184704184532165527e+00
3.076936483383178711e+00
-2.149001121520996094e+00
-1.778313040733337402e+00
1.510894775390625000e+00
2.390688180923461914e+00
2.905059576034545898e+00
-3.472922742366790771e-02
2.954089403152465820e+00
5.926420688629150391e-01
4.771483421325683594e+00
6.091773509979248047e+00
-4.820921123027801514e-01
4.700445175170898438e+00
-9.197722077369689941e-01
-2.503204941749572754e-01
-4.518608748912811279e-01
2.543579578399658203e+00
-1.080056667327880859e+00
1.158250272274017334e-01
3.084054231643676758e+00
1.289748668670654297e+00
1.498897671699523926e+00
-3.615474402904510498e-01
5.140858173370361328e+00
3.488187551498413086e+00
9.182696342468261719e-01
-6.079406738281250000e-01
1.883424520492553711e+00
-6.103397011756896973e-01
-3.438874781131744385e-01
-4.659657478332519531e-01
2.297283172607421875e+00
-1.989184379577636719e+00
2.768136024475097656e+00
3.067519187927246094e+00
8.556793332099914551e-01
2.801389217376708984e+00
2.957544624805450439e-01
4.077329635620117188e+00
2.781486988067626953e+00
6.473288536071777344e-01
4.182060241699218750e+00
2.803854346275329590e-01
9.293271303176879883e-01
2.468033790588378906e+00
2.943588972091674805e+00
6.179710626602172852e-01
1.126387953758239746e+00
-2.785450220108032227e+00
1.784800887107849121e+00
2.055777788162231445e+00
2.464114427566528320e+00
4.113914072513580322e-01
-2.465861558914184570e+00
7.971919178962707520e-01
-2.734055280685424805e+00
2.530426025390625000e+00
-3.544110357761383057e-01
9.896385669708251953e-01
-1.684204190969467163e-01
2.768838405609130859e+00
2.430411815643310547e+00
5.344369888305664062e+00
-2.109054774045944214e-01
-9.916484355926513672e-02
2.985100507736206055e+00
2.309142589569091797e+00
-7.198848128318786621e-01
-9.210830330848693848e-01
-2.954342603683471680e+00
4.586541652679443359e-01
-1.340812206268310547e+00
2.750398397445678711e+00
1.439274311065673828e+00
-2.364268541336059570e+00
2.063097000122070312e+00
1.315968871116638184e+00
2.296222448348999023e+00
3.456220865249633789e+00
1.257344365119934082e+00
5.014396190643310547e+00
1.555225610733032227e+00
2.902018308639526367e+00
2.489008665084838867e+00
1.057037830352783203e+00
-6.388415694236755371e-01
-2.350242853164672852e+00
5.959740877151489258e-01
-2.199889421463012695e-01
-9.685084819793701172e-01
9.144963622093200684e-01
-5.132137775421142578e+00
8.284316062927246094e-01
9.326327443122863770e-01
2.629945039749145508e+00
3.009338140487670898e+00
2.890186309814453125e+00
8.530511260032653809e-01
1.710623621940612793e+00
2.222188711166381836e+00
-5.735427737236022949e-01
-1.674155712127685547e+00
-2.737223505973815918e-01
2.696461379528045654e-01
3.201047182083129883e+00
-2.078936994075775146e-01
1.515896081924438477e+00
1.499328374862670898e+00
8.183764219284057617e-01
1.271430850028991699e+00
-6.702951788902282715e-01
-7.603706121444702148e-01
1.125225663185119629e+00
2.152305841445922852e+00
8.449796438217163086e-01
1.909061223268508911e-01
2.744735956192016602e+00
-1.723818659782409668e+00
2.371227025985717773e+00
2.659815549850463867e+00
6.958218812942504883e-01
-1.226407289505004883e+00
2.984273433685302734e+00
1.233450174331665039e+00
-5.451075434684753418e-01
7.900645136833190918e-01
1.844898343086242676e+00
5.984309911727905273e-01
1.371595621109008789e+00
1.471341609954833984e+00
1.281679987907409668e+00
-4.818765640258789062e+00
1.885283470153808594e+00
2.788058280944824219e+00
1.272977709770202637e+00
5.352796316146850586e-01
1.035767793655395508e+00
1.931149005889892578e+00
6.736081242561340332e-01
3.491651535034179688e+00
2.126488685607910156e+00
3.373276233673095703e+00
4.683316707611083984e+00
1.152994513511657715e+00
-6.642529964447021484e-01
1.165514349937438965e+00
9.830481410026550293e-01
2.157515287399291992e+00
4.596646726131439209e-01
2.144355773925781250e+00
-8.600651621818542480e-01
-3.800405189394950867e-02
1.452885866165161133e+00
