1.456116485595703125e+01
1.594653129577636719e+01
1.543523502349853516e+01
1.585365390777587891e+01
6.815798282623291016e+00
1.753065705299377441e+00
2.738618612289428711e+00
-5.236531257629394531e+00
-9.688727378845214844e+00
-7.596931457519531250e+00
-1.858952164649963379e+00
4.025350570678710938e+00
1.461294889450073242e+00
-5.372523784637451172e+00
-1.847861051559448242e+00
1.454411447048187256e-01
7.662253856658935547e+00
1.027273464202880859e+01
-4.021005153656005859e+00
9.757512092590332031e+00
-1.922384977340698242e+00
6.098263859748840332e-01
2.885408163070678711e+00
2.798100411891937256e-01
4.408947467803955078e+00
-1.933687567710876465e+00
-1.945419907569885254e+00
2.958703972399234772e-02
-3.651065587997436523e+00
2.625560283660888672e+00
4.435239434242248535e-01
1.123966503143310547e+01
-2.589352130889892578e+00
-1.026432514190673828e+00
-9.488200187683105469e+00
-3.622848987579345703e-01
1.841443330049514771e-01
2.895005941390991211e+00
-8.571727573871612549e-02
-3.080862283706665039e+00
-5.073782205581665039e-01
1.134344100952148438e+00
-1.227770596742630005e-01
5.275526046752929688e+00
-1.952646017074584961e+00
-1.769884347915649414e+00
-1.723459720611572266e+00
7.495069503784179688e-01
2.691819429397583008e+00
1.087157130241394043e+00
2.030216217041015625e+00
