-1.919212993068614127e-65
5.847115230979061939e-01
1.669770475008306221e+00
8.468094133883917740e-01
-7.761292382130780432e+00
2.523052612340123346e+00
-8.146463553003048252e-01
-1.037309343798275885e+00
3.903251076819746479e-01
-8.053482824892936875e-01
-1.210427982381446332e+00
4.808982005593602227e-01
1.481160008214085666e+00
9.404907487511027231e-01
1.025958638148957158e+00
1.027685347312386616e-01
-1.058278060902397844e+00
-5.165120526694304992e+00
7.381712708488455399e-02
-2.828455856209508568e+00
1.121161738385480433e+01
8.920101323762907874e-01
-3.196658169364420043e+00
-6.417008888678066292e-01
-2.255789676111067621e+00
-6.690828436261262446e-01
8.726160744558302262e-01
-5.324865576464350880e+00
-1.073125867376041098e+00
8.501096525035720108e-02
-1.874980770697387555e+00
2.113556615552513396e+00
4.092825008842645301e-02
-1.751374862372116592e+00
6.483461977948929977e-01
2.020748618554521481e-01
1.432175931275337932e+00
-6.302869180796475401e-01
2.099059314258763242e-01
-2.039904772471465011e-01
1.530006646240410773e-01
7.289236158020011569e-01
-6.998345692038128174e-01
-1.335939192352557647e-01
3.887570075982093587e-01
3.751344256703192381e-01
-4.473511506339610810e-01
1.462968718145791103e+00
1.195164016026249776e+00
6.122454363714582293e-01
-2.320209990869870689e-02
-7.746944573822439617e-01
3.491780819250783208e-01
5.077981007243938250e-02
6.235726927542698528e-01
1.450769196579166503e-02
-1.208925265697304630e+00
3.136844276178539226e-01
-7.758088902514335625e-03
-3.102607454751478144e-01
-5.361920490620358110e-02
4.334992307092195851e-01
7.672047994881810995e-01
1.148516210503192525e+00
8.136170248115234815e-02
-9.784231285256754507e-02
-3.893952357256817431e-01
5.256973296478521102e-02
-7.317170934183450659e-02
-1.759861421199209741e-01
-1.443817904185528134e-01
-9.714940001445393492e-01
-4.912045850541402747e-01
2.721743543229484738e-02
-9.870066163623499034e-02
-8.036653674474711351e-02
3.372915488084871627e-01
-1.464813585356621595e-01
-7.178245304608187327e-01
1.217602578859818596e+00
2.840494075775283622e-02
1.728302375374555222e-01
1.871696388297598018e-02
7.380492197343062333e-02
8.152864662798388062e-01
-6.633475550789905695e-01
-2.820114748252305903e-01
1.266211107671559311e-01
5.282413283420621664e-01
-6.832443546971324055e-01
-5.870909202469053456e-01
-8.624410146559527979e-01
-3.121456348557160587e-01
-2.270151388411675852e-02
1.503005281947028260e-01
-6.787774582516600819e-02
2.847747828733268594e-01
7.853284644507144696e-01
1.684561593836283316e-03
2.495849100545314558e-01
1.207886334411005375e-01
-6.899408870823057205e-01
-3.302625283697687569e-02
1.113800727967992760e-01
-8.279274010316534094e-02
2.820257258656628241e-01
3.022724504372665266e-01
-5.160299433506199129e-01
1.704080526340931157e-01
-8.404804243623921478e-02
-1.901763139456473517e-01
2.141332792472594448e-01
-1.454515956256841602e-01
-1.002584572416521796e-01
1.279985591349135088e-01
-9.604951769323023802e-02
-1.419372081783091266e-01
-8.211456274468434402e-02
1.681289828895983218e-01
-1.726313351831525178e-02
1.917341408739380582e-01
4.356718548997654504e-03
3.314069377968376640e-01
9.891278952811163316e-01
-2.463758232578023011e-01
7.832060619384045852e-01
4.716767144190225358e-01
-6.109582164613190924e-01
1.376708718614531035e-01
4.648085439720101020e-01
-1.314134692809614535e-01
9.732571585619022303e-02
5.196566633860747464e-01
5.202963179708415542e-02
-3.926203265542532184e-01
1.572252298811413151e+00
1.095054423202084827e-02
4.754051620131550249e-01
1.796540222714083923e-01
-8.975216123159079906e-01
-1.494776469317030676e+00
-6.558187373394048364e-03
1.214841031920568470e+00
-4.549885365252700486e-01
2.906553430136367133e-01
3.848665189934123987e-01
-1.046482665223748415e-01
6.368845667330417237e-01
-2.123998803178377415e+00
6.632681185003663771e-01
3.275440255309770010e-01
-3.858752609099485031e-01
6.011073261876848095e-01
6.570910179123624628e-01
-2.559444539637192872e-02
1.806238267982250567e-01
2.689744911743005909e-02
-2.059047115674216000e-01
-1.850955542707762302e-01
7.146225385039669531e-01
-3.095927842118049722e-01
1.169860660037995298e-01
6.178019130388794355e-01
1.823147050279949957e-02
8.657302722232407266e-02
4.038661989138590536e-01
-1.812405605320740021e+00
5.611373522223352950e-01
2.106385151686322121e+00
-6.608929143151795471e-02
3.233370858094407052e-01
-9.908882421003756269e-01
1.402982951488351393e+00
1.444273616671667870e+00
1.133386955538416840e-01
-4.603139498317786356e-03
-3.360039604854381801e-01
-1.322336302915484152e-01
3.208530513510667315e-01
-2.422326405338632027e-01
3.660840537938478412e-01
6.666135189519194482e-01
6.932127933949840115e-02
6.960042302149638260e-02
1.692095559385107806e-01
5.004319258316896057e-01
9.370272066938584166e-02
-1.935340624009217914e+00
1.061977635771959694e+00
1.909765685794513335e-01
-2.464137931966597084e-01
-1.676473944346307948e-02
-6.499556366882731639e-01
2.493556026189548414e-01
1.470395433869118584e-01
5.249471239020389035e-01
1.030522349406529203e+00
-1.079073516189783810e-01
-4.410115945096610424e-01
-3.199385492819959431e-01
1.694338927775123904e-01
1.110878921919382645e+00
6.369145817221518735e-01
1.598164175779182017e-03
-2.263324158483126236e-01
-4.912627706987861553e-01
-3.529676316109307543e-01
1.921443680381593466e-01
-3.449929901864425830e-01
1.395340799448991642e-01
4.348342182034885262e-02
5.591817151337097336e-01
-6.223678037242696970e-01
-1.378862046924975160e-01
4.690378243152197868e+00
-2.411957996261116399e+00
2.368975818407897282e+00
1.409128582212559877e+00
7.288862217618272132e-02
7.294411694250529932e-01
2.249820263641447493e+00
1.583939316939318442e-01
-1.827109629920364853e+00
-8.346133415904832820e-01
-1.415514575612230042e+00
2.378413112850869648e+00
1.716617824173630735e+00
7.868121133971552883e-01
1.174954920566063932e-01
-3.117270203783393256e-01
2.345116454994678468e-01
-1.017648763304756621e+00
-6.393728681587522722e-01
4.229118330368741296e-01
4.549226971641379680e-01
1.345446590202917236e-01
-1.999376209311650721e-01
1.133745993984967448e+00
5.060729729670150612e-02
2.171083573149625301e-01
1.398727148016995492e-01
-6.844995260022727727e-03
-2.165427238538885357e-01
-1.403224592528568015e-01
-5.271237734766617278e-01
-1.938316327974538567e-01
7.843196073928340173e-01
-8.705210069981722532e-02
7.730275413996863521e-02
5.041833443987073782e-01
8.259295076343716735e-01
-9.550374712302771296e-02
1.854229968335864065e+00
6.415362176176335751e-01
-2.431060376582351590e-04
-2.594681811048800690e-01
8.301960079191736952e-01
-2.645878717173490678e-03
6.221117785614290741e-01
7.365533303394062870e-01
8.814359932265027897e-01
-8.358542425694180655e-02
3.271238815906972741e-01
1.033985846354005922e+00
2.611366807184816174e-01
2.322064360670461070e-01
1.746646816689008952e-01
-8.464128519090063918e-01
-3.123661239702075210e-01
-1.410813247935285508e+00
-8.262711210520871097e-01
-3.110674965353089627e-01
-4.142306354377744415e-01
-1.592746683892357851e+00
5.041633118606168029e-01
3.927110092422680387e-01
-1.851771721860285158e+00
-2.811155529689026919e-02
1.377536977282146080e-01
-8.463336322279130242e-01
-5.802326127024692859e-01
-4.115764563033429413e-01
1.590632207170863399e+00
1.008856131857925886e+00
-5.018981580995269393e-02
9.406460346247284485e-03
-3.620535613195635105e-01
8.791181470460189828e-01
-4.162358685115616352e-01
-8.100286434909714783e-01
9.488138610179214227e-01
-6.769780569781178384e-03
3.785405657779001842e-01
1.283126122842710992e-01
-4.263929886937762315e-01
1.056435723462253229e+00
8.189619721941912012e-01
1.487870175129733408e+00
1.235729854063835287e+00
4.604789086256566022e-01
4.537905484372006248e-01
-3.032760411164785452e-01
-1.435027878143387614e+00
4.351592200634677582e-02
1.676792712892164250e+00
5.181995081933034042e-01
-4.161779929355530032e-03
-8.944750051328421991e-03
