1.695630192756652832e+00
9.980659186840057373e-02
-2.155327647924423218e-01
-6.385368108749389648e-02
1.685996651649475098e+00
4.466997623443603516e+00
1.047919273376464844e+00
2.102859735488891602e+00
3.442169427871704102e+00
1.992761254310607910e+00
1.916006088256835938e+00
1.210027813911437988e+00
2.788875818252563477e+00
4.032666385173797607e-01
6.931678652763366699e-01
-2.587734460830688477e-01
-9.605355858802795410e-01
8.843392878770828247e-02
1.026964426040649414e+00
2.089870125055313110e-01
1.570084989070892334e-01
-9.307149797677993774e-02
-2.787024080753326416e-01
2.072861790657043457e-01
3.719813823699951172e-01
1.808611452579498291e-01
3.819189071655273438e-01
-2.780035436153411865e-01
-4.116310775279998779e-01
3.066411614418029785e-01
-8.585686087608337402e-01
5.647138953208923340e-01
-8.895905017852783203e-01
-4.769546985626220703e-01
-1.548182368278503418e-01
-1.140779480338096619e-01
1.436982154846191406e-01
-5.052016302943229675e-02
-1.368520259857177734e-01
-2.472345978021621704e-01
-1.086700055748224258e-02
-6.249085813760757446e-02
5.922220274806022644e-02
-4.081051945686340332e-01
-1.182528212666511536e-01
3.457014858722686768e-01
7.655546188354492188e+00
5.757845878601074219e+00
7.814685344696044922e+00
1.030303764343261719e+01
1.323885250091552734e+01
1.372742176055908203e+01
1.464644527435302734e+01
1.543972301483154297e+01
1.711131095886230469e+01
1.833508300781250000e+01
1.980697631835937500e+01
1.928315925598144531e+01
2.697422599792480469e+01
2.645187759399414062e+01
2.714825057983398438e+01
-7.723098754882812500e+00
-5.057058334350585938e-01
-2.901046872138977051e-01
1.178784742951393127e-01
5.671603679656982422e-01
-2.911914825439453125e+00
-1.620827436447143555e+00
7.129713296890258789e-01
-3.039107799530029297e+00
8.862452507019042969e+00
2.955576419830322266e+00
-6.461410045623779297e+00
2.036451816558837891e+00
-6.367302536964416504e-01
3.795449435710906982e-01
-2.453241348266601562e+00
-9.921196103096008301e-01
-1.193762347102165222e-01
-2.366721183061599731e-01
-1.360700726509094238e+00
-1.023440599441528320e+00
-2.994413375854492188e-01
-6.493125557899475098e-01
5.840581655502319336e-01
1.023797273635864258e+00
-1.518285274505615234e+00
2.699641704559326172e+00
-6.631850600242614746e-01
2.501523256301879883e+00
-1.802862763404846191e+00
2.047935724258422852e+00
1.691387780010700226e-02
-2.866470336914062500e+00
-1.035374999046325684e+00
-9.699919819831848145e-01
3.779794216156005859e+00
-6.739427447319030762e-01
1.179119944572448730e+00
-2.598135232925415039e+00
1.460400104522705078e+00
4.568603038787841797e+00
-3.833278417587280273e-01
1.079494714736938477e+00
1.008091215044260025e-02
2.385666608810424805e+00
-7.688906192779541016e-01
5.429661273956298828e-01
-2.449852466583251953e+00
6.008459925651550293e-01
-1.088370919227600098e+00
3.811311423778533936e-01
1.980939149856567383e+00
-4.344777584075927734e+00
4.367030143737792969e+00
-2.736841794103384018e-03
-2.747923851013183594e+00
4.080896675586700439e-01
-4.923963174223899841e-02
1.649642586708068848e-01
-1.820716559886932373e-01
-2.548864483833312988e-01
-3.747087121009826660e-01
3.425005674362182617e-01
1.457464337348937988e+00
-1.058395504951477051e+00
7.813778877258300781e+00
2.355355471372604370e-01
-6.473159193992614746e-01
1.220792293548583984e+00
3.119544684886932373e-01
-9.455274790525436401e-02
-2.172088772058486938e-01
-7.489264607429504395e-01
-2.400648355484008789e+00
2.983546495437622070e+00
8.160447329282760620e-02
-6.836323738098144531e-01
4.371546506881713867e-01
6.838089227676391602e-01
1.185264229774475098e+00
-1.462274074554443359e+00
8.724942803382873535e-01
-4.514290690422058105e-01
1.303279757499694824e+00
-1.588317006826400757e-01
-1.710478663444519043e-01
-7.748003602027893066e-01
8.381471037864685059e-01
-2.100393176078796387e-01
-8.205215334892272949e-01
2.430377960205078125e+00
1.217436909675598145e+00
-1.953664183616638184e+00
2.924820423126220703e+00
-1.547276139259338379e+00
-2.720781266689300537e-01
-3.289332687854766846e-01
-4.157497406005859375e+00
-5.095716714859008789e-01
-3.906205415725708008e+00
-1.496578693389892578e+00
2.227970361709594727e+00
5.550262928009033203e-01
-1.402794003486633301e+00
3.920205831527709961e-01
1.310355305671691895e+00
1.415319561958312988e+00
-8.572588562965393066e-01
6.316341161727905273e-01
6.205155849456787109e-01
-1.868639588356018066e+00
-1.782004237174987793e+00
1.275184512138366699e+00
1.007096543908119202e-01
-4.224113523960113525e-01
-6.012909412384033203e-01
5.706028938293457031e-01
2.260359048843383789e+00
-5.061630010604858398e-01
1.429607570171356201e-01
3.449031829833984375e+00
4.997463226318359375e-01
2.828852832317352295e-01
3.207576870918273926e-01
-1.792588233947753906e-01
1.509415745735168457e+00
1.247277975082397461e+00
-9.881577491760253906e-01
1.426849246025085449e+00
-2.346359252929687500e+00
-3.572232723236083984e+00
1.444374084472656250e+00
-8.125734925270080566e-01
1.789530873298645020e+00
-5.249444246292114258e-01
3.980861604213714600e-01
-2.243854664266109467e-02
5.085022002458572388e-02
-9.661713987588882446e-02
2.780446708202362061e-01
1.113678336143493652e+00
-5.790613964200019836e-02
-6.983894109725952148e-01
6.120808124542236328e-01
1.073559001088142395e-01
-2.083285599946975708e-01
-5.925548076629638672e-01
-1.331943124532699585e-01
2.522965967655181885e-01
9.306505322456359863e-01
-4.335896372795104980e-01
7.790440320968627930e-02
1.163190960884094238e+00
-6.235125064849853516e-01
9.819791465997695923e-02
-1.077371954917907715e+00
4.640167355537414551e-01
-1.751861810684204102e+00
7.262189984321594238e-01
-1.442897319793701172e-01
3.468599915504455566e-01
8.200855851173400879e-01
5.877437591552734375e-01
7.773050665855407715e-02
-5.582156777381896973e-01
7.367178797721862793e-01
-3.994362056255340576e-01
4.621229469776153564e-01
-1.765949130058288574e-01
4.019407331943511963e-01
4.357258602976799011e-02
1.420819107443094254e-02
4.241338372230529785e-01
-8.189662694931030273e-01
1.112743839621543884e-01
1.227702975273132324e+00
-1.291885673999786377e-01
6.384242326021194458e-02
-6.728461384773254395e-02
2.206483185291290283e-01
-8.860792964696884155e-02
5.920004099607467651e-02
3.249198198318481445e-01
1.338540434837341309e+00
-5.124283432960510254e-01
-4.580833435058593750e+00
3.668821156024932861e-01
2.216628044843673706e-01
-3.618116304278373718e-02
2.701297402381896973e-01
1.065009713172912598e+00
-2.042332738637924194e-01
-1.096076250076293945e+00
-2.877927064895629883e+00
1.204506993293762207e+00
4.469706714153289795e-01
-6.280556321144104004e-03
2.430289834737777710e-01
-4.240645468235015869e-02
4.929012060165405273e-02
2.042957395315170288e-01
6.249840855598449707e-01
-1.002444624900817871e+00
1.052176356315612793e+00
4.243415594100952148e-01
-2.748323380947113037e-01
2.383245378732681274e-01
-3.831233084201812744e-01
1.662700772285461426e-01
3.295104801654815674e-01
1.433278024196624756e-01
2.381778657436370850e-01
5.138610601425170898e-01
-7.907276749610900879e-01
8.437690734863281250e-01
1.373519748449325562e-01
-9.080781042575836182e-02
-2.890883088111877441e-01
5.412457138299942017e-02
1.140743136405944824e+00
-9.398989379405975342e-02
-4.371514618396759033e-01
-5.412349700927734375e-01
1.048787474632263184e+00
-5.027129650115966797e-01
3.882772922515869141e-01
-3.993704319000244141e-01
3.971760869026184082e-01
1.193786859512329102e+00
-1.419181227684020996e-01
7.411877512931823730e-01
6.548623442649841309e-01
8.506417870521545410e-01
-4.660688638687133789e-01
1.633418679237365723e+00
1.722681671380996704e-01
1.218650266528129578e-01
-2.031470775604248047e+00
1.215130925178527832e+00
-1.109973430633544922e+00
2.148834943771362305e+00
3.082593083381652832e-01
-3.668537735939025879e-01
-2.211100608110427856e-01
-9.195614457130432129e-01
-1.019866243004798889e-01
1.781312584877014160e+00
6.509689241647720337e-02
-1.760566383600234985e-01
-1.603065490722656250e+00
7.402668595314025879e-01
1.646694898605346680e+00
-4.893855154514312744e-01
-5.474438071250915527e-01
-3.027568385004997253e-02
-1.174732893705368042e-01
-4.269874654710292816e-03
6.770193576812744141e-02
-2.308361232280731201e-01
5.602788329124450684e-01
-6.697590947151184082e-01
8.601035177707672119e-02
-2.727339267730712891e-01
4.912322163581848145e-01
3.179182112216949463e-02
-3.924133479595184326e-01
7.651262283325195312e-01
1.834057569503784180e-01
-4.648041725158691406e-01
9.996652603149414062e-01
-6.397014856338500977e-01
-5.681207869201898575e-03
1.093381285667419434e+00
2.984514832496643066e-01
3.716987073421478271e-01
-1.267113208770751953e+00
8.150786757469177246e-01
-8.888927102088928223e-01
8.941153883934020996e-01
2.954912483692169189e-01
-1.206747055053710938e+00
1.014149636030197144e-01
-1.024626851081848145e+00
8.783882856369018555e-02
-1.343235135078430176e+00
6.536712050437927246e-01
-4.682407975196838379e-01
8.863616585731506348e-01
-4.136151969432830811e-01
3.422221541404724121e-01
-1.096334978938102722e-01
-3.058681190013885498e-01
-7.297975569963455200e-02
2.254280298948287964e-01
1.718242317438125610e-01
7.944751381874084473e-01
-4.149023592472076416e-01
-3.230004757642745972e-02
-5.307336896657943726e-02
5.411881580948829651e-02
9.076230973005294800e-02
9.856655448675155640e-02
2.609225809574127197e-01
-5.135307088494300842e-03
2.387076467275619507e-01
-3.098864078521728516e+00
2.478117644786834717e-01
1.852184683084487915e-01
-3.456835746765136719e-01
7.759469002485275269e-02
1.777636408805847168e-01
6.676927953958511353e-02
2.355850934982299805e-01
-7.814562320709228516e-01
1.407287836074829102e+00
2.009035199880599976e-01
1.112343519926071167e-01
-1.318476945161819458e-01
-3.031355440616607666e-01
5.178188905119895935e-02
5.107009410858154297e-01
-1.928887069225311279e-01
6.398017406463623047e-01
-1.364394545555114746e+00
1.227354332804679871e-01
2.140055894851684570e-01
-6.305990274995565414e-03
-3.018448054790496826e-01
2.245643436908721924e-01
4.360772073268890381e-01
-8.811567425727844238e-01
-5.479699373245239258e-01
8.014940619468688965e-01
-6.931235790252685547e-01
2.650304138660430908e-01
-3.171747550368309021e-02
-2.350393384695053101e-01
2.428227901458740234e+00
1.739700585603713989e-01
1.060229182243347168e+00
-7.590870559215545654e-02
-2.816531658172607422e-01
7.612862437963485718e-02
-7.682158350944519043e-01
6.275972723960876465e-01
-3.697517141699790955e-02
-2.135817557573318481e-01
4.211461171507835388e-02
4.214811027050018311e-01
-6.332405209541320801e-01
4.817388951778411865e-01
2.841588556766510010e-01
-1.521783471107482910e+00
-8.973441272974014282e-02
-1.853062152862548828e+00
1.895433813333511353e-01
2.664986997842788696e-02
-2.038560628890991211e+00
-2.013728618621826172e-01
9.332862496376037598e-01
1.906173303723335266e-03
-1.755259814672172070e-03
-1.850283122621476650e-03
8.498515933752059937e-03
7.401257753372192383e-03
5.542298313230276108e-03
-4.484756849706172943e-03
5.233782343566417694e-03
-8.946110494434833527e-03
3.514262149110436440e-03
1.350719714537262917e-03
7.374857086688280106e-03
3.364043775945901871e-03
-3.351301653310656548e-03
-8.992249146103858948e-03
-9.316838346421718597e-03
-7.345356512814760208e-03
-1.325776102021336555e-03
5.258258897811174393e-03
-8.939028717577457428e-03
9.620648343116044998e-04
-8.720430545508861542e-03
-6.517074652947485447e-04
-4.203491844236850739e-03
-6.041205953806638718e-03
5.478625185787677765e-03
1.137948478572070599e-03
3.250475274398922920e-03
-8.347223512828350067e-03
4.935432691127061844e-03
-2.657544799149036407e-03
-2.517186338081955910e-03
8.666639216244220734e-03
7.938500493764877319e-03
1.362657640129327774e-03
3.137291176244616508e-03
-6.472936831414699554e-03
3.474500961601734161e-03
-2.326726447790861130e-03
3.951361577492207289e-04
-1.033061533235013485e-03
1.868212944827973843e-03
-7.155316416174173355e-03
1.106902374885976315e-03
6.161963101476430893e-03
-8.853211067616939545e-03
5.665630102157592773e-03
-7.323086261749267578e-03
-8.900718763470649719e-03
9.216996841132640839e-03
-2.560159889981150627e-03
8.243921212852001190e-03
3.492900170385837555e-03
8.412015624344348907e-03
-6.997786462306976318e-03
2.065960783511400223e-03
1.726004760712385178e-03
7.653523236513137817e-03
-4.740194417536258698e-03
-2.580056898295879364e-03
-8.049272932112216949e-03
5.804119631648063660e-03
6.598258856683969498e-03
4.777222871780395508e-03
-1.762966043315827847e-03
-1.392025733366608620e-03
4.356205463409423828e-03
7.203561719506978989e-03
-7.581962272524833679e-03
6.228979676961898804e-03
6.620522588491439819e-03
7.634063367731869221e-04
2.485447912476956844e-04
-2.679876750335097313e-03
-7.828286848962306976e-03
5.046903155744075775e-03
5.052277818322181702e-03
-8.859575726091861725e-03
-7.641240023076534271e-03
2.169602317735552788e-03
-5.786718800663948059e-03
-4.753299057483673096e-03
-5.161316134035587311e-03
3.175629768520593643e-03
7.525180932134389877e-03
2.172186272218823433e-03
2.549328375607728958e-03
-6.117369513958692551e-03
-1.597456051968038082e-03
-8.831176673993468285e-04
-7.321588927879929543e-04
6.916052196174860001e-03
-8.932476863265037537e-03
-7.668737787753343582e-03
-4.810578189790248871e-03
-3.875453723594546318e-03
2.696494339033961296e-04
3.016315633431077003e-03
-5.845012143254280090e-03
-9.714597836136817932e-03
6.191343534737825394e-03
-5.598235409706830978e-03
3.066619858145713806e-03
2.270875702379271388e-04
5.620677024126052856e-03
-8.582274429500102997e-03
9.293461916968226433e-04
9.839655831456184387e-03
-3.111381316557526588e-03
-9.310659952461719513e-03
2.106457715854048729e-03
4.854249302297830582e-03
-8.664234541356563568e-03
-9.828704409301280975e-03
3.144375281408429146e-03
-4.734940826892852783e-03
-7.682280614972114563e-03
-4.993626847863197327e-03
6.013904698193073273e-03
4.785536322742700577e-03
1.048326969146728516e+00
8.480729460716247559e-01
-1.562896013259887695e+00
5.632347464561462402e-01
