1.559069633483886719e+00
1.244415521621704102e+00
4.016790390014648438e+00
1.529890656471252441e+00
2.458256006240844727e+00
3.433710813522338867e+00
1.897406578063964844e+00
2.093616724014282227e+00
1.755945444107055664e+00
1.986805915832519531e+00
1.746185660362243652e+00
6.801263093948364258e-01
8.208267092704772949e-01
-2.737544178962707520e-01
2.100177109241485596e-01
1.248024404048919678e-01
5.966162085533142090e-01
-3.587690889835357666e-01
1.841124296188354492e-01
7.407008409500122070e-01
6.383585184812545776e-02
7.416885346174240112e-03
9.073461405932903290e-03
-4.105367064476013184e-01
-6.887747049331665039e-01
-1.113009918481111526e-02
-1.533604413270950317e-01
-2.515861988067626953e-01
-2.174983173608779907e-01
5.936297588050365448e-03
-2.084723711013793945e-01
-3.212482333183288574e-01
7.521048933267593384e-02
1.346038132905960083e-01
1.811015456914901733e-01
4.506319165229797363e-01
-5.705072283744812012e-01
9.381859779357910156e+00
1.315968036651611328e+01
1.101238059997558594e+01
1.401260662078857422e+01
1.528029441833496094e+01
1.643337249755859375e+01
1.775256729125976562e+01
1.888674926757812500e+01
1.928304862976074219e+01
1.961149215698242188e+01
2.829858016967773438e+01
2.249843597412109375e+01
1.196366071701049805e+00
-6.075992584228515625e-01
3.768994808197021484e-01
-3.964504003524780273e-01
1.058674216270446777e+00
-4.608374834060668945e-01
-1.119585394859313965e+00
-5.262652039527893066e-01
-1.902175098657608032e-01
1.752195805311203003e-01
6.874975562095642090e-01
9.160349965095520020e-01
1.376483887434005737e-01
-6.958815455436706543e-02
-1.608306765556335449e+00
8.036888837814331055e-01
-7.228490710258483887e-01
-3.020329773426055908e-01
5.504098534584045410e-01
2.233260124921798706e-02
-1.118057847023010254e+00
-1.290363192558288574e+00
2.013158559799194336e+00
3.957772254943847656e-01
8.210415840148925781e-01
-9.544566869735717773e-01
6.725513339042663574e-01
2.773902118206024170e-01
-1.445206642150878906e+00
1.121412038803100586e+00
6.971912384033203125e-01
3.002808690071105957e-01
5.358487740159034729e-02
2.502653121948242188e+00
-1.124102354049682617e+00
8.844166398048400879e-01
5.930954217910766602e-01
-8.337469696998596191e-01
2.855640649795532227e-01
-7.343906164169311523e-01
3.603855520486831665e-02
-3.294002532958984375e+00
-2.042857408523559570e-01
-8.735301345586776733e-02
-1.303011059761047363e+00
-2.238186448812484741e-01
4.537859857082366943e-01
7.389779686927795410e-01
-2.414471805095672607e-01
1.135548233985900879e+00
-4.199818372726440430e-01
1.090390458703041077e-01
-8.948868513107299805e-02
-6.738357245922088623e-02
-1.350403279066085815e-01
1.285866260528564453e+00
-2.401248514652252197e-01
6.571621894836425781e-01
1.057002663612365723e+00
-7.084238529205322266e-01
-9.206644296646118164e-01
-3.242392539978027344e+00
-2.047405719757080078e+00
-1.663040399551391602e+00
1.096552848815917969e+00
3.966234326362609863e-01
-2.776932716369628906e+00
-8.528475165367126465e-01
-5.179246664047241211e-01
-6.030287742614746094e-01
-4.420734345912933350e-01
1.060438990592956543e+00
2.087316274642944336e+00
2.092777013778686523e+00
1.361863613128662109e+00
4.031769752502441406e+00
4.235286235809326172e+00
1.717785835266113281e+00
1.513768434524536133e-01
8.588477969169616699e-02
7.248440384864807129e-02
-1.146766468882560730e-01
8.705311268568038940e-02
1.463465541601181030e-01
-3.848263323307037354e-01
5.760909318923950195e-01
7.179246544837951660e-01
3.794694840908050537e-01
-3.293774425983428955e-01
-6.821004748344421387e-01
6.849517822265625000e-01
-6.686794757843017578e-02
2.749870121479034424e-01
1.030668169260025024e-01
-1.813995987176895142e-01
5.870494991540908813e-02
1.529693324118852615e-02
1.541811525821685791e-01
-2.541005909442901611e-01
-1.140894889831542969e+00
-5.454447865486145020e-01
3.188692033290863037e-01
2.801283895969390869e-01
1.102925539016723633e-01
4.609818384051322937e-02
-3.370727896690368652e-01
-2.281584143638610840e-01
2.615282237529754639e-01
4.416799247264862061e-01
3.154194355010986328e-01
9.587746858596801758e-01
-4.047755300998687744e-01
5.179864764213562012e-01
-2.200984805822372437e-01
-1.269925594329833984e+00
1.330375373363494873e-01
4.576350748538970947e-01
5.967802926898002625e-02
1.440132856369018555e+00
1.358912587165832520e+00
5.224763751029968262e-01
1.318845748901367188e-01
7.991394996643066406e-01
-1.295278873294591904e-02
-1.018293276429176331e-01
3.132003545761108398e-01
-1.375421285629272461e+00
-2.353270053863525391e-01
6.172657012939453125e-01
-1.100508794188499451e-01
5.645689964294433594e-01
-3.052995074540376663e-03
6.528252363204956055e-02
8.588933348655700684e-01
1.389776945114135742e+00
-3.543527424335479736e-01
-6.147010326385498047e-01
3.692675009369850159e-02
6.638178825378417969e-01
1.548305273056030273e+00
8.223929405212402344e-01
1.765011668205261230e+00
-6.506255865097045898e-01
-1.339283585548400879e+00
6.847174167633056641e-01
2.576846778392791748e-01
9.208591580390930176e-01
1.582249104976654053e-01
-2.276763170957565308e-01
-3.059901893138885498e-01
7.495310902595520020e-01
2.026541531085968018e-01
-2.722957134246826172e-01
-9.927211999893188477e-01
-1.541040182113647461e+00
1.080377936363220215e+00
-4.696649909019470215e-01
4.600151255726814270e-02
1.369397155940532684e-02
-2.247885614633560181e-01
-2.307486236095428467e-01
-5.282736569643020630e-02
3.811790049076080322e-02
-1.774589568376541138e-01
-3.641074895858764648e-01
2.207217365503311157e-01
-2.710435092449188232e-01
5.077093243598937988e-01
-3.316376209259033203e-01
3.775162622332572937e-02
3.994071483612060547e-01
-3.723721504211425781e-01
3.193210363388061523e-01
-1.283429116010665894e-01
-2.590629160404205322e-01
1.588639318943023682e-01
4.035877287387847900e-01
4.194732308387756348e-01
5.555232763290405273e-01
-1.783274561166763306e-01
-2.787087261676788330e-01
-1.551623046398162842e-01
-8.791916072368621826e-02
3.539888858795166016e-01
3.779796063899993896e-01
-2.315523773431777954e-01
-1.663367450237274170e-01
-6.826808452606201172e-01
-1.874630451202392578e-01
-5.566715002059936523e-01
1.594417393207550049e-01
-8.105640113353729248e-02
6.490660309791564941e-01
2.142516672611236572e-01
-3.396180868148803711e-01
-5.775526165962219238e-03
-1.195588350296020508e+00
-3.728645741939544678e-01
-1.547080278396606445e-01
2.407645136117935181e-01
-2.338467985391616821e-01
-7.913197576999664307e-02
4.794649034738540649e-02
-4.119987487792968750e-01
4.253734052181243896e-01
3.862765729427337646e-01
-3.262010514736175537e-01
3.592571318149566650e-01
-2.434220463037490845e-01
-2.789213657379150391e-01
5.054783076047897339e-02
-5.691113471984863281e-01
-6.655151247978210449e-01
3.625374138355255127e-01
-1.155263781547546387e-01
7.163254171609878540e-02
6.062054261565208435e-02
5.647011399269104004e-01
2.560991048812866211e-01
5.134317278861999512e-01
8.688446879386901855e-02
5.828482285141944885e-02
-3.182505965232849121e-01
5.890190601348876953e-01
-1.362182945013046265e-01
2.675586938858032227e-01
1.534232795238494873e-01
-2.028462737798690796e-01
-6.411324143409729004e-01
-3.931333497166633606e-02
-4.734495580196380615e-01
-3.982084095478057861e-01
1.874963343143463135e-01
-9.241011142730712891e-01
8.497249484062194824e-01
6.739470362663269043e-01
4.373554587364196777e-01
8.837611675262451172e-01
7.563797831535339355e-01
5.404564738273620605e-01
8.374364972114562988e-01
1.228220853954553604e-02
1.585307717323303223e-01
6.637756228446960449e-01
4.928589984774589539e-02
1.429872214794158936e-01
1.593949794769287109e-01
9.027208685874938965e-01
2.572319507598876953e-01
9.603928923606872559e-01
9.379106163978576660e-01
1.767603158950805664e-01
3.007089197635650635e-01
8.181177079677581787e-02
4.085422754287719727e-01
4.796676933765411377e-01
3.978751897811889648e-01
7.207984924316406250e-01
9.411631226539611816e-01
4.290714561939239502e-01
2.753079235553741455e-01
6.302218884229660034e-02
5.760963633656501770e-02
5.994304418563842773e-01
2.309413552284240723e-01
2.908310592174530029e-01
4.844569265842437744e-01
3.480804264545440674e-01
3.550617098808288574e-01
5.821536779403686523e-01
3.227704903110861778e-03
6.373704075813293457e-01
4.516284763813018799e-01
4.646774753928184509e-02
8.904560208320617676e-01
2.465033233165740967e-01
1.653801649808883667e-02
1.486680209636688232e-01
2.412434667348861694e-01
3.375795781612396240e-01
5.431405901908874512e-01
9.363640546798706055e-01
9.945445060729980469e-01
9.604259729385375977e-01
2.183915525674819946e-01
9.315990209579467773e-01
1.285473108291625977e-01
9.179205894470214844e-01
2.803637385368347168e-01
5.071142315864562988e-01
6.854395866394042969e-01
3.017669618129730225e-01
7.446926236152648926e-01
9.126276522874832153e-02
1.643226146697998047e-01
3.929770886898040771e-01
1.388293206691741943e-01
5.776403546333312988e-01
2.247256487607955933e-01
1.897262781858444214e-01
1.700877249240875244e-01
3.604687452316284180e-01
5.363437533378601074e-01
9.523943811655044556e-02
4.198825359344482422e-01
9.416434764862060547e-01
8.164057135581970215e-01
5.527649521827697754e-01
4.613989591598510742e-01
2.218470871448516846e-01
2.426880300045013428e-01
2.950248420238494873e-01
1.619206547737121582e+00
6.629275083541870117e-01
-1.298604607582092285e+00
4.948333203792572021e-01
