1.888374567031860352e+00
2.219341509044170380e-02
1.377331376075744629e+00
4.848900794982910156e+00
3.959875106811523438e+00
-1.108911752700805664e+00
2.233210802078247070e+00
3.348660469055175781e+00
1.433394998311996460e-01
2.521041333675384521e-01
-2.767626345157623291e-01
-2.283127233386039734e-02
-2.521972358226776123e-01
5.202550292015075684e-01
1.801500767469406128e-01
7.618559002876281738e-01
-2.639909386634826660e-01
-8.957241177558898926e-01
-5.267565250396728516e-01
-5.933569073677062988e-01
2.475515007972717285e-01
-6.732041388750076294e-02
-3.606835007667541504e-01
-3.880881667137145996e-01
6.675527989864349365e-02
-3.654462099075317383e-01
1.353004723787307739e-01
4.319797456264495850e-02
9.707457542419433594e+00
9.910589218139648438e+00
1.330872535705566406e+01
1.533717918395996094e+01
9.378619194030761719e+00
1.754178810119628906e+01
1.922953987121582031e+01
2.430312156677246094e+01
2.403477478027343750e+01
-7.394930720329284668e-01
-1.087710976600646973e+00
1.497631520032882690e-01
-2.708008289337158203e-01
1.015817761421203613e+00
2.369745016098022461e+00
-1.660146266222000122e-01
2.750365257263183594e+00
-1.699566364288330078e+00
3.162379264831542969e-01
1.253556728363037109e+00
-3.516961932182312012e-01
9.324077516794204712e-02
-1.434549808502197266e+00
1.656814962625503540e-01
2.579862833023071289e+00
1.260241121053695679e-01
-7.588298320770263672e-01
-6.462995409965515137e-01
1.622244954109191895e+00
2.008472204208374023e+00
-6.129510402679443359e-01
-1.423210650682449341e-01
6.672794818878173828e-01
-6.623938679695129395e-01
-9.889404773712158203e-01
-1.420892953872680664e+00
-2.083682864904403687e-01
-1.289717078208923340e+00
1.298570156097412109e+00
4.679003715515136719e+00
3.606602907180786133e+00
-4.227615833282470703e+00
3.019847631454467773e+00
-5.742687702178955078e+00
1.131292343139648438e+00
-4.206863343715667725e-01
3.554190158843994141e+00
-6.461894989013671875e+00
3.296076655387878418e-01
9.245141148567199707e-01
4.079043388366699219e+00
2.641928672790527344e+00
-3.473005294799804688e+00
2.569543361663818359e+00
1.985233277082443237e-01
2.618366777896881104e-01
-4.445782601833343506e-01
-5.833579301834106445e-01
2.672538459300994873e-01
4.961355924606323242e-01
1.105851769447326660e+00
-3.787524998188018799e-01
-6.974343955516815186e-02
4.938659667968750000e-01
-1.270027309656143188e-01
-5.198429226875305176e-01
3.829169869422912598e-01
7.490677833557128906e-01
-8.060015439987182617e-01
-9.580044150352478027e-01
-4.695540666580200195e-01
7.823743224143981934e-01
3.983385264873504639e-01
-5.797609090805053711e-01
-4.763861596584320068e-01
2.280467003583908081e-01
-7.546303272247314453e-01
1.562163710594177246e+00
3.950813114643096924e-01
-4.411419108510017395e-02
3.655398190021514893e-01
3.499707281589508057e-01
1.422008275985717773e+00
2.058155536651611328e-01
-1.788155555725097656e+00
-1.528120398521423340e+00
3.898631632328033447e-01
-5.092133522033691406e+00
8.070161938667297363e-02
8.758290410041809082e-01
3.623101487755775452e-02
-1.477643847465515137e+00
8.658360242843627930e-01
3.488212823867797852e-01
5.650939941406250000e-01
-1.615140318870544434e+00
1.524012804031372070e+00
1.251838088035583496e+00
3.128325343132019043e-01
3.679516017436981201e-01
3.713234327733516693e-03
-6.195935979485511780e-02
7.155750989913940430e-01
4.239783287048339844e-01
-9.698069691658020020e-01
-5.409479141235351562e-01
-3.717268109321594238e-01
-2.807272076606750488e-01
1.546419691294431686e-02
-1.165684908628463745e-01
6.413033008575439453e-01
-7.627063244581222534e-02
-7.456377148628234863e-02
3.391164541244506836e-01
-1.666093170642852783e-01
-1.531861782073974609e+00
-9.181640297174453735e-02
-1.941561549901962280e-01
-4.879851043224334717e-01
-4.419824779033660889e-01
3.845839202404022217e-01
4.594413340091705322e-01
-1.213644221425056458e-01
3.543505370616912842e-01
-5.667202174663543701e-03
1.361256837844848633e-01
1.387791037559509277e-01
-8.382787108421325684e-01
-7.516329884529113770e-01
-5.237953066825866699e-01
3.622853457927703857e-01
6.539347767829895020e-01
1.351284328848123550e-02
2.245169878005981445e+00
-1.203713297843933105e+00
3.326268494129180908e-01
-1.589257240295410156e+00
4.878662526607513428e-01
-8.723234385251998901e-02
4.056341648101806641e-01
-1.287391483783721924e-01
-3.684231042861938477e+00
2.623304128646850586e-01
4.100461304187774658e-01
-5.394083913415670395e-03
8.339346386492252350e-03
-1.974104525288566947e-04
3.518852638080716133e-03
4.449318628758192062e-03
8.116745389997959137e-03
-7.816933095455169678e-03
-7.621677941642701626e-04
9.191854042001068592e-04
-9.658261202275753021e-03
6.219032220542430878e-03
6.223601521924138069e-04
-9.128612466156482697e-03
-8.976036682724952698e-03
1.148141105659306049e-03
5.894614383578300476e-03
-4.601351916790008545e-03
-5.715701263397932053e-03
9.434042498469352722e-03
8.798609487712383270e-03
9.950214996933937073e-03
-3.652675310149788857e-03
-5.345761775970458984e-03
7.035257294774055481e-03
-8.165828185155987740e-04
3.492531832307577133e-04
-1.784311025403439999e-03
8.929538540542125702e-03
-7.787810172885656357e-04
7.246734574437141418e-03
-1.313013024628162384e-03
9.724019095301628113e-03
-2.735410118475556374e-03
-5.632014013826847076e-03
8.475964888930320740e-03
-1.034804270602762699e-03
1.782262988854199648e-04
9.305907413363456726e-03
-6.446289829909801483e-03
-1.818938180804252625e-03
9.092673659324645996e-03
-1.151478616520762444e-03
-7.589189917780458927e-04
-6.787209771573543549e-03
-2.284819725900888443e-03
1.001969575881958008e+00
1.030439138412475586e+00
-1.979379892349243164e+00
7.581167221069335938e-01
