1.735604763031005859e+00
9.323661923408508301e-01
-1.418591022491455078e+00
4.441526889801025391e+00
1.924942851066589355e+00
3.759078025817871094e+00
1.855838894844055176e+00
2.251870393753051758e+00
1.848963022232055664e+00
2.909853935241699219e+00
4.007942676544189453e-01
4.690111875534057617e-01
-3.003178834915161133e-01
-7.367228269577026367e-01
3.991984426975250244e-01
4.750931560993194580e-01
-3.734377026557922363e-02
-3.713865764439105988e-03
-5.133991837501525879e-01
-2.768732309341430664e-01
9.797044992446899414e-01
8.153247088193893433e-02
4.607077836990356445e-01
-2.255287408828735352e+00
-6.583257019519805908e-02
-2.230100482702255249e-01
-5.898746103048324585e-02
-7.245868444442749023e-02
-2.080919966101646423e-02
-1.876574903726577759e-01
-1.679546833038330078e-01
1.132343783974647522e-01
1.494302153587341309e-01
-4.057904481887817383e-01
-7.930027693510055542e-02
1.035246133804321289e+00
6.449739336967468262e-01
9.608151435852050781e+00
1.012150955200195312e+01
1.319222927093505859e+01
1.343947982788085938e+01
1.541752529144287109e+01
1.454091167449951172e+01
1.750216865539550781e+01
1.961468124389648438e+01
1.913012123107910156e+01
2.045218658447265625e+01
2.001366996765136719e+01
2.081249427795410156e+01
1.518089056015014648e+00
-6.453901529312133789e-02
7.631369829177856445e-01
-4.764149487018585205e-01
-1.748374700546264648e+00
1.093445777893066406e+00
6.245930790901184082e-01
7.055025696754455566e-01
-9.866071939468383789e-01
-1.889292299747467041e-01
2.642696857452392578e+00
-1.737975478172302246e+00
1.055740118026733398e+00
1.242460846900939941e+00
-2.067372351884841919e-01
-5.186116099357604980e-01
-1.657934188842773438e+00
-1.941164880990982056e-01
1.694301605224609375e+00
-1.247165083885192871e+00
5.582985877990722656e-01
1.403782218694686890e-01
-6.992548704147338867e-01
-1.472111232578754425e-02
-9.550217390060424805e-01
6.647977232933044434e-01
-7.729041576385498047e-01
4.053640067577362061e-01
2.368903011083602905e-01
-1.599313020706176758e+00
4.402905941009521484e+00
4.118952274322509766e+00
2.519851207733154297e+00
4.352581501007080078e-01
-5.914273858070373535e-01
4.597457647323608398e-01
-3.696704655885696411e-02
-1.573319673538208008e+00
1.515888690948486328e+00
-3.759341478347778320e+00
-6.431307792663574219e+00
-4.752469062805175781e+00
1.979278028011322021e-01
-1.369276523590087891e+00
-1.758017539978027344e-01
-1.640502095222473145e+00
-1.910010278224945068e-01
-6.909191608428955078e-01
2.391184806823730469e+00
-4.738332331180572510e-01
1.813758373260498047e+00
-1.300131440162658691e+00
2.429170131683349609e+00
-4.835457503795623779e-01
9.063604474067687988e-02
2.861979044973850250e-02
5.294054985046386719e+00
1.112017631530761719e+00
-6.269204616546630859e-01
2.862103097140789032e-02
8.061654120683670044e-02
-2.287884712219238281e+00
-2.045050382614135742e+00
2.024418115615844727e+00
-1.390301734209060669e-01
-6.289832592010498047e-01
1.458723068237304688e+00
1.511148810386657715e+00
-3.202055394649505615e-01
-2.981141209602355957e-01
-5.582901239395141602e-01
5.205334424972534180e-01
9.114156365394592285e-01
2.026619911193847656e+00
-1.245663166046142578e+00
5.313112258911132812e+00
2.698637723922729492e+00
3.058981418609619141e+00
-4.020281881093978882e-02
2.349884659051895142e-01
-2.171999961137771606e-01
6.584612131118774414e-01
1.956143379211425781e-01
1.922702342271804810e-01
9.197810292243957520e-01
-9.692965149879455566e-01
-2.493904531002044678e-01
-1.171242237091064453e+00
8.984367847442626953e-01
-1.014037728309631348e+00
-6.819947063922882080e-02
-5.326747894287109375e-01
3.100534677505493164e-01
6.447482109069824219e-02
1.491227895021438599e-01
-2.966242134571075439e-01
8.789508789777755737e-02
-1.887946575880050659e-02
-9.798377752304077148e-02
6.468285322189331055e-01
-6.921696066856384277e-01
-6.745530664920806885e-02
6.984041929244995117e-01
-9.584636986255645752e-02
1.776274591684341431e-01
-3.113195300102233887e-01
-1.164128780364990234e-01
1.151751540601253510e-02
-2.775280952453613281e+00
4.339018344879150391e+00
-4.547601222991943359e+00
-2.736735045909881592e-01
-4.419559985399246216e-02
6.430055201053619385e-02
3.087487220764160156e-01
2.435210943222045898e-01
4.338028728961944580e-01
4.824138164520263672e+00
-5.936083316802978516e+00
6.569855690002441406e+00
1.975638419389724731e-01
6.585340201854705811e-02
-1.062843725085258484e-01
3.208443820476531982e-01
4.512368142604827881e-01
3.013961948454380035e-02
-1.975983828306198120e-01
1.373773217201232910e-01
1.277971565723419189e-01
3.756036162376403809e-01
-3.349191844463348389e-01
-3.667508363723754883e-01
3.358537331223487854e-02
2.735937833786010742e+00
-2.264850616455078125e+00
8.705244958400726318e-02
-3.080538213253021240e-01
2.336338013410568237e-01
-4.281492233276367188e-01
4.277472198009490967e-01
1.136770844459533691e+00
-1.356790661811828613e-01
-3.840883672237396240e-01
-1.363604813814163208e-01
6.718289852142333984e-02
-9.356568455696105957e-01
5.106336474418640137e-01
-1.919293962419033051e-02
-2.271147258579730988e-02
-1.148500919342041016e+00
2.727961912751197815e-02
-6.231135725975036621e-01
-3.992915749549865723e-01
3.380467414855957031e+00
-4.284457564353942871e-01
2.539801359176635742e+00
-5.774722099304199219e-01
-3.112405836582183838e-01
-4.876987040042877197e-01
3.893862292170524597e-02
4.508400559425354004e-01
-2.753911018371582031e-01
-6.028043031692504883e-01
-5.957370996475219727e-01
1.382409334182739258e-01
-9.604752659797668457e-01
5.407840013504028320e-01
-8.184415698051452637e-01
-3.732474446296691895e-01
-1.610091924667358398e-01
2.814839482307434082e-01
-1.587276607751846313e-01
4.114608094096183777e-02
4.795600473880767822e-01
-3.713231980800628662e-01
-9.045531600713729858e-02
-7.049663066864013672e-01
1.084634304046630859e+00
-4.423696920275688171e-02
-1.436689645051956177e-01
4.703174233436584473e-01
4.128836095333099365e-02
-6.434178352355957031e-02
-3.134819865226745605e-01
2.284536883234977722e-02
-6.634914129972457886e-02
-2.369427204132080078e+00
3.662011861801147461e+00
-3.369599580764770508e+00
-4.646840989589691162e-01
-8.921273052692413330e-02
-2.272241115570068359e-01
3.025349080562591553e-01
4.696991443634033203e-01
4.359290897846221924e-01
2.424580097198486328e+00
-4.597323417663574219e+00
4.651745796203613281e+00
7.681743800640106201e-02
7.154047489166259766e-01
1.858725994825363159e-01
-6.357763707637786865e-02
-8.590880781412124634e-02
-1.777645573019981384e-02
-5.527969002723693848e-01
-4.603966772556304932e-01
-8.010733723640441895e-01
1.077536642551422119e-01
3.187793120741844177e-02
-9.693677723407745361e-02
-1.349976778030395508e+00
1.824621677398681641e+00
-2.002362728118896484e+00
-4.061820507049560547e-01
4.828789457678794861e-02
8.217460662126541138e-02
4.189015328884124756e-01
3.565299510955810547e-01
-2.048405855894088745e-01
-2.578895688056945801e-01
3.078443109989166260e-01
-1.805190443992614746e-01
8.018200397491455078e-01
-4.226237237453460693e-01
-2.750606462359428406e-02
-6.844306737184524536e-02
-2.126622051000595093e-01
4.732753336429595947e-01
-4.970825612545013428e-01
-2.769987285137176514e-01
4.913879930973052979e-02
2.043335914611816406e+00
-2.289218187332153320e+00
-1.847914576530456543e+00
9.493634104728698730e-03
-2.950037829577922821e-03
-7.801717612892389297e-03
1.204636413604021072e-03
-6.104636937379837036e-03
1.542183686979115009e-03
-6.737988442182540894e-03
1.645986340008676052e-03
-6.161397788673639297e-03
2.919306047260761261e-03
9.810324758291244507e-03
1.857752940850332379e-04
1.753402175381779671e-03
-9.358786977827548981e-03
4.940869286656379700e-03
-7.771603763103485107e-03
5.530314985662698746e-03
6.102004554122686386e-03
-2.427651314064860344e-03
-2.851616591215133667e-03
-6.382844876497983932e-03
5.190012976527214050e-03
-6.332299672067165375e-03
7.814306765794754028e-03
-6.091740913689136505e-03
1.680045039393007755e-03
-7.295107468962669373e-03
2.031654585152864456e-03
2.046263689408078790e-04
5.877384450286626816e-03
3.614587476477026939e-03
1.228299341164529324e-03
3.152533899992704391e-03
-5.638760514557361603e-03
-8.134000934660434723e-03
7.926711812615394592e-03
3.764191642403602600e-04
8.452945388853549957e-03
-6.995765957981348038e-03
3.225039457902312279e-03
-8.749322965741157532e-03
8.061213418841362000e-03
-7.003699894994497299e-03
-8.829058147966861725e-03
-7.701708003878593445e-03
4.518193658441305161e-03
6.828550249338150024e-03
-7.428460288792848587e-03
8.738419041037559509e-03
9.107375517487525940e-03
-2.356222365051507950e-03
7.292558904737234116e-03
3.269702196121215820e-03
-7.081165444105863571e-03
9.730268269777297974e-03
-9.350755251944065094e-03
2.429366810247302055e-03
-1.217458979226648808e-03
2.939287805929780006e-03
7.275485433638095856e-03
6.417590659111738205e-03
7.659182418137788773e-03
-7.277755998075008392e-03
9.827313944697380066e-03
-6.112672854214906693e-04
3.509459493216127157e-04
-2.664682979229837656e-04
-4.076903685927391052e-03
-9.540105238556861877e-03
2.154103247448801994e-03
5.820023827254772186e-03
2.554248785600066185e-03
-4.503020085394382477e-03
4.755719099193811417e-03
4.212859494145959616e-04
4.148788284510374069e-03
7.903915829956531525e-03
-4.619289655238389969e-03
7.883931994438171387e-01
1.104452013969421387e+00
-1.750272631645202637e+00
7.083882093429565430e-01
