1.582900524139404297e+01
1.689060783386230469e+01
6.008338451385498047e+00
1.549235916137695312e+01
1.231481456756591797e+01
1.226438522338867188e+01
1.570016479492187500e+01
1.651606750488281250e+01
4.924313068389892578e+00
1.644777870178222656e+01
9.494673728942871094e+00
-1.844135165214538574e+00
-1.822545409202575684e+00
1.038666343688964844e+01
-2.761541604995727539e+00
2.898860216140747070e+00
-1.057618856430053711e+00
-3.943617820739746094e+00
4.220118999481201172e+00
2.356463193893432617e+00
4.966179847717285156e+00
-7.197247982025146484e+00
1.532481163740158081e-01
4.728860855102539062e+00
-6.303539752960205078e+00
6.083837509155273438e+00
-4.771606445312500000e+00
-3.214363574981689453e+00
4.788442611694335938e+00
4.230271339416503906e+00
2.292771816253662109e+00
3.226225376129150391e+00
2.300082206726074219e+00
2.864725112915039062e+00
1.137133502960205078e+01
6.931525468826293945e-02
5.241085052490234375e+00
-5.030473232269287109e+00
-2.328798055648803711e+00
4.824508666992187500e+00
8.171140551567077637e-01
-5.370506048202514648e-01
-4.385633945465087891e+00
-8.422168731689453125e+00
3.010704815387725830e-01
-1.486179828643798828e+00
1.970479011535644531e+00
8.139114379882812500e+00
-8.808724582195281982e-02
6.464250087738037109e+00
-5.547641754150390625e+00
-7.009178161621093750e+00
7.242468833923339844e+00
3.401288270950317383e+00
-1.065261173248291016e+01
8.516487121582031250e+00
1.369517040252685547e+01
-6.586055755615234375e+00
5.038474082946777344e+00
6.594536781311035156e+00
8.689587593078613281e+00
1.011370182037353516e+01
4.833512783050537109e+00
-5.084395408630371094e+00
-8.282446861267089844e+00
3.540855407714843750e+00
8.766394615173339844e+00
6.364301681518554688e+00
-1.014450073242187500e+01
-4.559504985809326172e+00
-5.675837993621826172e+00
5.020699024200439453e+00
-2.959998607635498047e+00
-3.223307847976684570e+00
2.576056241989135742e+00
-3.217256069183349609e+00
4.461232662200927734e+00
-4.055547237396240234e+00
-4.754571020603179932e-01
4.899381160736083984e+00
-3.613712787628173828e+00
-3.615000724792480469e+00
-2.009696722030639648e+00
-2.662124156951904297e+00
-2.966108083724975586e+00
5.783716201782226562e+00
-1.191526055335998535e+00
7.769318580627441406e+00
-1.953301668167114258e+00
-1.448856472969055176e+00
1.237266421318054199e+00
1.733085155487060547e+00
-7.097285389900207520e-01
2.141078472137451172e+00
-1.436367273330688477e+00
3.289054393768310547e+00
-3.979341983795166016e+00
2.899671792984008789e+00
-3.627149343490600586e+00
2.841776371002197266e+00
-1.040414571762084961e+00
4.417957782745361328e+00
-7.179191112518310547e-01
8.123967170715332031e+00
4.055268466472625732e-01
-1.572607517242431641e+00
6.277686119079589844e+00
4.702154919505119324e-02
6.198724746704101562e+00
6.835744380950927734e-01
2.920792102813720703e+00
-8.981996178627014160e-01
-2.763819932937622070e+00
4.138082027435302734e+00
2.374698035418987274e-02
3.845360875129699707e-01
-2.039072990417480469e+00
2.990571737289428711e+00
-1.565132886171340942e-01
-5.685645580291748047e+00
1.212133467197418213e-01
5.955813884735107422e+00
-2.819525957107543945e+00
4.689228057861328125e+00
-8.738041669130325317e-02
8.127052307128906250e+00
-5.265368938446044922e+00
-5.169315814971923828e+00
-2.369431257247924805e+00
1.255267620086669922e+00
5.115531444549560547e+00
-2.066287279129028320e+00
1.296416163444519043e+00
-4.562976658344268799e-01
1.352233767509460449e+00
6.537739753723144531e+00
-1.279623746871948242e+00
-2.996917724609375000e+00
2.831801414489746094e+00
5.688745975494384766e+00
3.013383865356445312e+00
-1.423516035079956055e+00
-3.796754121780395508e+00
2.864780426025390625e-01
1.569390535354614258e+00
9.211128950119018555e-01
2.934499263763427734e+00
-1.364844322204589844e+00
9.625757336616516113e-01
-8.107872009277343750e-01
3.415236994624137878e-02
-2.767699003219604492e+00
1.228151440620422363e+00
1.947682023048400879e+00
-6.913147121667861938e-02
9.348592758178710938e-01
1.303961038589477539e+00
-8.962817192077636719e-01
5.150150060653686523e-01
-1.078548550605773926e+00
3.363732099533081055e+00
-2.823777437210083008e+00
2.438254833221435547e+00
-1.033412098884582520e+00
-5.840837955474853516e-01
-4.857287704944610596e-01
-1.485095858573913574e+00
7.101474404335021973e-01
-2.650059461593627930e-01
3.240436792373657227e+00
6.282294988632202148e-01
-1.722657680511474609e+00
3.425941467285156250e+00
-1.829587101936340332e+00
2.391017198562622070e+00
1.258260250091552734e+00
-3.407607555389404297e+00
4.418118596076965332e-01
3.989904642105102539e+00
1.034703493118286133e+00
2.618730366230010986e-01
1.534320116043090820e+00
1.301804423332214355e+00
-9.172665476799011230e-01
2.606139779090881348e-01
2.371059417724609375e+00
9.626312255859375000e-01
-2.027700185775756836e+00
-3.272780478000640869e-01
2.245965242385864258e+00
1.601123571395874023e+00
1.520040631294250488e+00
-1.753944396972656250e+00
-8.346130251884460449e-01
-1.597917556762695312e+00
-1.169899582862854004e+00
6.484526157379150391e+00
-1.278252303600311279e-01
1.543943047523498535e+00
1.028177738189697266e+00
-2.206927537918090820e+00
-1.442322611808776855e+00
-1.023970723152160645e+00
-2.575946569442749023e+00
3.647967100143432617e+00
4.871343612670898438e+00
-1.840856552124023438e+00
8.941712975502014160e-01
-1.160025596618652344e+00
2.811280250549316406e+00
