1.575646781921386719e+01
1.544742488861083984e+01
5.005580902099609375e+00
1.640501499176025391e+00
2.109093475341796875e+01
2.364904785156250000e+01
4.183833122253417969e+00
1.960295677185058594e+00
-1.381805241107940674e-01
6.929148674011230469e+00
-3.814730167388916016e+00
-2.507304430007934570e+00
3.419201135635375977e+00
3.617717027664184570e+00
2.103554010391235352e+00
-3.433593988418579102e+00
-2.478278636932373047e+00
1.549795389175415039e+00
-1.309533119201660156e+00
-1.363750457763671875e+00
1.339890098571777344e+01
4.707155704498291016e+00
1.134392738342285156e+01
-7.265707492828369141e+00
-9.492820739746093750e+00
-1.024287796020507812e+01
-3.662720203399658203e+00
3.813870191574096680e+00
-1.968068242073059082e+00
-7.291982173919677734e+00
2.915828466415405273e+00
-5.303299427032470703e+00
-3.680000066757202148e+00
1.086237525939941406e+01
7.313055992126464844e+00
2.067106962203979492e-02
-2.120541632175445557e-01
1.041775703430175781e+00
5.790384769439697266e+00
4.659571051597595215e-01
-4.636067390441894531e+00
-3.369130849838256836e+00
-2.254873514175415039e+00
1.917207956314086914e+00
-2.352341413497924805e+00
1.030390739440917969e+00
7.198872566223144531e-01
5.323108196258544922e+00
-1.019839954376220703e+01
1.538715124130249023e+00
7.982233047485351562e+00
-2.884033679962158203e+00
-1.163444995880126953e+00
-3.314780950546264648e+00
1.898336172103881836e+00
-4.262797355651855469e+00
6.812227964401245117e-01
6.485879421234130859e-01
-9.142141342163085938e-01
-2.844241619110107422e+00
-1.617296934127807617e+00
3.174358129501342773e+00
-9.613897323608398438e+00
7.709114551544189453e-01
1.838919967412948608e-01
-5.469130516052246094e+00
4.596493721008300781e+00
7.981956750154495239e-02
1.295686244964599609e+00
-6.647335529327392578e+00
4.185779765248298645e-02
-1.023142814636230469e+00
1.733511447906494141e+00
-8.899887204170227051e-01
2.251120805740356445e-01
-1.102027058601379395e+00
-4.802394390106201172e+00
2.554214954376220703e+00
-4.830675125122070312e-01
1.654100298881530762e+00
-6.704493999481201172e+00
-2.838582992553710938e+00
-2.822924256324768066e-01
3.640241622924804688e+00
3.022467136383056641e+00
-2.728196382522583008e+00
-7.099649310111999512e-01
1.643822073936462402e+00
2.303745269775390625e+00
-3.310463190078735352e+00
-1.055084705352783203e+00
1.645743846893310547e+00
