3.751822037696095347e+00
5.661538186760549429e+00
3.763585008206498106e+00
2.220976716272691220e+00
7.922559740397502992e+00
3.744383055000694238e+00
2.768233416850759188e+00
4.685343494901356820e+00
5.968988957244857119e+00
-5.020184089567516494e-01
5.981218623009000979e+00
1.877772438675281985e-01
2.611551991782915749e+00
3.890452974443433298e+00
3.545997027053246153e+00
6.482738185106301287e+00
1.839592748694341040e+01
1.157832540945176802e+01
1.865032612797763534e+01
8.243696832599983537e+00
1.113166195782601164e+01
3.762632444971012458e+00
6.045597589725345777e+00
2.415641548436525010e+00
2.291146302137762270e+00
1.898981142648815634e+01
1.143667026275855392e+01
1.511711175328153089e+01
1.121093195747014626e+01
2.539778610337590337e+00
1.644458157544830712e+01
1.039091589064535093e+01
5.148143937507944301e+00
5.644127796716967183e+00
7.278558287931007342e+00
3.909269183229301614e+00
9.061822934656728279e+00
5.801751199512741763e+00
4.632075902829759784e+00
3.647324492939091112e+00
2.926843135510354799e+00
3.432056410787277301e+00
2.594959359726674464e+00
7.099512322958609012e+00
-2.121149041620215003e-01
2.633423653105014139e+00
2.248385041666654871e+00
1.611374392754715501e+00
8.898950783606434101e+00
7.339196174087796898e+00
3.947535873557446173e+00
1.576425983442302892e+00
5.608499422426400649e+00
4.517972077937722375e+00
2.226409476829199097e+00
4.631386491836119390e+00
4.207045442162431925e+00
7.245182510244881691e+00
5.760667431318180043e+00
6.361049951174690964e-01
4.368214644620324272e+00
4.026307119545683655e+00
5.215099066324462740e+00
7.148332683235614660e+00
3.095162705811342008e+00
-5.449190799854300438e-03
1.796733275644117223e+00
5.860641807013496241e+00
2.748367247153418180e+00
6.945997464144379130e+00
9.487028365916236439e+00
7.157969796296733023e+00
5.261637064151844179e+00
4.425318091809888443e+00
5.984242517008599549e+00
4.164251447795610517e+00
8.911622740304604662e+00
3.056194347612292361e+00
9.322817930099285277e+00
8.110377769423761762e+00
2.309908050585432804e+00
2.129247233297427044e+00
2.326146982261694252e+00
2.888807230610364041e-01
-1.945182656522475018e-01
6.899350360884433542e+00
2.260906654501734447e+00
2.687709629574259296e+00
7.045613698073728948e+00
1.298474160245335574e+00
7.874209105703711131e+00
4.072127851351262429e+00
6.803474018306711057e-01
7.485083103372824453e+00
5.830414190178600187e+00
9.757725159358541234e+00
7.438382662050186056e+00
8.594289896284303509e+00
2.446687747228089460e+00
2.363591055767621185e+00
7.641716006138086215e+00
7.439997383030644507e+00
9.805437558794375619e+00
3.354367386414195629e+00
2.314492622099124652e+00
8.305703575863237376e+00
3.373332321403463396e+00
1.106386106447017070e+01
9.131003039573108992e+00
4.154628203558411670e+00
7.312462558968951143e+00
6.106846894868067643e+00
1.041221334168898283e+00
9.643305463619592288e+00
5.079931802541043595e+00
7.947608461152857906e+00
2.734696824928434911e+00
8.239909319969841661e+00
3.571086047505251937e+00
5.015958909628021045e-01
8.464775319290737343e+00
6.405395737536083711e-01
3.679082201089302728e+00
8.193426956792036364e+00
9.972009967423240084e+00
7.011278615837287731e+00
3.976481060288944214e+00
4.882132644824969780e+00
3.642184815610825854e+00
2.623412441826378672e+00
9.893088808525364541e+00
6.944493962766927986e+00
6.977200485513388450e+00
8.248151720312137058e+00
1.560227612913165363e+00
5.115345834387786006e+00
2.741597106790493732e-01
5.807598532482405318e+00
5.680655813863597636e+00
8.694974409548997585e+00
4.248942236754219337e+00
1.739836381728245396e+00
2.519037506400903403e+00
6.710562221029215735e+00
5.581850574586493252e+00
2.994770328595846909e+00
-3.144173864185221268e-01
5.886912616047906610e+00
1.765511049216755168e+00
9.059717215782608690e+00
8.288256359345986368e+00
-9.167850501881615877e-01
-3.314503692632175813e-01
8.477770604716058145e+00
2.458412429053879134e+00
4.156825455205752640e+00
9.200111328925117959e+00
9.634734041587574183e+00
7.481066759666316734e+00
6.549394876967505219e+00
6.576683483123184182e+00
-2.138529166349968924e-01
8.714403773143656551e+00
6.151382690459414881e+00
3.712476525938837479e+00
1.535324101766008020e+01
1.721418535273706363e+00
3.642457843579051335e+00
-8.614811846262870887e-02
2.991134049708193743e+00
7.348599016943968554e-01
3.434857578639357811e+00
-2.896728970225024291e-01
3.614545204217779695e+00
7.204449089870891498e+00
5.625346730131071560e+00
6.911495928669762812e+00
4.239906312852052217e+00
4.914055924829892952e+00
7.445969354399105455e+00
-5.920075491851756189e-01
9.628319782436246754e+00
4.757308199876391086e+00
1.112166438416580583e+01
1.493762458023313977e+00
8.360919490765798656e+00
4.635935304270775603e+00
9.858778867378415356e+00
1.481585185319945541e+00
5.304621988772848518e+00
9.953771512242713726e+00
5.670286378089789636e+00
7.273646377198852875e+00
7.048297411240969979e+00
5.567961808487488895e+00
6.136261212022678713e+00
6.086385332745906318e+00
7.691055432262163372e+00
-8.185865574995141447e-01
-1.560468792716139808e+00
7.573286090163681372e+00
7.498408869367263030e+00
4.994900721492532725e+00
6.219426137685086786e+00
4.697386043520353383e+00
3.985711587187139138e+00
5.586057606073627113e+00
4.425989568193743118e+00
7.010905058468837936e+00
1.475179411972737942e+00
1.006086710783441873e+01
9.198351403388707936e+00
6.727032060874033270e+00
5.278034467123076112e+00
2.603766580314312851e+00
7.554461462823018891e+00
7.048682439065972360e+00
2.581954416114724538e+00
1.153993621221589727e+01
7.474763669157717061e+00
9.153473765225706771e+00
6.861868091050042473e+00
5.613601787149056221e+00
3.769643775299253985e+00
8.460117918606195886e+00
8.814492527921656162e+00
1.302980985090677724e+00
5.862919607211968254e-01
3.012888510429629907e+00
8.621296045134519304e+00
1.000073120454506892e+01
3.777261560567192422e+00
6.342691760662201972e+00
4.098818577417688402e+00
9.711660041323254333e+00
9.358756045908378951e+00
8.627508988203773654e+00
5.240399402322108990e+00
5.233229924651482179e+00
2.184885456932747605e+00
-3.887050122535081753e-01
8.718488222220175388e+00
8.915571093883736253e+00
1.043223740324167714e+01
9.859421594506409647e+00
5.965020174962806010e+00
7.088709775668236901e+00
7.414809574880985465e+00
9.212866025205277865e+00
3.135169992363735503e+00
4.446745957091938095e+00
8.336903140458129524e-01
8.718358991883984999e+00
5.211312049903301435e+00
2.184337963614058964e+00
7.038534326022155341e+00
5.748724010345084956e+00
3.479356728753574490e+00
1.248520406808920402e+00
6.609647875401410744e+00
5.236348841379866670e+00
7.895757669644402732e+00
4.373357963814680005e+00
7.920666412606347961e+00
5.234072996534576916e+00
4.838998721040415951e+00
1.265732433675703739e+01
4.338834824073479091e+00
7.974962387801217689e-01
1.735678119299943978e+00
6.957090551701053727e+00
6.204474550320602688e+00
5.827423048053547383e+00
2.112391373231331304e+00
2.274412262362301096e+00
2.105468270034744349e-01
3.800746184032822494e+00
5.641807806962772176e+00
4.049413372190809213e+00
3.679215084093171217e+00
9.067358351608911349e+00
2.687188374329327001e+00
4.752598869698014816e+00
7.675683444648178977e+00
3.840135710913644029e+00
7.004794433446041246e+00
9.639542864345250095e+00
9.636898324898959700e+00
1.329195956281463920e+00
9.049443851602251954e+00
4.622223471665457772e+00
2.934016325693739269e+00
4.035609635397728212e+00
9.476022694230255894e+00
2.534852362769369094e+00
3.672534374754060416e+00
7.608867424897554521e+00
2.524438234964112127e+00
1.489235418500971075e+00
1.264818526647088159e+00
1.633289464193211193e+00
4.249197192272951007e+00
1.631817193205614469e+00
6.288662611671473002e+00
