6.407931240411006257e+00
1.104403158745513913e+01
1.204107626208940651e+01
7.900708972991438372e+00
1.209276435329662291e+01
6.908004909079383360e+00
1.215157222207547605e+01
8.830523993220507961e+00
2.252456985240421616e+01
1.003115979857165563e+01
2.206522002844346275e+01
1.004996842456569794e+01
9.070962936580333036e+00
4.760098178118038703e+00
6.338244153406671799e+00
3.005718792211048651e+00
4.411387395816163348e+00
5.387242060755380813e+00
4.568965127027943218e+00
4.307363038715587678e+00
2.829242943953566680e+00
2.022987491402492566e+00
4.067206068888663317e+00
7.776290381379885375e+00
1.376026779132417310e+01
2.286379338630245783e+00
5.674618280366093837e-01
1.342317232332516763e+00
6.271672567945917542e+00
6.349010871176834492e+00
6.774941857046930416e+00
7.118105732966513166e+00
5.603914640536509673e+00
3.047403919926853444e+00
6.283921533672064130e-02
1.362655908087549506e+01
5.106445848988840019e+00
3.830373910969952167e+00
2.247575831382791822e+00
9.583266289022702722e+00
2.871940431006695604e+00
2.813856726593875202e+00
5.439096359647579426e+00
4.261220444948982333e+00
8.785260061163452150e+00
9.753139454989870671e+00
2.743857485168546884e+00
2.546462690221665159e+00
5.299497522727921073e+00
5.730063730405455580e+00
3.964623549039862027e+00
7.632567118727910049e+00
3.989709285038211650e+00
5.703242456629737944e+00
7.986304036094404424e+00
3.792138832490257183e+00
2.134912596214990632e+00
3.387631138673657727e+00
8.564073939974310434e+00
6.836049808788621229e-01
6.434158216165808852e+00
6.206515706965406665e+00
1.186662397317437012e+01
6.071509415752718297e+00
6.444949537401631900e+00
5.312729391971361181e+00
4.811264218508367385e+00
3.631897135239849028e+00
1.465873649580452076e+00
5.358644509795111865e+00
8.048798064012956388e+00
6.561355251840093494e+00
9.808157705879214205e+00
8.275883287996027349e+00
5.974249814518704405e+00
1.050639793527382615e+01
2.593719278156395802e+00
9.837789124593470547e+00
3.014830104687161949e+00
6.893337048027868619e+00
1.441877893200202720e+01
6.066492063427531889e+00
9.553239995604545953e+00
8.141137706476220259e+00
1.456843953559797633e+01
3.884314004867880588e+00
4.971855875840498484e+00
8.644695943519451475e+00
7.985513628932912056e+00
1.549652706188291695e+01
1.147661761665288260e+01
4.810089596582869831e+00
3.756583984118396113e+00
3.955342605075975460e+00
4.046004878973803010e+00
4.159273730458001417e+00
5.223130828358524269e+00
6.220665256859652992e+00
6.359616690898389102e+00
5.620901293608508098e+00
5.290769032339778910e+00
1.840737197834519057e+00
1.317695136552765334e+01
4.296246077416635778e+00
5.390904338144152597e+00
7.246505734268934518e+00
5.148787307819468140e+00
2.436094979061645294e+00
6.826179504919891450e+00
7.573297011707404103e+00
6.470952300061406426e+00
8.350846071160015427e+00
5.492170538197932217e+00
7.883849140716783666e+00
2.911889139926002290e+00
3.969196892337271798e+00
6.035220682044485585e+00
2.901442700427417698e+00
6.619169388825598688e+00
4.628162095812863974e+00
3.103794857934790041e+00
5.015619916938466538e+00
3.360997178560328535e+00
7.836851327656066957e+00
3.669028770211918200e+00
3.927972452534223446e+00
3.401877114565301063e+00
4.376058385575420040e+00
4.658562069048140408e+00
2.674330058129542831e+00
4.205867472767010895e+00
1.953760666849873262e+00
7.342760958449735753e+00
4.281824970988986401e+00
4.375035440619157612e+00
6.013632280541370001e+00
4.396464991269104061e+00
5.799648589492193196e+00
4.886468976414790610e+00
3.125885259780261105e+00
1.249260234975385409e+01
3.452552265032027723e+00
6.292863818475380455e+00
3.374101763502155737e+00
3.503087787610285719e+00
4.837229969957987485e+00
5.424237661318620063e+00
1.186261862289070912e+01
5.260912430510255255e+00
4.188385044582211059e+00
2.383576436318203040e+00
2.614605742379984221e+00
2.410749548224036420e+00
1.367383850172234183e+01
8.054872190983854097e+00
4.637052037183032382e+00
7.520861866317335220e+00
4.022199010118292506e+00
9.614757134182640996e+00
6.654426029425037470e+00
9.992692383291858604e+00
9.879766409516701486e-01
9.446926780181390981e+00
6.371702633731739951e+00
2.055048845337233310e+00
5.265533636385174354e+00
2.751216047559202682e+00
7.937523327694760766e+00
8.554605840110072634e+00
7.036578593800236980e+00
4.741738290873252382e+00
9.783416065100147829e-01
4.916158751168323349e+00
4.734717707805656595e+00
1.732018699100151826e+00
4.338516492379730138e+00
3.985047343973734613e+00
6.158500980522164880e+00
6.350936508676437775e+00
4.530400977204451785e-01
