1.684225201606750488e+00
1.682063460350036621e+00
4.124539375305175781e+00
6.214947700500488281e-01
2.268212556838989258e+00
2.745960712432861328e+00
2.545107364654541016e+00
1.713384270668029785e+00
2.036776542663574219e+00
2.073974847793579102e+00
2.339878797531127930e+00
8.069166541099548340e-01
7.183260321617126465e-01
1.997034788131713867e+00
5.369518995285034180e-01
-6.265822052955627441e-01
1.636096358299255371e+00
9.264898896217346191e-01
3.725972399115562439e-02
-1.311674267053604126e-01
8.579594641923904419e-02
4.120472073554992676e-01
2.257694751024246216e-01
1.955778747797012329e-01
-2.517886087298393250e-02
-3.230548501014709473e-01
2.220306396484375000e+00
-5.826982483267784119e-02
-2.180584222078323364e-01
-3.472684919834136963e-01
-1.898118108510971069e-01
-2.368563599884510040e-02
-8.493512868881225586e-03
-3.551850914955139160e-01
5.582830309867858887e-01
-1.286841779947280884e-01
-2.618214860558509827e-02
-1.724371761083602905e-01
6.444286108016967773e-01
-1.127482295036315918e+00
1.022470664978027344e+01
1.316175174713134766e+01
1.306569766998291016e+01
1.394354438781738281e+01
1.553538417816162109e+01
1.506178855895996094e+01
1.678685569763183594e+01
1.912941932678222656e+01
1.795571327209472656e+01
1.944109344482421875e+01
2.261425209045410156e+01
2.821500015258789062e+01
2.945530700683593750e+01
1.403672456741333008e+00
6.468651443719863892e-02
7.758326530456542969e-01
-1.484071016311645508e+00
-1.900135427713394165e-01
4.453791677951812744e-01
2.802075445652008057e-02
-1.008488178253173828e+00
1.639662504196166992e+00
3.495058715343475342e-01
1.759896039962768555e+00
2.590366005897521973e-01
2.168349027633666992e+00
6.885291337966918945e-01
-2.579216361045837402e-01
-2.271337985992431641e+00
-8.643811941146850586e-01
1.145094156265258789e+00
5.266010761260986328e-01
-2.192902415990829468e-01
1.030456796288490295e-01
-2.260844595730304718e-02
-8.640573024749755859e-01
-4.376683235168457031e-01
-1.777890920639038086e+00
3.883431553840637207e-01
-4.776932299137115479e-01
8.072999715805053711e-01
-7.353609204292297363e-01
-1.067934870719909668e+00
7.895950675010681152e-01
6.148973703384399414e-01
-1.288898468017578125e+00
1.977083683013916016e+00
8.213676214218139648e-01
3.880889892578125000e+00
3.753825902938842773e+00
-3.156253993511199951e-01
-9.003190398216247559e-01
1.214468330144882202e-01
-3.071928769350051880e-02
-6.152809858322143555e-01
2.864331603050231934e-01
-1.111619453877210617e-02
-7.089487910270690918e-01
2.210573554039001465e-01
3.841962292790412903e-02
1.407707780599594116e-01
-3.192167878150939941e-01
-1.769394993782043457e+00
1.890659034252166748e-01
5.252185463905334473e-01
-4.180882871150970459e-02
-1.524538516998291016e+00
-1.229130864143371582e+00
-7.743011713027954102e-01
-1.759508699178695679e-01
6.529669165611267090e-01
-7.755466699600219727e-01
-5.641904473304748535e-01
-8.442855626344680786e-02
-2.839951813220977783e-01
1.217030763626098633e+00
-5.465248823165893555e-01
2.562422454357147217e-01
4.204184114933013916e-01
-9.808017313480377197e-02
-6.296361684799194336e-01
1.521096110343933105e+00
-4.200621843338012695e-01
1.984378993511199951e-01
1.251051187515258789e+00
-9.755069613456726074e-01
6.280704736709594727e-01
5.974043607711791992e-01
1.511138916015625000e+00
2.825163006782531738e-01
-1.429850816726684570e+00
3.413315117359161377e-01
1.494817256927490234e+00
-4.318120777606964111e-01
2.053547859191894531e+00
-1.530818819999694824e+00
4.835808575153350830e-01
1.043998718261718750e+00
8.523797392845153809e-01
-3.068664789199829102e+00
-2.882062196731567383e-01
2.052400827407836914e+00
-2.035236805677413940e-01
5.092655420303344727e-01
1.016213521361351013e-01
-4.518190398812294006e-02
-7.094965577125549316e-01
1.137920022010803223e+00
1.334944516420364380e-01
-2.071480005979537964e-01
-9.017688222229480743e-03
-7.581514716148376465e-01
1.373932138085365295e-02
7.535324096679687500e-01
1.349795699119567871e+00
6.696816533803939819e-02
1.581150144338607788e-01
-3.964131698012351990e-03
8.848686814308166504e-01
6.811982989311218262e-01
-1.153384968638420105e-01
-2.644258178770542145e-02
3.902845457196235657e-02
-1.268527209758758545e-01
-1.912516802549362183e-01
5.035021901130676270e-01
-1.569426059722900391e-01
-6.697866916656494141e-01
-2.982123196125030518e-01
-2.014278888702392578e+00
4.973364174365997314e-01
7.125610858201980591e-02
-3.761270344257354736e-01
-6.386765837669372559e-02
-1.259962916374206543e-01
1.897851377725601196e-01
-4.578274488449096680e-01
1.786660850048065186e-01
-4.429003298282623291e-01
-8.684502243995666504e-01
-1.679661035537719727e+00
2.237370051443576813e-02
6.405072808265686035e-01
2.670619487762451172e-01
-9.483180940151214600e-02
2.448663264513015747e-01
-7.334684729576110840e-01
-6.889249086380004883e-01
6.505873799324035645e-01
-3.832728862762451172e-01
6.110064387321472168e-01
1.994916349649429321e-01
1.235950812697410583e-01
-4.387489855289459229e-01
1.719669401645660400e-01
3.934898078441619873e-01
3.818254768848419189e-01
-6.972925662994384766e-01
-1.402259320020675659e-01
4.374733567237854004e-01
-9.681556373834609985e-02
1.089962273836135864e-01
-2.077623903751373291e-01
3.875291049480438232e-01
-6.422689650207757950e-03
-3.734506964683532715e-01
8.379663228988647461e-01
4.485922455787658691e-01
-6.770749688148498535e-01
1.364717725664377213e-02
4.236483573913574219e-01
-2.074074149131774902e-01
2.380640357732772827e-01
-4.204626679420471191e-01
2.206544637680053711e+00
8.217754960060119629e-01
-1.006481647491455078e+00
-1.111939430236816406e+00
2.611135542392730713e-01
1.318239450454711914e+00
1.144593954086303711e-02
2.967564463615417480e-01
-9.026331901550292969e-01
8.896189928054809570e-02
-4.425497055053710938e-01
8.848125338554382324e-01
1.803447961807250977e+00
8.619090914726257324e-01
1.505647897720336914e-01
-1.727875709533691406e+00
-4.495709761977195740e-02
-5.691511556506156921e-02
-5.277249217033386230e-01
-3.332241177558898926e-01
4.200160205364227295e-01
-6.054351329803466797e-01
1.607254743576049805e-01
-2.220457643270492554e-01
-4.519897103309631348e-01
-3.870871663093566895e-02
-2.272829264402389526e-01
2.977420091629028320e-01
3.546102046966552734e-01
-1.413992792367935181e-01
-5.599258542060852051e-01
-9.078900814056396484e-01
-2.281237542629241943e-01
4.539300203323364258e-01
-1.291055083274841309e-01
-1.070645228028297424e-01
3.231618702411651611e-01
2.592942714691162109e-01
-2.714114487171173096e-01
-2.182832211256027222e-01
-1.251391470432281494e-01
1.384661439806222916e-02
2.029578834772109985e-01
-3.677880391478538513e-02
1.697865277528762817e-01
1.115765348076820374e-01
1.440166234970092773e-01
-4.305674880743026733e-02
-1.740716397762298584e-01
1.271470487117767334e-01
8.019914031028747559e-01
-4.467102587223052979e-01
-4.042182490229606628e-02
3.789736190810799599e-03
6.906206160783767700e-02
7.883505821228027344e-01
3.907795548439025879e-01
-3.052295744419097900e-01
1.141253709793090820e-01
-5.886518955230712891e-02
5.905699729919433594e-02
1.290120482444763184e-01
-7.898445427417755127e-02
2.080355286598205566e-01
3.114453554153442383e-01
-3.273873627185821533e-01
5.683755278587341309e-01
-2.224785834550857544e-01
-2.009965181350708008e-01
-1.466372907161712646e-01
1.165955185890197754e+00
-3.282384872436523438e-01
-1.633604764938354492e-01
-2.849682867527008057e-01
3.058086931705474854e-01
1.281697511672973633e+00
7.988785207271575928e-02
1.900738179683685303e-01
-4.279411733150482178e-01
5.331841111183166504e-01
-4.519893974065780640e-02
4.243925809860229492e-01
3.679074645042419434e-01
-2.427896857261657715e-01
2.199534326791763306e-01
-2.279159054160118103e-02
-1.444027423858642578e-01
-8.556368201971054077e-02
7.587217688560485840e-01
-7.023413777351379395e-01
-5.214658379554748535e-01
-1.601545810699462891e+00
-1.108020901679992676e+00
1.188947439193725586e+00
7.598870992660522461e-01
1.158048868179321289e+00
-2.163777112960815430e+00
2.224885374307632446e-01
1.544466912746429443e-01
9.460937976837158203e-01
-2.484903633594512939e-01
4.805509746074676514e-02
-1.216933846473693848e+00
-9.347434639930725098e-01
-4.578219652175903320e-01
7.830644249916076660e-01
7.936241030693054199e-01
2.935795187950134277e-01
3.912383913993835449e-01
-2.167957127094268799e-01
7.349567413330078125e-01
-2.113667726516723633e+00
-1.740170526318252087e-03
4.238505847752094269e-03
-5.679585970938205719e-03
-1.718644285574555397e-03
-6.289230659604072571e-03
-9.602646343410015106e-03
-2.578206127509474754e-03
5.720883607864379883e-03
4.467036109417676926e-03
5.490140058100223541e-03
6.627378985285758972e-03
-7.025272119790315628e-03
1.421958208084106445e-03
-2.680708188563585281e-03
-5.680509842932224274e-03
-4.747595638036727905e-03
-7.442268077284097672e-03
2.014643745496869087e-03
4.747333936393260956e-03
2.688444685190916061e-03
-5.868693115189671516e-04
-3.370222635567188263e-03
-2.368565648794174194e-03
5.200058221817016602e-03
-1.897217880468815565e-04
-1.168192829936742783e-03
5.301733501255512238e-03
-3.967936616390943527e-03
-4.295637365430593491e-03
-3.687958465889096260e-03
-3.471703035756945610e-03
-4.197381902486085892e-03
8.054662495851516724e-03
-1.222888473421335220e-03
3.785896813496947289e-03
6.606762297451496124e-03
-8.061067201197147369e-03
-4.633341915905475616e-03
-2.493169391527771950e-03
2.248753095045685768e-03
-5.703346803784370422e-03
-3.982663620263338089e-03
-8.668315596878528595e-03
9.079220704734325409e-03
5.193946883082389832e-03
-9.612776339054107666e-03
-1.495685428380966187e-03
4.351203329861164093e-03
8.372989483177661896e-03
-8.205461315810680389e-03
-1.929726684466004372e-03
-8.324390277266502380e-03
-1.439674175344407558e-03
-2.439943840727210045e-03
1.870162552222609520e-03
-1.699315034784376621e-03
9.134516119956970215e-03
-8.178725838661193848e-03
1.928143668919801712e-03
4.860931541770696640e-03
-5.260775797069072723e-03
-5.458947736769914627e-03
1.907325116917490959e-03
9.416249580681324005e-03
4.525574389845132828e-03
-9.963220916688442230e-03
1.789373578503727913e-03
2.309573581442236900e-03
4.329612711444497108e-04
-2.156356349587440491e-03
-3.631008323282003403e-03
3.757216734811663628e-03
-5.416433792561292648e-03
-4.855230450630187988e-03
-9.472447447478771210e-03
6.449771113693714142e-03
-4.094299860298633575e-03
-4.534287378191947937e-03
6.569004035554826260e-04
5.997384898364543915e-03
9.242256172001361847e-03
-3.533743321895599365e-03
-7.763760630041360855e-03
8.460795506834983826e-03
-6.205732002854347229e-03
8.020728826522827148e-03
6.641380488872528076e-03
4.591488977894186974e-04
3.260175231844186783e-03
6.463285535573959351e-03
5.099145346321165562e-04
1.159243822097778320e+00
6.790893673896789551e-01
-1.288761019706726074e+00
4.013386368751525879e-01
