1.523316621780395508e+00
1.227607250213623047e+00
1.524461030960083008e+00
3.892512559890747070e+00
1.148125290870666504e+00
2.144527673721313477e+00
3.077131986618041992e+00
1.889858722686767578e+00
1.920833945274353027e+00
2.397304296493530273e+00
2.022597789764404297e+00
1.728674888610839844e+00
6.900399327278137207e-01
8.492157459259033203e-01
1.219585776329040527e+00
2.270921230316162109e+00
-6.079767942428588867e-01
-8.083380758762359619e-03
-1.516170948743820190e-01
1.851039886474609375e+00
1.092497035861015320e-01
5.100012570619583130e-02
1.091083809733390808e-01
1.790349036455154419e-01
4.976874291896820068e-01
2.484341114759445190e-01
2.671311795711517334e-01
-5.033146142959594727e-01
8.250279426574707031e-01
-1.161182880401611328e+00
1.844958305358886719e+00
-5.829042568802833557e-02
-1.402630358934402466e-01
-1.583797037601470947e-01
-8.953825384378433228e-02
8.785354904830455780e-03
-4.918907582759857178e-02
-6.949983537197113037e-02
1.230063810944557190e-01
-3.227351978421211243e-02
-1.810499578714370728e-01
-1.508974879980087280e-01
-1.286786943674087524e-01
-1.561979949474334717e-01
2.596299648284912109e-01
-1.017589211463928223e+00
9.342933654785156250e+00
1.099017810821533203e+01
1.313356685638427734e+01
1.361400890350341797e+01
1.394192504882812500e+01
1.537681102752685547e+01
1.480708503723144531e+01
1.650226593017578125e+01
1.897400665283203125e+01
1.779157447814941406e+01
1.973487472534179688e+01
2.819225311279296875e+01
2.257012748718261719e+01
1.949487304687500000e+01
3.000272560119628906e+01
1.515679597854614258e+00
-6.301282644271850586e-01
8.860185146331787109e-01
7.128071784973144531e-02
-2.013729512691497803e-01
-7.904133796691894531e-01
-4.743143320083618164e-01
-8.454093337059020996e-01
-8.453023433685302734e-01
5.396745204925537109e-01
2.490758523344993591e-02
-1.310019940137863159e-01
-1.021497324109077454e-01
2.490861266851425171e-01
-1.184727549552917480e+00
5.654621124267578125e-01
-5.859860777854919434e-02
6.307973265647888184e-01
-9.986286759376525879e-01
-6.596942245960235596e-02
-7.741208076477050781e-01
4.158467352390289307e-01
2.264633923768997192e-01
-4.130925536155700684e-01
1.538338899612426758e+00
-5.196943879127502441e-01
-1.079370856285095215e+00
-8.636677861213684082e-01
7.414094209671020508e-01
5.571581721305847168e-01
-1.453396201133728027e+00
-1.148818135261535645e+00
2.413485497236251831e-01
2.884298264980316162e-01
-7.284490764141082764e-02
8.903084993362426758e-01
-9.362120628356933594e-01
2.810763120651245117e-01
-7.329400777816772461e-01
-9.071367979049682617e-01
-1.999055147171020508e-01
-2.892766296863555908e-01
1.850608229637145996e+00
1.112174913287162781e-01
-2.781320810317993164e-01
3.444965183734893799e-02
1.022069811820983887e+00
5.750076770782470703e-01
-6.366782784461975098e-01
5.301085710525512695e-01
1.825141459703445435e-01
-5.375207662582397461e-01
-1.260711550712585449e+00
2.480610132217407227e+00
1.600296258926391602e+00
-1.094400510191917419e-01
3.769050538539886475e-01
-1.846275091171264648e+00
-4.790111258625984192e-02
9.523786902427673340e-01
-1.258778929710388184e+00
-1.266430497169494629e+00
1.571298718452453613e+00
1.517897129058837891e+00
-1.092901349067687988e+00
2.316822856664657593e-01
-6.861954927444458008e-01
-3.323654830455780029e-01
-1.631429314613342285e+00
2.396982163190841675e-01
2.025270275771617889e-02
2.402126789093017578e-01
1.122819900512695312e+00
-1.697968244552612305e-01
-5.961998701095581055e-01
-1.108107209205627441e+00
6.493279337882995605e-01
-1.520091891288757324e-01
1.405749917030334473e-01
1.869397163391113281e+00
-2.778470814228057861e-01
-7.483213543891906738e-01
-1.361057996749877930e+00
6.542308926582336426e-01
-1.638528853654861450e-01
-5.538803935050964355e-01
2.398034632205963135e-01
1.628853380680084229e-01
3.586979806423187256e-01
-1.208899259567260742e+00
-4.906576871871948242e-01
-1.234626695513725281e-01
8.068736791610717773e-01
8.340854644775390625e-01
-1.705430030822753906e+00
-2.706387758255004883e+00
-1.131702307611703873e-02
8.792105913162231445e-01
1.166331171989440918e+00
3.950449824333190918e-01
-1.276533961296081543e+00
1.474195532500743866e-02
8.999022245407104492e-01
-5.679156780242919922e-01
2.254322767257690430e-01
2.312548160552978516e+00
1.699663758277893066e+00
-4.302932322025299072e-01
5.634897947311401367e-01
1.364904284477233887e+00
1.669053077697753906e+00
1.831876873970031738e+00
-1.803532123565673828e+00
-7.934463024139404297e-01
1.924985170364379883e+00
-1.569058060646057129e+00
1.386371850967407227e+00
1.821023076772689819e-01
-1.790278911590576172e+00
1.578281641006469727e+00
2.984190173447132111e-02
1.952940821647644043e-01
-2.158499062061309814e-01
3.255618736147880554e-02
-1.890544891357421875e-01
1.280806064605712891e-01
-4.181331992149353027e-01
9.165140986442565918e-01
-2.199792861938476562e-02
-2.668944373726844788e-02
8.886628597974777222e-02
8.199701458215713501e-02
1.130164027214050293e+00
-4.273640513420104980e-01
6.535486578941345215e-01
3.852217197418212891e-01
3.691494166851043701e-01
-1.463472694158554077e-01
-2.097971737384796143e-01
3.443424105644226074e-01
-1.495127100497484207e-02
-4.416781365871429443e-01
1.802865117788314819e-01
-1.696809232234954834e-01
2.487614154815673828e-01
2.908421456813812256e-01
-1.189776360988616943e-01
3.114043772220611572e-01
2.188763581216335297e-02
1.988906115293502808e-01
6.109117865562438965e-01
1.372960954904556274e-01
2.243580529466271400e-03
4.250706732273101807e-01
-4.139358103275299072e-01
-1.961373388767242432e-01
1.186995804309844971e-01
3.535121083259582520e-01
-7.031106948852539062e-02
4.258222281932830811e-01
7.082042843103408813e-02
2.722551226615905762e-01
-1.482849478721618652e+00
4.945367872714996338e-01
1.210707351565361023e-01
-5.889232158660888672e-01
2.482185512781143188e-01
2.309684902429580688e-01
6.740268319845199585e-02
4.096561074256896973e-01
1.520204693078994751e-01
-1.075353145599365234e+00
-2.019096016883850098e-01
-8.885918259620666504e-01
-4.005303680896759033e-01
2.515912987291812897e-02
5.334138870239257812e-02
3.350635468959808350e-01
1.984620280563831329e-02
1.377575695514678955e-01
2.289691418409347534e-01
-1.845938861370086670e-01
-7.699734568595886230e-01
-2.424506284296512604e-02
-1.764577925205230713e-01
1.171301603317260742e-01
1.857306659221649170e-01
6.186849437654018402e-03
2.388954535126686096e-02
8.563322573900222778e-02
6.122009754180908203e-01
1.364490538835525513e-01
1.379130184650421143e-01
1.596294939517974854e-01
1.848146468400955200e-01
2.856652140617370605e-01
1.680712774395942688e-02
-1.362972147762775421e-02
2.677530348300933838e-01
4.152631759643554688e-01
-5.195896029472351074e-01
2.230277955532073975e-01
-9.558910727500915527e-01
3.511201739311218262e-01
-3.256795108318328857e-01
2.374221384525299072e-01
1.346752792596817017e-01
-5.995680093765258789e-01
-2.013849914073944092e-01
4.344033598899841309e-01
2.253537625074386597e-01
-5.248711109161376953e-01
2.580809891223907471e-01
1.844035089015960693e-01
-2.211143523454666138e-01
6.358469128608703613e-01
3.336039483547210693e-01
-8.477868884801864624e-02
-1.921369433403015137e-01
5.160897225141525269e-02
3.076310157775878906e-01
-3.884151875972747803e-01
5.167577862739562988e-01
-6.104704737663269043e-02
1.639657765626907349e-01
3.173737525939941406e-01
-3.811172246932983398e-01
9.724581837654113770e-01
-7.651379108428955078e-01
2.397421449422836304e-01
-8.643003106117248535e-01
7.046043276786804199e-01
-3.473492860794067383e-01
-1.085945963859558105e+00
-8.527901768684387207e-02
-1.208439111709594727e+00
-8.697925135493278503e-03
1.159836888313293457e+00
1.057328879833221436e-01
-1.085966467857360840e+00
-5.250731110572814941e-01
-2.474718727171421051e-02
1.300429850816726685e-01
9.514074027538299561e-02
6.105899810791015625e-02
-1.187221258878707886e-01
4.374368116259574890e-02
-1.535901576280593872e-01
6.981579586863517761e-03
-7.132651656866073608e-02
-1.217915024608373642e-02
-1.551541090011596680e-01
-3.604570031166076660e-01
-1.226396560668945312e-01
-2.332965582609176636e-01
-4.447941184043884277e-01
-2.878464162349700928e-01
-2.668138146400451660e-01
4.619069397449493408e-01
-1.874085962772369385e-01
-1.742109507322311401e-01
-2.132169455289840698e-01
-4.034280404448509216e-02
2.747336030006408691e-01
-1.509564965963363647e-01
-1.291125863790512085e-01
7.318719029426574707e-01
1.338171362876892090e-01
5.833275318145751953e-01
-8.864966779947280884e-02
1.966320425271987915e-01
2.136337906122207642e-01
-9.563481807708740234e-02
-2.716752290725708008e-01
1.555029451847076416e-01
-2.288577258586883545e-01
1.652660816907882690e-01
5.880362540483474731e-02
1.605872511863708496e-01
5.510665848851203918e-02
7.113055139780044556e-02
1.033991202712059021e-01
1.403707116842269897e-01
-1.121734529733657837e-01
8.116415888071060181e-02
-6.943234056234359741e-02
-1.888408809900283813e-01
-3.177391886711120605e-01
1.278979629278182983e-01
-3.744018375873565674e-01
2.520104348659515381e-01
9.463867545127868652e-01
6.225001215934753418e-01
5.214321613311767578e-01
-4.421865940093994141e-01
-2.569267712533473969e-02
-2.369312755763530731e-02
4.405741691589355469e-01
2.293684929609298706e-01
-2.156333476305007935e-01
4.414926171302795410e-01
-3.619023859500885010e-01
1.655438691377639771e-01
-9.413930773735046387e-01
-2.160896360874176025e-01
-8.295039297081530094e-04
2.434194833040237427e-01
1.667612791061401367e-01
6.434382200241088867e-01
2.120364084839820862e-02
-3.424987792968750000e-01
-1.108443364500999451e-01
-2.663298547267913818e-01
-2.724168002605438232e-01
1.403604596853256226e-01
2.092496156692504883e-01
-5.511238574981689453e-01
1.559371799230575562e-01
-1.158277243375778198e-01
-7.627867460250854492e-01
5.382855534553527832e-01
-1.380638927221298218e-01
1.225221157073974609e+00
4.832513034343719482e-01
4.557671248912811279e-01
1.364451646804809570e-01
-3.024170398712158203e-01
6.470073014497756958e-02
-1.787779619917273521e-03
1.345090419054031372e-01
-2.046824991703033447e-01
3.625444769859313965e-01
-3.770983815193176270e-01
-5.745792984962463379e-01
7.546321749687194824e-01
6.788783669471740723e-01
4.985330700874328613e-01
-4.522863402962684631e-02
-5.413613319396972656e-01
-1.407568007707595825e-01
3.689915239810943604e-01
3.873577713966369629e-01
-2.008949369192123413e-01
5.666267871856689453e-01
1.085251048207283020e-01
-1.489958763122558594e-01
4.243343770503997803e-01
-1.513654470443725586e+00
-5.934383720159530640e-02
4.853589832782745361e-01
-1.747651770710945129e-02
-4.574110507965087891e-01
-3.905404806137084961e-01
1.019919157028198242e+00
-2.043220996856689453e-01
1.277508020401000977e+00
6.290603280067443848e-01
-8.144312500953674316e-01
-5.537434816360473633e-01
2.025363296270370483e-01
8.992716670036315918e-03
-4.996418021619319916e-03
1.054035499691963196e-03
1.455290243029594421e-03
4.410832189023494720e-03
-3.432499477639794350e-03
1.679105102084577084e-03
-6.762595381587743759e-03
-6.693549919873476028e-03
-1.870498410426080227e-03
-8.365711546503007412e-04
-3.034553257748484612e-03
3.122520865872502327e-03
5.579687654972076416e-03
-8.991862647235393524e-03
-8.896023035049438477e-03
-3.635612549260258675e-03
6.964513566344976425e-03
9.928232990205287933e-03
-3.538120072335004807e-03
4.455996677279472351e-03
7.969890721142292023e-03
-8.972585783340036869e-04
1.682743662968277931e-03
-3.412416903302073479e-03
5.435130093246698380e-03
-8.704444393515586853e-03
-1.052231644280254841e-03
2.627281472086906433e-03
1.027966383844614029e-03
8.483101613819599152e-03
-9.765623137354850769e-03
-3.695010440424084663e-03
-2.867505652830004692e-03
-4.120949655771255493e-03
6.256835185922682285e-04
-6.619258318096399307e-03
-7.712002843618392944e-05
7.945471443235874176e-03
-3.435010730754584074e-04
-4.934751428663730621e-03
-4.441491328179836273e-03
-6.138446275144815445e-03
-7.763225585222244263e-03
6.441548466682434082e-03
1.084410585463047028e-03
-2.532083308324217796e-03
3.397297346964478493e-03
-4.239182919263839722e-03
8.441493846476078033e-03
7.899635471403598785e-03
-3.311084583401679993e-03
-3.078488633036613464e-03
-2.478675916790962219e-03
-5.103972507640719414e-04
4.934557713568210602e-03
-4.554453305900096893e-03
8.846916258335113525e-03
-5.696080625057220459e-04
-5.339532624930143356e-03
6.309202872216701508e-03
-7.717668544501066208e-03
-3.359117545187473297e-03
-8.303583599627017975e-03
-2.198203146690502763e-04
-9.034256450831890106e-03
2.268365118652582169e-03
8.667182177305221558e-03
-1.143746892921626568e-03
4.901430569589138031e-03
3.728518960997462273e-03
8.620246313512325287e-03
-2.114196075126528740e-03
8.786694961600005627e-04
1.987417694181203842e-03
-6.735650822520256042e-03
-8.076935075223445892e-03
4.164692480117082596e-03
4.662202671170234680e-03
-2.998267300426959991e-03
8.293088525533676147e-03
-5.611045751720666885e-03
-9.312057867646217346e-03
2.359929960221052170e-03
8.917218074202537537e-03
6.975411903113126755e-03
7.285067345947027206e-03
6.021531764417886734e-03
9.887591935694217682e-03
-7.646973710507154465e-03
9.892820380628108978e-03
7.499890401959419250e-03
1.616446184925734997e-03
9.905233047902584076e-03
-8.987163193523883820e-03
-6.408272311091423035e-03
1.340416376478970051e-03
-2.875944366678595543e-03
-4.895081277936697006e-03
5.922988057136535645e-03
3.257371019572019577e-03
-8.086976013146340847e-04
3.304855665192008018e-03
6.280983798205852509e-03
-3.806125605478882790e-03
4.117472562938928604e-03
-5.474330391734838486e-03
-1.641014125198125839e-03
-5.464398302137851715e-03
7.275383919477462769e-03
3.876253729686141014e-03
3.683069488033652306e-03
-7.556550204753875732e-03
4.208152648061513901e-03
-3.018151270225644112e-03
7.061653304845094681e-04
-1.554782735183835030e-03
-1.289626117795705795e-03
-9.418254718184471130e-03
1.962560694664716721e-03
1.091648578643798828e+00
6.558784246444702148e-01
-1.091766476631164551e+00
4.057352840900421143e-01
