2.177996635437011719e+00
-1.313950419425964355e+00
-1.019870519638061523e+00
5.025549411773681641e+00
3.649035453796386719e+00
1.713020324707031250e+00
2.063160896301269531e+00
2.218906402587890625e+00
2.698750972747802734e+00
-2.109656482934951782e-01
-2.212610989809036255e-01
6.394147276878356934e-01
1.217625379562377930e+00
1.393824815750122070e-01
2.791450619697570801e-01
-5.888089537620544434e-01
-5.493451952934265137e-01
2.140825986862182617e-01
7.807455658912658691e-01
1.189332485198974609e+00
-1.862638592720031738e-01
-2.891622781753540039e-01
-6.531635522842407227e-01
-1.177735403180122375e-01
-3.141186833381652832e-01
2.072139270603656769e-02
-1.938154846429824829e-01
2.495242059230804443e-01
-3.407845199108123779e-01
-6.245874762535095215e-01
6.172716021537780762e-01
9.048473358154296875e+00
9.713915824890136719e+00
1.329118919372558594e+01
1.534916782379150391e+01
1.527753448486328125e+01
1.752463722229003906e+01
1.926329612731933594e+01
1.912878036499023438e+01
2.028245735168457031e+01
2.724749374389648438e+01
-4.206968247890472412e-01
8.798413872718811035e-01
-9.032828211784362793e-01
1.737130880355834961e+00
-3.109303951263427734e+00
1.847159743309020996e+00
1.297172188758850098e+00
-1.844777613878250122e-01
-1.475525617599487305e+00
-6.684176325798034668e-01
-1.086760401725769043e+00
-4.866181313991546631e-01
4.519175887107849121e-01
1.794355869293212891e+00
-1.607644915580749512e+00
9.369771182537078857e-02
-4.190486669540405273e-01
1.345626711845397949e-01
2.548815608024597168e-01
-7.117075324058532715e-01
-3.545558154582977295e-01
1.268569588661193848e+00
5.177306756377220154e-02
-3.803415596485137939e-01
2.367032319307327271e-01
-2.486800670623779297e+00
4.563843309879302979e-01
1.162563562393188477e+00
-6.009036064147949219e+00
8.239376544952392578e-01
-1.393812775611877441e+00
-3.755212947726249695e-02
6.700942993164062500e+00
2.674781084060668945e-01
1.731790161132812500e+01
-4.124608516693115234e+00
1.317745566368103027e+00
8.210420608520507812e-01
-1.739992523193359375e+01
-7.122414112091064453e+00
1.257254600524902344e+00
5.096241831779479980e-01
-1.776947498321533203e+00
1.837692737579345703e+00
4.280531883239746094e+00
1.073586463928222656e+00
-7.002256512641906738e-01
-7.361602783203125000e-01
-1.571334123611450195e+00
6.851587295532226562e-01
7.052900642156600952e-02
-3.446980953216552734e+00
1.212446784973144531e+01
2.714090824127197266e+00
8.599054336547851562e+00
-3.562105596065521240e-01
-2.177814692258834839e-01
3.593964502215385437e-02
-1.739284694194793701e-01
-2.498321533203125000e-01
-7.258091121912002563e-02
-5.733217000961303711e-01
-4.558928012847900391e-01
-5.132248625159263611e-02
-4.023566842079162598e-01
9.357665777206420898e-01
7.956048846244812012e-02
-1.454922854900360107e-01
-8.503328561782836914e-01
-1.012600511312484741e-01
-3.526246249675750732e-01
1.121655702590942383e+00
-3.310948982834815979e-02
-2.869988381862640381e-01
4.729632437229156494e-01
3.140289783477783203e-01
-2.553229331970214844e-01
3.211299423128366470e-03
-8.746933192014694214e-02
-2.413904964923858643e-01
2.430588155984878540e-01
-1.280861616134643555e+00
-3.385684266686439514e-02
2.383362770080566406e+00
-3.587588071823120117e-01
2.177648060023784637e-02
2.607786953449249268e-01
-2.258100748062133789e+00
5.243550539016723633e-01
-5.061006069183349609e+00
1.408017873764038086e+00
-6.507580280303955078e-01
2.132104337215423584e-02
6.336329936981201172e+00
-8.915010690689086914e-01
-4.002085700631141663e-02
4.245909154415130615e-01
7.364487051963806152e-01
-9.697665572166442871e-01
-9.500215053558349609e-01
6.840783357620239258e-01
-4.432028234004974365e-01
-5.101406574249267578e-01
1.145850181579589844e+00
3.491097986698150635e-01
3.107413947582244873e-01
2.071746587753295898e+00
-4.340646266937255859e+00
1.012544870376586914e+00
2.981734275817871094e+00
-7.947614416480064392e-03
-3.630892932415008545e-01
3.791465461254119873e-01
-7.853465676307678223e-01
9.227149486541748047e-01
-6.387799978256225586e-01
-1.107341051101684570e-01
1.132878899574279785e+00
9.327293932437896729e-02
3.688702583312988281e-01
-1.223627924919128418e-01
-8.146854490041732788e-02
3.226409554481506348e-01
-4.098782837390899658e-01
-1.998548582196235657e-02
2.572362720966339111e-01
4.684957861900329590e-02
-1.390481829643249512e+00
5.136327743530273438e-01
1.855324357748031616e-01
-1.683860272169113159e-01
-4.206022918224334717e-01
3.215937912464141846e-01
1.517398953437805176e-01
1.477939784526824951e-01
1.086811423301696777e+00
1.203299611806869507e-01
-4.374775588512420654e-01
1.384421348571777344e+00
-7.361709605902433395e-03
-1.950337551534175873e-02
4.363582432270050049e-01
-1.586178064346313477e+00
1.424222230911254883e+00
-5.338131904602050781e+00
8.394082188606262207e-01
-2.118685841560363770e-01
-2.797847688198089600e-01
4.105088710784912109e+00
-2.218314409255981445e+00
-5.229775905609130859e-01
-1.630072593688964844e-01
-7.629436999559402466e-02
-6.646515727043151855e-01
-2.529262900352478027e-01
-5.659043192863464355e-01
6.658724546432495117e-01
4.137749075889587402e-01
1.202598735690116882e-01
-2.697234749794006348e-01
4.300590753555297852e-01
-1.055748105049133301e+00
-3.229444503784179688e+00
1.591230988502502441e+00
-4.853259086608886719e+00
9.769234806299209595e-03
8.141200058162212372e-03
-9.948755614459514618e-04
-5.352466832846403122e-03
-1.229540910571813583e-03
-7.536801043897867203e-03
9.504183195531368256e-03
9.909345768392086029e-03
-9.057414717972278595e-03
2.151134976884350181e-04
-4.493013024330139160e-03
-4.345111548900604248e-03
4.415450675878673792e-04
8.560948073863983154e-03
9.849266149103641510e-03
4.534664563834667206e-03
-4.344365559518337250e-03
1.130059026763774455e-04
7.966681383550167084e-03
-1.959490822628140450e-03
9.554933640174567699e-04
-7.498630788177251816e-03
-5.747872404754161835e-03
-6.101876962929964066e-03
-4.521259106695652008e-03
1.491265720687806606e-03
9.506310336291790009e-03
-5.297843366861343384e-03
-5.280347540974617004e-03
-8.922888897359371185e-03
4.251087084412574768e-03
6.266226992011070251e-03
3.390422323718667030e-03
-4.415015224367380142e-03
-4.515651147812604904e-03
6.267020013183355331e-03
3.100513014942407608e-03
1.063309027813374996e-03
2.498602960258722305e-03
1.299683703109622002e-03
-8.875930681824684143e-03
-2.461945172399282455e-03
3.865235019475221634e-03
-3.946549550164490938e-04
4.076155833899974823e-03
-4.279882181435823441e-03
1.293363515287637711e-03
8.960075676441192627e-03
2.067266963422298431e-03
4.957613418810069561e-04
-9.554154239594936371e-03
-8.762647397816181183e-03
2.954572206363081932e-03
3.408085322007536888e-03
-5.348487757146358490e-03
1.095639467239379883e+00
8.227422237396240234e-01
-2.059999942779541016e+00
5.908230543136596680e-01
