-5.401495509275625606e-01
5.006515841933358857e-01
-5.584277365985587660e-02
-7.348911973685449961e-02
-1.557682187828485443e+00
-5.053722765438090070e-01
-6.907879321869989653e-01
-7.374961526933030420e-01
-6.440046054273870224e-01
-1.215992657370594143e+00
-9.161644561370050344e-01
-1.281136755470372313e-01
4.457795492460718267e-01
3.766219450807532509e-01
4.891289533373572862e-01
-1.427600727885365739e+00
-1.022079272435091113e+00
-2.537592596783473375e-01
-6.651295238777633623e-01
-2.357975233244381519e-01
3.848677522081164759e-01
7.100175853608579057e-01
2.737180245043430160e-02
-5.634938730184253508e-01
-2.699101637250859165e-01
1.933067692309893282e-01
-3.105346001185962934e-01
6.789396917001127019e-01
6.917263210335611312e-02
-3.251024234122901757e-01
5.278353729820118856e-01
-1.470381520783816398e-01
-9.193132052899765094e-01
-1.182922221452120892e+00
1.064115586973267913e+00
-1.067510268105313076e-01
-9.229510242668012010e-01
3.650373369824828074e-01
-2.888971219115314404e-01
-9.621112956192001686e-01
5.815325603925316500e-01
5.324754834756421223e-03
-3.093183636032125761e-01
1.450374246958352209e-01
-8.257352535961718365e-01
-1.886477240234636643e-02
-6.761076973470565576e-01
-4.450564371183233225e-01
1.523986876310672978e+00
-3.690137434942646899e-01
6.175347681027221203e-01
3.006082812235968266e-02
5.566690829183152944e-01
1.052637388153903064e+00
2.680807521712606500e-01
8.191015779872667935e-01
1.231132072851120585e+00
1.322467864306407781e-01
1.960844823414325533e-01
-2.661374099293634665e-01
2.579613182357389789e-01
-1.482625327398879422e+00
1.657993813118842086e-01
8.931026373014065989e-01
3.824421864104424751e-01
1.306418523432613110e-01
-1.924982873201951800e-02
-6.860921565176003600e-02
3.469306459758048078e-01
-1.436206376911569160e+00
7.519923504431481609e-01
1.065339691427450441e+00
1.029789830495693836e+00
3.230078862733379297e-01
-5.829889002641720497e-01
1.636279210552974150e-01
-5.853684117351403565e-02
-8.871443706568057919e-02
-1.315768292707494014e-01
1.799079478349679406e-01
-4.212381092250006009e-01
5.442516000288871898e-03
-5.081459219788124759e-01
-5.455788579624266665e-01
-3.364634679782066429e-01
-8.490839913379855108e-01
1.252228896038152239e+00
-2.452297092069821716e-01
-9.691737301874602251e-01
-5.726843856646212094e-01
-3.543400693034798876e-01
1.020277460686837445e+00
-4.857626105376611214e-01
-7.083052835237477751e-01
9.265839524570570473e-01
3.222534258711035604e-01
1.338995920717611865e+00
-1.362729720487299567e-01
2.834034545403845140e-01
-1.376860500228499207e-01
3.199976068884479163e-01
1.517838681484363628e-01
-2.588924606925548932e-01
-3.894325673756566797e-01
-4.840561735686106370e-01
7.182304362821932964e-01
-2.319662386355439143e-01
-6.786407675389636296e-01
-1.711178100109847777e-01
-7.764954915378309563e-02
-1.145207577480866906e-01
-3.569598566210220869e-01
5.127188207392777697e-01
4.988700789645374445e-01
9.730448056249502153e-01
-4.412951232151133274e-01
2.931204726751949208e-01
-6.165916831634625783e-01
-1.088821091396563023e+00
5.853465404075780532e-01
1.252527006000399457e+00
-1.309779906105057901e+00
-2.499033666415083899e-01
-9.043709545629118746e-03
-1.331974246285059886e-02
1.099425317969529248e+00
1.008269121210835229e+00
3.948197722385799469e-01
1.693682941187225344e-01
3.763600143431540812e-01
5.057112818312281544e-01
4.093904937189980775e-03
7.259149743529211829e-01
-2.596620094726852512e-01
5.451673205672075140e-01
3.549954057083620218e-01
1.215626984243817340e-03
-1.563006881113417068e-01
3.611612500188100539e-01
-1.204586970402676593e+00
-6.725655738940093942e-01
6.513307769727846308e-01
2.466340275628520207e-01
6.143056086216992506e-01
8.591595353491250364e-01
-2.588317362813692402e-01
-1.378598904727678764e+00
1.044997580145179183e+00
-5.622565727042308503e-02
8.221361087660156164e-01
-2.464431145281007207e-01
-7.401212906224576837e-01
5.349641531527685734e-01
8.012005323562283454e-01
4.115218246793390655e-01
6.515630533641478817e-01
1.689781004167369149e-01
-3.741092961002366879e-01
-1.067399350046359524e-01
9.804222597255281280e-02
-1.237828456198246940e-01
3.048598881879300074e-02
9.372923661666273665e-01
1.240298582585599663e+00
2.674368286994142085e-01
6.516381744334956982e-01
1.875560836852120106e-01
9.008202466789738683e-01
2.038563173516799498e+00
1.157299750641697322e+00
-2.416275928747729229e-01
-2.851992816152742471e-01
1.229250945520748983e+00
6.937859855118987396e-01
1.460935863632477349e-01
7.452033557668948927e-01
5.696612642786534897e-01
3.396127963947681572e-02
1.909715449209969662e-01
1.512093726234078117e+00
6.823939425166143380e-01
-6.701208556842819242e-01
-4.133301560703807054e-01
1.913055867464756643e+00
-3.176698928299657720e-01
5.871484412302668821e-01
-1.153526263641422300e+00
8.691251927904289909e-01
7.790096341557053439e-01
7.736216325012564843e-01
1.968032283237543811e-01
1.232620749033852027e-02
-5.705573336522256067e-01
1.258155290123262660e+00
-1.718529719738698391e+00
3.776357703591951553e-01
5.257701666275237384e-01
-3.282934854107703027e-01
1.669218348499474647e-01
1.214785394746831004e+00
-2.801018097652925309e-01
2.641660132527949845e-01
-6.602222325495590294e-01
3.315278672948210881e-01
-4.413126453423941720e-01
-7.263897109777904815e-01
-6.168039210747950918e-01
1.087780545104968466e+00
-1.892749389754473377e-01
-3.943951303419077070e-02
1.007517784474706080e+00
2.297367278486729322e-02
3.406292080647709275e-01
-1.519023628334302822e-01
-1.654789438617767505e-01
6.412055808499410592e-01
5.099859483401187887e-01
-1.197637219908509187e-01
7.461342562774548881e-01
-3.315656017167477043e-01
2.944218613123767425e-01
2.882495392041714011e-01
9.278394029485659278e-01
3.810081173506664198e-01
6.986854439032117448e-01
5.372910514713662433e-01
-7.792085465629877694e-01
2.970763125727541865e-01
3.964805937588112422e-02
-1.023609249099352164e-01
2.037667597193464908e-01
5.856752351041314419e-01
4.915345800679452037e-01
1.243406273669832141e+00
7.693929265644058324e-01
-1.313315086519389607e-01
3.887939319216364431e-02
-1.032742869769372740e-01
2.839982464514096416e-01
2.206203623160122029e-01
-2.524747608932496612e-01
-8.875989555852309421e-01
-5.098793688430344195e-01
5.820341521257972328e-01
-9.729427150078078235e-01
5.926250682202290065e-02
8.705974671136770815e-02
-8.328422091340660360e-01
-1.131433698088242901e+00
-1.110531750789376382e+00
8.509795034590496021e-01
-5.334080870334531044e-01
4.822915150171813714e-01
-2.709846155863623318e-01
3.930690505100977727e-01
-9.508886582299536094e-01
1.615967360870957492e+00
-4.226534373142081247e-01
8.683263628577932991e-01
-3.265377513313528213e-01
9.193111505032630637e-01
2.210597045829107432e-01
-1.599629991562555309e-01
-6.573069251497574150e-01
6.604588833962504735e-01
9.223898029833438317e-01
3.085092751283806667e-01
8.250415218556571562e-01
-5.175916796191454283e-01
2.389731605458099151e-01
-1.381202509324967465e-01
-7.865213233326748821e-01
-1.224169687627862102e-01
1.396766904670370790e+00
-8.250719699295583354e-02
-8.143182557125918861e-03
7.680131632106640405e-01
-6.537475079508564546e-01
1.944677533995687047e-01
-6.077511694138142406e-01
-1.442470849605328731e-01
7.303576497992504413e-01
3.044490927263886482e-01
-1.340237365206278675e+00
-1.923195102677882073e-01
8.410965678964328340e-01
-7.470230570503518797e-01
1.022425866092750990e+00
