5.334782600402832031e+00
1.654188728332519531e+01
1.544364738464355469e+01
7.811553478240966797e+00
1.622239494323730469e+01
1.491197013854980469e+01
1.648323822021484375e+01
7.817580223083496094e+00
4.152147293090820312e+00
8.293344497680664062e+00
-6.992822647094726562e+00
6.450492382049560547e+00
-5.470871329307556152e-01
1.071837520599365234e+01
4.205310344696044922e+00
-9.628090262413024902e-01
-2.497680902481079102e+00
3.008368253707885742e+00
2.459109544754028320e+00
7.484056949615478516e-01
8.588370323181152344e+00
-7.642248630523681641e+00
-1.073574733734130859e+01
-8.765333175659179688e+00
4.503926038742065430e-01
-8.393173217773437500e+00
-9.117085456848144531e+00
-3.329491138458251953e+00
1.791815161705017090e+00
3.751396656036376953e+00
5.600375175476074219e+00
6.263318657875061035e-01
5.076020240783691406e+00
2.803129196166992188e+00
5.254938125610351562e+00
-2.421399116516113281e+00
9.103692173957824707e-01
-2.405367851257324219e+00
1.091011911630630493e-01
2.716238498687744141e+00
-1.358665370941162109e+01
2.531770169734954834e-01
-2.431184798479080200e-01
-3.389528036117553711e+00
-4.078242778778076172e+00
-9.310643672943115234e-01
-3.944757699966430664e+00
2.811200916767120361e-01
-3.296322584152221680e+00
6.346468925476074219e+00
2.296257972717285156e+00
-5.256429672241210938e+00
4.478352069854736328e+00
-9.747097492218017578e-01
2.431087017059326172e+00
5.739340782165527344e+00
9.991736412048339844e+00
-5.538498401641845703e+00
3.741566896438598633e+00
5.413711667060852051e-01
7.459412097930908203e+00
-6.558151245117187500e+00
2.295537889003753662e-01
-8.928183913230895996e-01
-2.764799594879150391e+00
-1.595563888549804688e+00
3.932126998901367188e+00
2.711778320372104645e-02
1.238687396049499512e+00
4.276853561401367188e+00
-5.679154396057128906e-01
-5.285391807556152344e-01
1.038650274276733398e+00
1.909294009208679199e+00
1.556090712547302246e+00
-1.704050540924072266e+00
-4.169507920742034912e-01
4.585560321807861328e+00
-2.732652127742767334e-01
-2.081106305122375488e-01
3.373844146728515625e+00
1.897567272186279297e+00
-5.960578918457031250e+00
-2.813876390457153320e+00
-1.568080186843872070e+00
2.195077419281005859e+00
9.263648986816406250e-01
-3.250762701034545898e+00
-7.064787149429321289e-01
7.298101186752319336e-01
-2.690959215164184570e+00
1.884331583976745605e+00
