2.155905008316040039e+00
-4.604359865188598633e-01
5.087440967559814453e+00
3.842437267303466797e+00
1.381127476692199707e+00
1.648372530937194824e+00
3.559657812118530273e+00
3.014284968376159668e-01
-3.470153510570526123e-01
1.227802157402038574e+00
5.058612674474716187e-02
3.012870848178863525e-01
2.394485950469970703e+00
3.523787856101989746e-01
-9.353491067886352539e-01
1.675378799438476562e+00
2.591077327728271484e+00
6.237545609474182129e-01
-4.677251353859901428e-02
1.372313499450683594e-01
-9.264355301856994629e-01
5.918769836425781250e-01
-3.367045819759368896e-01
-2.530924417078495026e-02
-2.490607500076293945e-01
1.064463996887207031e+01
1.330606842041015625e+01
1.537401294708251953e+01
1.580635547637939453e+01
1.768075752258300781e+01
1.912070465087890625e+01
2.165175628662109375e+01
2.368651580810546875e+01
2.236876964569091797e+00
-5.409280061721801758e-01
7.117468863725662231e-02
1.112711787223815918e+00
7.848588377237319946e-02
1.140048623085021973e+00
4.075337946414947510e-01
2.571659803390502930e+00
-8.334906697273254395e-01
1.927578300237655640e-01
-5.593592524528503418e-01
-2.239772528409957886e-01
1.049184938892722130e-03
-8.348888158798217773e-01
-5.559379458427429199e-01
-9.898796081542968750e-01
-2.408591061830520630e-01
-3.105070292949676514e-01
4.099983572959899902e-01
9.686575829982757568e-02
-2.503391914069652557e-02
1.728953480720520020e+00
1.841226100921630859e+00
-9.866581559181213379e-01
3.419701337814331055e+00
-9.183629751205444336e-01
9.224323630332946777e-01
-7.035999894142150879e-01
1.658949732780456543e+00
-7.049462199211120605e-01
5.359827876091003418e-01
-1.027185201644897461e+00
1.727252602577209473e+00
4.552744865417480469e+00
1.513728380203247070e+00
-5.466666817665100098e-01
6.354618072509765625e-01
4.263294041156768799e-01
-2.100020647048950195e-01
1.948096440173685551e-03
-4.592170417308807373e-01
-3.590700626373291016e-01
-1.185620427131652832e-01
5.802649259567260742e-01
4.503524303436279297e-01
1.480823289602994919e-02
6.026988476514816284e-02
-3.796441256999969482e-01
7.571703791618347168e-01
2.286305129528045654e-01
5.369664430618286133e-01
2.975985705852508545e-01
1.753802597522735596e-02
7.630213163793087006e-03
-8.908512443304061890e-02
-1.374115943908691406e-01
5.321685075759887695e-01
5.061916708946228027e-01
-3.793008029460906982e-01
3.752926290035247803e-01
-6.378550529479980469e-01
3.132766783237457275e-01
3.657149672508239746e-01
5.456917881965637207e-01
-1.825760602951049805e-01
4.009708762168884277e-01
-5.183318257331848145e-01
2.181124389171600342e-01
-5.437427163124084473e-01
-3.353525996208190918e-01
5.306597948074340820e-01
9.409707784652709961e-01
4.673376679420471191e-01
3.163863420486450195e-01
2.799164950847625732e-01
4.405728280544281006e-01
7.039331793785095215e-01
-3.452299833297729492e-01
2.558654248714447021e-01
7.141159772872924805e-01
2.923929989337921143e-01
-3.032481372356414795e-01
1.933556646108627319e-01
3.039252460002899170e-01
-1.027735546231269836e-01
4.549436867237091064e-01
3.721181154251098633e-01
6.493982672691345215e-01
-1.822074316442012787e-02
2.093292325735092163e-01
8.427676558494567871e-02
1.260293424129486084e-01
-3.667791187763214111e-01
4.360674023628234863e-01
-1.041871428489685059e+00
3.618344366550445557e-01
-2.389992028474807739e-01
4.263037145137786865e-01
-5.070211887359619141e-01
9.781800210475921631e-02
-7.877590060234069824e-01
7.206095457077026367e-01
6.437391042709350586e-01
5.213158726692199707e-01
-5.856006145477294922e-01
-5.224516987800598145e-01
-4.216120243072509766e-01
1.394622325897216797e+00
1.316765397787094116e-01
3.332750499248504639e-01
6.500097364187240601e-02
3.752103447914123535e-01
9.672585129737854004e-02
4.498679339885711670e-01
5.777065157890319824e-01
8.427733182907104492e-01
3.655768930912017822e-01
2.894864380359649658e-01
3.795259296894073486e-01
6.849471926689147949e-01
5.054596662521362305e-01
8.512915372848510742e-01
7.610977292060852051e-01
2.048605233430862427e-01
7.527921348810195923e-02
9.788777828216552734e-01
7.020209431648254395e-01
1.127364113926887512e-01
9.844480156898498535e-01
5.036425590515136719e-01
5.257618799805641174e-02
5.827113389968872070e-01
4.147919714450836182e-01
3.926931321620941162e-01
1.727272570133209229e-02
8.158052563667297363e-01
9.371331334114074707e-01
7.231048941612243652e-01
1.223830357193946838e-01
4.617039263248443604e-01
6.489988565444946289e-01
4.570860564708709717e-01
6.241709589958190918e-01
5.175768136978149414e-01
5.526425242424011230e-01
1.167813897132873535e+00
-2.452066659927368164e+00
8.923026323318481445e-01
