1.678700923919677734e+00
1.672904849052429199e+00
4.144119262695312500e+00
1.350536704063415527e+00
1.866172790527343750e+00
2.792075634002685547e+00
2.652953147888183594e+00
1.787167310714721680e+00
1.883680462837219238e+00
3.055385351181030273e+00
7.686053514480590820e-01
6.532184481620788574e-01
-1.850378990173339844e+00
-5.213808417320251465e-01
-3.996450603008270264e-01
1.516795396804809570e+00
1.475167393684387207e+00
3.512311279773712158e-01
-5.419776961207389832e-02
7.278117537498474121e-01
1.000899448990821838e-01
1.401226520538330078e-01
-9.983110427856445312e-01
3.828234076499938965e-01
-8.090681433677673340e-01
6.913324445486068726e-02
-1.796765327453613281e-01
-1.639857739210128784e-01
-1.678259856998920441e-02
-3.328075632452964783e-02
-9.387913160026073456e-03
-3.352117538452148438e-01
-5.729611590504646301e-02
5.472917854785919189e-02
3.390113115310668945e-01
3.126726448535919189e-01
6.325551271438598633e-01
1.021155834197998047e+01
1.318561172485351562e+01
1.339603137969970703e+01
1.402310466766357422e+01
1.560803890228271484e+01
1.504116630554199219e+01
1.708886146545410156e+01
1.808421516418457031e+01
1.928579902648925781e+01
2.138249588012695312e+01
2.393593025207519531e+01
3.110954093933105469e+01
1.475763678550720215e+00
-8.890557289123535156e-01
7.193413972854614258e-01
-9.778918623924255371e-01
-4.706961810588836670e-01
1.013824224472045898e+00
-7.407189011573791504e-01
1.675396561622619629e+00
2.167664021253585815e-01
5.200939178466796875e-01
7.942436337471008301e-01
1.856113314628601074e+00
4.753005802631378174e-01
-1.282518863677978516e+00
-1.389331579208374023e+00
-4.258340001106262207e-01
9.354147911071777344e-01
-2.625744938850402832e-01
-4.032374918460845947e-01
-8.936691880226135254e-01
-1.560393452644348145e+00
-5.972056984901428223e-01
-2.218990325927734375e-01
1.077132463455200195e+00
6.380218863487243652e-01
6.681280136108398438e-01
-9.171043634414672852e-01
-4.275662899017333984e-01
1.367053270339965820e+00
-4.759122729301452637e-01
1.265274167060852051e+00
2.791785717010498047e+00
2.215588808059692383e+00
2.193678855895996094e+00
-1.073692291975021362e-01
-1.560183316469192505e-01
6.667060256004333496e-01
-1.540527701377868652e+00
1.168438553810119629e+00
-1.781627655029296875e+00
-1.585618138313293457e+00
-3.859562635421752930e+00
3.313241004943847656e-01
1.180627718567848206e-01
-4.738936200737953186e-02
3.261248767375946045e-01
9.186734557151794434e-01
-1.570393562316894531e+00
-2.767238140106201172e+00
-1.515006422996520996e-01
-9.146417975425720215e-01
-4.769556820392608643e-01
-3.379791975021362305e-01
-5.061978697776794434e-01
6.641110777854919434e-01
1.537798404693603516e+00
2.002095878124237061e-01
-5.451858043670654297e-01
1.284946560859680176e+00
-3.039819598197937012e-01
1.709431886672973633e+00
7.837891578674316406e-01
-8.525316715240478516e-01
-6.103124022483825684e-01
3.825181722640991211e-02
8.228164911270141602e-01
-3.133180618286132812e+00
-1.001402974128723145e+00
1.347478777170181274e-01
4.914917051792144775e-01
2.908465862274169922e+00
-1.978242039680480957e+00
-1.889830112457275391e+00
-3.878993749618530273e+00
-7.784508466720581055e-01
-2.174777507781982422e+00
-9.610837697982788086e-01
-6.669587612152099609e+00
-3.023460209369659424e-01
3.943482041358947754e-01
-1.182682275772094727e+00
4.449965655803680420e-01
6.368733644485473633e-01
-5.476288199424743652e-01
-1.557702869176864624e-01
5.895927548408508301e-01
6.572955250740051270e-01
2.284061610698699951e-01
2.572063803672790527e-01
2.342469394207000732e-01
4.421359673142433167e-02
1.279682636260986328e+00
-1.569802016019821167e-01
-2.550686597824096680e-01
2.991356551647186279e-01
3.048384189605712891e-01
-1.041145343333482742e-02
3.154637813568115234e-01
-5.983442068099975586e-01
-2.638625502586364746e-01
-1.150271058082580566e+00
-2.513802528381347656e+00
1.118910789489746094e+00
3.321700096130371094e-01
-7.423028945922851562e-01
-6.996701359748840332e-01
7.342452406883239746e-01
-8.403356075286865234e-01
1.423890590667724609e-01
-3.892916440963745117e-01
2.089521884918212891e+00
-7.720452547073364258e-01
6.208878755569458008e-01
3.476312458515167236e-01
-6.429432630538940430e-01
6.015762090682983398e-01
-3.624235987663269043e-01
1.526020318269729614e-01
1.984622836112976074e+00
4.706625267863273621e-02
1.095363378524780273e+00
-3.093476295471191406e-01
-6.357574462890625000e-01
3.785518407821655273e-01
1.930641978979110718e-01
1.216194987297058105e+00
1.480418801307678223e+00
-4.185811281204223633e-01
7.836661934852600098e-01
6.945160031318664551e-01
-1.317627131938934326e-01
3.244552910327911377e-01
-4.845695793628692627e-01
-1.319902777671813965e+00
-6.148639321327209473e-01
1.295744895935058594e+00
-3.819812238216400146e-01
2.430011183023452759e-01
-1.262010931968688965e+00
-1.584671974182128906e+00
8.987173438072204590e-01
5.138964653015136719e-01
-1.593849156051874161e-03
2.512404918670654297e-01
1.292473435401916504e+00
-4.837425351142883301e-01
7.465307712554931641e-01
1.322288662195205688e-01
-1.951441526412963867e+00
-6.166629791259765625e-01
1.692882657051086426e+00
1.829694271087646484e+00
1.081249341368675232e-01
6.737927436828613281e+00
1.503333747386932373e-01
7.801612019538879395e-01
-2.137273848056793213e-01
-1.116169430315494537e-02
3.412035405635833740e-01
-2.069772332906723022e-01
-2.108597904443740845e-01
-1.290595233440399170e-01
3.291975557804107666e-01
-2.659090757369995117e-01
-2.918066084384918213e-01
-3.387478291988372803e-01
-3.402327895164489746e-01
-6.172341108322143555e-01
-3.876019269227981567e-02
-9.690423309803009033e-02
2.683685719966888428e-01
2.137972712516784668e-01
-2.746873199939727783e-01
3.208859590813517570e-03
-9.559968113899230957e-02
7.656640559434890747e-02
2.378899157047271729e-01
-1.769057661294937134e-01
3.153298199176788330e-01
6.800599694252014160e-01
-5.407195091247558594e-01
-1.257008463144302368e-01
3.032644391059875488e-01
2.251081168651580811e-01
-2.506203353404998779e-01
5.109444260597229004e-01
-1.767893582582473755e-01
-8.142348378896713257e-02
-1.079725265502929688e+00
-3.007734417915344238e-01
-2.392073720693588257e-01
-1.980160027742385864e-01
-1.483317464590072632e-01
-4.014283046126365662e-02
2.716588377952575684e-01
-7.772235572338104248e-02
-1.015624046325683594e+00
2.351038753986358643e-01
-5.253015756607055664e-01
1.212007105350494385e-01
4.857603907585144043e-01
-4.833776131272315979e-02
-3.432867303490638733e-02
-6.013895869255065918e-01
4.458500742912292480e-01
-4.459294676780700684e-01
-8.371230214834213257e-03
-2.783185839653015137e-01
2.313488274812698364e-01
-3.175921738147735596e-01
1.319832503795623779e-01
4.704419374465942383e-01
7.311371713876724243e-02
-3.604220151901245117e-01
-6.142191290855407715e-01
6.846547871828079224e-02
5.586413741111755371e-01
-3.768741786479949951e-01
-7.182501554489135742e-01
2.583139538764953613e-01
1.490180939435958862e-01
-5.954145789146423340e-01
-5.029363036155700684e-01
-3.487985134124755859e-01
-4.563110172748565674e-01
4.358094632625579834e-01
9.790963530540466309e-01
2.552796304225921631e-01
-1.012676477432250977e+00
-2.643195092678070068e-01
-5.993469357490539551e-01
-5.264573574066162109e+00
-2.252931594848632812e-01
1.420716047286987305e+00
-4.260430578142404556e-03
4.406655207276344299e-03
-4.251879581715911627e-04
2.526102587580680847e-03
-5.843728315085172653e-03
-4.070048686116933823e-03
-4.098060075193643570e-03
3.828302724286913872e-03
2.443481469526886940e-03
5.301621276885271072e-04
-3.677948610857129097e-03
-5.360729526728391647e-03
-6.254617124795913696e-03
-8.380864746868610382e-03
-1.406576775480061769e-04
-6.014321930706501007e-03
-3.201033920049667358e-03
3.243629354983568192e-03
1.404722337611019611e-03
1.395253464579582214e-03
-1.422706875018775463e-03
8.147378452122211456e-03
8.247197605669498444e-03
-4.428646061569452286e-03
-5.122284870594739914e-03
-3.737963270395994186e-03
7.853648625314235687e-03
3.838390111923217773e-03
5.253061652183532715e-03
2.921954728662967682e-03
4.264992021489888430e-04
-9.703979827463626862e-03
9.067703969776630402e-03
-7.743509020656347275e-03
1.331659732386469841e-03
-9.042329154908657074e-03
3.619079478085041046e-03
-2.702426165342330933e-03
6.073654163628816605e-03
3.757567610591650009e-03
-8.146936073899269104e-03
-9.556214325129985809e-03
1.546633080579340458e-03
-7.270030677318572998e-03
4.047368653118610382e-03
4.789874423295259476e-03
4.339079838246107101e-03
-9.947961196303367615e-03
-1.717371633276343346e-03
-1.710279611870646477e-03
-2.969542285427451134e-03
1.873360306490212679e-04
-5.468481685966253281e-03
-3.929980099201202393e-03
3.591499291360378265e-03
-2.529209014028310776e-03
-5.188439972698688507e-03
-4.493965301662683487e-03
9.965586476027965546e-03
8.237930014729499817e-03
2.960696583613753319e-04
1.219157245941460133e-03
7.066476624459028244e-03
5.614488385617733002e-03
7.898396579548716545e-04
7.557009346783161163e-03
8.627551724202930927e-04
-8.548501878976821899e-03
1.849568798206746578e-03
-2.523438015487045050e-04
5.629334133118391037e-03
7.485155947506427765e-03
-2.411848166957497597e-03
-6.757108960300683975e-03
3.213570918887853622e-03
5.601578392088413239e-03
5.589995998889207840e-03
9.799457155168056488e-03
1.443426132202148438e+00
7.801239490509033203e-01
-1.455951809883117676e+00
5.041546821594238281e-01
