1.026557350158691406e+01
1.541136646270751953e+01
1.541151046752929688e+01
1.082563972473144531e+01
9.964282989501953125e+00
1.548430442810058594e+01
1.541139411926269531e+01
1.541135215759277344e+01
1.317584419250488281e+01
1.098734188079833984e+01
4.106403827667236328e+00
-4.299884319305419922e+00
4.973276138305664062e+00
3.900195837020874023e+00
-2.514404058456420898e+00
3.141241520643234253e-02
-9.111680030822753906e+00
1.243255519866943359e+01
-5.903224468231201172e+00
5.449877977371215820e-01
5.138677120208740234e+00
-9.787368774414062500e-01
8.325385093688964844e+00
3.598010301589965820e+00
-6.237025186419487000e-02
2.577977776527404785e-01
5.151515960693359375e+00
8.046029090881347656e+00
1.287143707275390625e+01
-2.652271270751953125e+00
9.829718589782714844e+00
-2.807180166244506836e+00
5.802041888236999512e-01
-5.183635711669921875e+00
1.159962892532348633e+00
1.734525561332702637e+00
-8.921277999877929688e+00
5.100441932678222656e+00
7.621777057647705078e+00
6.517315506935119629e-01
-8.945495605468750000e+00
-5.402419567108154297e+00
-8.085121154785156250e+00
7.182352066040039062e+00
4.092119336128234863e-01
-1.773321747779846191e+00
-6.080605030059814453e+00
-1.021226692199707031e+01
8.515204429626464844e+00
-4.652335166931152344e+00
2.167988777160644531e+00
3.408573269844055176e-01
-1.061126515269279480e-01
-1.437153220176696777e-01
-6.227284073829650879e-01
-7.297080993652343750e+00
-3.509496450424194336e-01
-2.643886506557464600e-01
4.647952556610107422e+00
2.742341995239257812e+00
6.202141284942626953e+00
4.731768608093261719e+00
9.179805755615234375e+00
-1.286136531829833984e+01
-6.685107350349426270e-01
-3.062349557876586914e+00
-1.724400073289871216e-01
4.105124473571777344e+00
4.512917995452880859e+00
2.605045080184936523e+00
3.469305634498596191e-01
-5.503279566764831543e-01
-3.684687852859497070e+00
3.592533588409423828e+00
3.978221893310546875e+00
-3.144850969314575195e+00
-2.025723218917846680e+00
-1.043222665786743164e+00
5.360368251800537109e+00
3.086891770362854004e-01
1.589183688163757324e+00
-3.017200708389282227e+00
-3.540945053100585938e+00
2.868303060531616211e+00
-1.045451998710632324e+00
4.410417079925537109e+00
-3.363311529159545898e+00
-4.139323532581329346e-01
3.348408222198486328e+00
-7.742138952016830444e-02
-2.955756902694702148e+00
3.915373802185058594e+00
-3.167986869812011719e+00
-6.745979189872741699e-01
-5.135299563407897949e-01
3.896941900253295898e+00
-2.333647251129150391e+00
2.714256525039672852e+00
-3.323848485946655273e+00
-2.988208055496215820e+00
3.515340685844421387e-01
-2.162322402000427246e-01
-3.602960407733917236e-01
2.395605325698852539e+00
4.581745624542236328e+00
-2.017075777053833008e+00
6.636459827423095703e-01
-1.274250268936157227e+00
-6.740503311157226562e-01
-1.225619077682495117e+00
-2.329586982727050781e+00
2.382739543914794922e+00
-3.076421737670898438e+00
-1.211030364036560059e+00
3.909071445465087891e+00
1.908566594123840332e+00
4.062437057495117188e+00
3.153434514999389648e+00
-8.860641717910766602e-01
3.568345606327056885e-01
-3.331688880920410156e+00
5.291917324066162109e-01
4.054782867431640625e+00
4.965104103088378906e+00
1.956444144248962402e+00
-4.360185265541076660e-01
-1.237626194953918457e+00
-2.941982269287109375e+00
3.779109001159667969e+00
4.535214424133300781e+00
-2.595118045806884766e+00
-1.602679789066314697e-01
-1.522085666656494141e+00
4.927602291107177734e+00
-1.957266181707382202e-01
1.616263866424560547e+00
-2.740250825881958008e+00
-3.190306901931762695e+00
2.538528442382812500e+00
-2.497509479522705078e+00
4.381326675415039062e+00
-1.635559201240539551e+00
5.691252946853637695e-01
4.242132663726806641e+00
2.651002883911132812e+00
-2.362137794494628906e+00
3.882638216018676758e+00
-2.751544952392578125e+00
-1.344331145286560059e+00
-4.738069772720336914e-01
3.461188793182373047e+00
-1.883371949195861816e+00
3.571283817291259766e+00
-2.371833562850952148e+00
-3.321044683456420898e+00
4.568763375282287598e-01
-8.091605305671691895e-01
-1.372211813926696777e+00
2.298710346221923828e+00
4.755948066711425781e+00
-2.430217415094375610e-01
6.547801494598388672e-01
3.969036974012851715e-03
6.428350806236267090e-01
-5.454685091972351074e-01
-3.080410242080688477e+00
2.226727724075317383e+00
-2.858405351638793945e+00
-1.074852943420410156e+00
3.214455127716064453e+00
2.173412799835205078e+00
3.595875501632690430e+00
2.071339368820190430e+00
-1.148913979530334473e+00
1.158510565757751465e+00
-7.020559310913085938e-01
