-5.342063733380433277e-01
7.305673890947473881e-01
4.489747965593918200e-01
1.827964294103536225e-01
-1.343292995129103495e+00
-5.053695410083941519e-01
-6.885788318785119877e-01
-5.931488303206066126e-01
-5.204433488335700186e-01
-1.015734572171495653e+00
-1.272395053661953268e+00
-4.065274029457153215e-01
2.059965807049456143e-01
2.745853771247889763e-01
1.105555244142341909e-01
-1.345420120491813476e+00
-1.388571903656047324e+00
2.208347984917156392e-01
-7.529798447974507258e-01
-5.658764809873035873e-01
1.114896651946581052e+00
5.797284808984274340e-01
-1.374279754127342712e-01
-4.644565137092781515e-01
6.708679726775856889e-01
3.931653248626718056e-01
2.327670752667052867e-01
3.615327945598927895e-01
-1.405689248372387068e-01
2.590752056359070798e-01
8.051019471113948223e-01
5.379779550229482066e-01
-7.354417596860204354e-01
-8.835505070472636779e-01
3.602165249026477167e-01
-2.405011514802149475e-01
-5.486799004935501989e-01
-1.493471460949973295e-01
-6.135526021581871881e-01
-5.704197993345571094e-01
3.372171112587110109e-01
-1.579578573154075960e-01
-6.776381580476805722e-01
1.009265704162069371e-01
-1.824507086888509655e-01
-4.268789926478808866e-03
-9.351564381622391453e-01
-5.513229318486369962e-02
9.608168319303602711e-01
-7.014934255523279649e-01
4.936307398591820994e-01
1.542338109127001089e-01
2.537065777505191355e-01
2.874079897110874970e-01
6.952157633595156261e-01
7.036858794870712308e-02
1.483156989028808215e-01
7.270428236061097227e-01
-2.993759309367511889e-01
-2.955041844272434659e-01
2.753718590309142678e-01
-1.208986265855496622e+00
5.114381960928079257e-02
-2.267277688401554137e-01
6.913739184086933331e-01
-2.197250486273205072e-01
5.393535489984149084e-02
-4.116585863382004606e-01
4.103991373331918324e-01
-1.129221734072929584e+00
-1.337180582176257515e-01
1.766992905982067708e+00
6.035354244085134878e-01
1.099652412060118767e+00
4.059619931723157382e-01
1.759923729017203731e-01
-4.430764004330834949e-01
5.120840402248066914e-01
-1.035708339895511365e+00
8.739081416958280890e-01
-1.514001031869658176e+00
4.341484216387860307e-01
-2.234728945851869319e-01
-9.520721779973012611e-01
-5.261493395703098486e-01
-5.450203409899543328e-01
3.613967745986392255e-01
-7.342939864876751876e-01
-4.210247559060371070e-01
-4.034626492199818726e-01
1.283069309351103637e-01
3.533776124351122316e-01
-1.467289593044042828e+00
-5.248619890421303280e-01
4.247870087166907282e-01
1.159462664011005201e-01
5.534942141242356062e-01
3.172522945784158055e-01
1.769982796772162359e-01
-3.909524451774524373e-02
9.706994129410290162e-01
-5.046535548358656031e-01
-1.683642143114968404e-01
3.901035549588708906e-01
-8.985795146961478297e-01
-9.573886219280527965e-02
-2.442237156047103730e-01
-5.043646381115342026e-01
2.026023104729325619e-01
3.165848591966567982e-01
4.661902459666014686e-01
-1.035080908003738198e+00
2.414608684274029138e-01
-1.824952656429593978e-01
6.565998723545682925e-01
-5.582248796377117239e-01
2.369779052404183683e-01
-4.854126633412521596e-01
-7.478425805273688498e-01
4.521613061332676042e-01
5.760345120416724418e-01
-7.449038965766595632e-01
-8.559605154410118155e-01
-3.497917295703699692e-01
3.086600495130910615e-01
5.589665113910651240e-01
4.968650401952278695e-01
5.636913417122345615e-01
2.516241829658157347e-01
-3.392712513803614049e-01
8.419610337431231439e-01
2.595929279988404281e-01
2.881597079759730118e-01
-4.791080842139869289e-01
5.595353083687245599e-01
7.225144795705934486e-01
-2.702261617363711510e-01
5.617423525702238685e-01
1.023263756445697004e+00
-1.723865665203352382e+00
-1.209127655828367676e+00
1.057109073335282812e+00
2.651795008108320251e-01
4.873205117268004094e-01
6.743972565313423040e-01
-1.882210895444115240e-01
-2.561097038408297055e-01
7.323037183483938062e-01
-2.873444123026518415e-01
8.940561182485518010e-01
2.683673122023462129e-02
-3.520211200873712420e-01
-5.393282351594029800e-01
-1.874298639335589267e-01
-4.480434256755053135e-02
1.150150038373302541e+00
5.102477963331895072e-01
3.748655827793283962e-02
-6.346743574565807400e-01
-1.010075575206544618e-01
-1.889496752751818054e-01
-1.110281904505479034e+00
-6.310340985807116887e-02
1.156704174691330023e+00
7.034587834100601844e-01
2.810390215848433404e-01
1.778722499326903794e-01
1.202980581466576382e+00
2.114417742958489832e-01
1.069871761984894754e+00
-1.046557455992973784e+00
-3.270644577684305720e-01
1.248892696352313481e+00
2.999545980839189996e-01
-2.833163878647824152e-01
5.511946182011040474e-01
3.018016885398702720e-01
6.873615785033999614e-01
-3.214257285199055569e-02
1.311670065287263043e+00
1.500541671260862686e-01
-4.705967667476989580e-01
-4.178743098869199812e-01
5.878121271851690643e-01
-1.384466510636347403e-01
8.047184674908659519e-01
-7.125030172301045628e-01
2.212405164538415459e-01
-7.419758727468281356e-02
9.005950380614976547e-01
8.254429198630470754e-01
4.915643410837782223e-01
-1.671261607508050390e-02
5.405967573861586439e-01
-3.701479475579468881e-01
-1.716730992904592912e-02
3.042189147710678832e-01
-1.073998616617441171e-01
-2.750183415264331188e-01
6.887375030195318493e-01
-3.304381681124908543e-02
-3.076377021897222508e-01
1.449057221344977608e-01
-5.334618135237854109e-01
-5.939698911104447365e-01
-7.160140721713230683e-01
-1.298954698881374714e+00
9.397661410764350798e-01
-8.856752250988460251e-02
7.284371319771135722e-01
-3.481016715973732079e-01
2.971802299123836311e-01
2.368097679119509080e-01
2.005772543228334925e-01
-1.328533483024390005e+00
1.132949339020071777e+00
4.011297333714350377e-01
-8.409033236505804032e-01
1.102156663831298067e+00
2.595899706959178266e-01
-4.414880820396729355e-01
-2.783482482922374768e-01
4.300387866145220506e-01
3.954212299837151501e-01
1.738351180706632526e+00
7.722439168789780872e-01
-1.955746608228050853e-01
1.181894834679991790e+00
-9.527033847791158694e-01
2.637239347802832756e-01
7.653378838410239693e-01
-1.200687269901795778e-01
3.486406450898723031e-01
1.878854089754784740e+00
1.472076682185436969e+00
-7.816941770105888532e-01
-3.456785209416337046e-01
-7.064504588135563923e-01
-3.106847012738906399e-01
8.377144039107120577e-01
1.103855246657623607e-01
-5.454062173671587743e-01
-7.967102536081853426e-02
-4.144461839228238964e-01
-4.722976327870323510e-01
-3.213835853660410025e-01
-2.377544259391398129e-01
-6.036550103678935963e-01
-1.498318248892747562e+00
-5.342475879649991599e-01
1.705830391171928584e+00
-1.068740455838153469e+00
-4.829583238276169421e-01
2.217240312498316712e-01
1.405261768313774244e-02
-1.840080763721330809e-02
1.218303713614717232e+00
-1.811172545966590886e-01
5.476863050335514238e-01
1.224393200683129151e-01
4.174058903821202815e-01
1.313051102273373461e-01
-3.540145000608707071e-01
-2.107787899860477654e-01
7.490420337274714679e-01
7.826031792079568561e-01
9.542368766051406714e-01
-4.311630000370735849e-01
-5.768360845910776025e-01
1.500772115785404814e+00
1.270654012489280948e-01
-1.370357674257215164e-01
-2.209170772608179401e-01
5.119011018813734992e-01
-4.107995928923131590e-01
-2.275999116168048522e-02
1.025257159915146543e+00
-6.734640449472896195e-01
4.908028563372043851e-01
-7.021178735076751519e-03
-7.639160424315946107e-01
-4.156751367956046939e-01
-2.121550727596714647e-01
-2.570240299683639734e-02
5.568061802169711749e-03
1.226765675082249207e-01
-1.062814651137562521e-03
8.017210145560084156e-01
3.707541642718213404e-01
-3.529732379943536502e-01
4.845023332280843920e-01
-3.462433656146359784e-01
-2.803769410195877110e-01
-9.404000393489394538e-01
1.240452855972391077e+00
-4.112163530249970944e-01
-2.292252759070300128e-01
4.571167045951823327e-01
5.336343582634026639e-01
2.754380819644771106e-01
9.331521030326589417e-01
4.770463408440316910e-01
5.733547737888402551e-01
-5.530805351868997022e-01
-4.503301560176491414e-01
8.504711924097695386e-01
7.545789488296624770e-01
2.619872534966167232e-01
1.189876293554151809e+00
-1.264584521259087380e+00
6.789318006466325828e-02
-1.006866247014805316e+00
-3.785338960370802086e-01
-9.825162300538055060e-01
-1.268206119440291824e+00
-5.931018917302471882e-02
5.601010036166446104e-01
8.378319784998188302e-01
-4.751742054837451018e-02
1.012756792418386453e+00
-5.010560742225773634e-01
3.810465072066527292e-01
-6.173297678792605270e-01
-3.935519647297023305e-01
5.691463627896558020e-01
-2.704363761171499347e-01
9.649896599056291269e-01
1.982742478963907540e-01
6.867728006340321212e-01
5.001254780998949379e-01
-1.564220426463923397e-01
2.465431227957258220e-01
-1.116449344452603132e+00
7.079410491243594283e-02
1.116199961135011742e+00
-1.413805963250075459e+00
-1.038636872584183246e-01
1.965039319779631477e-01
-8.586479398509647698e-01
1.048037683976812406e+00
-1.116525281105536616e+00
-3.735192374753562028e-01
2.091248947025277916e-01
-2.874478867409239746e-01
-9.244501808768897932e-01
9.914578674939308334e-01
6.242736037795062476e-01
2.326273554793990561e-01
-7.789550722340816691e-01
9.417900529748211014e-01
1.837019834496525394e+00
-3.241080711199674225e-01
-1.859910050442768470e-01
9.154123795463262048e-02
5.590562917331874937e-01
-5.286884092608277186e-01
-8.552817233384651940e-01
9.562150384367738010e-01
3.761129902586094476e-01
-2.900305400682448576e-02
