2.196636199951171875e+00
5.108168601989746094e+00
3.893757104873657227e+00
1.593299984931945801e+00
3.757778882980346680e+00
9.189809560775756836e-01
2.244614660739898682e-01
-2.016441971063613892e-01
1.457950711250305176e+00
-4.855963289737701416e-01
1.206521391868591309e+00
-2.511984407901763916e-01
-1.051464900374412537e-01
-1.185792610049247742e-01
1.797181516885757446e-01
-8.536928892135620117e-01
1.332597255706787109e+01
1.536306381225585938e+01
1.650790214538574219e+01
1.898591232299804688e+01
2.447815322875976562e+01
-8.707725405693054199e-01
1.484611183404922485e-01
-3.360463976860046387e-01
-1.253589242696762085e-01
-1.500466912984848022e-01
-4.399228692054748535e-01
-1.839428305625915527e+00
3.867223262786865234e-01
-2.262195587158203125e+00
5.417848587036132812e+00
-1.852538704872131348e+00
6.169110774993896484e+00
3.001895844936370850e-01
-2.556866168975830078e+00
3.621255159378051758e+00
3.936495780944824219e-01
5.891446024179458618e-02
-1.570129841566085815e-01
9.853152185678482056e-02
-8.742756396532058716e-02
1.517674177885055542e-01
6.895126402378082275e-02
1.217521205544471741e-01
1.113709211349487305e+00
-8.699371814727783203e-01
3.140015900135040283e-01
-2.458109855651855469e+00
-7.409345824271440506e-03
3.814871013164520264e-01
1.919798016548156738e+00
3.429005742073059082e-01
-2.792382240295410156e-01
8.429931104183197021e-02
3.831683099269866943e-01
5.897421836853027344e-01
5.533418655395507812e-01
5.965735912322998047e-01
-2.888013720512390137e-01
-6.434048712253570557e-02
-7.429670691490173340e-01
2.288498580455780029e-01
1.504374384880065918e+00
4.225522875785827637e-01
3.559726476669311523e-01
-9.805040955543518066e-01
2.771672792732715607e-03
-4.218058660626411438e-03
-6.707374937832355499e-03
2.114189323037862778e-03
3.656734246760606766e-03
8.828339166939258575e-03
-7.942663505673408508e-03
-8.282960392534732819e-03
-8.060641586780548096e-03
-2.151836873963475227e-03
-1.995611004531383514e-03
-5.577275995165109634e-03
-7.543418556451797485e-03
-2.481810515746474266e-03
3.089054021984338760e-03
5.325921773910522461e-01
1.134409546852111816e+00
-2.225428581237792969e+00
7.940788269042968750e-01
