1.652481317520141602e+00
4.592604637145996094e-01
1.581110239028930664e+00
4.657624721527099609e+00
3.195991516113281250e-01
8.449414372444152832e-01
3.075733184814453125e+00
2.462016820907592773e+00
1.176236987113952637e+00
1.858304888010025024e-01
1.750344276428222656e+00
1.955897212028503418e+00
2.380291938781738281e+00
1.460787892341613770e+00
2.295400798320770264e-01
-7.288984656333923340e-01
4.781948029994964600e-01
-8.121415972709655762e-02
6.738326549530029297e-01
5.237667560577392578e-01
-1.383177042007446289e-01
2.510920464992523193e-01
1.100580915808677673e-01
-7.182001471519470215e-01
3.307096362113952637e-01
-2.884921729564666748e-01
1.545630022883415222e-02
6.596351861953735352e-01
9.224585443735122681e-02
-2.882924377918243408e-01
4.600880742073059082e-01
2.029484696686267853e-02
-1.734544932842254639e-01
-3.179001510143280029e-01
1.114067584276199341e-01
3.443470224738121033e-02
1.967881470918655396e-01
-2.358730733394622803e-01
6.363589316606521606e-02
-1.283061355352401733e-01
9.318639755249023438e+00
1.041950607299804688e+01
1.328044700622558594e+01
1.340006637573242188e+01
1.463220310211181641e+01
1.553510284423828125e+01
1.494727516174316406e+01
1.707979011535644531e+01
1.801844215393066406e+01
1.739538574218750000e+01
1.895612907409667969e+01
1.907408142089843750e+01
1.964298439025878906e+01
-4.060801565647125244e-01
1.101855710148811340e-01
-2.602547705173492432e-01
-3.673404688015580177e-03
-7.600663900375366211e-01
1.748457401990890503e-01
3.790450990200042725e-01
4.579724743962287903e-02
-4.389945864677429199e-01
2.813447713851928711e-01
4.297545552253723145e-02
3.702609539031982422e-01
-1.062032654881477356e-01
6.728596687316894531e-01
-6.160472631454467773e-01
5.979337096214294434e-01
-5.772830247879028320e-01
-3.089159429073333740e-01
-1.815144270658493042e-01
4.538417607545852661e-02
3.445980548858642578e-01
1.442771673202514648e+00
-1.682343930006027222e-01
1.038986682891845703e+00
-3.131003677845001221e-01
-7.528722882270812988e-01
-3.003318011760711670e-01
-1.081072315573692322e-01
-1.958176642656326294e-01
4.514589309692382812e-01
-9.600798040628433228e-02
-2.549670934677124023e-01
2.467955946922302246e-01
-3.723578751087188721e-01
-2.691135704517364502e-01
-4.785450696945190430e-01
8.163676261901855469e-01
1.287907958030700684e-01
-1.495345234870910645e-01
-4.552396833896636963e-01
-2.116807550191879272e-01
2.496992498636245728e-01
-5.524079799652099609e-01
-4.302038550376892090e-01
9.816113114356994629e-01
2.283876761794090271e-03
7.378777265548706055e-01
-3.413381278514862061e-01
-2.760805785655975342e-01
3.915966153144836426e-01
5.014966726303100586e-01
-9.334599375724792480e-01
8.393543958663940430e-01
-2.900802791118621826e-01
2.025243490934371948e-01
1.289278268814086914e-01
-2.316490560770034790e-01
1.324803233146667480e-01
-6.425849795341491699e-01
-1.027909278869628906e+00
4.524461925029754639e-01
2.197974026203155518e-01
-8.242173194885253906e-01
-6.256369352340698242e-01
2.830299735069274902e-01
-8.591938763856887817e-02
4.509533047676086426e-01
4.140563905239105225e-01
-7.628693580627441406e-01
-6.100166589021682739e-02
6.223320960998535156e-02
-2.040064185857772827e-01
1.083046421408653259e-01
3.924823403358459473e-01
-9.697175025939941406e-01
-2.589341998100280762e-01
2.771445810794830322e-01
2.252813428640365601e-01
7.536508440971374512e-01
-8.239779472351074219e-01
4.355036318302154541e-01
1.984729647636413574e+00
-6.848168373107910156e-01
2.080734968185424805e-01
6.968837976455688477e-02
5.188574194908142090e-01
-8.790830373764038086e-01
-3.320574462413787842e-01
1.541028261184692383e+00
5.178973078727722168e-01
6.547069549560546875e-01
3.425908982753753662e-01
1.596806943416595459e-01
3.780113160610198975e-01
5.131973028182983398e-01
5.021745562553405762e-01
-1.294926702976226807e-01
-3.323758840560913086e-01
4.855300486087799072e-01
4.315837025642395020e-01
-3.905177116394042969e-01
-4.817226529121398926e-01
-5.472931861877441406e-01
5.334485173225402832e-01
-1.680153459310531616e-01
-7.409130781888961792e-02
-1.942059546709060669e-01
2.875922620296478271e-01
1.348125040531158447e-01
5.435544848442077637e-01
3.463167846202850342e-01
5.254675745964050293e-01
-4.830186963081359863e-01
2.829330265522003174e-01
-3.692733049392700195e-01
4.644943177700042725e-01
2.603242695331573486e-01
-1.419410556554794312e-01
1.247671549208462238e-03
-1.252664178609848022e-01
1.008842214941978455e-01
2.121030539274215698e-01
1.357419788837432861e-01
5.406076312065124512e-01
3.634782433509826660e-01
6.697388738393783569e-02
3.882911428809165955e-02
2.462398959323763847e-03
4.075272381305694580e-01
-8.733531087636947632e-02
-2.071369290351867676e-01
-7.992835342884063721e-02
-3.267445787787437439e-02
4.936403334140777588e-01
1.503606438636779785e-01
1.066149026155471802e-01
-3.526771366596221924e-01
1.289430856704711914e-01
-3.233612477779388428e-01
-7.427365332841873169e-02
5.078321099281311035e-01
5.439766049385070801e-01
4.900414049625396729e-01
-1.639806926250457764e-01
-3.530930280685424805e-01
3.417384028434753418e-01
1.217436566948890686e-01
4.168525636196136475e-01
-4.064295291900634766e-01
2.697031795978546143e-01
8.418897539377212524e-02
6.894071400165557861e-02
-1.632608771324157715e-01
3.207159638404846191e-01
4.651536643505096436e-01
-4.929394274950027466e-02
1.173526793718338013e-01
1.249649301171302795e-01
5.172268301248550415e-02
5.149529576301574707e-01
-4.881963729858398438e-01
3.566453158855438232e-01
2.559909820556640625e-01
4.365219771862030029e-01
-4.415067732334136963e-01
-3.967702984809875488e-01
2.010561972856521606e-01
9.161418080329895020e-01
-3.023503124713897705e-01
-6.433513015508651733e-02
-5.621107816696166992e-01
1.250976622104644775e-01
-4.315950274467468262e-01
1.694120615720748901e-01
6.990239024162292480e-01
4.563635587692260742e-01
-3.712022677063941956e-02
4.467809200286865234e-01
-2.296809554100036621e-01
3.148631155490875244e-01
-4.894933104515075684e-01
3.024804294109344482e-01
4.967795014381408691e-01
4.345777630805969238e-01
-2.106407582759857178e-01
4.530722200870513916e-01
1.752553433179855347e-01
4.449376165866851807e-01
1.274160202592611313e-02
6.150320172309875488e-01
-6.985653936862945557e-02
4.228896498680114746e-01
-4.467956125736236572e-01
-4.888708293437957764e-01
6.199812516570091248e-02
-2.230771481990814209e-01
1.078383848071098328e-01
-1.415489017963409424e-01
4.864757061004638672e-01
3.145630955696105957e-01
-5.315766930580139160e-01
1.319623291492462158e-01
3.937467634677886963e-01
-2.397412061691284180e-01
3.560348451137542725e-01
-1.370437443256378174e-01
-1.442712265998125076e-02
4.266696274280548096e-01
2.636604011058807373e-01
-2.395825274288654327e-02
1.353273391723632812e-01
-3.370322585105895996e-01
-3.298943936824798584e-01
4.390456900000572205e-02
-4.449366033077239990e-01
-1.728121936321258545e-01
9.272237122058868408e-02
3.275265097618103027e-01
-8.316319435834884644e-02
7.046027779579162598e-01
4.808980524539947510e-01
-2.622295320034027100e-01
-7.274194061756134033e-02
-1.622762382030487061e-01
-1.912991404533386230e-01
-1.368132978677749634e-01
-6.624682545661926270e-01
2.085733711719512939e-01
5.985381007194519043e-01
7.868868112564086914e-02
1.613739132881164551e-02
-1.836091578006744385e-01
-1.994154751300811768e-01
4.052484333515167236e-01
-1.752548068761825562e-01
-3.138759732246398926e-02
1.509042978286743164e-01
-5.709742661565542221e-03
-4.833124577999114990e-02
1.630294471979141235e-01
-3.152176439762115479e-01
3.184399902820587158e-01
8.601200766861438751e-03
-1.511911749839782715e-01
4.605257809162139893e-01
3.781788423657417297e-02
-1.667294651269912720e-01
-1.853689253330230713e-01
-3.298217654228210449e-01
-1.160278450697660446e-02
1.492123454809188843e-01
4.930046796798706055e-01
5.048605203628540039e-01
7.304674386978149414e-01
-2.752473950386047363e-01
5.549404621124267578e-01
-3.389927148818969727e-01
8.331094980239868164e-01
2.163408100605010986e-01
1.391670703887939453e-01
2.197082340717315674e-01
-4.662635922431945801e-01
5.652179121971130371e-01
-6.423496007919311523e-01
-3.700347840785980225e-01
-1.664925664663314819e-01
-2.205191850662231445e-01
3.261217474937438965e-01
-3.279169648885726929e-02
6.729109678417444229e-03
-8.003292977809906006e-02
-2.612840533256530762e-01
4.710896909236907959e-01
9.523943811655044556e-02
4.198825359344482422e-01
9.416434764862060547e-01
8.164057135581970215e-01
5.527649521827697754e-01
4.613989591598510742e-01
2.218470871448516846e-01
2.426880300045013428e-01
2.950248420238494873e-01
6.391465067863464355e-01
1.168260052800178528e-01
9.734973907470703125e-01
5.229865908622741699e-01
8.439239263534545898e-01
6.333463191986083984e-01
1.558321118354797363e-01
2.893121242523193359e-01
1.870999485254287720e-01
6.773393154144287109e-01
8.445127308368682861e-02
9.836946725845336914e-01
3.954650759696960449e-01
2.765946388244628906e-01
3.771276175975799561e-01
4.839204251766204834e-01
1.732961535453796387e-01
3.972886130213737488e-02
2.968785762786865234e-01
9.944323897361755371e-01
4.953507781028747559e-01
2.666097879409790039e-01
2.866533696651458740e-01
4.043532907962799072e-02
9.031042456626892090e-01
1.056241542100906372e-01
2.849088013172149658e-01
5.272598862648010254e-01
2.274620980024337769e-01
3.100141324102878571e-02
1.359970867633819580e-01
3.452344834804534912e-01
3.334008753299713135e-01
6.213973760604858398e-01
8.133251070976257324e-01
4.661078453063964844e-01
2.794900834560394287e-01
1.075941249728202820e-01
7.999250292778015137e-01
6.121983528137207031e-01
8.168576955795288086e-01
3.871686458587646484e-01
4.537004232406616211e-01
6.813733577728271484e-01
4.701448082923889160e-01
4.491193592548370361e-01
5.963705182075500488e-01
1.656287014484405518e-01
5.132111907005310059e-01
5.252702236175537109e-01
7.762939333915710449e-01
8.967494368553161621e-01
5.115357041358947754e-01
4.996795579791069031e-02
1.091978773474693298e-01
4.252688288688659668e-01
2.775105535984039307e-01
3.193637132644653320e-01
6.844789981842041016e-01
8.483680486679077148e-01
2.944433391094207764e-01
3.639678061008453369e-01
6.636299490928649902e-01
8.217993974685668945e-01
2.914213836193084717e-01
1.259045898914337158e-01
5.387951731681823730e-01
4.390212297439575195e-01
4.434128403663635254e-01
5.471616983413696289e-01
6.621811985969543457e-01
6.558309793472290039e-01
2.760542035102844238e-01
4.422696232795715332e-01
3.532113134860992432e-01
7.263965010643005371e-01
7.106168270111083984e-01
6.448302865028381348e-01
1.728462725877761841e-01
1.664289981126785278e-01
1.979658752679824829e-01
9.869182109832763672e-01
6.647937893867492676e-01
1.129603624343872070e+00
-1.721226334571838379e+00
6.488519310951232910e-01
