1.702165365219116211e+00
1.659113883972167969e+00
4.309795379638671875e+00
9.901925325393676758e-01
1.633843779563903809e+00
3.160108804702758789e+00
2.163303613662719727e+00
1.741548776626586914e+00
1.096947789192199707e+00
1.921199917793273926e+00
2.213566780090332031e+00
1.999668359756469727e+00
7.572895884513854980e-01
5.499026179313659668e-01
-1.094739791005849838e-02
2.098266268149018288e-04
1.297038316726684570e+00
2.121219187974929810e-01
-1.061278283596038818e-01
6.608486641198396683e-03
4.496664404869079590e-01
1.202483296394348145e+00
4.883351325988769531e-01
-2.290388643741607666e-01
-2.960931360721588135e-01
-3.978409767150878906e-01
1.325628399848937988e+00
-1.414379030466079712e-01
-4.876426234841346741e-02
-3.001558780670166016e-01
7.215159386396408081e-02
-1.423973441123962402e-01
-1.486455500125885010e-01
-1.098073795437812805e-01
6.913474947214126587e-02
-7.646735012531280518e-02
-6.704475730657577515e-02
-2.011059373617172241e-01
2.642714977264404297e-01
-1.096183657646179199e+00
1.013103580474853516e+01
1.319928646087646484e+01
1.351660346984863281e+01
1.402171230316162109e+01
1.545565414428710938e+01
1.491375541687011719e+01
1.686157226562500000e+01
1.891951942443847656e+01
1.790211868286132812e+01
1.918146324157714844e+01
1.945590591430664062e+01
2.165542984008789062e+01
2.399491119384765625e+01
1.558979034423828125e+00
-4.305350184440612793e-01
3.617626726627349854e-01
-1.428840637207031250e+00
-2.088533639907836914e-01
1.389557719230651855e+00
5.886141657829284668e-01
-6.592260599136352539e-01
3.421716988086700439e-01
3.633960336446762085e-02
6.135294437408447266e-01
-5.172389149665832520e-01
-1.451180934906005859e+00
3.093133568763732910e-01
-1.612177014350891113e+00
-9.338918328285217285e-01
-2.864328026771545410e-01
3.854543566703796387e-01
2.228660695254802704e-02
-5.127274990081787109e-01
6.102387979626655579e-02
-2.512735314667224884e-02
-4.677218198776245117e-01
-2.939932346343994141e-01
-7.903345227241516113e-01
2.067323446273803711e+00
2.210405617952346802e-01
-3.691698610782623291e-01
-3.911145776510238647e-02
1.335733383893966675e-01
6.892421245574951172e-01
2.910218536853790283e-01
-4.819589853286743164e-01
3.576118350028991699e-01
1.262153685092926025e-01
1.929537057876586914e+00
2.448155403137207031e+00
-3.702152147889137268e-02
-2.877575717866420746e-02
9.405227899551391602e-01
-2.989220023155212402e-01
-2.133556753396987915e-01
-5.619578436017036438e-02
-1.466928422451019287e-01
-2.087534666061401367e-01
7.838330864906311035e-01
1.116264984011650085e-01
-2.078444659709930420e-01
-3.446251451969146729e-01
-1.427934646606445312e+00
1.273408681154251099e-01
1.973845511674880981e-01
9.369277209043502808e-02
-4.548273980617523193e-01
3.063010051846504211e-02
-8.876339793205261230e-01
-2.210764139890670776e-01
1.798935979604721069e-01
-4.155174195766448975e-01
-5.534759163856506348e-01
-3.512691855430603027e-01
2.742213308811187744e-01
-4.055286049842834473e-01
-8.509894013404846191e-01
1.193469047546386719e+00
7.072353959083557129e-01
-1.949385255575180054e-01
-1.313039511442184448e-01
1.220792055130004883e+00
6.626765131950378418e-01
1.490279555320739746e+00
5.778442025184631348e-01
-8.449874520301818848e-01
-1.949511021375656128e-01
1.211009860038757324e+00
2.187587738037109375e+00
1.279115676879882812e-01
-1.044537723064422607e-01
-2.145995795726776123e-01
-6.086483001708984375e-01
3.799051344394683838e-01
-4.256296455860137939e-01
1.655469417572021484e+00
2.583871603012084961e+00
-5.477272346615791321e-02
-2.050959348678588867e+00
-2.201594591140747070e+00
4.237258434295654297e-02
-1.455270290374755859e+00
-7.776018232107162476e-02
-1.023849725723266602e+00
3.884381055831909180e-02
3.109248876571655273e-01
-3.373025357723236084e-01
3.842567205429077148e-01
-5.359760671854019165e-02
-1.423074305057525635e-01
9.933028370141983032e-03
-3.729094266891479492e-01
6.039028614759445190e-02
3.308047652244567871e-01
3.029634356498718262e-01
7.615013420581817627e-02
-5.124706029891967773e-01
2.669847309589385986e-01
7.461302280426025391e-01
-5.537682026624679565e-02
1.654086410999298096e-01
8.444641530513763428e-02
3.999048173427581787e-01
-5.696834921836853027e-01
-1.069061607122421265e-01
2.029522508382797241e-01
-3.448992967605590820e-02
-2.271675737574696541e-03
-4.434707164764404297e-01
-1.512496352195739746e+00
5.360072851181030273e-01
-1.605482697486877441e-01
-1.926878243684768677e-01
-1.408053189516067505e-01
-2.976904809474945068e-01
-6.805651634931564331e-02
1.034428477287292480e-01
1.837432831525802612e-01
-2.089897356927394867e-02
-3.569695651531219482e-01
-7.199245095252990723e-01
1.028896272182464600e-01
3.856182992458343506e-01
2.230819314718246460e-02
1.419877707958221436e-01
1.640481650829315186e-01
-1.644600648432970047e-03
2.082059346139431000e-02
-3.758104890584945679e-02
4.414345622062683105e-01
2.496205121278762817e-01
1.599435359239578247e-01
1.254062652587890625e-01
-1.079978868365287781e-01
5.667851865291595459e-02
3.779328167438507080e-01
1.936181262135505676e-02
1.521711051464080811e-01
3.478215336799621582e-01
2.742469012737274170e-01
4.857249557971954346e-02
-1.123617514967918396e-01
1.431109104305505753e-02
3.241384327411651611e-01
8.545491844415664673e-02
2.820522710680961609e-02
3.683580160140991211e-01
7.349616885185241699e-01
-2.609793841838836670e-01
2.504549324512481689e-01
-8.894851058721542358e-02
-2.308318763971328735e-01
-2.235387079417705536e-02
-2.695452608168125153e-02
1.514424920082092285e+00
3.125108778476715088e-04
-3.912367224693298340e-01
-7.765164971351623535e-01
-2.882694602012634277e-01
-3.148010671138763428e-01
3.729560598731040955e-02
7.595465779304504395e-01
9.143188595771789551e-02
2.038020491600036621e-01
3.006237149238586426e-01
3.313230574131011963e-01
-1.011180579662322998e-01
-3.933474421501159668e-01
2.534305751323699951e-01
7.302209138870239258e-01
3.382594883441925049e-01
7.720080763101577759e-02
2.110579967498779297e+00
-1.637755148112773895e-02
5.084895491600036621e-01
-5.260007381439208984e-01
-1.793793588876724243e-01
1.231715455651283264e-01
2.633489966392517090e-01
-1.450418843887746334e-03
-4.117999970912933350e-01
-1.621242612600326538e-01
1.422450393438339233e-01
-1.812022179365158081e-02
-9.563704580068588257e-02
-1.828678548336029053e-01
4.140317067503929138e-02
1.290328025817871094e+00
-6.917222589254379272e-02
2.215738594532012939e-01
2.735618650913238525e-01
1.009595319628715515e-01
-2.119023352861404419e-01
-1.401226967573165894e-02
2.041903585195541382e-01
-3.441927954554557800e-02
-5.290896072983741760e-02
3.511425480246543884e-02
-4.681654646992683411e-02
2.507392168045043945e-01
-1.643869429826736450e-01
-2.251003235578536987e-01
1.038926616311073303e-01
8.535676635801792145e-03
-2.722057700157165527e-01
4.472453594207763672e-01
-2.574874460697174072e-01
-1.145906671881675720e-01
2.995217144489288330e-01
1.224225312471389771e-01
6.924367547035217285e-01
-6.424366235733032227e-01
-2.482728660106658936e-02
-1.660980284214019775e-01
-1.123830825090408325e-01
-1.518298983573913574e-01
4.959769919514656067e-02
-5.324590206146240234e-02
3.278942778706550598e-02
-1.247128471732139587e-02
1.849563606083393097e-02
-2.224507927894592285e-02
3.847145289182662964e-02
3.188224881887435913e-02
5.894312262535095215e-01
6.926163285970687866e-02
-1.553303599357604980e-01
-1.312972456216812134e-01
1.635660678148269653e-01
2.634433507919311523e-01
1.597081273794174194e-01
3.397382050752639771e-02
-1.306074261665344238e-01
1.235346719622612000e-01
-2.174179255962371826e-02
2.048976123332977295e-01
1.144365034997463226e-02
-1.848533898591995239e-01
-2.768938541412353516e-01
-6.688378453254699707e-01
-1.462950855493545532e-01
5.214725434780120850e-02
6.716361641883850098e-01
-4.144873917102813721e-01
-3.577024936676025391e-01
-7.756108641624450684e-01
-8.933174610137939453e-02
8.428096771240234375e-01
-7.124397903680801392e-02
1.012745499610900879e-01
-9.192005395889282227e-01
-9.176371246576309204e-02
-8.496876060962677002e-02
-1.211868599057197571e-01
7.311447709798812866e-02
1.569757312536239624e-01
-6.512872576713562012e-01
1.587917059659957886e-01
-6.012685298919677734e-01
1.863037198781967163e-01
5.491687059402465820e-01
2.312635481357574463e-01
-3.822576403617858887e-01
1.238890886306762695e+00
1.895645111799240112e-01
5.738011598587036133e-01
2.705533290281891823e-03
-2.108834218233823776e-03
-4.149382933974266052e-03
6.475932896137237549e-03
6.039688363671302795e-03
-5.987946409732103348e-03
3.517015604302287102e-03
3.325204830616712570e-03
-5.646393168717622757e-03
5.822577048093080521e-03
4.944757558405399323e-03
4.979182267561554909e-04
-8.713843417353928089e-04
3.511051181703805923e-03
7.742285728454589844e-03
-9.235223755240440369e-03
-4.752472974359989166e-03
-5.968795157968997955e-03
-9.972702246159315109e-04
5.874577444046735764e-03
7.505717687308788300e-03
-7.874634116888046265e-03
-8.712320588529109955e-03
3.570211352780461311e-03
-1.837356598116457462e-03
-5.157736130058765411e-03
8.856206201016902924e-03
3.394453786313533783e-03
-4.267330281436443329e-03
-5.780241452157497406e-03
5.656106397509574890e-03
1.003807759843766689e-03
7.970603764988481998e-04
1.129790674895048141e-03
-1.496254699304699898e-03
-2.336498815566301346e-03
-9.891359368339180946e-04
3.826470347121357918e-03
-1.583599252626299858e-03
-8.697883225977420807e-03
3.506588516756892204e-03
9.997750632464885712e-03
5.918222945183515549e-03
-1.092629390768706799e-03
7.548006251454353333e-03
7.038031704723834991e-03
-7.272521499544382095e-03
1.669759862124919891e-03
-8.983734995126724243e-03
-4.564341157674789429e-03
1.244596554897725582e-03
-3.574548987671732903e-03
-9.405187331140041351e-03
1.896025729365646839e-03
4.279249813407659531e-03
1.126571078202687204e-04
-3.397404507268220186e-04
6.485318765044212341e-03
5.714272614568471909e-03
9.130111895501613617e-03
-3.348923055455088615e-03
3.358184592798352242e-03
8.377880789339542389e-03
-7.684752810746431351e-03
8.783172816038131714e-03
2.074349438771605492e-03
8.774310350418090820e-03
5.982119124382734299e-03
-3.029586747288703918e-03
4.254900850355625153e-03
7.489008363336324692e-03
9.214430116117000580e-03
-7.934213615953922272e-03
5.240311729721724987e-04
8.072371711023151875e-04
2.752879634499549866e-03
1.053693122230470181e-03
6.880803033709526062e-03
-7.195465732365846634e-03
-6.112470291554927826e-03
3.478139871731400490e-03
-1.061905175447463989e-03
6.234426982700824738e-03
-7.374224252998828888e-03
7.850362919270992279e-03
4.201974254101514816e-03
3.211013274267315865e-03
3.500021994113922119e-03
7.496186997741460800e-03
3.761684987694025040e-03
5.746383685618638992e-03
9.234143495559692383e-01
7.715482115745544434e-01
-1.505143404006958008e+00
4.857460856437683105e-01
