4.508954524993896484e+00
1.544230270385742188e+01
1.726094818115234375e+01
1.240758037567138672e+01
1.494050693511962891e+01
1.571192169189453125e+01
1.880178642272949219e+01
7.598961353302001953e+00
1.093231582641601562e+01
1.551409530639648438e+01
1.570767688751220703e+01
1.661330032348632812e+01
1.608861923217773438e+01
1.196515941619873047e+01
9.517676353454589844e+00
4.062990665435791016e+00
3.798057794570922852e+00
-1.176570206880569458e-01
-7.568287849426269531e+00
7.435318946838378906e+00
3.801408052444458008e+00
-3.429325580596923828e+00
2.080974578857421875e+00
2.023527145385742188e+00
5.832359790802001953e+00
-5.686511516571044922e+00
1.911623001098632812e+00
-5.177684307098388672e+00
8.717020034790039062e+00
-4.670987129211425781e+00
-2.683222055435180664e+00
6.855078697204589844e+00
7.929157733917236328e+00
7.191535472869873047e+00
4.418311119079589844e+00
-2.406969547271728516e+00
4.222434163093566895e-01
-3.484187126159667969e+00
8.083636283874511719e+00
4.441436767578125000e+00
1.368709087371826172e+00
8.956669807434082031e+00
-3.809425592422485352e+00
-4.844443127512931824e-02
8.761437416076660156e+00
8.568129539489746094e+00
-7.013694643974304199e-01
4.458931446075439453e+00
-4.251015663146972656e+00
5.955714583396911621e-01
-2.901697635650634766e+00
-5.277597904205322266e-01
1.235605239868164062e+00
-2.350615501403808594e+00
5.742454051971435547e+00
-2.923755884170532227e+00
5.364906191825866699e-01
4.430362701416015625e+00
-1.214082241058349609e+00
8.773897171020507812e+00
-1.269591140747070312e+01
4.638469696044921875e+00
1.799822449684143066e+00
3.310385048389434814e-01
3.838829755783081055e+00
-4.933313727378845215e-01
8.244029998779296875e+00
-1.591403865814208984e+01
1.373864769935607910e+00
2.680201768875122070e+00
-3.590324640274047852e+00
9.367376327514648438e+00
-1.363832855224609375e+01
9.411877632141113281e+00
-9.201818108558654785e-01
-4.346022605895996094e+00
6.990469694137573242e-01
1.369224309921264648e+00
-2.351958990097045898e+00
8.771575927734375000e+00
7.721480727195739746e-01
-2.234848886728286743e-01
-2.479948997497558594e+00
-4.701591014862060547e+00
-2.387501716613769531e+00
-4.977741718292236328e+00
-2.936076223850250244e-01
7.420789718627929688e+00
-7.881011962890625000e-01
3.274497032165527344e+00
1.936626285314559937e-01
1.017026519775390625e+01
7.314838409423828125e+00
7.758700847625732422e+00
7.554684638977050781e+00
-4.167963981628417969e+00
-5.924844741821289062e+00
5.516230106353759766e+00
2.614454746246337891e+00
6.298629283905029297e+00
-2.293058156967163086e+00
-1.921875596046447754e+00
-5.257124900817871094e-01
-7.890512943267822266e+00
2.031689167022705078e+00
-3.095380306243896484e+00
2.627835512161254883e+00
-1.466253280639648438e+00
-7.645193099975585938e+00
-6.784666538238525391e+00
-5.054429054260253906e+00
8.331062316894531250e+00
-8.069337844848632812e+00
7.330452799797058105e-01
8.662166595458984375e+00
-2.252489805221557617e+00
3.237785100936889648e+00
2.849474191665649414e+00
-6.473956108093261719e+00
-3.875495493412017822e-01
-3.958027839660644531e+00
6.186839580535888672e+00
6.238832950592041016e+00
-1.073730111122131348e+00
5.731871604919433594e+00
-2.878205537796020508e+00
-1.859211444854736328e+00
3.316877126693725586e+00
-8.548464179039001465e-01
7.329817295074462891e+00
7.254880905151367188e+00
-7.948879718780517578e+00
1.026908969879150391e+01
-3.661687374114990234e+00
6.156230449676513672e+00
-1.688211560249328613e+00
6.081962585449218750e+00
-2.651059865951538086e+00
-4.472023963928222656e+00
1.131691932678222656e+00
4.080627918243408203e+00
1.341173171997070312e+00
2.601136684417724609e+00
3.765581607818603516e+00
3.607611179351806641e+00
2.190233945846557617e+00
3.367708683013916016e+00
1.255207657814025879e+00
-1.225695133209228516e+00
-1.696406841278076172e+00
-2.530204534530639648e+00
-4.033158302307128906e+00
-7.787214219570159912e-02
-3.371435165405273438e+00
-2.006901651620864868e-01
-5.375367641448974609e+00
-2.069471359252929688e+00
3.581375122070312500e+00
-2.863281965255737305e+00
-5.048234939575195312e+00
-3.621474206447601318e-01
6.679927825927734375e+00
-1.122176885604858398e+00
-3.935996770858764648e+00
-1.389500945806503296e-01
-1.349437952041625977e+00
-1.054706811904907227e+00
1.525709033012390137e+00
1.577441453933715820e+00
-1.099030733108520508e+00
-3.901188671588897705e-01
5.045273303985595703e+00
-1.325574040412902832e+00
3.116856813430786133e+00
-7.789654731750488281e-01
2.870674848556518555e+00
-4.445800185203552246e-01
2.235258370637893677e-01
1.694899439811706543e+00
-2.382148504257202148e+00
3.995317220687866211e+00
3.836983144283294678e-01
-1.467615365982055664e+00
-6.106443405151367188e+00
-1.731299638748168945e+00
-3.385601043701171875e+00
1.762867927551269531e+00
-1.127116903662681580e-01
3.209474325180053711e+00
-4.176646709442138672e+00
-1.517526745796203613e+00
3.742562770843505859e+00
1.715155363082885742e+00
4.009610652923583984e+00
-4.459106922149658203e+00
-1.408191204071044922e+00
1.229411840438842773e+00
-2.090198755264282227e+00
-2.311363935470581055e+00
-1.657598853111267090e+00
-2.270222663879394531e+00
-1.843300580978393555e+00
3.577492237091064453e+00
3.341112136840820312e+00
-2.367640972137451172e+00
-9.928247928619384766e-01
-3.577368974685668945e+00
-2.037466049194335938e+00
2.377179622650146484e+00
1.338286638259887695e+00
-2.948033332824707031e+00
-2.063222527503967285e-01
1.093109250068664551e+00
2.352771997451782227e+00
7.324186563491821289e-01
1.969640731811523438e+00
-2.256285190582275391e+00
8.699103593826293945e-01
5.435646533966064453e+00
1.062195181846618652e+00
6.772096157073974609e+00
1.999379754066467285e+00
2.421573162078857422e+00
-2.843477725982666016e+00
-1.838712453842163086e+00
-6.288576602935791016e+00
-6.521095275878906250e+00
-2.791374206542968750e+00
5.451930761337280273e-01
9.533408880233764648e-01
9.030339121818542480e-01
4.060352325439453125e+00
7.135030746459960938e+00
-2.016094207763671875e+00
-5.947712421417236328e+00
-1.207204937934875488e+00
2.367506772279739380e-01
3.308766841888427734e+00
-2.446125507354736328e+00
5.865064620971679688e+00
-4.649108409881591797e+00
-3.356768608093261719e+00
2.492081165313720703e+00
2.616083860397338867e+00
-3.425525501370429993e-03
-1.972113132476806641e+00
-2.684181332588195801e-01
-2.646749734878540039e+00
1.253466367721557617e+00
-5.586204528808593750e+00
-1.402416467666625977e+00
5.746073246002197266e+00
3.816400289535522461e+00
1.948131680488586426e+00
-4.501248836517333984e+00
1.957151532173156738e+00
-8.706803917884826660e-01
4.249237060546875000e+00
-1.703297734260559082e+00
-2.266995191574096680e+00
2.363462299108505249e-01
3.419042110443115234e+00
4.482093811035156250e+00
-5.290275216102600098e-01
-1.564905762672424316e+00
-1.867253065109252930e+00
2.823458909988403320e-01
3.390475034713745117e+00
6.508711725473403931e-02
-1.583246141672134399e-01
1.876501798629760742e+00
2.462184906005859375e+00
3.121876478195190430e+00
-1.127556800842285156e+00
-2.542158961296081543e-01
-1.589036941528320312e+00
1.255680769681930542e-01
1.600513815879821777e+00
3.761740922927856445e-01
4.572862625122070312e+00
1.737944126129150391e+00
4.786227226257324219e+00
-5.324963092803955078e+00
2.792964279651641846e-01
-2.059266090393066406e+00
-1.297636747360229492e+00
4.225037693977355957e-01
-8.465859293937683105e-01
-1.049385309219360352e+00
2.477647662162780762e-01
1.544096827507019043e+00
-4.085862159729003906e+00
1.767835259437561035e+00
-3.959813117980957031e+00
-5.471218824386596680e-01
-1.819095134735107422e+00
1.202207922935485840e+00
5.975272879004478455e-02
2.608987092971801758e+00
-3.921608328819274902e-01
1.492141127586364746e+00
9.873312115669250488e-01
-5.005950480699539185e-02
-8.984252214431762695e-01
3.022546291351318359e+00
-1.766987204551696777e+00
9.638422131538391113e-01
-1.911072969436645508e+00
8.760824799537658691e-01
1.566577315330505371e+00
1.651558995246887207e+00
-2.115485221147537231e-01
-4.985290169715881348e-01
3.320608854293823242e+00
2.652044296264648438e+00
-9.662607908248901367e-01
3.099796175956726074e-01
-1.909271955490112305e+00
1.895689249038696289e+00
-1.373409032821655273e+00
-1.127953052520751953e+00
3.437425494194030762e-01
-2.067895889282226562e+00
-6.495386958122253418e-01
2.555358648300170898e+00
2.432499408721923828e+00
2.846213102340698242e+00
-5.667349696159362793e-01
-9.998356699943542480e-01
3.417047739028930664e+00
2.089107781648635864e-01
2.747263908386230469e+00
5.039072781801223755e-02
-7.601562738418579102e-01
-5.028545856475830078e-01
1.772927194833755493e-01
5.049248337745666504e-01
-6.030760407447814941e-01
3.205202579498291016e+00
-8.887769579887390137e-01
2.109651803970336914e+00
6.427237391471862793e-01
1.157178163528442383e+00
7.767692804336547852e-01
1.021741509437561035e+00
-5.984500408172607422e+00
-1.226882934570312500e+00
7.377113103866577148e-01
1.725907802581787109e+00
-2.279747426509857178e-01
1.894376635551452637e+00
1.260390996932983398e+00
4.108341693878173828e+00
9.727207422256469727e-01
2.952491760253906250e+00
-4.947753548622131348e-01
1.793544769287109375e+00
8.443307280540466309e-01
1.717466115951538086e+00
-2.618967533111572266e+00
4.541949272155761719e+00
4.453583359718322754e-01
3.682025909423828125e+00
-2.980915606021881104e-01
1.471925258636474609e+00
1.241281390190124512e+00
-1.477395653724670410e+00
-7.078903913497924805e-01
1.716450929641723633e+00
5.595350265502929688e-01
4.730584025382995605e-01
-9.764476418495178223e-01
3.565234661102294922e+00
3.161603927612304688e+00
-2.563030004501342773e+00
1.184935450553894043e+00
