1.917867541313171387e+00
4.796004295349121094e+00
3.917775154113769531e+00
1.542513132095336914e+00
2.115096807479858398e+00
3.432885885238647461e+00
8.284277319908142090e-01
9.565802812576293945e-01
-1.916693001985549927e-01
-7.742252945899963379e-01
9.737244844436645508e-01
-7.969560623168945312e-01
1.366916298866271973e+00
-9.434249997138977051e-02
-3.470389246940612793e-01
2.299589477479457855e-02
-6.612697839736938477e-01
3.862633109092712402e-01
-7.892211675643920898e-01
1.330220890045166016e+01
1.529554080963134766e+01
1.039202022552490234e+01
1.725788879394531250e+01
1.908372688293457031e+01
2.237034606933593750e+01
-7.155401706695556641e-01
1.745227277278900146e-01
-3.795798420906066895e-01
9.570985287427902222e-02
-2.769834399223327637e-01
9.521013498306274414e-01
-5.482330918312072754e-01
1.557792127132415771e-01
-1.011693716049194336e+00
5.972686409950256348e-01
1.385046839714050293e-01
3.482704162597656250e-01
-8.977559804916381836e-01
4.879907667636871338e-01
-2.878683090209960938e+00
8.260959386825561523e-01
-3.716909885406494141e-01
1.848365962505340576e-01
-5.415052175521850586e-03
-4.930704832077026367e-01
1.212304830551147461e+00
3.981451690196990967e-01
1.131799817085266113e-01
-4.116868376731872559e-01
9.165667742490768433e-02
-6.622152924537658691e-01
-2.075792662799358368e-02
7.272746562957763672e-01
3.075291216373443604e-01
9.597808122634887695e-02
3.856065869331359863e-01
-1.572855189442634583e-02
-4.114589691162109375e-01
-4.996476173400878906e-01
2.364390373229980469e+00
-4.047638475894927979e-01
5.923859477043151855e-01
-2.262772023677825928e-01
-2.253793366253376007e-02
2.494148313999176025e-01
-1.436200737953186035e+00
1.385038018226623535e+00
3.016932904720306396e-01
7.223879918456077576e-03
5.274609327316284180e-01
1.459494233131408691e-01
4.349976181983947754e-01
-4.997966885566711426e-01
-4.805188626050949097e-02
-4.750338792800903320e-01
3.537991940975189209e-01
-1.981875896453857422e-01
7.261489629745483398e-01
4.188225865364074707e-01
7.297027707099914551e-01
-2.324799537658691406e+00
1.233010530471801758e+00
-7.321619987487792969e-01
4.390942156314849854e-01
4.669339358806610107e-01
1.812477111816406250e-01
1.379956007003784180e+00
-2.177202701568603516e+00
4.935110919177532196e-03
5.340475123375654221e-03
6.015465594828128815e-03
-4.367924295365810394e-03
4.524629563093185425e-03
-9.129668585956096649e-03
-2.814976265653967857e-03
-4.961705766618251801e-03
-1.456835307180881500e-03
-5.281775724142789841e-03
4.830682184547185898e-03
2.133777132257819176e-03
7.580934092402458191e-03
-4.736895207315683365e-03
9.732501581311225891e-03
5.052219144999980927e-03
5.566740292124450207e-04
5.263397004455327988e-03
-4.527979530394077301e-03
7.496296428143978119e-03
-5.028033163398504257e-03
6.364170908927917480e-01
9.569742679595947266e-01
-1.996537923812866211e+00
7.783520221710205078e-01
