2.217281341552734375e+00
-1.278623193502426147e-01
5.126893997192382812e+00
4.126224994659423828e+00
3.811736345291137695e+00
-5.674107074737548828e-01
-2.408070564270019531e+00
2.422192096710205078e-01
1.903358846902847290e-01
1.979258805513381958e-01
6.262100338935852051e-01
8.799738287925720215e-01
-3.406417667865753174e-01
-2.401060312986373901e-01
-9.278936684131622314e-02
-2.034320831298828125e+00
9.120608329772949219e+00
1.332711887359619141e+01
1.546158695220947266e+01
1.894179344177246094e+01
2.360895729064941406e+01
-1.907144069671630859e+00
-4.529927670955657959e-01
2.224552072584629059e-02
4.958378374576568604e-01
4.636994361877441406e+00
-7.928559184074401855e-01
-2.185561656951904297e-01
4.806403219699859619e-01
-1.208527445793151855e+00
-8.604872226715087891e-01
-6.741665005683898926e-01
1.584990859031677246e+00
-1.970147192478179932e-01
-1.999989628791809082e+00
5.332525253295898438e+00
1.226540803909301758e+00
5.583781376481056213e-02
2.307565659284591675e-01
-6.693558096885681152e-01
-2.351048402488231659e-02
1.412552148103713989e-01
-6.896686274558305740e-03
-1.437714248895645142e-01
1.355607509613037109e+00
7.539078593254089355e-01
2.236526161432266235e-01
3.917189538478851318e-01
1.857903003692626953e-01
1.323976635932922363e+00
9.887645244598388672e-01
-7.101165503263473511e-02
-7.048376798629760742e-01
5.648603290319442749e-02
-6.956520676612854004e-01
-1.940491944551467896e-01
6.218125224113464355e-01
4.771611094474792480e-02
-1.544895470142364502e-01
-1.652333587408065796e-01
1.316153854131698608e-01
3.396922647953033447e-01
-3.456422388553619385e-01
4.044826328754425049e-01
4.376707226037979126e-02
-7.031143307685852051e-01
5.249447654932737350e-03
-4.668876994401216507e-03
-2.362197963520884514e-03
-1.173486234620213509e-03
-8.844866417348384857e-03
8.856235072016716003e-03
1.138158841058611870e-03
4.623619373887777328e-03
6.252759136259555817e-03
-5.945164244621992111e-03
1.603951328434050083e-03
-2.284408081322908401e-03
4.912718199193477631e-03
-1.156520564109086990e-03
-7.281261961907148361e-03
9.917025566101074219e-01
1.282387852668762207e+00
-2.573716402053833008e+00
9.810943603515625000e-01
