2.229018211364746094e+00
-1.640872478485107422e+00
5.138952255249023438e+00
4.137541294097900391e+00
3.782449007034301758e+00
5.138298273086547852e-01
2.844460010528564453e-01
6.268143057823181152e-01
2.080587148666381836e-01
-6.878269910812377930e-01
-2.356075495481491089e-01
-6.178252100944519043e-01
-5.459712743759155273e-01
4.335044026374816895e-01
-4.689016044139862061e-01
-1.610933691263198853e-01
7.575748920440673828e+00
1.333396053314208984e+01
1.546495151519775391e+01
1.892370796203613281e+01
3.855764389038085938e+01
1.270323991775512695e+00
-8.402479887008666992e-01
4.454146921634674072e-01
2.252428084611892700e-01
3.814862251281738281e+00
-8.762130737304687500e-01
3.910070285201072693e-02
8.111930489540100098e-01
1.996940851211547852e+00
-8.881558775901794434e-01
-3.269257843494415283e-01
-3.120055437088012695e+00
-2.096605896949768066e-01
3.256075382232666016e+00
2.346688270568847656e+01
8.325650095939636230e-01
2.792946398258209229e-01
-5.553194880485534668e-01
-2.987639307975769043e-01
2.359200641512870789e-02
5.880852937698364258e-01
-1.463567465543746948e-01
3.091053292155265808e-02
-8.040282726287841797e-01
8.376448750495910645e-01
7.456340789794921875e-01
-1.021420121192932129e+00
2.861868739128112793e-01
-1.837651133537292480e+00
5.460516929626464844e+00
-8.936829566955566406e-01
-4.940914213657379150e-01
2.039354592561721802e-01
5.215724110603332520e-01
-1.872098088264465332e+00
1.576539278030395508e-01
-9.141094237565994263e-02
1.695212274789810181e-01
-4.741937220096588135e-01
1.128662228584289551e-01
-1.579558402299880981e-01
1.660600662231445312e+00
3.026934862136840820e-01
7.979183457791805267e-03
-1.092006301879882812e+01
-6.205652840435504913e-03
-5.914966459386050701e-04
7.232211995869874954e-03
6.987743545323610306e-03
-9.523530490696430206e-03
-5.353308748453855515e-03
3.998255822807550430e-03
4.445960745215415955e-03
-1.821785699576139450e-03
-2.358062891289591789e-03
-4.630457144230604172e-03
2.331730909645557404e-03
-6.592280697077512741e-03
-7.566502783447504044e-03
-8.784883655607700348e-03
1.523409724235534668e+00
1.255009055137634277e+00
-2.466838598251342773e+00
9.291054010391235352e-01
