2.223088502883911133e+00
5.132702350616455078e+00
3.599792718887329102e+00
1.999183535575866699e+00
3.826444149017333984e+00
5.861873149871826172e+00
5.775489211082458496e-01
-1.447140336036682129e+00
3.613724946975708008e+00
-1.501362562179565430e+00
1.318681716918945312e+00
1.867704391479492188e-01
-3.197229281067848206e-02
-5.089346766471862793e-01
-1.868973225355148315e-01
-6.082565784454345703e-01
1.332769489288330078e+01
1.543382167816162109e+01
1.556774044036865234e+01
1.894108009338378906e+01
2.421244812011718750e+01
-7.672569751739501953e-01
6.199206113815307617e-01
-7.322295308113098145e-01
2.462157458066940308e-01
-5.744413137435913086e-01
-3.446785211563110352e-01
-2.265841484069824219e+00
5.353963375091552734e-01
-1.478570818901062012e+00
6.213543415069580078e+00
-9.917541742324829102e-01
3.401747465133666992e+00
1.382037550210952759e-01
-5.416381359100341797e-01
6.112448215484619141e+00
4.147540926933288574e-01
4.052841067314147949e-01
-1.439745426177978516e-01
2.925761044025421143e-01
3.989134728908538818e-01
-5.089422464370727539e-01
1.121827840805053711e+00
-6.421895325183868408e-02
7.008159160614013672e-01
-1.215275302529335022e-01
1.704942882061004639e-01
1.320331096649169922e+00
4.657090902328491211e-01
-1.793359994888305664e+00
2.707095146179199219e+00
3.091628849506378174e-01
-6.472138166427612305e-01
2.740831673145294189e-01
7.587604969739913940e-02
3.361168801784515381e-01
1.148599624633789062e+00
-2.682648897171020508e-01
-2.265662848949432373e-01
-2.368417382240295410e-01
-1.315986871719360352e+00
-9.794483333826065063e-02
-1.010982275009155273e+00
2.853634208440780640e-02
1.220883488655090332e+00
-8.575645685195922852e-01
-8.132111281156539917e-03
-1.830263994634151459e-03
5.779734347015619278e-03
4.250867292284965515e-03
-4.785029683262109756e-03
-9.314094670116901398e-03
1.077934051863849163e-03
3.002738347277045250e-03
9.562388295307755470e-04
2.649291884154081345e-03
-9.874228388071060181e-03
3.080826252698898315e-03
3.389701014384627342e-03
-4.916130099445581436e-03
6.453577894717454910e-03
4.895023107528686523e-01
1.109747052192687988e+00
-2.117867469787597656e+00
7.574608325958251953e-01
