2.222354412078857422e+00
5.139127254486083984e+00
3.761965990066528320e+00
1.670229911804199219e+00
3.814106464385986328e+00
3.834398269653320312e+00
1.136487945914268494e-01
-4.978484213352203369e-01
2.908292293548583984e+00
-8.388034701347351074e-01
1.909206748008728027e+00
3.815652057528495789e-02
-1.893229186534881592e-01
-3.465933799743652344e-01
-2.583526261150836945e-02
-1.005943179130554199e+00
1.332874202728271484e+01
1.542672824859619141e+01
1.569810009002685547e+01
1.893733787536621094e+01
2.396953392028808594e+01
-8.180611729621887207e-01
3.300209939479827881e-01
-7.004570960998535156e-01
3.531429544091224670e-02
-6.366323828697204590e-01
-5.541027784347534180e-01
-1.900573968887329102e+00
3.451234102249145508e-01
-1.013011932373046875e+00
6.182876110076904297e+00
-1.073065280914306641e+00
3.083766460418701172e+00
1.425286382436752319e-01
-4.262790381908416748e-01
6.827468395233154297e+00
4.049124717712402344e-01
1.582244336605072021e-01
-2.968150749802589417e-02
7.396267354488372803e-02
6.123454570770263672e-01
2.689172625541687012e-01
3.375391066074371338e-01
1.587670445442199707e-01
5.622301697731018066e-01
-3.571044802665710449e-01
-5.999997258186340332e-03
6.271851062774658203e-01
4.885459542274475098e-01
-1.511217951774597168e+00
2.314113140106201172e+00
3.159195780754089355e-01
-3.901697695255279541e-01
1.719235777854919434e-01
2.833507955074310303e-01
1.300345510244369507e-01
5.110577344894409180e-01
3.375354111194610596e-01
-4.059931635856628418e-01
-1.338446885347366333e-01
-1.307891368865966797e+00
2.115957736968994141e-01
-3.582000136375427246e-01
-7.909974083304405212e-03
1.003982782363891602e+00
-7.018835544586181641e-01
7.089338265359401703e-03
-3.966690972447395325e-03
-2.292571356520056725e-03
7.847717963159084320e-03
-7.196304854005575180e-03
-3.807518165558576584e-03
3.538026707246899605e-03
-2.649048808962106705e-03
9.311208501458168030e-03
-8.064051158726215363e-03
-5.469840951263904572e-03
4.610702395439147949e-03
4.805209391633979976e-05
-7.557557895779609680e-03
6.122861523181200027e-03
6.003980636596679688e-01
1.123811721801757812e+00
-2.113648653030395508e+00
7.665026187896728516e-01
