2.223041772842407227e+00
5.132637023925781250e+00
3.600071907043457031e+00
1.999017596244812012e+00
3.826289653778076172e+00
5.787122249603271484e+00
5.799437761306762695e-01
-1.434837937355041504e+00
3.594331979751586914e+00
-1.505831003189086914e+00
1.261971235275268555e+00
1.847723573446273804e-01
-3.850761055946350098e-02
-5.089059472084045410e-01
-1.828244924545288086e-01
-6.268508434295654297e-01
1.332770252227783203e+01
1.543407058715820312e+01
1.556703090667724609e+01
1.894080924987792969e+01
2.412099838256835938e+01
-7.670392394065856934e-01
6.200344562530517578e-01
-7.329138517379760742e-01
2.502665221691131592e-01
-5.775254964828491211e-01
-3.468015193939208984e-01
-2.263292074203491211e+00
5.375062823295593262e-01
-1.468418836593627930e+00
6.214381217956542969e+00
-9.900811314582824707e-01
3.379621267318725586e+00
1.375904679298400879e-01
-5.371854305267333984e-01
6.009359836578369141e+00
4.175617098808288574e-01
4.005947411060333252e-01
-1.420840173959732056e-01
2.998400926589965820e-01
3.901165425777435303e-01
-4.950501620769500732e-01
1.109655141830444336e+00
-6.289992481470108032e-02
6.910810470581054688e-01
-1.161227673292160034e-01
1.591435074806213379e-01
1.313133358955383301e+00
4.696363508701324463e-01
-1.773415565490722656e+00
2.607753753662109375e+00
3.063428997993469238e-01
-6.420174241065979004e-01
2.730918526649475098e-01
6.792155653238296509e-02
3.431156575679779053e-01
1.135372996330261230e+00
-2.577697038650512695e-01
-2.287049591541290283e-01
-2.304237484931945801e-01
-1.316850900650024414e+00
-8.697525411844253540e-02
-1.004777789115905762e+00
2.501614391803741455e-02
1.205268144607543945e+00
-7.987037301063537598e-01
7.089338265359401703e-03
-3.966690972447395325e-03
-2.292571356520056725e-03
7.847717963159084320e-03
-7.196304854005575180e-03
-3.807518165558576584e-03
3.538026707246899605e-03
-2.649048808962106705e-03
9.311208501458168030e-03
-8.064051158726215363e-03
-5.469840951263904572e-03
4.610702395439147949e-03
4.805209391633979976e-05
-7.557557895779609680e-03
6.122861523181200027e-03
4.939176440238952637e-01
1.109915137290954590e+00
-2.117906808853149414e+00
7.572199702262878418e-01
