1.542325687408447266e+01
1.066464710235595703e+01
1.086662960052490234e+01
1.545621967315673828e+01
1.543759250640869141e+01
7.415454387664794922e+00
3.934485912322998047e-01
-9.686066627502441406e+00
-1.107548713684082031e+01
-4.434016644954681396e-01
-3.823519229888916016e+00
3.247546255588531494e-01
8.107200622558593750e+00
6.540162563323974609e+00
1.286279559135437012e+00
-1.084413433074951172e+01
1.017008304595947266e+01
-4.961072921752929688e+00
-1.929988563060760498e-01
1.081976509094238281e+01
4.284492969512939453e+00
2.249839305877685547e+00
-3.484152555465698242e-01
3.513482332229614258e+00
4.771992206573486328e+00
-5.589948892593383789e-01
-1.551151156425476074e+00
-2.850938796997070312e+00
3.001139163970947266e+00
-3.835014104843139648e-01
2.115903655067086220e-03
2.077460050582885742e+00
2.145968437194824219e+00
-2.730027198791503906e+00
4.492671966552734375e+00
1.040102005004882812e+00
-1.846215248107910156e+00
-1.174812793731689453e+00
4.489466190338134766e+00
-6.284855008125305176e-01
-1.435335993766784668e+00
4.782887458801269531e+00
-2.246343851089477539e+00
4.892114996910095215e-01
-1.205928325653076172e+00
2.970710396766662598e-01
6.412950992584228516e+00
-5.400109291076660156e+00
-2.353750944137573242e+00
2.321064710617065430e+00
2.256862260401248932e-02
-2.981061935424804688e-01
2.236611127853393555e+00
2.381905317306518555e+00
-2.693188667297363281e+00
4.794339179992675781e+00
6.961433291435241699e-01
-1.548390984535217285e+00
-1.919126659631729126e-01
4.361509323120117188e+00
-1.322991997003555298e-01
-1.940412402153015137e+00
4.726051330566406250e+00
4.146066308021545410e-02
5.723413825035095215e-01
7.778727263212203979e-02
1.834768354892730713e-01
5.090349674224853516e+00
-5.038530349731445312e+00
-6.618879437446594238e-01
